# Created by Octave 3.2.4, Sun Jan 27 14:28:12 2013 EST <rbom@zaphod>
# name: qPriorLikelihood
# type: matrix
# rows: 1
# columns: 25
 1.571385429470396 0.7275253729355465 0.1739512039746288 0.1026498388515436 1.120941539804655 0.7201777717898494 1.005576060362301 0.02256481558226675 0.1155072898751324 1.728183339036226 0.3606958282813186 0.8239780485309427 0.4907891062015781 1.515660111645251 1.966888715789206 0.7909081126552822 0.5903208208503093 0.09180303137436663 1.437834601803486 0.2280436697690151 0.03574537994719168 0.4330654826464702 0.3865596382375536 0.0329500441876787 2.305295869252184
