# Created by Octave 3.2.4, Sun Jan 27 14:31:10 2013 EST <rbom@zaphod>
# name: qManifestationInDisease
# type: matrix
# rows: 10
# columns: 25
 1e-05 0.126780289284317 0.7443946663962649 0.482358260304834 0.757190046253237 1e-05 0.982900393187488 1e-05 0.428819183459887 0.341336134514462 0.248345721628678 0.340234421352034 1e-05 0.505015205827083 0.8447334928646369 1e-05 0.520242556240523 0.839144273120511 0.944768680699528 1e-05 1e-05 0.91117367470226 0.9685249700995739 0.513269178808326 1e-05
 0.719522104002313 0.904803048309313 1e-05 0.438443555235138 0.619019934264487 0.770586941750062 0.0350699136196961 0.284726902509447 1e-05 0.900156225962637 1e-05 0.614178016136483 0.756121646964979 1e-05 0.482162641120219 0.346972852175577 1e-05 0.530160101843141 0.60797098586707 1e-05 1e-05 0.707760220257454 0.63031304936405 0.537430321116666 0.429637914723548
 0.965552324413113 0.237316538690271 1e-05 0.675540671998421 0.0224544899642721 1e-05 0.906837512695621 0.0468654693322561 0.98537094145332 1e-05 1e-05 0.581136158938117 1e-05 0.731418151283366 0.410065655321845 0.185012434695387 0.810102943242575 0.0618346277912309 0.760408343170028 0.528443369794843 0.106327037842165 0.764641700668559 1e-05 0.24104319710333 0.138591667701766
 0.7852653883328971 0.245375910888135 0.00382511271341942 0.392088166154962 0.746347628881385 1e-05 0.865455277201466 1e-05 0.320064791627258 0.469631124040871 0.275800621265453 0.226402945456283 0.196849125063442 0.376723100141028 1e-05 0.504222038436784 0.252534766799088 1e-05 0.108825925788295 0.0388546479115517 1e-05 1e-05 0.8379901688722849 0.233463217613037 0.973794244217591
 1e-05 0.369290246800189 0.391632501683958 0.96671070343196 0.456646601416472 0.744378786880699 0.5002068744507649 0.429575160811457 0.415757700063175 0.682093426902822 1e-05 1e-05 0.885188230259897 0.545062518001098 0.844007008636374 0.209436674234195 0.532083535349035 0.643254912292238 0.0222069663099046 0.972272974891715 0.207677119042574 0.619557286435532 0.684530832657838 0.0397688141277846 0.566273215490521
 0.719277708660475 0.370218185880323 1e-05 0.528553715687503 1e-05 0.474043295473812 0.644709558526384 0.0960429711714587 0.07866629635853049 0.667435054512431 0.440727478564124 0.859297226583258 0.181656889702034 0.0682778260988546 0.289860387002053 0.2081124150232 0.626884284721168 0.29581838208056 0.756532710863525 1e-05 0.47077456324863 0.560703247115343 0.0400896393880665 1e-05 0.910059572621276
 0.35013506531256 0.250992265646808 1e-05 0.762270072830035 0.649714245763474 0.382709691479201 1e-05 0.434548143499786 0.0968995034214573 0.221095403759319 0.207416989005831 1e-05 0.142452936220194 0.06356343676502051 0.519824117664166 0.31872742405102 0.033631564133629 0.345351480108384 1e-05 0.0503351036693599 1e-05 0.08564708804974661 1e-05 0.970307046068044 0.489823430539027
 0.549077624710778 0.786267574311359 0.31094761859204 1e-05 0.855403200655898 0.356727854049172 0.448585796844487 0.858197183282206 0.164926857298672 0.632894281126975 0.883520503008515 0.477562448697892 1e-05 1e-05 0.0544507275589047 0.581420284501007 0.405555966499055 1e-05 0.5956769835183759 0.581284627123403 0.294128392960005 1e-05 0.0228404258484209 0.442097112742298 0.168690247074091
 0.77351551678661 0.6678671155440929 1e-05 0.3849186084163 0.49561759060976 0.960445903223216 1e-05 0.521981670764266 0.582565936996865 0.000392406713400225 0.729931753934329 0.00364876724949515 1e-05 0.9595365435627921 0.308279485119637 1e-05 0.992524155877775 0.0780621292433059 1e-05 0.425848147098836 1e-05 0.146881857489646 0.488967009116414 0.914247178432647 0.5561552162078
 0.205892579725893 0.113521907997095 0.215750666435692 0.241288747285162 0.803876238318103 1e-05 0.219172738128888 1e-05 1e-05 0.560754999313855 1e-05 0.480321025699527 0.218641469822564 1e-05 0.756257474774615 0.991485939822852 0.795855094583638 0.947866607433123 0.642933671196426 0.9889029855788229 1e-05 1e-05 0.865736295872245 0.745107082531372 0.12538731895638
