# Created by Octave 3.2.4, Tue Feb 05 09:34:36 2013 EST <rbom@zaphod>
# name: small_First_Fit
# type: matrix
# ndims: 3
 1 10 30
 3.390100232602174e-15
 5.962130025157989e-14
 1.854332950720562e-12
 8.396186246727929e-19
 2.070458010691838e-16
 5.284799252415837e-14
 4.233306156219308e-17
 2.777738256397862e-13
 2.116230691021674e-15
 7.691235559815263e-12
 1.411145361751854e-10
 2.250288039914043e-09
 4.507833177182925e-10
 8.506426241812731e-15
 1.39765347188321e-11
 6.316235921466344e-10
 1.060562055407416e-14
 1.799154777981358e-09
 1.226535427984489e-11
 1.042516356037574e-09
 2.897734141472555e-08
 1.164996859145291e-05
 1.033105335938653e-07
 3.506218566855686e-11
 1.437276298773465e-06
 1.246161362035592e-07
 2.115335060778851e-12
 8.933526356591747e-07
 8.629140013090643e-09
 5.599625094314723e-08
 3.102156749401901e-07
 0.0001188264504526142
 5.253099807285255e-05
 1.194318152448129e-08
 9.075030474231561e-05
 4.449678790755435e-06
 2.232062377080607e-10
 0.0004955466952434732
 3.595370607270545e-06
 1.495632038747019e-06
 6.492014574650604e-07
 0.0001188264504526142
 5.253099807285255e-05
 2.720126805870138e-06
 9.075030474231561e-05
 0.0001188264504526142
 1.924449068340004e-07
 0.0004955466952434732
 8.652583086965878e-06
 3.758666577816296e-05
 9.329782015565491e-05
 0.0003019365177602943
 0.0004955466952434732
 5.759039450760486e-05
 9.836860456932616e-05
 0.0004955466952434732
 7.513040156199477e-06
 0.0004955466952434732
 9.102992733401842e-05
 0.0001420198836381362
 9.329782015565491e-05
 0.0003019365177602943
 0.0004955466952434732
 6.95248261867511e-05
 9.836860456932616e-05
 0.0004955466952434732
 0.0001033149858847751
 0.0004955466952434732
 9.102992733401842e-05
 0.0001420198836381362
 9.329782015565491e-05
 0.0003019365177602943
 0.0004955466952434732
 6.95248261867511e-05
 9.075030474231561e-05
 0.0004955466952434732
 0.0003019365177602943
 0.0004955466952434732
 9.102992733401842e-05
 0.0001420198836381362
 9.329782015565491e-05
 0.0004955466952434732
 0.0004955466952434732
 6.95248261867511e-05
 9.075030474231561e-05
 0.0004955466952434732
 0.0008105801901623164
 0.0004955466952434732
 9.102992733401842e-05
 0.0001420198836381362
 9.329782015565491e-05
 0.0004955466952434732
 0.0004955466952434732
 0.0004955466952434732
 9.075030474231561e-05
 0.0004955466952434732
 0.0008105801901623164
 0.0004955466952434732
 9.102992733401842e-05
 0.0001420198836381362
 9.329782015565491e-05
 0.0004955466952434732
 0.0004955466952434732
 0.0004955466952434732
 9.075030474231561e-05
 0.0004955466952434732
 0.0008105801901623164
 0
 0.0003685820524322962
 0.0008105801901623164
 9.329782015565491e-05
 0.0004955466952434732
 0.0004955466952434732
 0.0004955466952434732
 9.102992733401842e-05
 0.0004955466952434732
 0.0008105801901623164
 0
 0.0003019365177602943
 0.0008105801901623164
 0
 0.0004955466952434732
 0
 0.0004955466952434732
 9.075030474231561e-05
 0
 0.0008105801901623164
 0
 0.0003685820524322962
 0.0008105801901623164
 0
 0.0004955466952434732
 0
 0.0004955466952434732
 9.075030474231561e-05
 0
 0.0008105801901623164
 0
 0.0003685820524322962
 0.0008105801901623164
 0
 0.0004955466952434732
 0
 0.0004955466952434732
 9.075030474231561e-05
 0
 0.0008105801901623164
 0
 0.0003685820524322962
 0.0008105801901623164
 0
 0
 0
 0.0004955466952434732
 9.836860456932616e-05
 0
 0
 0
 0.0003685820524322962
 0.0008105801901623164
 0
 0
 0
 0
 0.0001033149858847751
 0
 0
 0
 0.0003685820524322962
 0.0008105801901623164
 0
 0
 0
 0
 0.0001033149858847751
 0
 0
 0
 0.0003685820524322962
 0
 0
 0
 0
 0
 9.075030474231561e-05
 0
 0
 0
 0.0003685820524322962
 0
 0
 0
 0
 0
 9.075030474231561e-05
 0
 0
 0
 0
 0
 0
 0
 0
 0
 9.075030474231561e-05
 0
 0
 0
 0
 0
 0
 0
 0
 0
 9.075030474231561e-05
 0
 0
 0
 0
 0
 0
 0
 0
 0
 9.075030474231561e-05
 0
 0
 0
 0
 0
 0
 0
 0
 0
 0
 0
 0
 0
 0
 0
 0
 0
 0
 0
 0
 0
 0
 0
 0
 0
 0
 0
 0
 0
 0
 0
 0
 0
 0
 0
 0
 0
 0
 0
 0
 0
 0
 0
 0
 0
 0
 0
 0
 0
 0
 0
 0
 0
 0
 0
 0
 0
 0
 0
 0
 0
 0
 0
 0
 0
 0
 0
 0
 0
 0
 0
 0
 0
 0
 0
