# Created by Octave 3.2.4, Tue Feb 05 10:11:07 2013 EST <rbom@zaphod>
# name: small_First_Fit
# type: matrix
# ndims: 3
 1 10 30
 1.087879505729095e-11
 4.260667738762104e-11
 2.220314083706956e-08
 4.762256703503562e-12
 3.060220173708349e-12
 1.544848250534498e-11
 8.438488275022048e-09
 1.597577363632937e-11
 2.511981669986986e-09
 6.303055549787424e-12
 2.019973715154075e-09
 2.757413601877618e-08
 2.258878621068967e-06
 3.76434403270017e-09
 1.800861117615094e-08
 1.022843250276681e-08
 1.228129866939754e-05
 1.392013816430044e-06
 4.96196724402959e-06
 3.753513025319476e-07
 3.963863935198611e-07
 4.940832405216453e-06
 2.753542193160647e-06
 6.318299994226246e-06
 0.0001414884570063132
 5.382964515195743e-07
 0.0001258023557967542
 2.563772573258731e-05
 0.0001104425589110052
 3.803135415434868e-06
 0.000234960764648498
 7.375097779355727e-05
 6.406328237332605e-06
 0.0001473055856223748
 0.0007385509121917165
 1.266369207870559e-05
 0.0004039801062123934
 0.0002042395932239573
 0.0006223179137578201
 8.320194390950006e-05
 0.003965368534653914
 0.001022716604320201
 0.0003414867139768712
 0.002394119764070343
 0.0007385509121917165
 0.0001504737829009495
 0.0007385509121917165
 0.0004632292202720667
 0.001691358188741633
 9.002445883547763e-05
 0.009536638346742666
 0.003285173226556049
 0.002010167360757713
 0.002394119764070343
 0.0008576659562380657
 0.0009800813627139336
 0.0007385509121917165
 0.0007036715793824513
 0.001691358188741633
 0.0001168910799933598
 0.009536638346742666
 0.005514627321989293
 0.001168309462771465
 0.01929822838567253
 0.009126849720114738
 0.005353344743029176
 0.0009262140661418845
 0.01929822838567253
 0.005353344743029176
 0.0001168910799933598
 0.01929822838567253
 0.005514627321989293
 0.004112686210876788
 0.01929822838567253
 0.009126849720114738
 0.005353344743029176
 0.003965368534653914
 0.01929822838567253
 0.005353344743029176
 0.0001168910799933598
 0.01929822838567253
 0.005514627321989293
 0.001168309462771465
 0.01929822838567253
 0.009126849720114738
 0.02767699292735974
 0.005514627321989293
 0.01929822838567253
 0.005353344743029176
 0.00157514851707754
 0.01929822838567253
 0.01929822838567253
 0.005353344743029176
 0.01929822838567253
 0.009126849720114738
 0.02767699292735974
 0.01929822838567253
 0.01929822838567253
 0.005353344743029176
 0.02767699292735974
 0.01929822838567253
 0.01929822838567253
 0.005353344743029176
 0.01929822838567253
 0.009126849720114738
 0.02767699292735974
 0.01929822838567253
 0.01929822838567253
 0.005353344743029176
 0.02767699292735974
 0.01929822838567253
 0.01929822838567253
 0.005376957866067843
 0.01929822838567253
 0.009126849720114738
 0.02767699292735974
 0.01929822838567253
 0.01929822838567253
 0.005353344743029176
 0.02767699292735974
 0.01929822838567253
 0.01929822838567253
 0.005376957866067843
 0.01929822838567253
 0.01929822838567253
 0.02767699292735974
 0.01929822838567253
 0.01929822838567253
 0.02767699292735974
 0.02767699292735974
 0.01929822838567253
 0.02767699292735974
 0.005376957866067843
 0
 0.009126849720114738
 0.02767699292735974
 0.01929822838567253
 0
 0.02767699292735974
 0.02767699292735974
 0
 0.02767699292735974
 0.005353344743029176
 0
 0.01271309369226466
 0.02767699292735974
 0.01929822838567253
 0
 0.02767699292735974
 0.02767699292735974
 0
 0.02767699292735974
 0.005353344743029176
 0
 0.01929822838567253
 0
 0.01929822838567253
 0
 0.02767699292735974
 0.02767699292735974
 0
 0.02767699292735974
 0.005376957866067843
 0
 0.01271309369226466
 0
 0
 0
 0.02767699292735974
 0
 0
 0.01929822838567253
 0.005376957866067843
 0
 0.01271309369226466
 0
 0
 0
 0.02767699292735974
 0
 0
 0.01929822838567253
 0.005376957866067843
 0
 0.009126849720114738
 0
 0
 0
 0.02767699292735974
 0
 0
 0.01929822838567253
 0.005376957866067843
 0
 0.009126849720114738
 0
 0
 0
 0
 0
 0
 0
 0.005376957866067843
 0
 0.009126849720114738
 0
 0
 0
 0
 0
 0
 0
 0.009536638346742666
 0
 0.01271309369226466
 0
 0
 0
 0
 0
 0
 0
 0.009536638346742666
 0
 0.02767699292735974
 0
 0
 0
 0
 0
 0
 0
 0.02767699292735974
 0
 0.02767699292735974
 0
 0
 0
 0
 0
 0
 0
 0.009536638346742666
 0
 0.02767699292735974
 0
 0
 0
 0
 0
 0
 0
 0.02767699292735974
 0
 0.02767699292735974
 0
 0
 0
 0
 0
 0
 0
 0.02767699292735974
 0
 0.02767699292735974
 0
 0
 0
 0
 0
 0
 0
 0.02767699292735974
 0
 0.02767699292735974
 0
 0
 0
 0
 0
 0
 0
 0.02767699292735974
 0
 0.02767699292735974
 0
 0
 0
 0
 0
 0
 0
 0.02767699292735974
 0
 0
 0
 0
 0
 0
 0
