# Created by Octave 3.2.4, Mon Feb 04 10:22:17 2013 EST <rbom@zaphod>
# name: small_First_Fit
# type: matrix
# ndims: 3
 1 10 30
 8.489498117086425e-20
 6.137063827745791e-18
 4.622691900787538e-21
 5.38203268031759e-19
 9.582353263058585e-18
 7.478117399006491e-18
 3.314962642206493e-19
 7.401589789449179e-12
 4.232064073767273e-19
 1.199459561117303e-18
 3.266085466909383e-14
 2.377908085215114e-13
 2.874281319043711e-10
 3.409917962715893e-08
 9.960340803853678e-12
 3.363287926276026e-12
 5.700632389210705e-13
 2.096445450313141e-08
 3.423461760985934e-15
 1.014746258444837e-12
 3.356387499940836e-09
 5.088639817220376e-07
 6.781130872056848e-06
 9.41028908443693e-06
 2.099819991860498e-09
 1.060234876738407e-07
 1.571065778538395e-09
 5.302218245596493e-06
 2.092322356879291e-10
 5.25209943220068e-08
 9.490270416413205e-06
 0.003293725005433091
 0.003293725005433091
 0.002051142643220294
 2.984452493654878e-07
 8.993885277267532e-06
 2.917479004700163e-07
 0.006414590762918084
 1.513096674501059e-08
 1.521805827663883e-05
 0.01153170811151538
 0.01153170811151538
 0.01153170811151538
 0.002051142643220294
 2.123251041131474e-05
 5.646802991816055e-05
 1.988555802107335e-05
 0.006414590762918084
 3.926346920599427e-05
 0.001040330834627908
 0.01153170811151538
 0.01153170811151538
 0.01153170811151538
 0.01266788595327529
 0.001040330834627908
 0.01153170811151538
 9.029901578150296e-05
 0.006414590762918084
 0.0003010524447247483
 0.01266788595327529
 0.01153170811151538
 0.01153170811151538
 0.01153170811151538
 0.01266788595327529
 0.01266788595327529
 0.01153170811151538
 9.029901578150296e-05
 0.01266788595327529
 0.0004006872213359316
 0.01266788595327529
 0.01153170811151538
 0.01153170811151538
 0.01153170811151538
 0.01266788595327529
 0.01266788595327529
 0.01153170811151538
 0.0001079261887493402
 0.01266788595327529
 0.0003010524447247483
 0.01266788595327529
 0.01153170811151538
 0.01153170811151538
 0.01153170811151538
 0.01266788595327529
 0.01266788595327529
 0.01153170811151538
 9.029901578150296e-05
 0.006414590762918084
 0.006414590762918084
 0.01266788595327529
 0.01153170811151538
 0.01153170811151538
 0.01153170811151538
 0.01266788595327529
 0.01266788595327529
 0.01153170811151538
 9.029901578150296e-05
 0.006414590762918084
 0.01266788595327529
 0.01266788595327529
 0.01153170811151538
 0.01153170811151538
 0.01153170811151538
 0.01266788595327529
 0.01266788595327529
 0.01153170811151538
 0.006414590762918084
 0.006414590762918084
 0.01266788595327529
 0.01266788595327529
 0.01153170811151538
 0.01153170811151538
 0.01153170811151538
 0.01266788595327529
 0.01266788595327529
 0.01153170811151538
 0.006414590762918084
 0.006414590762918084
 0.01266788595327529
 0.01266788595327529
 0.01153170811151538
 0.01153170811151538
 0.01153170811151538
 0.01266788595327529
 0.01266788595327529
 0.01153170811151538
 0.01153170811151538
 0.01153170811151538
 0.01266788595327529
 0.01266788595327529
 0.01153170811151538
 0.01153170811151538
 0.01153170811151538
 0.01266788595327529
 0.01266788595327529
 0.01153170811151538
 0.01153170811151538
 0.01266788595327529
 0.01266788595327529
 0.01266788595327529
 0.01153170811151538
 0.01153170811151538
 0.01153170811151538
 0.01266788595327529
 0.01266788595327529
 0.01153170811151538
 0.01153170811151538
 0.01266788595327529
 0.01266788595327529
 0.01266788595327529
 0.01153170811151538
 0.01153170811151538
 0.01153170811151538
 0.01266788595327529
 0.01266788595327529
 0.01153170811151538
 0.006414590762918084
 0.01266788595327529
 0.01266788595327529
 0.01266788595327529
 0.01153170811151538
 0.01153170811151538
 0.01153170811151538
 0.01266788595327529
 0.01266788595327529
 0.01153170811151538
 0.006414590762918084
 0.01153170811151538
 0.01266788595327529
 0.01266788595327529
 0.01153170811151538
 0.01153170811151538
 0.01153170811151538
 0.01266788595327529
 0.01266788595327529
 0.01153170811151538
 0.006414590762918084
 0.01153170811151538
 0.01266788595327529
 0.01266788595327529
 0.01153170811151538
 0.01153170811151538
 0.01153170811151538
 0.01266788595327529
 0.01266788595327529
 0.01153170811151538
 0.006414590762918084
 0.01153170811151538
 0.01266788595327529
 0.01266788595327529
 0.01153170811151538
 0.01153170811151538
 0.01153170811151538
 0.01266788595327529
 0.01266788595327529
 0.01266788595327529
 0.006414590762918084
 0.01266788595327529
 0.01266788595327529
 0.01266788595327529
 0.01153170811151538
 0.01153170811151538
 0.01153170811151538
 0.01266788595327529
 0.01266788595327529
 0.01153170811151538
 0.006414590762918084
 0.01153170811151538
 0.01266788595327529
 0.01266788595327529
 0.01153170811151538
 0.01153170811151538
 0.01153170811151538
 0.01266788595327529
 0.01266788595327529
 0.01153170811151538
 0.006414590762918084
 0.01153170811151538
 0.01266788595327529
 0.01266788595327529
 0.01153170811151538
 0.01153170811151538
 0.01153170811151538
 0.01266788595327529
 0.01266788595327529
 0.01153170811151538
 0.01266788595327529
 0.01153170811151538
 0.01266788595327529
 0.01266788595327529
 0.01153170811151538
 0.01153170811151538
 0.01153170811151538
 0.01266788595327529
 0.01266788595327529
 0.01153170811151538
 0.01266788595327529
 0.01153170811151538
 0.01266788595327529
 0.01266788595327529
 0.01153170811151538
 0.01153170811151538
 0.01153170811151538
 0.01266788595327529
 0.01266788595327529
 0.01153170811151538
 0.01266788595327529
 0.01153170811151538
 0.01266788595327529
 0.01266788595327529
 0.01153170811151538
 0.01153170811151538
 0.01153170811151538
 0.01266788595327529
 0.01266788595327529
 0.01153170811151538
 0.01266788595327529
 0.01153170811151538
 0.01266788595327529
 0.01266788595327529
 0.01153170811151538
 0.01153170811151538
 0.01153170811151538
 0.01266788595327529
 0.01266788595327529
 0.01153170811151538
 0.01266788595327529
 0.01153170811151538
 0.01266788595327529
 0.01266788595327529
 0.01153170811151538
 0.01153170811151538
 0.01153170811151538
 0.01266788595327529
 0.01266788595327529
 0.01153170811151538
 0.01266788595327529
 0.01153170811151538
 0.01266788595327529
 0.01266788595327529
 0.01153170811151538
 0.01153170811151538
 0.01153170811151538
 0.01266788595327529
 0.01266788595327529
 0.01153170811151538
 0.01266788595327529
 0.01153170811151538
 0.01266788595327529
 0.01266788595327529
 0.01153170811151538
 0.01266788595327529
 0.01153170811151538
 0.01266788595327529
 0.01266788595327529
 0.01153170811151538
 0.01266788595327529
 0.01153170811151538
 0.01266788595327529
 0.01266788595327529
