# Created by Octave 3.2.4, Thu Feb 07 01:27:19 2013 EST <rbom@zaphod>
# name: small_First_Fit
# type: matrix
# ndims: 3
 1 10 30
 2.094674671495845e-12
 2.8494997669466e-07
 2.395432947265129e-11
 4.866017422686242e-12
 6.986708122386024e-09
 2.684580442600042e-08
 4.379817772485183e-13
 8.700725997126535e-12
 1.661552683612019e-11
 9.935294259484895e-11
 1.754523532758948e-10
 7.667700697391493e-07
 1.808605491196481e-08
 1.556431539700476e-07
 3.517663402028006e-06
 1.851555702984605e-06
 2.246394539822339e-06
 4.527831877386983e-09
 2.756759060915142e-07
 3.926001881996572e-07
 1.259506122684878e-07
 9.183247285206363e-07
 2.900839457602432e-07
 7.970582406904647e-07
 7.331777462325346e-05
 7.331777462325346e-05
 0.0002432299588633248
 3.562698770030252e-06
 0.0001374527139837128
 5.915470262346005e-05
 4.284925992310211e-06
 0.001104127509498713
 0.001033972732978356
 0.0002228340586278741
 0.001572819088715373
 0.001572819088715373
 0.00322569678888605
 4.704111251638774e-05
 0.0005856648497709098
 0.002582878015771145
 0.0002773647540464636
 0.003170614750704161
 0.004065710409139208
 0.001686433841238915
 0.003037368561837641
 0.003796793507648201
 0.001542071244479319
 4.704111251638774e-05
 0.001315883778983779
 0.003037368561837641
 0.0002773647540464636
 0.006973164848599059
 0.005393178242051384
 0.001991836880462141
 0.003796793507648201
 0.003037368561837641
 0.001542071244479319
 4.704111251638774e-05
 0.00322569678888605
 0.002582878015771145
 0.002677973176438751
 0.006973164848599059
 0.005393178242051384
 0.001991836880462141
 0.003796793507648201
 0.003037368561837641
 0.001542071244479319
 4.704111251638774e-05
 0.00322569678888605
 0.002582878015771145
 0.002677973176438751
 0.006973164848599059
 0.005393178242051384
 0.001693180934348543
 0.006973164848599059
 0.003037368561837641
 0.001542071244479319
 4.704111251638774e-05
 0.006973164848599059
 0.00504387212845183
 0.00504387212845183
 0.006973164848599059
 0.004065710409139208
 0.001693180934348543
 0.006973164848599059
 0.003037368561837641
 0.00322569678888605
 0.001572819088715373
 0.006973164848599059
 0.00504387212845183
 0.00504387212845183
 0.006973164848599059
 0.005393178242051384
 0.001693180934348543
 0.006973164848599059
 0.003037368561837641
 0.005393178242051384
 0.001572819088715373
 0.006973164848599059
 0.003796793507648201
 0.006002531109434037
 0.006973164848599059
 0.005393178242051384
 0.00504387212845183
 0.006973164848599059
 0.003037368561837641
 0.005393178242051384
 0.001572819088715373
 0.006973164848599059
 0.003796793507648201
 0.006002531109434037
 0.006973164848599059
 0.005393178242051384
 0.00504387212845183
 0.006973164848599059
 0
 0.005393178242051384
 0.001572819088715373
 0.006973164848599059
 0.003796793507648201
 0.006002531109434037
 0
 0.005393178242051384
 0.00504387212845183
 0.006973164848599059
 0
 0.006002531109434037
 0.001572819088715373
 0.006973164848599059
 0.006973164848599059
 0.006002531109434037
 0
 0.005393178242051384
 0.00504387212845183
 0.006973164848599059
 0
 0.006002531109434037
 0.004327561771666056
 0.006973164848599059
 0.006973164848599059
 0.006002531109434037
 0
 0.005393178242051384
 0.00504387212845183
 0
 0
 0.006002531109434037
 0.001572819088715373
 0
 0.006973164848599059
 0.006002531109434037
 0
 0.006002531109434037
 0.005393178242051384
 0
 0
 0.006002531109434037
 0.004327561771666056
 0
 0.006973164848599059
 0.006002531109434037
 0
 0.005393178242051384
 0.00504387212845183
 0
 0
 0.006002531109434037
 0.004327561771666056
 0
 0.006973164848599059
 0
 0
 0.006002531109434037
 0.00504387212845183
 0
 0
 0.006002531109434037
 0.004327561771666056
 0
 0.006973164848599059
 0
 0
 0.006002531109434037
 0.006973164848599059
 0
 0
 0.006002531109434037
 0.004327561771666056
 0
 0.006973164848599059
 0
 0
 0.006002531109434037
 0.006973164848599059
 0
 0
 0
 0.004327561771666056
 0
 0
 0
 0
 0.006002531109434037
 0.006973164848599059
 0
 0
 0
 0.001572819088715373
 0
 0
 0
 0
 0.006002531109434037
 0.006973164848599059
 0
 0
 0
 0.003037368561837641
 0
 0
 0
 0
 0.006002531109434037
 0.006973164848599059
 0
 0
 0
 0.001572819088715373
 0
 0
 0
 0
 0.006002531109434037
 0.006973164848599059
 0
 0
 0
 0.001572819088715373
 0
 0
 0
 0
 0
 0.006973164848599059
 0
 0
 0
 0.006973164848599059
 0
 0
 0
 0
 0
 0
 0
 0
 0
 0.006973164848599059
 0
 0
 0
 0
 0
 0
 0
 0
 0
 0.006973164848599059
 0
 0
 0
 0
 0
 0
 0
 0
 0
 0.006973164848599059
 0
 0
 0
 0
 0
 0
 0
 0
 0
 0.006973164848599059
 0
 0
 0
 0
 0
 0
 0
 0
 0
 0.006973164848599059
 0
 0
