# Created by Octave 3.2.4, Sun Feb 03 23:33:37 2013 EST <rbom@zaphod>
# name: small_First_Fit
# type: matrix
# ndims: 3
 1 10 30
 4.382593417176702e-19
 3.217010783141488e-18
 9.21725790115678e-16
 1.093514455504401e-20
 4.895966135560304e-18
 4.6908077223077e-13
 1.241675862804533e-14
 7.165342435814591e-16
 1.022623464967299e-16
 1.799090709849195e-19
 3.133813387228707e-09
 2.551422746894421e-13
 2.489367237038466e-07
 1.274582070725441e-09
 2.275034061202323e-13
 8.561709226430598e-10
 3.049179228621087e-09
 4.653849924694051e-11
 8.325193739098106e-14
 1.08049755202203e-14
 4.770565250852159e-05
 2.77047527541396e-09
 0.0007372884193416892
 3.946448030471897e-08
 1.466559494097968e-09
 3.860927123792434e-06
 0.0001038472232456186
 3.323362200824427e-08
 1.117631626869386e-09
 2.298648326728289e-11
 0.0007023497728449659
 2.827792776107252e-06
 0.01240275834670167
 2.72576644079856e-05
 2.806728608092087e-08
 0.0006379755204809963
 0.005623421450494205
 0.0001608188510346899
 0.0001400840681218541
 9.100896839181847e-08
 0.0007023497728449659
 0.0002674562709506197
 0.01240275834670167
 0.005623421450494205
 5.383959247915619e-05
 0.005623421450494205
 0.01240275834670167
 0.008896403244639393
 0.01240275834670167
 0.0001400840681218541
 0.01149500884098161
 0.01240275834670167
 0.01240275834670167
 0.005623421450494205
 0.008896403244639393
 0.005623421450494205
 0.01240275834670167
 0.008896403244639393
 0.01240275834670167
 0.01240275834670167
 0.01149500884098161
 0.01240275834670167
 0.01240275834670167
 0.005623421450494205
 0.008896403244639393
 0.005623421450494205
 0.005623421450494205
 0.008896403244639393
 0.01240275834670167
 0.01240275834670167
 0.01149500884098161
 0.01240275834670167
 0.01240275834670167
 0.005623421450494205
 0.008896403244639393
 0.005623421450494205
 0.005623421450494205
 0.008896403244639393
 0.01240275834670167
 0.01240275834670167
 0.01149500884098161
 0.01240275834670167
 0.01240275834670167
 0.01240275834670167
 0.008896403244639393
 0.005623421450494205
 0.005623421450494205
 0.008896403244639393
 0.01240275834670167
 0.01240275834670167
 0.01149500884098161
 0.01240275834670167
 0.01240275834670167
 0.005623421450494205
 0.008896403244639393
 0.005623421450494205
 0.005623421450494205
 0.008896403244639393
 0.01240275834670167
 0.01240275834670167
 0.01149500884098161
 0.01240275834670167
 0.01240275834670167
 0.005623421450494205
 0.008896403244639393
 0.005623421450494205
 0.005623421450494205
 0.008896403244639393
 0.01240275834670167
 0.01240275834670167
 0.01149500884098161
 0.01240275834670167
 0.01240275834670167
 0.005623421450494205
 0.008896403244639393
 0.005623421450494205
 0.005623421450494205
 0.008896403244639393
 0.01240275834670167
 0.01240275834670167
 0.01149500884098161
 0.01240275834670167
 0.01240275834670167
 0.01149500884098161
 0.008896403244639393
 0.005623421450494205
 0.005623421450494205
 0.008896403244639393
 0.01240275834670167
 0.01240275834670167
 0.01149500884098161
 0.01240275834670167
 0.01240275834670167
 0.01149500884098161
 0.008896403244639393
 0.008896403244639393
 0.005623421450494205
 0.008896403244639393
 0.01240275834670167
 0.01240275834670167
 0.01149500884098161
 0.01240275834670167
 0.01240275834670167
 0.01149500884098161
 0.008896403244639393
 0.01149500884098161
 0.005623421450494205
 0.008896403244639393
 0.01240275834670167
 0.01240275834670167
 0.01149500884098161
 0.01240275834670167
 0.01240275834670167
 0.01149500884098161
 0.008896403244639393
 0.01149500884098161
 0.005623421450494205
 0.008896403244639393
 0.01240275834670167
 0.01240275834670167
 0.01149500884098161
 0.01240275834670167
 0.01240275834670167
 0.01149500884098161
 0.008896403244639393
 0.005623421450494205
 0.005623421450494205
 0.008896403244639393
 0.01240275834670167
 0.01240275834670167
 0.01149500884098161
 0.01240275834670167
 0.01240275834670167
 0.01149500884098161
 0.008896403244639393
 0.01240275834670167
 0.005623421450494205
 0.008896403244639393
 0.01240275834670167
 0.01240275834670167
 0.01149500884098161
 0.01240275834670167
 0.01240275834670167
 0.01149500884098161
 0.01240275834670167
 0.01149500884098161
 0.01240275834670167
 0.008896403244639393
 0.01240275834670167
 0.01240275834670167
 0.01149500884098161
 0.01240275834670167
 0.01240275834670167
 0.01149500884098161
 0.008896403244639393
 0.01149500884098161
 0.01240275834670167
 0.008896403244639393
 0.01240275834670167
 0.01240275834670167
 0.01149500884098161
 0.01240275834670167
 0.01240275834670167
 0.01149500884098161
 0.008896403244639393
 0.01240275834670167
 0.01240275834670167
 0.008896403244639393
 0.01240275834670167
 0.01240275834670167
 0.01149500884098161
 0.01240275834670167
 0.01240275834670167
 0.01149500884098161
 0.008896403244639393
 0.008896403244639393
 0.01240275834670167
 0.008896403244639393
 0.01240275834670167
 0.01240275834670167
 0.01149500884098161
 0.01240275834670167
 0.01240275834670167
 0.01149500884098161
 0.008896403244639393
 0.008896403244639393
 0.01240275834670167
 0.008896403244639393
 0.01240275834670167
 0.01240275834670167
 0.01149500884098161
 0.01240275834670167
 0.01240275834670167
 0.01149500884098161
 0.008896403244639393
 0.008896403244639393
 0.01240275834670167
 0.008896403244639393
 0.01240275834670167
 0.01240275834670167
 0.01149500884098161
 0.01240275834670167
 0.01240275834670167
 0.01149500884098161
 0.008896403244639393
 0.008896403244639393
 0.01240275834670167
 0.01149500884098161
 0.01240275834670167
 0.01240275834670167
 0.01149500884098161
 0.01240275834670167
 0.01240275834670167
 0.01149500884098161
 0.008896403244639393
 0.01240275834670167
 0.01240275834670167
 0.01149500884098161
 0.01240275834670167
 0.01240275834670167
 0.01149500884098161
 0.01240275834670167
 0.01240275834670167
 0.01149500884098161
 0.008896403244639393
 0.008896403244639393
 0.01240275834670167
 0.008896403244639393
 0.01240275834670167
 0.01240275834670167
 0.01149500884098161
 0.01240275834670167
 0.01240275834670167
 0.01149500884098161
 0.01149500884098161
 0.01240275834670167
 0.01240275834670167
 0.008896403244639393
 0.01240275834670167
 0.01240275834670167
 0.01149500884098161
 0.01240275834670167
 0.01240275834670167
 0.01149500884098161
 0.008896403244639393
 0.008896403244639393
 0.01240275834670167
 0.01240275834670167
 0.01240275834670167
 0.01240275834670167
 0.01149500884098161
 0.01240275834670167
 0.01240275834670167
 0.01149500884098161
 0.008896403244639393
 0.008896403244639393
 0.01240275834670167
 0.008896403244639393
 0.01240275834670167
 0.01240275834670167
