# Created by Octave 3.2.4, Tue Feb 05 15:07:15 2013 EST <rbom@zaphod>
# name: small_First_Fit
# type: matrix
# ndims: 3
 1 10 30
 2.814232676022351e-14
 1.826370550706919e-12
 7.948673313594298e-16
 5.180409061447927e-15
 5.338683519549545e-14
 2.661299463235331e-12
 5.804104243387154e-09
 2.03311959379965e-12
 2.662803625515705e-14
 3.40262986026101e-11
 3.258726003906888e-10
 1.615964866688517e-07
 2.885096624149005e-10
 1.558847096325409e-11
 4.608769278860586e-08
 4.035020506037069e-09
 8.611178329457671e-06
 5.414471055352548e-08
 3.208808713540902e-09
 5.041357278008507e-05
 9.477512092439589e-08
 4.644121726786703e-05
 3.688514462560338e-07
 2.324507447107679e-08
 6.627756428515859e-06
 2.939850519813933e-05
 0.0002636548476203932
 0.0002910303711942272
 3.729474899198457e-05
 0.01367494073874224
 4.033505576214777e-05
 0.0003003618792565527
 5.839312107686513e-06
 5.85707671311252e-06
 0.002317766353744439
 0.004975274161845749
 0.0005716651544671474
 0.001198516335051692
 0.004825287078349554
 0.01367494073874224
 0.0002703493532719271
 0.001328058533031025
 0.002400868504408379
 0.0007422002917764728
 0.04741641978941227
 0.004975274161845749
 0.001999418295983921
 0.01367494073874224
 0.007507312939819248
 0.01367494073874224
 0.0002703493532719271
 0.007550996498118806
 0.04741641978941227
 0.005235666798135445
 0.04741641978941227
 0.007507312939819248
 0.001999418295983921
 0.01367494073874224
 0.03182130572049397
 0.01367494073874224
 0.0002703493532719271
 0.016185620239512
 0.08273256748630285
 0.005235666798135445
 0.04741641978941227
 0.007550996498118806
 0.08273256748630285
 0.01367494073874224
 0.03274855394585884
 0.04741641978941227
 0.0004827347351124858
 0.016185620239512
 0.08273256748630285
 0.016185620239512
 0.08273256748630285
 0.03182130572049397
 0.08273256748630285
 0.04741641978941227
 0.08273256748630285
 0.04741641978941227
 0.0008720151444449424
 0.03274855394585884
 0.08273256748630285
 0.005235666798135445
 0.08273256748630285
 0.03274855394585884
 0.08273256748630285
 0.08273256748630285
 0.08273256748630285
 0.08273256748630285
 0.0008720151444449424
 0.03274855394585884
 0.08273256748630285
 0.016185620239512
 0.08273256748630285
 0.03274855394585884
 0.08273256748630285
 0.08273256748630285
 0.08273256748630285
 0.08273256748630285
 0.01120640797358597
 0.08273256748630285
 0.08273256748630285
 0.016185620239512
 0.08273256748630285
 0.04741641978941227
 0.08273256748630285
 0.08273256748630285
 0.08273256748630285
 0.08273256748630285
 0.0143038984032574
 0.08273256748630285
 0.08273256748630285
 0.016185620239512
 0.08273256748630285
 0.08273256748630285
 0.08273256748630285
 0.08273256748630285
 0.08273256748630285
 0.08273256748630285
 0.0143038984032574
 0.08273256748630285
 0.08273256748630285
 0.016185620239512
 0.08273256748630285
 0.08273256748630285
 0.08273256748630285
 0.08273256748630285
 0.08273256748630285
 0.08273256748630285
 0.0143038984032574
 0.08273256748630285
 0
 0.03274855394585884
 0.08273256748630285
 0.08273256748630285
 0
 0.08273256748630285
 0.08273256748630285
 0.08273256748630285
 0.0143038984032574
 0.08273256748630285
 0
 0.03274855394585884
 0
 0.08273256748630285
 0
 0.08273256748630285
 0
 0.08273256748630285
 0.0143038984032574
 0.08273256748630285
 0
 0.08273256748630285
 0
 0.08273256748630285
 0
 0
 0
 0
 0.0143038984032574
 0.08273256748630285
 0
 0.03274855394585884
 0
 0.08273256748630285
 0
 0
 0
 0
 0.0143038984032574
 0
 0
 0.03274855394585884
 0
 0.08273256748630285
 0
 0
 0
 0
 0
 0
 0
 0.03274855394585884
 0
 0
 0
 0
 0
 0
 0
 0
 0
 0.03274855394585884
 0
 0
 0
 0
 0
 0
 0
 0
 0
 0.08273256748630285
 0
 0
 0
 0
 0
 0
 0
 0
 0
 0.08273256748630285
 0
 0
 0
 0
 0
 0
 0
 0
 0
 0.08273256748630285
 0
 0
 0
 0
 0
 0
 0
 0
 0
 0.08273256748630285
 0
 0
 0
 0
 0
 0
 0
 0
 0
 0.08273256748630285
 0
 0
 0
 0
 0
 0
 0
 0
 0
 0.08273256748630285
 0
 0
 0
 0
 0
 0
 0
 0
 0
 0.08273256748630285
 0
 0
 0
 0
 0
 0
 0
 0
 0
 0
 0
 0
 0
 0
 0
 0
 0
 0
 0
 0
 0
 0
 0
 0
 0
 0
 0
 0
 0
 0
 0
 0
 0
 0
 0
 0
