# Created by Octave 3.2.4, Mon Feb 04 01:10:44 2013 EST <rbom@zaphod>
# name: small_First_Fit
# type: matrix
# ndims: 3
 1 10 30
 6.48219671853616e-18
 5.899507554127629e-14
 4.159793589729071e-18
 6.880275735473276e-19
 2.228096584579854e-16
 3.478147747587235e-16
 9.128187430935383e-15
 6.409601971452074e-15
 6.873486002413881e-17
 5.737185039517486e-19
 2.834985229442487e-11
 7.340104913544173e-11
 1.032789543067644e-12
 1.326264456235419e-08
 3.382225521926902e-08
 5.768291416662308e-12
 8.582808778070572e-12
 2.078980873803703e-12
 6.825656212926443e-11
 8.072461749278909e-14
 2.435696775454123e-07
 2.815992364481831e-08
 5.253082885909492e-09
 5.876235394327897e-06
 1.990198607372071e-06
 7.911141643702627e-08
 1.76536282002568e-09
 7.262865075351738e-09
 1.508584212245678e-05
 5.308372274264467e-10
 0.0001036587949202441
 1.56585701886838e-05
 1.205205320324905e-06
 0.0006214684237183016
 0.00074007812881199
 7.823108864295958e-06
 7.401808936001428e-05
 1.001838069218528e-05
 1.508584212245678e-05
 7.553382165096918e-07
 0.0004631689069577034
 4.737229673906378e-05
 1.779719151456156e-05
 0.0006214684237183016
 0.001043566150882779
 9.024117167784396e-05
 0.001043566150882779
 0.00074007812881199
 0.00074007812881199
 7.553382165096918e-07
 0.0002924061180486125
 0.0002924061180486125
 0.0001081741278601991
 0.0006214684237183016
 0.00074007812881199
 0.0004631689069577034
 0.001043566150882779
 0.00074007812881199
 0.00074007812881199
 6.839093899050445e-05
 0.001043566150882779
 0.0002924061180486125
 0.00074007812881199
 0.003310017315701092
 0.00074007812881199
 0.003310017315701092
 0.001043566150882779
 0.00074007812881199
 0.00074007812881199
 6.839093899050445e-05
 0.004014898005402266
 0.0002924061180486125
 0.00074007812881199
 0.003310017315701092
 0.00074007812881199
 0.003310017315701092
 0.001043566150882779
 0.00074007812881199
 0.00074007812881199
 0.0001354900945507243
 0.004014898005402266
 0.0002924061180486125
 0.00074007812881199
 0.003310017315701092
 0.001043566150882779
 0.003310017315701092
 0.001043566150882779
 0.00074007812881199
 0.00074007812881199
 0.0001483501606941988
 0.001043566150882779
 0.0006214684237183016
 0.00074007812881199
 0.003310017315701092
 0.00074007812881199
 0.003310017315701092
 0.004014898005402266
 0.00074007812881199
 0.00074007812881199
 0.0001354900945507243
 0.001043566150882779
 0.003310017315701092
 0.00074007812881199
 0.003310017315701092
 0.00074007812881199
 0.003310017315701092
 0.001043566150882779
 0.00074007812881199
 0.00074007812881199
 6.839093899050445e-05
 0.001043566150882779
 0.003310017315701092
 0.00074007812881199
 0.003310017315701092
 0.00074007812881199
 0.003310017315701092
 0.001043566150882779
 0.00074007812881199
 0.00074007812881199
 0.001043566150882779
 0.004014898005402266
 0.003310017315701092
 0.00074007812881199
 0.003310017315701092
 0.003310017315701092
 0.003310017315701092
 0.001043566150882779
 0.00074007812881199
 0.001043566150882779
 0.004014898005402266
 0.001043566150882779
 0.003310017315701092
 0.00074007812881199
 0.003310017315701092
 0.003310017315701092
 0.003310017315701092
 0.001043566150882779
 0.00074007812881199
 0.00074007812881199
 0.004014898005402266
 0.001043566150882779
 0.003310017315701092
 0.00074007812881199
 0.003310017315701092
 0.00074007812881199
 0.004014898005402266
 0.001043566150882779
 0.00074007812881199
 0.00074007812881199
 0.004014898005402266
 0.001043566150882779
 0.003310017315701092
 0.004014898005402266
 0.003310017315701092
 0.003310017315701092
 0.004014898005402266
 0.001043566150882779
 0.00074007812881199
 0.00074007812881199
 0.004014898005402266
 0.001043566150882779
 0.003310017315701092
 0.004014898005402266
 0.003310017315701092
 0.003310017315701092
 0.003310017315701092
 0.001043566150882779
 0.00074007812881199
 0.00074007812881199
 0.004014898005402266
 0.001043566150882779
 0.003310017315701092
 0.004014898005402266
 0.003310017315701092
 0.003310017315701092
 0.003310017315701092
 0.001043566150882779
 0.00074007812881199
 0.004014898005402266
 0.004014898005402266
 0.001043566150882779
 0.003310017315701092
 0.004014898005402266
 0.003310017315701092
 0.003310017315701092
 0.003310017315701092
 0.001043566150882779
 0.00074007812881199
 0.004014898005402266
 0.004014898005402266
 0.001043566150882779
 0.003310017315701092
 0.004014898005402266
 0.003310017315701092
 0.003310017315701092
 0.003310017315701092
 0.001043566150882779
 0.00074007812881199
 0.004014898005402266
 0.004014898005402266
 0.001043566150882779
 0.003310017315701092
 0.004014898005402266
 0.003310017315701092
 0.003310017315701092
 0.003310017315701092
 0.001043566150882779
 0.003310017315701092
 0.004014898005402266
 0.004014898005402266
 0.001043566150882779
 0.003310017315701092
 0.004014898005402266
 0.003310017315701092
 0.003310017315701092
 0.003310017315701092
 0.001043566150882779
 0.003310017315701092
 0.004014898005402266
 0.004014898005402266
 0.001043566150882779
 0.003310017315701092
 0.004014898005402266
 0.003310017315701092
 0.003310017315701092
 0.003310017315701092
 0.001043566150882779
 0.003310017315701092
 0.004014898005402266
 0.004014898005402266
 0.001043566150882779
 0.004014898005402266
 0.004014898005402266
 0.003310017315701092
 0.003310017315701092
 0.004014898005402266
 0.003310017315701092
 0.003310017315701092
 0.004014898005402266
 0.004014898005402266
 0.001043566150882779
 0.004014898005402266
 0.004014898005402266
 0.003310017315701092
 0.003310017315701092
 0.004014898005402266
 0.004014898005402266
 0.003310017315701092
 0.004014898005402266
 0.004014898005402266
 0.001043566150882779
 0.004014898005402266
 0.004014898005402266
 0.003310017315701092
 0.003310017315701092
 0.003310017315701092
 0.003310017315701092
 0.003310017315701092
 0.004014898005402266
 0.004014898005402266
 0.001043566150882779
 0.004014898005402266
 0.004014898005402266
 0.003310017315701092
 0.003310017315701092
 0.003310017315701092
 0.003310017315701092
 0.003310017315701092
 0.004014898005402266
 0.004014898005402266
 0.001043566150882779
 0.004014898005402266
 0.004014898005402266
 0.003310017315701092
 0.003310017315701092
 0.003310017315701092
 0.004014898005402266
 0.003310017315701092
 0.004014898005402266
 0.004014898005402266
 0.001043566150882779
 0.004014898005402266
 0.004014898005402266
 0.003310017315701092
 0.003310017315701092
 0.003310017315701092
 0.003310017315701092
 0.003310017315701092
 0.004014898005402266
 0.004014898005402266
 0.001043566150882779
 0.004014898005402266
 0.004014898005402266
 0.003310017315701092
 0.003310017315701092
 0.003310017315701092
 0.003310017315701092
 0.003310017315701092
 0.004014898005402266
 0.004014898005402266
