# Created by Octave 3.2.4, Mon Feb 04 02:21:02 2013 EST <rbom@zaphod>
# name: small_First_Fit
# type: matrix
# ndims: 3
 1 10 30
 2.838482056405458e-14
 1.797184374379818e-17
 2.628529328179045e-14
 7.538776014304075e-15
 1.490484866005502e-14
 3.702368255959927e-15
 8.365757245772543e-12
 3.012007488180406e-13
 8.087772000296201e-16
 8.551513851402967e-18
 1.047440540980489e-10
 3.68453356551067e-12
 7.062916938611308e-07
 4.966478937954399e-08
 8.073317007361076e-11
 2.309148513024057e-10
 1.710689164666779e-07
 1.619696367404784e-09
 2.11559737009249e-09
 9.92147884399009e-14
 7.706981656906112e-08
 2.644764777994901e-07
 4.90038502129764e-06
 0.0001075774646319375
 1.2427731084743e-06
 2.182222013791548e-08
 5.075956736497036e-05
 9.225282507368825e-08
 9.91560552788437e-08
 2.440258277805684e-09
 4.627358470330593e-05
 1.285204831180388e-05
 1.703755831253582e-05
 0.001288297493983494
 4.627358470330593e-05
 1.325657577640655e-06
 0.002633993326109379
 4.523550536374933e-05
 2.739455929135653e-06
 2.305185582877752e-07
 0.0007747352050028743
 0.0005233348665256814
 1.703755831253582e-05
 0.002633993326109379
 0.0007747352050028743
 0.0004927457897951194
 0.002633993326109379
 0.0007818640197742706
 6.831654691722317e-06
 5.729644325397555e-05
 0.002348836312550181
 0.002079846436009013
 3.955332499298286e-05
 0.002633993326109379
 0.002348836312550181
 0.0004927457897951194
 0.002633993326109379
 0.0007818640197742706
 0.0001513892054005553
 0.0002153960520675605
 0.002348836312550181
 0.002079846436009013
 0.0002524416081124122
 0.002633993326109379
 0.002348836312550181
 0.002348836312550181
 0.002633993326109379
 0.002079846436009013
 0.0001658764412445979
 0.002079846436009013
 0.002348836312550181
 0.002633993326109379
 0.0002524416081124122
 0.002633993326109379
 0.002348836312550181
 0.002348836312550181
 0.002633993326109379
 0.002079846436009013
 0.001240318538275072
 0.002079846436009013
 0.002348836312550181
 0.002633993326109379
 0.002348836312550181
 0.002633993326109379
 0.002348836312550181
 0.002348836312550181
 0.002633993326109379
 0.002079846436009013
 0.001240318538275072
 0.002079846436009013
 0.002348836312550181
 0.002633993326109379
 0.002348836312550181
 0.002633993326109379
 0.002348836312550181
 0.002348836312550181
 0.002633993326109379
 0.002633993326109379
 0.002079846436009013
 0.002348836312550181
 0.002348836312550181
 0.002633993326109379
 0.002348836312550181
 0.002633993326109379
 0.002348836312550181
 0.002348836312550181
 0.002633993326109379
 0.002633993326109379
 0.002633993326109379
 0.002079846436009013
 0.002348836312550181
 0.002633993326109379
 0.002348836312550181
 0.002633993326109379
 0.002348836312550181
 0.002348836312550181
 0.002633993326109379
 0.002633993326109379
 0.002633993326109379
 0.002079846436009013
 0.002348836312550181
 0.002633993326109379
 0.002348836312550181
 0.002633993326109379
 0.002348836312550181
 0.002348836312550181
 0.002633993326109379
 0.002633993326109379
 0.002633993326109379
 0.002633993326109379
 0.002348836312550181
 0.002079846436009013
 0.002348836312550181
 0.002633993326109379
 0.002348836312550181
 0.002348836312550181
 0.002633993326109379
 0.002633993326109379
 0.002633993326109379
 0.002633993326109379
 0.002348836312550181
 0.002633993326109379
 0.002348836312550181
 0.002633993326109379
 0.002348836312550181
 0.002348836312550181
 0.002633993326109379
 0.002348836312550181
 0.002633993326109379
 0.002633993326109379
 0.002348836312550181
 0.002633993326109379
 0.002348836312550181
 0.002633993326109379
 0.002348836312550181
 0.002348836312550181
 0.002633993326109379
 0.002633993326109379
 0.002633993326109379
 0.002633993326109379
 0.002348836312550181
 0.002633993326109379
 0.002348836312550181
 0.002633993326109379
 0.002348836312550181
 0.002348836312550181
 0.002633993326109379
 0.002633993326109379
 0.002633993326109379
 0.002633993326109379
 0.002348836312550181
 0.002633993326109379
 0.002348836312550181
 0.002633993326109379
 0.002348836312550181
 0.002348836312550181
 0.002633993326109379
 0.002633993326109379
 0.002633993326109379
 0.002633993326109379
 0.002348836312550181
 0.002633993326109379
 0.002348836312550181
 0.002633993326109379
 0.002348836312550181
 0.002348836312550181
 0.002633993326109379
 0.002633993326109379
 0.002633993326109379
 0.002633993326109379
 0.002348836312550181
 0.002633993326109379
 0.002348836312550181
 0.002633993326109379
 0.002348836312550181
 0.002348836312550181
 0.002633993326109379
 0.002633993326109379
 0.002633993326109379
 0.002633993326109379
 0.002348836312550181
 0.002633993326109379
 0.002348836312550181
 0.002633993326109379
 0.002348836312550181
 0.002348836312550181
 0.002633993326109379
 0.002633993326109379
 0.002633993326109379
 0.002633993326109379
 0.002348836312550181
 0.002633993326109379
 0.002348836312550181
 0.002633993326109379
 0.002348836312550181
 0.002348836312550181
 0.002633993326109379
 0.002633993326109379
 0.002633993326109379
 0.002633993326109379
 0.002348836312550181
 0.002633993326109379
 0.002348836312550181
 0.002633993326109379
 0.002348836312550181
 0.002348836312550181
 0.002633993326109379
 0.002633993326109379
 0.002633993326109379
 0.002633993326109379
 0.002348836312550181
 0.002633993326109379
 0.002348836312550181
 0.002633993326109379
 0.002348836312550181
 0.002348836312550181
 0.002633993326109379
 0.002633993326109379
 0.002633993326109379
 0.002633993326109379
 0.002348836312550181
 0.002633993326109379
 0.002348836312550181
 0.002633993326109379
 0.002348836312550181
 0.002348836312550181
 0.002633993326109379
 0.002633993326109379
 0.002633993326109379
 0.002633993326109379
 0.002348836312550181
 0.002633993326109379
 0.002348836312550181
 0.002633993326109379
 0.002348836312550181
 0.002348836312550181
 0.002633993326109379
 0.002633993326109379
 0.002633993326109379
 0.002633993326109379
 0.002348836312550181
 0.002633993326109379
 0.002348836312550181
 0.002633993326109379
 0.002348836312550181
 0.002348836312550181
 0.002633993326109379
 0.002633993326109379
 0.002633993326109379
 0.002633993326109379
 0.002348836312550181
 0.002633993326109379
 0.002348836312550181
 0.002633993326109379
 0.002348836312550181
 0.002348836312550181
 0.002633993326109379
 0.002633993326109379
 0.002633993326109379
 0.002633993326109379
 0.002348836312550181
 0.002633993326109379
 0.002633993326109379
 0.002633993326109379
 0.002348836312550181
 0.002348836312550181
 0.002633993326109379
 0.002633993326109379
 0.002633993326109379
 0.002633993326109379
 0.002348836312550181
 0.002633993326109379
 0.002348836312550181
 0.002633993326109379
 0.002348836312550181
 0.002633993326109379
 0.002633993326109379
 0.002633993326109379
 0.002633993326109379
 0.002633993326109379
