# Created by Octave 3.2.4, Mon Feb 04 07:14:20 2013 EST <rbom@zaphod>
# name: small_First_Fit
# type: matrix
# ndims: 3
 1 10 30
 7.972603242386791e-13
 6.977621994103278e-14
 4.751825356626765e-17
 8.252969111425203e-15
 5.024476915369353e-13
 9.734181164671922e-22
 3.556380526768365e-18
 3.165921625512747e-22
 6.278276136310016e-21
 1.937515121876085e-14
 2.310994225272743e-08
 5.058779789924742e-08
 6.544810397050692e-12
 4.613752027193953e-11
 5.011557165819918e-08
 6.483765582494443e-17
 3.220172947124621e-11
 1.222653288277477e-14
 1.200153715154026e-10
 1.066875665533954e-10
 0.0003566526084053192
 0.0001615225543370708
 1.886473014218635e-08
 9.354823768470682e-08
 0.008146766275965056
 1.652089420227646e-12
 9.186393999170277e-08
 2.739790274122513e-10
 3.565945024042879e-07
 3.145377913885249e-07
 0.0003566526084053192
 0.008146766275965056
 0.001756841749259414
 0.0001334554863317137
 0.008146766275965056
 6.489710564938662e-09
 1.121003751571541e-05
 1.192366217496719e-06
 0.0001567648017724522
 0.0002498048489424421
 0.0003566526084053192
 0.008146766275965056
 0.001756841749259414
 0.01214311729712716
 0.008146766275965056
 3.879865023812666e-06
 0.004516020719402057
 0.0008321221189730771
 0.0001615225543370708
 0.01214311729712716
 0.0003566526084053192
 0.008146766275965056
 0.01214311729712716
 0.01214311729712716
 0.008146766275965056
 0.0001508077575509673
 0.004516020719402057
 0.0008321221189730771
 0.008146766275965056
 0.01214311729712716
 0.0003566526084053192
 0.008146766275965056
 0.001756841749259414
 0.01214311729712716
 0.008146766275965056
 0.0001508077575509673
 0.004516020719402057
 0.0008321221189730771
 0.008146766275965056
 0.01214311729712716
 0.0003566526084053192
 0.008146766275965056
 0.01214311729712716
 0.01214311729712716
 0.008146766275965056
 0.01214311729712716
 0.004516020719402057
 0.0008321221189730771
 0.008146766275965056
 0.01214311729712716
 0.0003566526084053192
 0.008146766275965056
 0.01214311729712716
 0.01214311729712716
 0.008146766275965056
 0.01214311729712716
 0.004516020719402057
 0.0008321221189730771
 0.008146766275965056
 0.01214311729712716
 0.0003566526084053192
 0.008146766275965056
 0.01214311729712716
 0.01214311729712716
 0.008146766275965056
 0.01214311729712716
 0.004516020719402057
 0.001134005366090866
 0.008146766275965056
 0.01214311729712716
 0.0003566526084053192
 0.008146766275965056
 0.01214311729712716
 0.01214311729712716
 0.01214311729712716
 0.01214311729712716
 0.004516020719402057
 0.0008321221189730771
 0.008146766275965056
 0.01214311729712716
 0.0003566526084053192
 0.008146766275965056
 0.01214311729712716
 0.01214311729712716
 0.008146766275965056
 0.01214311729712716
 0.004516020719402057
 0.0008321221189730771
 0.008146766275965056
 0.01214311729712716
 0.0003566526084053192
 0.008146766275965056
 0.01214311729712716
 0.01214311729712716
 0.008146766275965056
 0.01214311729712716
 0.004516020719402057
 0.0008321221189730771
 0.008146766275965056
 0.01214311729712716
 0.0003566526084053192
 0.01214311729712716
 0.01214311729712716
 0.01214311729712716
 0.008146766275965056
 0.01214311729712716
 0.004516020719402057
 0.0008321221189730771
 0.008146766275965056
 0.01214311729712716
 0.0003566526084053192
 0.01214311729712716
 0.01214311729712716
 0.01214311729712716
 0.008146766275965056
 0.01214311729712716
 0.01214311729712716
 0.0008321221189730771
 0.01214311729712716
 0.01214311729712716
 0.0003566526084053192
 0.01214311729712716
 0.01214311729712716
 0.01214311729712716
 0.008146766275965056
 0.01214311729712716
 0.01214311729712716
 0.0008321221189730771
 0.01214311729712716
 0.01214311729712716
 0.0003566526084053192
 0.01214311729712716
 0.01214311729712716
 0.01214311729712716
 0.008146766275965056
 0.01214311729712716
 0.01214311729712716
 0.0008321221189730771
 0.01214311729712716
 0.01214311729712716
 0.001134005366090866
 0.01214311729712716
 0.01214311729712716
 0.01214311729712716
 0.008146766275965056
 0.01214311729712716
 0.01214311729712716
 0.0008321221189730771
 0.008146766275965056
 0.01214311729712716
 0.001134005366090866
 0.01214311729712716
 0.01214311729712716
 0.01214311729712716
 0.008146766275965056
 0.01214311729712716
 0.01214311729712716
 0.004516020719402057
 0.008146766275965056
 0.01214311729712716
 0.01214311729712716
 0.008146766275965056
 0.01214311729712716
 0.01214311729712716
 0.01214311729712716
 0.01214311729712716
 0.01214311729712716
 0.004516020719402057
 0.008146766275965056
 0.01214311729712716
 0.01214311729712716
 0.008146766275965056
 0.01214311729712716
 0.01214311729712716
 0.008146766275965056
 0.01214311729712716
 0.01214311729712716
 0.004516020719402057
 0.008146766275965056
 0.01214311729712716
 0.01214311729712716
 0.008146766275965056
 0.01214311729712716
 0.01214311729712716
 0.008146766275965056
 0.01214311729712716
 0.01214311729712716
 0.004516020719402057
 0.008146766275965056
 0.01214311729712716
 0.01214311729712716
 0.008146766275965056
 0.01214311729712716
 0.01214311729712716
 0.008146766275965056
 0.01214311729712716
 0.01214311729712716
 0.004516020719402057
 0.008146766275965056
 0.01214311729712716
 0.01214311729712716
 0.008146766275965056
 0.01214311729712716
 0.01214311729712716
 0.008146766275965056
 0.01214311729712716
 0.01214311729712716
 0.01214311729712716
 0.008146766275965056
 0.01214311729712716
 0.01214311729712716
 0.008146766275965056
 0.01214311729712716
 0.01214311729712716
 0.008146766275965056
 0.01214311729712716
 0.01214311729712716
 0.01214311729712716
 0.008146766275965056
 0.01214311729712716
 0.01214311729712716
 0.008146766275965056
 0.01214311729712716
 0.01214311729712716
 0.008146766275965056
 0.01214311729712716
 0.01214311729712716
 0.01214311729712716
 0.008146766275965056
 0.01214311729712716
 0.01214311729712716
 0.008146766275965056
 0.01214311729712716
 0.01214311729712716
 0.008146766275965056
 0.01214311729712716
 0.01214311729712716
 0.01214311729712716
 0.008146766275965056
 0.01214311729712716
 0.01214311729712716
 0.008146766275965056
 0.01214311729712716
 0.01214311729712716
 0.008146766275965056
 0.01214311729712716
 0.01214311729712716
 0.01214311729712716
 0.008146766275965056
 0.01214311729712716
 0.01214311729712716
 0.008146766275965056
 0.01214311729712716
 0.01214311729712716
 0.008146766275965056
 0.01214311729712716
 0.01214311729712716
 0.01214311729712716
 0.008146766275965056
 0.01214311729712716
 0.01214311729712716
 0.008146766275965056
 0.01214311729712716
 0.01214311729712716
 0.008146766275965056
 0.01214311729712716
 0.01214311729712716
 0.01214311729712716
 0.008146766275965056
 0.01214311729712716
