# Created by Octave 3.2.4, Mon Feb 04 12:48:29 2013 EST <rbom@zaphod>
# name: small_First_Fit
# type: matrix
# ndims: 3
 1 10 30
 4.473282615302908e-13
 2.565244195086408e-14
 2.655427580016794e-13
 3.049132395806552e-18
 1.284388227481134e-12
 7.946228186255849e-17
 1.033359666199747e-11
 1.18541276910324e-13
 2.229730212791329e-14
 2.390544067033352e-12
 8.501078213149379e-09
 2.282807465272135e-11
 5.731111654870404e-08
 2.279876810098751e-14
 1.71210201348583e-07
 2.95107385714496e-12
 7.01226915787083e-08
 1.103027518395459e-10
 4.010208904709404e-11
 2.733292282769508e-09
 8.602585232030205e-06
 1.115891097871909e-07
 0.0005219514833257539
 1.801212996144571e-09
 0.0001857882852839197
 1.123838218459682e-06
 2.57200887738504e-06
 1.123480092056417e-07
 2.425362325479325e-07
 2.272802425377262e-07
 0.01238963904958394
 9.137267773239375e-06
 0.0005219514833257539
 4.51687919374007e-08
 0.0005826106568042642
 0.002880682826222119
 5.478295584945189e-05
 1.92207522811734e-05
 1.007760553645336e-05
 5.317815634032628e-05
 0.01238963904958394
 0.0002120140559622378
 0.0005219514833257539
 3.124264248270094e-05
 0.0005826106568042642
 0.002880682826222119
 0.0006633558861269158
 5.747563691572048e-05
 0.0003038017003033075
 0.0005362032116407656
 0.01238963904958394
 0.001586895411891568
 0.0005219514833257539
 0.001217207062795695
 0.0005826106568042642
 0.002880682826222119
 0.001217207062795695
 0.001130788997477993
 0.002880682826222119
 0.0005362032116407656
 0.01238963904958394
 0.001586895411891568
 0.0005219514833257539
 0.001217207062795695
 0.0005826106568042642
 0.002880682826222119
 0.001217207062795695
 0.001130788997477993
 0.002880682826222119
 0.0006378425676480719
 0.01238963904958394
 0.005641101780456192
 0.0005219514833257539
 0.001217207062795695
 0.0005826106568042642
 0.002880682826222119
 0.005641101780456192
 0.002880682826222119
 0.002880682826222119
 0.0005362032116407656
 0.01238963904958394
 0.005641101780456192
 0.0005826106568042642
 0.001217207062795695
 0.0005826106568042642
 0.003447201857944344
 0.005641101780456192
 0.002880682826222119
 0.002880682826222119
 0.0005362032116407656
 0.01238963904958394
 0.005641101780456192
 0.0005219514833257539
 0.001217207062795695
 0.005641101780456192
 0.003447201857944344
 0.005641101780456192
 0.002880682826222119
 0.01238963904958394
 0.0005362032116407656
 0
 0.005641101780456192
 0.0005219514833257539
 0.001217207062795695
 0.005641101780456192
 0.002880682826222119
 0.005641101780456192
 0.002880682826222119
 0.002880682826222119
 0.0005362032116407656
 0
 0.005641101780456192
 0.0005219514833257539
 0.001217207062795695
 0.005641101780456192
 0.002880682826222119
 0.005641101780456192
 0.003447201857944344
 0.002880682826222119
 0.0005362032116407656
 0
 0.005641101780456192
 0.0005219514833257539
 0
 0.005641101780456192
 0.002880682826222119
 0.005641101780456192
 0.003447201857944344
 0.002880682826222119
 0.003132527122151861
 0
 0.005641101780456192
 0.0005219514833257539
 0
 0.005641101780456192
 0.002880682826222119
 0.005641101780456192
 0.002880682826222119
 0.002880682826222119
 0.003132527122151861
 0
 0
 0.0005362032116407656
 0
 0.005641101780456192
 0.002880682826222119
 0
 0.002880682826222119
 0.002880682826222119
 0.003132527122151861
 0
 0
 0.0005219514833257539
 0
 0.005641101780456192
 0
 0
 0.003447201857944344
 0.002880682826222119
 0.003132527122151861
 0
 0
 0.0005219514833257539
 0
 0
 0
 0
 0.003447201857944344
 0
 0.003132527122151861
 0
 0
 0.0005219514833257539
 0
 0
 0
 0
 0.003447201857944344
 0
 0.003132527122151861
 0
 0
 0.003132527122151861
 0
 0
 0
 0
 0.002880682826222119
 0
 0.003132527122151861
 0
 0
 0.003132527122151861
 0
 0
 0
 0
 0.002880682826222119
 0
 0
 0
 0
 0.003132527122151861
 0
 0
 0
 0
 0.002880682826222119
 0
 0
 0
 0
 0.003132527122151861
 0
 0
 0
 0
 0.002880682826222119
 0
 0
 0
 0
 0.003132527122151861
 0
 0
 0
 0
 0
 0
 0
 0
 0
 0.003132527122151861
 0
 0
 0
 0
 0
 0
 0
 0
 0
 0.003132527122151861
 0
 0
 0
 0
 0
 0
 0
 0
 0
 0
 0
 0
 0
 0
 0
 0
 0
 0
 0
 0
 0
 0
 0
 0
 0
 0
 0
 0
 0
 0
 0
 0
 0
 0
 0
 0
 0
 0
 0
 0
 0
 0
 0
 0
 0
 0
 0
 0
 0
 0
 0
 0
 0
 0
 0
 0
 0
