# Created by Octave 3.2.4, Mon Feb 04 08:36:53 2013 EST <rbom@zaphod>
# name: small_First_Fit
# type: matrix
# ndims: 3
 1 10 30
 3.626048553755097e-13
 9.241806152766024e-20
 1.422113274331633e-16
 4.490137922028436e-21
 9.668127944729634e-19
 1.027041939971152e-18
 2.188488853629566e-17
 1.775350258160899e-19
 7.90566848831017e-17
 3.744373320672026e-20
 1.184859669082452e-10
 1.643927442071492e-15
 8.168710010314515e-12
 2.408625930270821e-14
 5.821492116984432e-15
 1.270870159983672e-13
 8.522776302741573e-14
 1.698000582498938e-13
 2.450093252664434e-10
 1.664629491613519e-15
 1.80863762406381e-06
 6.309521373476005e-13
 2.65851665735089e-10
 3.149860798137239e-11
 6.674792107979852e-11
 7.625062417152362e-11
 1.733077341308843e-11
 1.199707554392571e-08
 8.509209881223432e-05
 3.50776783790247e-10
 4.854963926344136e-05
 3.327081872317269e-09
 2.720087031284834e-08
 8.139864171657751e-08
 1.519763418839536e-08
 6.529167607262042e-09
 2.603912924772384e-09
 1.210422750916396e-06
 0.003494056678517338
 1.953052435958515e-05
 0.001132943615077718
 1.649782728043499e-05
 0.0003646177185541954
 5.133329442874085e-06
 0.0001461026138653848
 0.0003646177185541954
 1.808148086379439e-07
 8.312579224994261e-05
 0.003494056678517338
 1.953052435958515e-05
 0.001132943615077718
 9.387023506196593e-05
 0.0003646177185541954
 0.0001616416983630367
 0.00888659196273456
 0.00888659196273456
 9.061952763555825e-07
 0.003494056678517338
 0.003494056678517338
 9.484198993185374e-05
 0.00888659196273456
 0.001132943615077718
 0.0003646177185541954
 0.003494056678517338
 0.00888659196273456
 0.00888659196273456
 3.670470457372223e-05
 0.003494056678517338
 0.003494056678517338
 0.003494056678517338
 0.00888659196273456
 0.001132943615077718
 0.00888659196273456
 0.003494056678517338
 0.00888659196273456
 0.00888659196273456
 0.001606958008880653
 0.003494056678517338
 0.003494056678517338
 0.003494056678517338
 0.00888659196273456
 0.001132943615077718
 0.00888659196273456
 0.003494056678517338
 0.00888659196273456
 0.00888659196273456
 0.03489064410365181
 0.003494056678517338
 0.003494056678517338
 0.003494056678517338
 0.00888659196273456
 0.001132943615077718
 0.00888659196273456
 0.003494056678517338
 0.00888659196273456
 0.00888659196273456
 0.03489064410365181
 0.003494056678517338
 0.003494056678517338
 0.003494056678517338
 0.00888659196273456
 0.03489064410365181
 0.00888659196273456
 0.003494056678517338
 0.00888659196273456
 0.00888659196273456
 0.03489064410365181
 0.003494056678517338
 0.003494056678517338
 0.003494056678517338
 0.00888659196273456
 0.03489064410365181
 0.00888659196273456
 0.003494056678517338
 0.00888659196273456
 0.00888659196273456
 0.03489064410365181
 0.003494056678517338
 0.003494056678517338
 0.03489064410365181
 0.00888659196273456
 0.03489064410365181
 0.00888659196273456
 0.003494056678517338
 0.00888659196273456
 0.00888659196273456
 0.03489064410365181
 0.003494056678517338
 0.003494056678517338
 0.03489064410365181
 0.00888659196273456
 0.03489064410365181
 0.00888659196273456
 0.003494056678517338
 0.00888659196273456
 0.00888659196273456
 0.03489064410365181
 0.003494056678517338
 0.003494056678517338
 0.03489064410365181
 0.00888659196273456
 0.03489064410365181
 0.00888659196273456
 0.003494056678517338
 0.00888659196273456
 0.00888659196273456
 0.03489064410365181
 0.00888659196273456
 0.003494056678517338
 0.03489064410365181
 0.00888659196273456
 0.03489064410365181
 0.00888659196273456
 0.003494056678517338
 0.00888659196273456
 0.00888659196273456
 0.03489064410365181
 0.00888659196273456
 0.003494056678517338
 0.03489064410365181
 0.03489064410365181
 0.03489064410365181
 0.03489064410365181
 0.003494056678517338
 0.00888659196273456
 0.00888659196273456
 0.03489064410365181
 0.00888659196273456
 0.00888659196273456
 0.03489064410365181
 0.03489064410365181
 0.03489064410365181
 0.03489064410365181
 0.003494056678517338
 0.00888659196273456
 0.00888659196273456
 0.03489064410365181
 0.00888659196273456
 0.00888659196273456
 0.03489064410365181
 0.00888659196273456
 0.03489064410365181
 0.03489064410365181
 0.003494056678517338
 0.00888659196273456
 0.00888659196273456
 0.03489064410365181
 0.03489064410365181
 0.00888659196273456
 0.03489064410365181
 0.00888659196273456
 0.03489064410365181
 0.03489064410365181
 0.003494056678517338
 0.00888659196273456
 0.00888659196273456
 0.03489064410365181
 0.03489064410365181
 0.00888659196273456
 0.03489064410365181
 0.00888659196273456
 0.03489064410365181
 0.03489064410365181
 0.003494056678517338
 0.00888659196273456
 0.00888659196273456
 0.03489064410365181
 0.03489064410365181
 0.00888659196273456
 0.03489064410365181
 0.00888659196273456
 0.03489064410365181
 0.03489064410365181
 0.003494056678517338
 0.00888659196273456
 0.00888659196273456
 0.03489064410365181
 0.03489064410365181
 0.00888659196273456
 0.03489064410365181
 0.00888659196273456
 0.03489064410365181
 0.03489064410365181
 0.003494056678517338
 0.00888659196273456
 0.00888659196273456
 0.03489064410365181
 0.03489064410365181
 0.00888659196273456
 0.03489064410365181
 0.00888659196273456
 0.03489064410365181
 0.03489064410365181
 0.003494056678517338
 0.00888659196273456
 0.00888659196273456
 0.03489064410365181
 0.03489064410365181
 0.00888659196273456
 0.03489064410365181
 0.00888659196273456
 0.03489064410365181
 0.03489064410365181
 0.003494056678517338
 0.00888659196273456
 0.00888659196273456
 0.03489064410365181
 0.03489064410365181
 0.00888659196273456
 0.03489064410365181
 0.00888659196273456
 0.03489064410365181
 0.03489064410365181
 0.003494056678517338
 0.00888659196273456
 0.00888659196273456
 0.03489064410365181
 0.03489064410365181
 0.00888659196273456
 0.03489064410365181
 0.00888659196273456
 0.03489064410365181
 0.03489064410365181
 0.003494056678517338
 0.00888659196273456
 0.03489064410365181
 0.03489064410365181
 0.03489064410365181
 0.00888659196273456
 0.03489064410365181
 0.00888659196273456
 0.03489064410365181
 0.03489064410365181
 0.003494056678517338
 0.00888659196273456
 0.03489064410365181
 0.03489064410365181
 0.03489064410365181
 0.00888659196273456
 0.03489064410365181
 0.00888659196273456
 0.03489064410365181
 0.03489064410365181
 0.003494056678517338
 0.00888659196273456
 0.00888659196273456
 0.03489064410365181
 0.03489064410365181
 0.00888659196273456
 0.03489064410365181
 0.00888659196273456
 0.03489064410365181
 0.03489064410365181
 0.003494056678517338
 0.00888659196273456
 0.00888659196273456
 0.03489064410365181
 0.03489064410365181
 0.00888659196273456
 0.03489064410365181
