# Created by Octave 3.2.4, Mon Feb 04 04:46:11 2013 EST <rbom@zaphod>
# name: small_First_Fit
# type: matrix
# ndims: 3
 1 10 30
 2.787565478962897e-20
 3.509728648797805e-23
 1.1767312573009e-12
 1.075408368176255e-22
 1.050574731686868e-16
 5.575099040703535e-19
 1.125063403322685e-18
 5.874518829048393e-22
 3.928995158288409e-19
 1.739576746251089e-20
 1.932466272675239e-16
 3.054505048955493e-14
 2.052376538873907e-09
 1.021649692247928e-11
 1.442223194293026e-10
 2.08078698975626e-12
 3.741083790245843e-15
 7.258706510771548e-15
 2.643348410750944e-15
 6.458719026074379e-16
 6.888391079263294e-13
 1.302071348212256e-09
 7.722439587455394e-05
 2.970048040459908e-08
 0.0001919297719478331
 5.639867608968614e-08
 4.534933401357042e-12
 9.258897571867499e-12
 4.018979634315427e-09
 7.841630970046291e-13
 5.082939796347802e-06
 7.037439154876975e-07
 0.009248269799855288
 0.001520054971824934
 0.01143572407387894
 0.0001660518672963858
 1.194122441541579e-09
 3.120919241556776e-08
 3.237678738694136e-07
 1.164268719550032e-07
 0.001023858651536478
 0.0001730920148833666
 0.01143572407387894
 0.001520054971824934
 0.01143572407387894
 0.001520054971824934
 1.181438231530288e-06
 0.000124069640794695
 3.237678738694136e-07
 0.0001279122759849335
 0.01143572407387894
 0.0001730920148833666
 0.009248269799855288
 0.001520054971824934
 0.01143572407387894
 0.01143572407387894
 0.009248269799855288
 0.001520054971824934
 0.001460675181339341
 0.009248269799855288
 0.01143572407387894
 0.0001730920148833666
 0.009248269799855288
 0.009248269799855288
 0.01143572407387894
 0.01143572407387894
 0.009248269799855288
 0.001520054971824934
 0.001460675181339341
 0.009248269799855288
 0.01143572407387894
 0.01143572407387894
 0.009248269799855288
 0.009248269799855288
 0.01143572407387894
 0.01143572407387894
 0.009248269799855288
 0.001520054971824934
 0.001460675181339341
 0.009248269799855288
 0.01143572407387894
 0.01143572407387894
 0.009248269799855288
 0.009248269799855288
 0.01143572407387894
 0.01143572407387894
 0.009248269799855288
 0.001520054971824934
 0.001520054971824934
 0.009248269799855288
 0.01143572407387894
 0.01143572407387894
 0.009248269799855288
 0.009248269799855288
 0.01143572407387894
 0.01143572407387894
 0.009248269799855288
 0.001520054971824934
 0.001460675181339341
 0.009248269799855288
 0.01143572407387894
 0.01143572407387894
 0.01143572407387894
 0.01143572407387894
 0.01143572407387894
 0.01143572407387894
 0.009248269799855288
 0.001520054971824934
 0.001460675181339341
 0.009248269799855288
 0.01143572407387894
 0.01143572407387894
 0.009248269799855288
 0.009248269799855288
 0.01143572407387894
 0.01143572407387894
 0.009248269799855288
 0.001520054971824934
 0.001460675181339341
 0.009248269799855288
 0.01143572407387894
 0.01143572407387894
 0.009248269799855288
 0.009248269799855288
 0.01143572407387894
 0.01143572407387894
 0.01143572407387894
 0.009248269799855288
 0.001460675181339341
 0.009248269799855288
 0.01143572407387894
 0.01143572407387894
 0.009248269799855288
 0.009248269799855288
 0.01143572407387894
 0.01143572407387894
 0.009248269799855288
 0.009248269799855288
 0.01143572407387894
 0.009248269799855288
 0.01143572407387894
 0.01143572407387894
 0.009248269799855288
 0.01143572407387894
 0.01143572407387894
 0.01143572407387894
 0.009248269799855288
 0.009248269799855288
 0.01143572407387894
 0.009248269799855288
 0.01143572407387894
 0.01143572407387894
 0.009248269799855288
 0.01143572407387894
 0.01143572407387894
 0.01143572407387894
 0.009248269799855288
 0.01143572407387894
 0.01143572407387894
 0.009248269799855288
 0.01143572407387894
 0.01143572407387894
 0.009248269799855288
 0.01143572407387894
 0.01143572407387894
 0.01143572407387894
 0.01143572407387894
 0.01143572407387894
 0.01143572407387894
 0.009248269799855288
 0.01143572407387894
 0.01143572407387894
 0.009248269799855288
 0.01143572407387894
 0.01143572407387894
 0.01143572407387894
 0.01143572407387894
 0.01143572407387894
 0.01143572407387894
 0.009248269799855288
 0.01143572407387894
 0.01143572407387894
 0.009248269799855288
 0.01143572407387894
 0.01143572407387894
 0.01143572407387894
 0.009248269799855288
 0.01143572407387894
 0.01143572407387894
 0.009248269799855288
 0.01143572407387894
 0.01143572407387894
 0.009248269799855288
 0.01143572407387894
 0.01143572407387894
 0.01143572407387894
 0.009248269799855288
 0.01143572407387894
 0.01143572407387894
 0.009248269799855288
 0.01143572407387894
 0.01143572407387894
 0.009248269799855288
 0.009248269799855288
 0.01143572407387894
 0.01143572407387894
 0.009248269799855288
 0.01143572407387894
 0.01143572407387894
 0.009248269799855288
 0.01143572407387894
 0.01143572407387894
 0.009248269799855288
 0.009248269799855288
 0.01143572407387894
 0.01143572407387894
 0.009248269799855288
 0.01143572407387894
 0.01143572407387894
 0.009248269799855288
 0.01143572407387894
 0.01143572407387894
 0.009248269799855288
 0.01143572407387894
 0.01143572407387894
 0.01143572407387894
 0.009248269799855288
 0.01143572407387894
 0.01143572407387894
 0.009248269799855288
 0.01143572407387894
 0.01143572407387894
 0.009248269799855288
 0.01143572407387894
 0.01143572407387894
 0.01143572407387894
 0.009248269799855288
 0.01143572407387894
 0.01143572407387894
 0.009248269799855288
 0.01143572407387894
 0.01143572407387894
 0.009248269799855288
 0.009248269799855288
 0.01143572407387894
 0.01143572407387894
 0.009248269799855288
 0.01143572407387894
 0.01143572407387894
 0.009248269799855288
 0.01143572407387894
 0.01143572407387894
 0.009248269799855288
 0.009248269799855288
 0.01143572407387894
 0.01143572407387894
 0.009248269799855288
 0.01143572407387894
 0.01143572407387894
 0.009248269799855288
 0.01143572407387894
 0.01143572407387894
 0.009248269799855288
 0.009248269799855288
 0.01143572407387894
 0.01143572407387894
 0.009248269799855288
 0.01143572407387894
 0.01143572407387894
 0.009248269799855288
 0.01143572407387894
 0.01143572407387894
 0.009248269799855288
 0.009248269799855288
 0.01143572407387894
 0.01143572407387894
 0.009248269799855288
 0.01143572407387894
 0.01143572407387894
 0.009248269799855288
 0.01143572407387894
 0.01143572407387894
 0.009248269799855288
 0.009248269799855288
 0.01143572407387894
 0.01143572407387894
 0.01143572407387894
 0.01143572407387894
 0.01143572407387894
 0.009248269799855288
 0.01143572407387894
 0.01143572407387894
 0.009248269799855288
 0.009248269799855288
 0.01143572407387894
 0.01143572407387894
 0.009248269799855288
 0.01143572407387894
 0.01143572407387894
 0.009248269799855288
