# Created by Octave 3.2.4, Tue Feb 05 01:29:35 2013 EST <rbom@zaphod>
# name: small_First_Fit
# type: matrix
# ndims: 3
 1 10 30
 1.673539307952015e-09
 1.102584170529597e-14
 2.486167300976528e-14
 9.20176645522574e-15
 3.84673076930478e-14
 1.848796360073768e-17
 1.778383573212125e-12
 1.166068627379657e-15
 3.785858166287975e-08
 9.402512938586811e-17
 1.850343059329003e-07
 7.075335145394981e-12
 1.823137224734402e-09
 2.358446122078723e-11
 2.385901993932868e-11
 2.635851201243795e-10
 5.439735949992012e-09
 1.266345577278056e-12
 8.119560748252126e-07
 2.533550654796445e-11
 1.548595200951895e-05
 5.984293077200974e-10
 1.613838834492075e-06
 7.979822971464779e-08
 2.964134127983909e-09
 1.398524551169955e-08
 7.744112995037608e-06
 3.092092725407924e-09
 0.001042854816676799
 4.118632340415078e-09
 0.0006926258480684525
 5.525538003473759e-07
 2.204366082906327e-05
 4.066626596618167e-06
 1.402128170662068e-07
 1.548595200951895e-05
 0.001078163022291121
 2.256586858689632e-07
 0.008339972899231204
 8.675964362623478e-07
 0.008339972899231204
 1.715503999605201e-05
 0.0001219305298381289
 0.0002939224263693786
 9.54986228003663e-06
 0.0001627100732458708
 0.01750903241548903
 1.757247071763944e-05
 0.01120830165306527
 5.931982777794294e-05
 0.02171537467805884
 0.0005956669924159052
 0.001507902582457707
 0.0005956669924159052
 0.02171537467805884
 0.001042854816676799
 0.02171537467805884
 0.0001234478677324413
 0.01120830165306527
 0.001078163022291121
 0.02171537467805884
 0.0005956669924159052
 0.01120830165306527
 0.0005956669924159052
 0.02171537467805884
 0.001042854816676799
 0.02171537467805884
 0.001078163022291121
 0.02171537467805884
 0.01750903241548903
 0.02171537467805884
 0.001027104902407763
 0.01120830165306527
 0.00276760999147498
 0.02171537467805884
 0.01120830165306527
 0.02171537467805884
 0.001078163022291121
 0.02171537467805884
 0.02171537467805884
 0.02171537467805884
 0.001027104902407763
 0.01120830165306527
 0.004619246669672087
 0.02171537467805884
 0.01120830165306527
 0.02171537467805884
 0.01750903241548903
 0.02171537467805884
 0.02171537467805884
 0.02171537467805884
 0.001027104902407763
 0.02171537467805884
 0.004619246669672087
 0.02171537467805884
 0.02171537467805884
 0.02171537467805884
 0.02171537467805884
 0.01120830165306527
 0.02171537467805884
 0.02171537467805884
 0.001418099255290268
 0.01120830165306527
 0.01120830165306527
 0.02171537467805884
 0.01120830165306527
 0.02171537467805884
 0.02171537467805884
 0.02171537467805884
 0.02171537467805884
 0.02171537467805884
 0.01120830165306527
 0.01120830165306527
 0.01750903241548903
 0.02171537467805884
 0.02171537467805884
 0.02171537467805884
 0.02171537467805884
 0.02171537467805884
 0.02171537467805884
 0
 0.01120830165306527
 0.01120830165306527
 0.01750903241548903
 0
 0.02171537467805884
 0
 0.02171537467805884
 0.02171537467805884
 0.02171537467805884
 0
 0.01120830165306527
 0.01120830165306527
 0.01750903241548903
 0
 0.02171537467805884
 0
 0.02171537467805884
 0.02171537467805884
 0.02171537467805884
 0
 0.01120830165306527
 0.01120830165306527
 0.01750903241548903
 0
 0.02171537467805884
 0
 0.02171537467805884
 0.02171537467805884
 0
 0
 0.01120830165306527
 0.01120830165306527
 0.02171537467805884
 0
 0.02171537467805884
 0
 0.02171537467805884
 0.02171537467805884
 0
 0
 0.01120830165306527
 0
 0.02171537467805884
 0
 0.02171537467805884
 0
 0
 0.02171537467805884
 0
 0
 0.01120830165306527
 0
 0.02171537467805884
 0
 0.02171537467805884
 0
 0
 0
 0
 0
 0
 0
 0.01750903241548903
 0
 0
 0
 0
 0
 0
 0
 0
 0
 0.02171537467805884
 0
 0
 0
 0
 0
 0
 0
 0
 0
 0.02171537467805884
 0
 0
 0
 0
 0
 0
 0
 0
 0
 0.02171537467805884
 0
 0
 0
 0
 0
 0
 0
 0
 0
 0.02171537467805884
 0
 0
 0
 0
 0
 0
 0
 0
 0
 0.02171537467805884
 0
 0
 0
 0
 0
 0
 0
 0
 0
 0.02171537467805884
 0
 0
 0
 0
 0
 0
 0
 0
 0
 0.02171537467805884
 0
 0
 0
 0
 0
 0
 0
 0
 0
 0
 0
 0
 0
 0
 0
 0
 0
 0
 0
 0
 0
 0
 0
 0
 0
 0
 0
 0
 0
 0
 0
 0
 0
 0
 0
 0
 0
 0
 0
 0
 0
 0
 0
 0
 0
 0
