# Created by Octave 3.2.4, Tue Feb 05 16:19:44 2013 EST <rbom@zaphod>
# name: small_First_Fit
# type: matrix
# ndims: 3
 1 10 30
 1.72505520156529e-07
 2.345422547158218e-08
 4.311196929170282e-10
 6.06924613176345e-08
 9.355970486811859e-07
 3.316911461621685e-10
 5.926474753727853e-10
 4.481826511329455e-09
 4.504966893935457e-07
 6.313583398794985e-08
 2.365749331799507e-06
 2.05591097040003e-05
 4.02792890138215e-05
 5.699280193394632e-05
 0.0001369208127022298
 1.519634947076786e-05
 1.533474490218073e-07
 3.336049908451259e-05
 9.166102363630431e-05
 0.0004569988953204711
 0.0001220721660389008
 0.008587163061116079
 0.01165974158248357
 0.004910887117478945
 0.0009351522365873949
 0.0004798593941418231
 3.665792757556734e-05
 0.002797259796520773
 0.01337828510798463
 0.002735554585588535
 0.02376142071467674
 0.01244521872195417
 0.01683639509590807
 0.01230076523397929
 0.00495127855362659
 0.01513954248586924
 0.002039909213715775
 0.01051734125167389
 0.0504304792450851
 0.04934938260161113
 0.06337419078901838
 0.03359343664487722
 0.02067254569065998
 0.04314153979668115
 0.005541908975310941
 0.01895272000270515
 0.04443212372733482
 0.06337419078901838
 0.0516177493748804
 0.05962526727763376
 0.06076289135645113
 0.0473196058317687
 0.04410381599169743
 0.04860317468350301
 0.01504623602166834
 0.09821323621617915
 0.2065618474121898
 0.08909128513057173
 0.0605543338284962
 0.06806591189667149
 0.06076289135645113
 0.05612856748222237
 0.05115553230165389
 0.08980055824624519
 0.01504623602166834
 0.09821323621617915
 0.2065618474121898
 0.1579799589519136
 0.0605543338284962
 0.1392468621629942
 0.2065618474121898
 0.06806591189667149
 0.05115553230165389
 0.1392468621629942
 0.01504623602166834
 0.09821323621617915
 0.2065618474121898
 0.1579799589519136
 0.09821323621617915
 0.1392468621629942
 0.2065618474121898
 0.09028309254098307
 0.05115553230165389
 0.05962526727763376
 0.04310804403730545
 0.09821323621617915
 0.2065618474121898
 0.2065618474121898
 0.09821323621617915
 0.2065618474121898
 0.2065618474121898
 0.06806591189667149
 0.2065618474121898
 0.1392468621629942
 0.04310804403730545
 0.1392468621629942
 0.2065618474121898
 0.2065618474121898
 0.0605543338284962
 0.2065618474121898
 0.2065618474121898
 0.06806591189667149
 0.2065618474121898
 0.2065618474121898
 0.04310804403730545
 0.2065618474121898
 0.2065618474121898
 0.2065618474121898
 0.0605543338284962
 0.2065618474121898
 0.2065618474121898
 0.06806591189667149
 0.2065618474121898
 0.2065618474121898
 0.07701745057921561
 0.2065618474121898
 0.2065618474121898
 0.2065618474121898
 0.1270641121179716
 0.2065618474121898
 0.2065618474121898
 0.1270641121179716
 0.2065618474121898
 0.2065618474121898
 0.09028309254098307
 0.2065618474121898
 0
 0.2065618474121898
 0.1270641121179716
 0.2065618474121898
 0.2065618474121898
 0.1270641121179716
 0.2065618474121898
 0.2065618474121898
 0.09028309254098307
 0.2065618474121898
 0
 0.2065618474121898
 0.2065618474121898
 0.2065618474121898
 0
 0.1270641121179716
 0.2065618474121898
 0.2065618474121898
 0.09028309254098307
 0.2065618474121898
 0
 0.2065618474121898
 0.2065618474121898
 0.2065618474121898
 0
 0.2065618474121898
 0.2065618474121898
 0.2065618474121898
 0.07701745057921561
 0.2065618474121898
 0
 0
 0.2065618474121898
 0
 0
 0.1579799589519136
 0
 0.2065618474121898
 0.09028309254098307
 0.2065618474121898
 0
 0
 0.2065618474121898
 0
 0
 0.2065618474121898
 0
 0
 0.09028309254098307
 0
 0
 0
 0.2065618474121898
 0
 0
 0.2065618474121898
 0
 0
 0.09028309254098307
 0
 0
 0
 0.2065618474121898
 0
 0
 0.2065618474121898
 0
 0
 0.09028309254098307
 0
 0
 0
 0.2065618474121898
 0
 0
 0.2065618474121898
 0
 0
 0.1579799589519136
 0
 0
 0
 0
 0
 0
 0.2065618474121898
 0
 0
 0.2065618474121898
 0
 0
 0
 0
 0
 0
 0.2065618474121898
 0
 0
 0.2065618474121898
 0
 0
 0
 0
 0
 0
 0.2065618474121898
 0
 0
 0.2065618474121898
 0
 0
 0
 0
 0
 0
 0
 0
 0
 0.2065618474121898
 0
 0
 0
 0
 0
 0
 0
 0
 0
 0.2065618474121898
 0
 0
 0
 0
 0
 0
 0
 0
 0
 0.2065618474121898
 0
 0
 0
 0
 0
 0
 0
 0
 0
 0.2065618474121898
 0
 0
 0
 0
 0
 0
 0
 0
 0
 0
 0
 0
 0
 0
 0
 0
 0
 0
 0
 0
 0
 0
 0
 0
 0
