# Created by Octave 3.2.4, Tue Feb 05 12:50:12 2013 EST <rbom@zaphod>
# name: small_First_Fit
# type: matrix
# ndims: 3
 1 10 30
 9.806510864302556e-11
 1.859520999254552e-12
 6.587764761189203e-18
 1.092965944146276e-15
 7.957862825036804e-13
 3.519110904586878e-12
 4.541912706577016e-16
 1.954450726270177e-14
 5.020990187368624e-14
 6.330736398740885e-13
 1.846637547365142e-06
 7.524053896215873e-09
 6.273561294643201e-12
 5.21019651141471e-12
 7.020730442074721e-08
 4.111794414112087e-08
 1.964794882482916e-12
 2.497870186769107e-07
 8.13227013901443e-10
 5.833655732428158e-08
 8.624655292984059e-05
 0.0001088142024752971
 8.14106616004363e-08
 1.128787403422235e-09
 6.188407447857976e-06
 0.0002965998493872927
 1.344204362277441e-07
 1.378005521910477e-05
 3.701967007496616e-07
 1.421066398890348e-05
 0.0004639365336599551
 0.005494436888101943
 2.006207714149593e-05
 9.220787389597551e-08
 5.563659186484494e-05
 0.01796199674744756
 1.405854936864551e-05
 0.0004530906456653646
 6.78456824184024e-06
 0.0004598720212960078
 0.0004639365336599551
 0.00958701381860529
 0.001409848707577316
 6.420009495831103e-06
 0.0004950691035329339
 0.01796199674744756
 0.002145337922869595
 0.002129051834808707
 0.0002981113262184224
 0.03957141720897212
 0.009334091140920549
 0.0152053041036033
 0.009334091140920549
 9.267819889162392e-05
 0.001341119751637925
 0.03957141720897212
 0.002145337922869595
 0.003664059855305916
 0.03957141720897212
 0.02781908300803984
 0.0152053041036033
 0.03957141720897212
 0.02781908300803984
 0.0004905292295711316
 0.008842747615693463
 0.03957141720897212
 0.002145337922869595
 0.0152053041036033
 0.03957141720897212
 0.02781908300803984
 0.0152053041036033
 0.02781908300803984
 0.02781908300803984
 0.0004905292295711316
 0.009334091140920549
 0.03957141720897212
 0.002145337922869595
 0.0152053041036033
 0.03957141720897212
 0.03957141720897212
 0.02781908300803984
 0.02781908300803984
 0.02781908300803984
 0.0004905292295711316
 0.02781908300803984
 0.03957141720897212
 0.002145337922869595
 0.0152053041036033
 0.03957141720897212
 0.03957141720897212
 0.02781908300803984
 0.02781908300803984
 0.03957141720897212
 0.0004905292295711316
 0.02781908300803984
 0.03957141720897212
 0.002145337922869595
 0.0152053041036033
 0.03957141720897212
 0.03957141720897212
 0.02781908300803984
 0.02781908300803984
 0.03957141720897212
 0.0005806571964575008
 0.02781908300803984
 0.03957141720897212
 0.01796199674744756
 0.0152053041036033
 0.03957141720897212
 0.03957141720897212
 0.02781908300803984
 0.02781908300803984
 0.03957141720897212
 0.008842747615693463
 0.03957141720897212
 0.03957141720897212
 0.01796199674744756
 0.01796199674744756
 0.03957141720897212
 0.03957141720897212
 0.03957141720897212
 0.03957141720897212
 0.03957141720897212
 0.008842747615693463
 0.03957141720897212
 0
 0.01796199674744756
 0.0152053041036033
 0
 0.03957141720897212
 0.03957141720897212
 0.03957141720897212
 0.03957141720897212
 0.008842747615693463
 0.03957141720897212
 0
 0.01796199674744756
 0.01796199674744756
 0
 0.03957141720897212
 0.02781908300803984
 0.03957141720897212
 0.03957141720897212
 0.01430080906361744
 0.03957141720897212
 0
 0.01796199674744756
 0.02781908300803984
 0
 0
 0.03957141720897212
 0.03957141720897212
 0.03957141720897212
 0.01430080906361744
 0.03957141720897212
 0
 0.01796199674744756
 0.02781908300803984
 0
 0
 0.03957141720897212
 0.03957141720897212
 0
 0.02781908300803984
 0.03957141720897212
 0
 0.0152053041036033
 0.02781908300803984
 0
 0
 0.03957141720897212
 0.03957141720897212
 0
 0.02781908300803984
 0.03957141720897212
 0
 0
 0.02781908300803984
 0
 0
 0.03957141720897212
 0.03957141720897212
 0
 0.02781908300803984
 0
 0
 0
 0.02781908300803984
 0
 0
 0.03957141720897212
 0
 0
 0.02781908300803984
 0
 0
 0
 0.02781908300803984
 0
 0
 0.03957141720897212
 0
 0
 0.03957141720897212
 0
 0
 0
 0.02781908300803984
 0
 0
 0.03957141720897212
 0
 0
 0.03957141720897212
 0
 0
 0
 0
 0
 0
 0
 0
 0
 0.03957141720897212
 0
 0
 0
 0
 0
 0
 0
 0
 0
 0.03957141720897212
 0
 0
 0
 0
 0
 0
 0
 0
 0
 0.03957141720897212
 0
 0
 0
 0
 0
 0
 0
 0
 0
 0.03957141720897212
 0
 0
 0
 0
 0
 0
 0
 0
 0
 0.03957141720897212
 0
 0
 0
 0
 0
 0
 0
 0
 0
 0
 0
 0
 0
 0
 0
 0
 0
 0
 0
 0
 0
 0
 0
 0
 0
 0
 0
 0
 0
 0
 0
 0
 0
 0
 0
 0
