# Created by Octave 3.2.4, Wed Feb 06 03:38:15 2013 EST <rbom@zaphod>
# name: small_First_Fit
# type: matrix
# ndims: 3
 1 10 30
 2.0894766135078e-16
 1.085103180784763e-15
 1.902307589790807e-12
 4.091149441594252e-13
 2.09453190167445e-14
 2.27199214270543e-16
 1.209543187536495e-17
 7.557064090650282e-11
 4.263329623903008e-15
 4.166853734325542e-13
 1.54291864952513e-12
 2.594281360745591e-11
 2.813026611761521e-07
 1.309422112757715e-09
 1.693703297242124e-08
 3.826304881369361e-10
 4.284332351392643e-10
 1.954891412624763e-07
 5.380576858149517e-12
 8.041075986166701e-06
 3.49601184131394e-08
 5.056122424787328e-09
 0.0001011617467760523
 2.592284360920019e-05
 1.380938541700673e-06
 2.059682829041489e-06
 4.773787388749707e-08
 2.373639106655675e-05
 1.021876070356175e-08
 0.0001059890101331613
 8.633789243651658e-06
 4.870304043265798e-07
 0.002265363093816648
 0.004094411862271833
 0.001677660457084286
 0.0005427330272916676
 1.160319698058169e-05
 0.0007687763172889078
 1.084776793325505e-06
 0.004094411862271833
 0.0004884494515029297
 1.708950596587267e-05
 0.01520006221986897
 0.004094411862271833
 0.001677660457084286
 0.004094411862271833
 0.0003361981858099758
 0.001057435621376039
 3.046085456391433e-05
 0.004094411862271833
 0.01173871175257931
 0.0004740262564013064
 0.01520006221986897
 0.006858307219749637
 0.001677660457084286
 0.004094411862271833
 0.001677660457084286
 0.001057435621376039
 0.002628069815031575
 0.006858307219749637
 0.01520006221986897
 0.0007916227255542013
 0.01520006221986897
 0.006858307219749637
 0.001677660457084286
 0.004094411862271833
 0.001677660457084286
 0.001057435621376039
 0.004094411862271833
 0.004094411862271833
 0.01520006221986897
 0.01520006221986897
 0.01520006221986897
 0.006858307219749637
 0.001677660457084286
 0.004094411862271833
 0.004094411862271833
 0.001057435621376039
 0.006858307219749637
 0.004094411862271833
 0.01520006221986897
 0.01520006221986897
 0.01520006221986897
 0.004094411862271833
 0.002573143020486948
 0.004094411862271833
 0.001834300539287257
 0.01173871175257931
 0.006858307219749637
 0.004094411862271833
 0.01520006221986897
 0.01520006221986897
 0.01520006221986897
 0.006858307219749637
 0.002573143020486948
 0.004094411862271833
 0.001677660457084286
 0.01173871175257931
 0.006858307219749637
 0.004094411862271833
 0.01520006221986897
 0.01520006221986897
 0.01520006221986897
 0.004094411862271833
 0.01173871175257931
 0.004094411862271833
 0.001677660457084286
 0.01520006221986897
 0.006858307219749637
 0.004094411862271833
 0.01520006221986897
 0.01520006221986897
 0
 0.004094411862271833
 0.01173871175257931
 0
 0.001834300539287257
 0.01520006221986897
 0.01173871175257931
 0.004094411862271833
 0.01520006221986897
 0.01520006221986897
 0
 0.004094411862271833
 0.01520006221986897
 0
 0.001834300539287257
 0.01520006221986897
 0.01520006221986897
 0
 0
 0.01520006221986897
 0
 0.006858307219749637
 0.01520006221986897
 0
 0.001677660457084286
 0.01520006221986897
 0.01520006221986897
 0
 0
 0
 0
 0.006858307219749637
 0.01520006221986897
 0
 0.001677660457084286
 0.01520006221986897
 0.01520006221986897
 0
 0
 0
 0
 0.006858307219749637
 0.01520006221986897
 0
 0.001677660457084286
 0.01520006221986897
 0.01520006221986897
 0
 0
 0
 0
 0.01520006221986897
 0.01520006221986897
 0
 0.01173871175257931
 0.01520006221986897
 0.01520006221986897
 0
 0
 0
 0
 0.01520006221986897
 0.01520006221986897
 0
 0.002573143020486948
 0
 0.01520006221986897
 0
 0
 0
 0
 0.01520006221986897
 0.01520006221986897
 0
 0.01173871175257931
 0
 0.01520006221986897
 0
 0
 0
 0
 0.01520006221986897
 0
 0
 0.01173871175257931
 0
 0
 0
 0
 0
 0
 0.01520006221986897
 0
 0
 0.01520006221986897
 0
 0
 0
 0
 0
 0
 0.01520006221986897
 0
 0
 0.01520006221986897
 0
 0
 0
 0
 0
 0
 0.01520006221986897
 0
 0
 0.01520006221986897
 0
 0
 0
 0
 0
 0
 0
 0
 0
 0.01520006221986897
 0
 0
 0
 0
 0
 0
 0
 0
 0
 0.01520006221986897
 0
 0
 0
 0
 0
 0
 0
 0
 0
 0.01520006221986897
 0
 0
 0
 0
 0
 0
 0
 0
 0
 0.01520006221986897
 0
 0
 0
 0
 0
 0
 0
 0
 0
 0
 0
 0
 0
 0
 0
 0
 0
 0
 0
 0
 0
 0
 0
 0
 0
 0
 0
 0
 0
 0
 0
 0
 0
