# Created by Octave 3.2.4, Mon Feb 04 03:56:22 2013 EST <rbom@zaphod>
# name: small_First_Fit
# type: matrix
# ndims: 3
 1 10 30
 4.997681430589304e-14
 1.054363919204882e-14
 5.969531457783382e-19
 1.327427557608477e-19
 1.180881442029741e-15
 1.02519103746527e-15
 5.139831787467828e-16
 2.905059856579401e-16
 2.16976577267974e-13
 7.434906662408157e-14
 1.724449679123173e-05
 1.924436685991751e-11
 1.386991083751906e-13
 1.048455763214944e-08
 2.262051374856124e-12
 2.052385837084173e-12
 2.408608946127706e-10
 9.420175014619713e-11
 3.853936169396018e-10
 4.44040322536399e-11
 0.001156944135640465
 1.383384574620075e-08
 2.465302212297953e-07
 2.873900563818742e-06
 1.654884447182178e-09
 9.231405464570182e-10
 3.339267169521072e-07
 6.774623126463769e-08
 2.548862742487064e-07
 4.957680270178802e-08
 0.004001731420330576
 5.444771330848455e-06
 6.691999249920599e-05
 0.0001122336957506781
 1.023224275006394e-06
 8.863488951255657e-07
 5.126390727947404e-05
 3.787379030684316e-06
 6.983552674789293e-05
 0.0001664072145873405
 0.004001731420330576
 0.001442934089399342
 0.01871981307867573
 0.002332227294929508
 7.499933480363676e-05
 0.0005935510455893002
 0.002332227294929508
 0.0001364923238833735
 0.01871981307867573
 0.004001731420330576
 0.004001731420330576
 0.006714506552845114
 0.01871981307867573
 0.006714506552845114
 0.0009928666553624739
 0.0005935510455893002
 0.01871981307867573
 0.001442934089399342
 0.01871981307867573
 0.004001731420330576
 0.004001731420330576
 0.006714506552845114
 0.01871981307867573
 0.01871981307867573
 0.0009928666553624739
 0.0005935510455893002
 0.01871981307867573
 0.001442934089399342
 0.01871981307867573
 0.004001731420330576
 0.004001731420330576
 0.006714506552845114
 0.01871981307867573
 0.01871981307867573
 0.0009928666553624739
 0.0005935510455893002
 0.01871981307867573
 0.006714506552845114
 0.01871981307867573
 0.004001731420330576
 0.01618744097446674
 0.006714506552845114
 0.01871981307867573
 0.01871981307867573
 0.01618744097446674
 0.0006154261790314638
 0.01871981307867573
 0.006714506552845114
 0.01871981307867573
 0.004001731420330576
 0.01618744097446674
 0.006714506552845114
 0.01871981307867573
 0.01871981307867573
 0.01618744097446674
 0.0007052808425328347
 0.01871981307867573
 0.006714506552845114
 0.01871981307867573
 0.004001731420330576
 0.01618744097446674
 0.006714506552845114
 0.01871981307867573
 0.01871981307867573
 0.01618744097446674
 0.008903768045957921
 0.01871981307867573
 0.006714506552845114
 0.01871981307867573
 0.004001731420330576
 0.01618744097446674
 0.006714506552845114
 0.01871981307867573
 0.01871981307867573
 0.01618744097446674
 0.008903768045957921
 0.01871981307867573
 0.006714506552845114
 0.01871981307867573
 0.004001731420330576
 0.01618744097446674
 0.006714506552845114
 0.01871981307867573
 0.01871981307867573
 0.01618744097446674
 0.008903768045957921
 0.01871981307867573
 0.006714506552845114
 0.01871981307867573
 0.004001731420330576
 0.01618744097446674
 0.006714506552845114
 0.01871981307867573
 0.01871981307867573
 0.01618744097446674
 0.008903768045957921
 0.01871981307867573
 0.006714506552845114
 0.01871981307867573
 0.004001731420330576
 0.01871981307867573
 0.006714506552845114
 0.01871981307867573
 0.01871981307867573
 0.01618744097446674
 0.008903768045957921
 0.01871981307867573
 0.006714506552845114
 0.01871981307867573
 0.004001731420330576
 0.01618744097446674
 0.006714506552845114
 0.01871981307867573
 0.01871981307867573
 0.01618744097446674
 0.008903768045957921
 0.01871981307867573
 0.006714506552845114
 0.01871981307867573
 0.004001731420330576
 0.01618744097446674
 0.006714506552845114
 0.01871981307867573
 0.01871981307867573
 0.01618744097446674
 0.008903768045957921
 0.01871981307867573
 0.006714506552845114
 0.01871981307867573
 0.004001731420330576
 0.01618744097446674
 0.006714506552845114
 0.01871981307867573
 0.01871981307867573
 0.01618744097446674
 0.008903768045957921
 0.01871981307867573
 0.008903768045957921
 0.01871981307867573
 0.01871981307867573
 0.01871981307867573
 0.006714506552845114
 0.01871981307867573
 0.01871981307867573
 0.01618744097446674
 0.008903768045957921
 0.01871981307867573
 0.01618744097446674
 0.01871981307867573
 0.004001731420330576
 0.01871981307867573
 0.006714506552845114
 0.01871981307867573
 0.01871981307867573
 0.01618744097446674
 0.008903768045957921
 0.01871981307867573
 0.01618744097446674
 0.01871981307867573
 0.006714506552845114
 0.01871981307867573
 0.006714506552845114
 0.01871981307867573
 0.01871981307867573
 0.01618744097446674
 0.008903768045957921
 0.01871981307867573
 0.01618744097446674
 0.01871981307867573
 0.004001731420330576
 0.01871981307867573
 0.006714506552845114
 0.01871981307867573
 0.01871981307867573
 0.01618744097446674
 0.008903768045957921
 0.01871981307867573
 0.01618744097446674
 0.01871981307867573
 0.008903768045957921
 0.01871981307867573
 0.006714506552845114
 0.01871981307867573
 0.01871981307867573
 0.01618744097446674
 0.01618744097446674
 0.01871981307867573
 0.01618744097446674
 0.01871981307867573
 0.008903768045957921
 0.01871981307867573
 0.006714506552845114
 0.01871981307867573
 0.01871981307867573
 0.01618744097446674
 0.01871981307867573
 0.01871981307867573
 0.01618744097446674
 0.01871981307867573
 0.008903768045957921
 0.01871981307867573
 0.006714506552845114
 0.01871981307867573
 0.01871981307867573
 0.01618744097446674
 0.01871981307867573
 0.01871981307867573
 0.01618744097446674
 0.01871981307867573
 0.008903768045957921
 0.01871981307867573
 0.006714506552845114
 0.01871981307867573
 0.01871981307867573
 0.01618744097446674
 0.008903768045957921
 0.01871981307867573
 0.01618744097446674
 0.01871981307867573
 0.008903768045957921
 0.01618744097446674
 0.006714506552845114
 0.01871981307867573
 0.01871981307867573
 0.01618744097446674
 0.008903768045957921
 0.01871981307867573
 0.01618744097446674
 0.01871981307867573
 0.008903768045957921
 0.01871981307867573
 0.006714506552845114
 0.01871981307867573
 0.01871981307867573
 0.01618744097446674
 0.01871981307867573
 0.01871981307867573
 0.01618744097446674
 0.01871981307867573
 0.008903768045957921
 0.01871981307867573
 0.006714506552845114
 0.01871981307867573
 0.01871981307867573
 0.01618744097446674
 0.01871981307867573
 0.01871981307867573
 0.01618744097446674
 0.01871981307867573
 0.008903768045957921
 0.01618744097446674
 0.006714506552845114
 0.01871981307867573
 0.01871981307867573
 0.01618744097446674
 0.01871981307867573
 0.01871981307867573
 0.01618744097446674
 0.01871981307867573
 0.008903768045957921
