# Created by Octave 3.2.4, Mon Feb 04 09:12:55 2013 EST <rbom@zaphod>
# name: small_First_Fit
# type: matrix
# ndims: 3
 1 10 30
 3.699990988590441e-21
 1.486070145042738e-23
 2.821436300569299e-17
 2.498777237625951e-18
 4.220058967483232e-21
 2.312173327573769e-17
 9.657694066360006e-11
 6.352919491130653e-21
 2.249542836644972e-21
 1.051387291388261e-18
 2.981653548852395e-16
 1.760004131376265e-17
 2.245150650930025e-13
 3.233741240098372e-14
 1.133163953262268e-16
 9.752998802141276e-12
 2.75379916905357e-08
 2.39251910750193e-14
 5.994014218368709e-15
 3.054426023780848e-13
 4.844428225458649e-13
 2.646758397721598e-14
 6.61296707840427e-06
 8.575739635655724e-11
 1.279184984442586e-13
 5.619412383285332e-09
 1.883849647939078e-06
 7.440346116338136e-11
 3.169808987278234e-11
 2.969025286922427e-10
 7.443898102180117e-10
 5.166618684588884e-10
 0.0004519477760621126
 4.426175197213719e-07
 2.498112272281398e-08
 1.306798906554557e-06
 0.001340048654642454
 7.118338229531439e-08
 1.740421976967566e-06
 2.252278067477567e-07
 0.0008216276002776974
 3.525016417933627e-07
 0.0004519477760621126
 8.934130776480395e-05
 1.835765176370436e-05
 8.668819220711906e-05
 0.001340048654642454
 6.059607807032961e-05
 0.004623426170392636
 2.087248010698091e-05
 0.0008216276002776974
 8.896796262092471e-05
 0.0004519477760621126
 0.0008216276002776974
 0.0003292538728966642
 0.001421829367248849
 0.001340048654642454
 0.004623426170392636
 0.004623426170392636
 0.0008216276002776974
 0.0008216276002776974
 0.004623426170392636
 0.0004519477760621126
 0.0716746512803807
 0.000675356998111817
 0.0716746512803807
 0.001340048654642454
 0.004623426170392636
 0.004623426170392636
 0.0008216276002776974
 0.0008216276002776974
 0.004623426170392636
 0.0008216276002776974
 0.0716746512803807
 0.000675356998111817
 0.0716746512803807
 0.0716746512803807
 0.004623426170392636
 0.004623426170392636
 0.0008216276002776974
 0.0716746512803807
 0.004623426170392636
 0.0005093341086272958
 0.0716746512803807
 0.000675356998111817
 0.0716746512803807
 0.0716746512803807
 0.004623426170392636
 0.004623426170392636
 0.0008216276002776974
 0.0716746512803807
 0.004623426170392636
 0.004623426170392636
 0.0716746512803807
 0.000675356998111817
 0.0716746512803807
 0.0716746512803807
 0.004623426170392636
 0.004623426170392636
 0.0008216276002776974
 0.0716746512803807
 0.004623426170392636
 0.004623426170392636
 0.0716746512803807
 0.0716746512803807
 0.0716746512803807
 0.0716746512803807
 0.004623426170392636
 0.004623426170392636
 0.0008216276002776974
 0.0716746512803807
 0.004623426170392636
 0.004623426170392636
 0.0716746512803807
 0.0716746512803807
 0.0716746512803807
 0.0716746512803807
 0.004623426170392636
 0.004623426170392636
 0.0008216276002776974
 0.0716746512803807
 0.004623426170392636
 0.004623426170392636
 0.0716746512803807
 0.0716746512803807
 0.0716746512803807
 0.0716746512803807
 0.004623426170392636
 0.0716746512803807
 0.0008216276002776974
 0.0716746512803807
 0.004623426170392636
 0.004623426170392636
 0.0716746512803807
 0.0716746512803807
 0.0716746512803807
 0.0716746512803807
 0.0716746512803807
 0.0716746512803807
 0.0008216276002776974
 0.0716746512803807
 0.0716746512803807
 0.004623426170392636
 0.0716746512803807
 0.0716746512803807
 0.0716746512803807
 0.0716746512803807
 0.0716746512803807
 0.0716746512803807
 0.004623426170392636
 0.0716746512803807
 0.0716746512803807
 0.004623426170392636
 0.0716746512803807
 0.0716746512803807
 0.0716746512803807
 0.0716746512803807
 0.0716746512803807
 0.0716746512803807
 0.004623426170392636
 0.0716746512803807
 0.0716746512803807
 0.004623426170392636
 0.0716746512803807
 0.0716746512803807
 0.0716746512803807
 0.0716746512803807
 0.0716746512803807
 0.0716746512803807
 0.004623426170392636
 0.0716746512803807
 0.0716746512803807
 0.004623426170392636
 0.0716746512803807
 0.0716746512803807
 0.0716746512803807
 0.0716746512803807
 0.0716746512803807
 0.0716746512803807
 0.004623426170392636
 0.0716746512803807
 0.0716746512803807
 0.004623426170392636
 0.0716746512803807
 0.0716746512803807
 0.0716746512803807
 0.0716746512803807
 0.0716746512803807
 0.0716746512803807
 0.004623426170392636
 0.0716746512803807
 0.0716746512803807
 0.004623426170392636
 0.0716746512803807
 0.0716746512803807
 0.0716746512803807
 0.0716746512803807
 0.0716746512803807
 0.0716746512803807
 0.004623426170392636
 0.0716746512803807
 0.0716746512803807
 0.004623426170392636
 0.0716746512803807
 0.0716746512803807
 0.0716746512803807
 0.0716746512803807
 0.0716746512803807
 0.0716746512803807
 0.004623426170392636
 0.0716746512803807
 0.0716746512803807
 0.004623426170392636
 0.0716746512803807
 0.0716746512803807
 0.0716746512803807
 0.0716746512803807
 0.0716746512803807
 0.0716746512803807
 0.004623426170392636
 0.0716746512803807
 0.0716746512803807
 0.004623426170392636
 0.0716746512803807
 0.0716746512803807
 0.0716746512803807
 0.0716746512803807
 0.0716746512803807
 0.0716746512803807
 0.004623426170392636
 0.0716746512803807
 0.0716746512803807
 0.004623426170392636
 0.0716746512803807
 0.0716746512803807
 0.0716746512803807
 0.0716746512803807
 0.0716746512803807
 0.0716746512803807
 0.004623426170392636
 0.0716746512803807
 0.0716746512803807
 0.004623426170392636
 0.0716746512803807
 0.0716746512803807
 0.0716746512803807
 0.0716746512803807
 0.0716746512803807
 0.0716746512803807
 0.004623426170392636
 0.0716746512803807
 0.0716746512803807
 0.004623426170392636
 0.0716746512803807
 0.0716746512803807
 0.0716746512803807
 0.0716746512803807
 0.0716746512803807
 0.0716746512803807
 0.0716746512803807
 0.0716746512803807
 0.0716746512803807
 0.0716746512803807
 0.0716746512803807
 0.0716746512803807
 0.0716746512803807
 0.0716746512803807
 0.0716746512803807
 0.0716746512803807
 0.0716746512803807
 0.0716746512803807
 0.0716746512803807
 0.004623426170392636
 0.0716746512803807
 0.0716746512803807
 0.0716746512803807
 0.0716746512803807
 0.0716746512803807
 0.0716746512803807
 0.0716746512803807
 0.0716746512803807
 0.0716746512803807
 0.004623426170392636
 0.0716746512803807
 0.0716746512803807
 0.0716746512803807
 0.0716746512803807
 0.0716746512803807
 0.0716746512803807
 0.0716746512803807
 0.0716746512803807
 0.0716746512803807
 0.004623426170392636
 0.0716746512803807
 0.0716746512803807
 0.0716746512803807
 0.0716746512803807
 0.0716746512803807
 0.0716746512803807
 0.0716746512803807
