# Created by Octave 3.2.4, Mon Feb 04 00:38:14 2013 EST <rbom@zaphod>
# name: small_First_Fit
# type: matrix
# ndims: 3
 1 10 30
 1.043997260072806e-12
 2.456525507745987e-19
 2.096145792791232e-19
 3.061716318459964e-23
 2.333982045165908e-14
 1.579666020796057e-19
 3.75591903060379e-17
 1.601132152321754e-23
 3.925421296422417e-13
 1.71862599923312e-20
 2.06787386898014e-10
 4.077576303611361e-11
 2.664351887078887e-12
 1.3552262451853e-15
 2.278980904662405e-11
 1.171960120211983e-12
 5.238520638012698e-10
 3.004550059445246e-16
 7.686485555625431e-09
 7.035680925224372e-15
 1.300637190861509e-07
 7.987311153129623e-09
 4.143227164963234e-09
 1.636123730549064e-13
 6.532333132554609e-08
 3.35923493660886e-09
 1.742644521556888e-06
 1.754737339729016e-10
 4.194734531743696e-06
 9.297211550441117e-10
 2.362595724100869e-05
 6.24307720575464e-06
 5.137332455772387e-05
 4.963425018254533e-08
 0.0003904017627590314
 7.080612589329018e-07
 3.039574179652413e-05
 5.77136503367013e-07
 0.0003904017627590314
 3.8807530816514e-07
 0.001243860419699248
 0.0003444823074397399
 0.0003671414043436679
 0.0001628266973936611
 0.0003904017627590314
 0.000138016998995685
 0.0003407441918207401
 0.0003671414043436679
 0.0003904017627590314
 5.55846091424569e-05
 0.001243860419699248
 0.0003444823074397399
 0.0003671414043436679
 0.0003407441918207401
 0.0003904017627590314
 0.002354790849132904
 0.005879007577858856
 0.002354790849132904
 0.002354790849132904
 0.005879007577858856
 0.001243860419699248
 0.0003444823074397399
 0.0003671414043436679
 0.0004772137255953592
 0.0003904017627590314
 0.002354790849132904
 0.005879007577858856
 0.002354790849132904
 0.002354790849132904
 0.005879007577858856
 0.001243860419699248
 0.002354790849132904
 0.0003671414043436679
 0.0003407441918207401
 0.0003904017627590314
 0.002354790849132904
 0.005879007577858856
 0.002354790849132904
 0.002354790849132904
 0.005879007577858856
 0.001243860419699248
 0.002354790849132904
 0.0003671414043436679
 0.0004772137255953592
 0.0004772137255953592
 0.002354790849132904
 0.005879007577858856
 0.002354790849132904
 0.002354790849132904
 0.005879007577858856
 0.001243860419699248
 0.0003444823074397399
 0.0004772137255953592
 0.002354790849132904
 0.0003904017627590314
 0.002354790849132904
 0.005879007577858856
 0.002354790849132904
 0.002354790849132904
 0.005879007577858856
 0.001243860419699248
 0.001243860419699248
 0.0003671414043436679
 0.005879007577858856
 0.0003904017627590314
 0.002354790849132904
 0.005879007577858856
 0.002354790849132904
 0.002354790849132904
 0.005879007577858856
 0.001243860419699248
 0.001243860419699248
 0.0003671414043436679
 0.005879007577858856
 0.0003904017627590314
 0.002354790849132904
 0.005879007577858856
 0.002354790849132904
 0.002354790849132904
 0.005879007577858856
 0.002354790849132904
 0.001243860419699248
 0.0003671414043436679
 0.005879007577858856
 0.0003904017627590314
 0.002354790849132904
 0.005879007577858856
 0.002354790849132904
 0.002354790849132904
 0.005879007577858856
 0.002354790849132904
 0.005879007577858856
 0.0003671414043436679
 0.005879007577858856
 0.0003904017627590314
 0.002354790849132904
 0.005879007577858856
 0.002354790849132904
 0.002354790849132904
 0.005879007577858856
 0.001243860419699248
 0.005879007577858856
 0.001243860419699248
 0.005879007577858856
 0.005879007577858856
 0.002354790849132904
 0.005879007577858856
 0.002354790849132904
 0.002354790849132904
 0.005879007577858856
 0.001243860419699248
 0.005879007577858856
 0.002354790849132904
 0.005879007577858856
 0.005879007577858856
 0.002354790849132904
 0.005879007577858856
 0.002354790849132904
 0.005879007577858856
 0.005879007577858856
 0.001243860419699248
 0.005879007577858856
 0.001243860419699248
 0.005879007577858856
 0.005879007577858856
 0.002354790849132904
 0.005879007577858856
 0.002354790849132904
 0.005879007577858856
 0.005879007577858856
 0.002354790849132904
 0.005879007577858856
 0.001243860419699248
 0.005879007577858856
 0.005879007577858856
 0.002354790849132904
 0.005879007577858856
 0.002354790849132904
 0.005879007577858856
 0.005879007577858856
 0.001243860419699248
 0.005879007577858856
 0.002354790849132904
 0.005879007577858856
 0.005879007577858856
 0.002354790849132904
 0.005879007577858856
 0.002354790849132904
 0.005879007577858856
 0.005879007577858856
 0.001243860419699248
 0.005879007577858856
 0.002354790849132904
 0.005879007577858856
 0.005879007577858856
 0.005879007577858856
 0.005879007577858856
 0.002354790849132904
 0.005879007577858856
 0.005879007577858856
 0.001243860419699248
 0.005879007577858856
 0.005879007577858856
 0.005879007577858856
 0.005879007577858856
 0.002354790849132904
 0.005879007577858856
 0.002354790849132904
 0.002354790849132904
 0.005879007577858856
 0.001243860419699248
 0.005879007577858856
 0.005879007577858856
 0.005879007577858856
 0.005879007577858856
 0.002354790849132904
 0.005879007577858856
 0.002354790849132904
 0.002354790849132904
 0.005879007577858856
 0.001243860419699248
 0.005879007577858856
 0.005879007577858856
 0.005879007577858856
 0.005879007577858856
 0.002354790849132904
 0.005879007577858856
 0.002354790849132904
 0.002354790849132904
 0.005879007577858856
 0.001243860419699248
 0.005879007577858856
 0.005879007577858856
 0.005879007577858856
 0.005879007577858856
 0.002354790849132904
 0.005879007577858856
 0.005879007577858856
 0.002354790849132904
 0.005879007577858856
 0.001243860419699248
 0.005879007577858856
 0.005879007577858856
 0.005879007577858856
 0.005879007577858856
 0.002354790849132904
 0.005879007577858856
 0.005879007577858856
 0.002354790849132904
 0.005879007577858856
 0.001243860419699248
 0.005879007577858856
 0.005879007577858856
 0.005879007577858856
 0.005879007577858856
 0.002354790849132904
 0.005879007577858856
 0.002354790849132904
 0.002354790849132904
 0.005879007577858856
 0.001243860419699248
 0.005879007577858856
 0.005879007577858856
 0.005879007577858856
 0.005879007577858856
 0.002354790849132904
 0.005879007577858856
 0.002354790849132904
 0.002354790849132904
 0.005879007577858856
 0.005879007577858856
 0.005879007577858856
 0.005879007577858856
 0.005879007577858856
 0.005879007577858856
 0.002354790849132904
 0.005879007577858856
 0.002354790849132904
 0.002354790849132904
 0.005879007577858856
 0.005879007577858856
 0.005879007577858856
 0.005879007577858856
 0.005879007577858856
 0.005879007577858856
 0.002354790849132904
 0.005879007577858856
 0.002354790849132904
 0.002354790849132904
 0.005879007577858856
 0.005879007577858856
 0.005879007577858856
 0.005879007577858856
 0.005879007577858856
 0.005879007577858856
 0.005879007577858856
 0.005879007577858856
 0.002354790849132904
 0.002354790849132904
 0.005879007577858856
