# Created by Octave 3.2.4, Mon Feb 04 15:22:10 2013 EST <rbom@zaphod>
# name: small_First_Fit
# type: matrix
# ndims: 3
 1 10 30
 1.063673996716383e-22
 7.18293814184884e-24
 5.387945195902252e-15
 3.190369142727781e-29
 7.303802134757609e-24
 5.877480745690993e-23
 1.663182146106679e-28
 6.922590032433212e-15
 8.071411776551275e-21
 7.850970479448365e-16
 6.689614917962738e-18
 7.527317919210909e-15
 3.388541239397503e-10
 1.064997840487919e-24
 6.185817967809045e-20
 8.373470203612993e-20
 4.072584104080504e-23
 2.910119249444679e-09
 1.967033417262319e-17
 4.937518370873268e-11
 1.715772987144615e-10
 2.416524122784252e-11
 2.407015644695324e-06
 4.667469866094163e-18
 8.371315541645057e-16
 5.090565719878823e-14
 8.493610132811938e-16
 0.0001830202928551412
 5.395882195074472e-15
 2.019872365548608e-08
 1.136976906078582e-07
 3.307004700458436e-06
 0.001005290405195921
 5.228403182494566e-14
 3.835249949692453e-13
 4.891403830841157e-10
 9.751748739001296e-12
 0.0001830202928551412
 7.43628737047455e-12
 0.0001369136787213738
 0.001005290405195921
 0.0002271075351890024
 0.001005290405195921
 3.847853530391066e-11
 1.001640023478311e-08
 4.734389907244542e-07
 2.043023121589194e-08
 0.0001830202928551412
 4.961756049908964e-09
 0.0001369136787213738
 0.001005290405195921
 0.0002271075351890024
 0.001005290405195921
 2.019872365548608e-08
 2.147297833997419e-06
 0.0001830202928551412
 2.160819829614217e-06
 0.0001830202928551412
 1.918062046873958e-06
 0.0001369136787213738
 0.001005290405195921
 0.0002271075351890024
 0.001005290405195921
 2.600626198888338e-06
 0.0002271075351890024
 0.0002271075351890024
 0.0001483956960355974
 0.0001830202928551412
 0.0007164581824276929
 0.0001483956960355974
 0.001005290405195921
 0.0002271075351890024
 0.001005290405195921
 0.001005290405195921
 0.0008564493146811363
 0.0001830202928551412
 0.0001483956960355974
 0.0001830202928551412
 0.0007164581824276929
 0.0001483956960355974
 0.001005290405195921
 0.0002271075351890024
 0.001005290405195921
 0.001005290405195921
 0.001005290405195921
 0.0001830202928551412
 0.0001483956960355974
 0.0001830202928551412
 0.0008564493146811363
 0.0002271075351890024
 0.001005290405195921
 0.0002271075351890024
 0.001005290405195921
 0.001005290405195921
 0.001005290405195921
 0.0001830202928551412
 0.0001483956960355974
 0.0001830202928551412
 0.0008564493146811363
 0.0002271075351890024
 0.001005290405195921
 0.0002271075351890024
 0
 0.001005290405195921
 0.001005290405195921
 0.000233646013182259
 0.0001483956960355974
 0
 0.0008564493146811363
 0.0002271075351890024
 0
 0
 0
 0.001005290405195921
 0.001005290405195921
 0.000233646013182259
 0.0001830202928551412
 0
 0.0007164581824276929
 0.0001830202928551412
 0
 0
 0
 0.001005290405195921
 0.001005290405195921
 0.000233646013182259
 0.0001483956960355974
 0
 0.001005290405195921
 0.0007164581824276929
 0
 0
 0
 0.001005290405195921
 0.001005290405195921
 0.0002271075351890024
 0.0001483956960355974
 0
 0.0007164581824276929
 0.0007164581824276929
 0
 0
 0
 0
 0.001005290405195921
 0.0001830202928551412
 0.0001483956960355974
 0
 0.0007164581824276929
 0.0001369136787213738
 0
 0
 0
 0
 0
 0.0001830202928551412
 0.0002271075351890024
 0
 0.0007164581824276929
 0.0001369136787213738
 0
 0
 0
 0
 0
 0.0001830202928551412
 0.0001830202928551412
 0
 0.0007164581824276929
 0.0001369136787213738
 0
 0
 0
 0
 0
 0
 0.0002271075351890024
 0
 0.0007164581824276929
 0.0001369136787213738
 0
 0
 0
 0
 0
 0
 0.0002271075351890024
 0
 0.0007164581824276929
 0.000218373537968271
 0
 0
 0
 0
 0
 0
 0.0002271075351890024
 0
 0
 0.000218373537968271
 0
 0
 0
 0
 0
 0
 0.0007164581824276929
 0
 0
 0.000218373537968271
 0
 0
 0
 0
 0
 0
 0.001005290405195921
 0
 0
 0.0008564493146811363
 0
 0
 0
 0
 0
 0
 0.001005290405195921
 0
 0
 0.0008564493146811363
 0
 0
 0
 0
 0
 0
 0.001005290405195921
 0
 0
 0.0008564493146811363
 0
 0
 0
 0
 0
 0
 0.001005290405195921
 0
 0
 0.0008564493146811363
 0
 0
 0
 0
 0
 0
 0.001005290405195921
 0
 0
 0.0008564493146811363
 0
 0
 0
 0
 0
 0
 0.001005290405195921
 0
 0
 0.0008564493146811363
 0
 0
 0
 0
 0
 0
 0.001005290405195921
 0
 0
 0.0008564493146811363
 0
 0
 0
 0
 0
 0
 0
 0
 0
 0
 0
 0
 0
 0
 0
 0
 0
 0
 0
 0
