# Created by Octave 3.2.4, Mon Feb 04 02:52:36 2013 EST <rbom@zaphod>
# name: small_First_Fit
# type: matrix
# ndims: 3
 1 10 30
 1.202940153717544e-14
 5.443808683475326e-15
 5.999207900090706e-15
 4.673596498361215e-20
 7.723676230333271e-20
 1.928371975028886e-14
 7.924559437026666e-22
 1.105032849696309e-18
 1.493665791834983e-11
 7.118541169467938e-16
 2.193396259699393e-11
 2.964610161336435e-08
 5.262589039523946e-11
 5.620883388401541e-16
 2.110317115005532e-14
 3.127347989909142e-11
 8.884719499646602e-17
 2.465089771399287e-14
 4.457554217623755e-08
 1.579132239875538e-12
 1.29145418376969e-08
 0.0009878497177167067
 1.302811771781519e-07
 1.197859522172683e-10
 5.38630124582571e-10
 7.373723353676016e-09
 1.457641899847805e-13
 1.373426691150422e-06
 0.0004688042977548477
 2.346430572477552e-07
 1.289094399376188e-05
 0.02729792834279767
 0.0001064859743353958
 3.270620888948509e-08
 1.116661665238109e-05
 4.733681470224751e-05
 1.927911405459929e-08
 0.0009878497177167067
 0.0004688042977548477
 0.0001207104143329185
 0.002465613657548434
 0.02729792834279767
 0.02328780101272633
 1.139865572931656e-07
 0.002465613657548434
 0.02729792834279767
 0.0002772934697685714
 0.0009878497177167067
 0.005761997241515018
 0.02729792834279767
 0.002465613657548434
 0.02729792834279767
 0.02328780101272633
 8.869353799986863e-05
 0.002465613657548434
 0.02729792834279767
 0.0002772934697685714
 0.002658393765497515
 0.005761997241515018
 0.02729792834279767
 0.002465613657548434
 0.02729792834279767
 0.02328780101272633
 0.02328780101272633
 0.002465613657548434
 0.02729792834279767
 0.0002772934697685714
 0.02328780101272633
 0.005761997241515018
 0.02729792834279767
 0.002465613657548434
 0.02729792834279767
 0.02328780101272633
 0.02328780101272633
 0.002465613657548434
 0.02729792834279767
 0.0002772934697685714
 0.02328780101272633
 0.02328780101272633
 0.02729792834279767
 0.002465613657548434
 0.02729792834279767
 0.02328780101272633
 0.02328780101272633
 0.002465613657548434
 0.02729792834279767
 0.0002772934697685714
 0.02328780101272633
 0.02328780101272633
 0.02729792834279767
 0.02328780101272633
 0.02729792834279767
 0.02328780101272633
 0.02328780101272633
 0.002465613657548434
 0.02729792834279767
 0.0002772934697685714
 0.02328780101272633
 0.02328780101272633
 0.02729792834279767
 0.02328780101272633
 0.02729792834279767
 0.02328780101272633
 0.02328780101272633
 0.002465613657548434
 0.02729792834279767
 0.005761997241515018
 0.02729792834279767
 0.02328780101272633
 0.02729792834279767
 0.02328780101272633
 0.02729792834279767
 0.02328780101272633
 0.02328780101272633
 0.002465613657548434
 0.02729792834279767
 0.02729792834279767
 0.02328780101272633
 0.02328780101272633
 0.02729792834279767
 0.02328780101272633
 0.02729792834279767
 0.02328780101272633
 0.02328780101272633
 0.002465613657548434
 0.02729792834279767
 0.02729792834279767
 0.02328780101272633
 0.02328780101272633
 0.02729792834279767
 0.02328780101272633
 0.02729792834279767
 0.02328780101272633
 0.02328780101272633
 0.002465613657548434
 0.02729792834279767
 0.02729792834279767
 0.02328780101272633
 0.02729792834279767
 0.02729792834279767
 0.02328780101272633
 0.02729792834279767
 0.02328780101272633
 0.02328780101272633
 0.005761997241515018
 0.02729792834279767
 0.02729792834279767
 0.02328780101272633
 0.02729792834279767
 0.02729792834279767
 0.02328780101272633
 0.02729792834279767
 0.02729792834279767
 0.02328780101272633
 0.005761997241515018
 0.02729792834279767
 0.02729792834279767
 0.02729792834279767
 0.02729792834279767
 0.02729792834279767
 0.02729792834279767
 0.02729792834279767
 0.02328780101272633
 0.02328780101272633
 0.005761997241515018
 0.02729792834279767
 0.02729792834279767
 0.02328780101272633
 0.02729792834279767
 0.02729792834279767
 0.02729792834279767
 0.02729792834279767
 0.02328780101272633
 0.02328780101272633
 0.005761997241515018
 0.02729792834279767
 0.02729792834279767
 0.02328780101272633
 0.02729792834279767
 0.02729792834279767
 0.02729792834279767
 0.02729792834279767
 0.02328780101272633
 0.02328780101272633
 0.02328780101272633
 0.02729792834279767
 0.02729792834279767
 0.02328780101272633
 0.02729792834279767
 0.02729792834279767
 0.02729792834279767
 0.02729792834279767
 0.02328780101272633
 0.02328780101272633
 0.005761997241515018
 0.02729792834279767
 0.02729792834279767
 0.02328780101272633
 0.02729792834279767
 0.02729792834279767
 0.02729792834279767
 0.02729792834279767
 0.02328780101272633
 0.02328780101272633
 0.005761997241515018
 0.02729792834279767
 0.02729792834279767
 0.02328780101272633
 0.02729792834279767
 0.02729792834279767
 0.02729792834279767
 0.02729792834279767
 0.02328780101272633
 0.02729792834279767
 0.005761997241515018
 0.02729792834279767
 0.02729792834279767
 0.02328780101272633
 0.02729792834279767
 0.02729792834279767
 0.02729792834279767
 0.02729792834279767
 0.02328780101272633
 0.02328780101272633
 0.005761997241515018
 0.02729792834279767
 0.02729792834279767
 0.02328780101272633
 0.02729792834279767
 0.02729792834279767
 0.02328780101272633
 0.02729792834279767
 0.02328780101272633
 0.02328780101272633
 0.005761997241515018
 0.02729792834279767
 0.02729792834279767
 0.02328780101272633
 0.02328780101272633
 0.02729792834279767
 0.02328780101272633
 0.02729792834279767
 0.02328780101272633
 0.02328780101272633
 0.02328780101272633
 0.02729792834279767
 0.02729792834279767
 0.02328780101272633
 0.02328780101272633
 0.02729792834279767
 0.02328780101272633
 0.02729792834279767
 0.02328780101272633
 0.02328780101272633
 0.02729792834279767
 0.02729792834279767
 0.02729792834279767
 0.02328780101272633
 0.02328780101272633
 0.02729792834279767
 0.02328780101272633
 0.02729792834279767
 0.02328780101272633
 0.02328780101272633
 0.02729792834279767
 0.02729792834279767
 0.02729792834279767
 0.02328780101272633
 0.02328780101272633
 0.02729792834279767
 0.02328780101272633
 0.02729792834279767
 0.02328780101272633
 0.02328780101272633
 0.02729792834279767
 0.02729792834279767
 0.02729792834279767
 0.02328780101272633
 0.02328780101272633
 0.02729792834279767
 0.02328780101272633
 0.02729792834279767
 0.02328780101272633
 0.02328780101272633
 0.02729792834279767
 0.02729792834279767
 0.02729792834279767
 0.02328780101272633
 0.02328780101272633
 0.02729792834279767
 0.02328780101272633
 0.02729792834279767
 0.02328780101272633
 0.02328780101272633
 0.02729792834279767
 0.02729792834279767
 0.02729792834279767
 0.02328780101272633
 0.02328780101272633
 0.02729792834279767
