# Created by Octave 3.2.4, Thu Feb 07 08:01:39 2013 EST <rbom@zaphod>
# name: small_First_Fit
# type: matrix
# ndims: 3
 1 10 30
 3.995038341638995e-09
 2.975451963843188e-09
 2.008095616250519e-07
 2.209541330670742e-09
 1.39961261445433e-08
 1.685986643365509e-08
 8.960839858634819e-08
 2.050366469185034e-09
 6.795093803381922e-08
 6.132894441074458e-08
 5.889063467416707e-06
 1.712341990072896e-06
 3.420377754810691e-05
 7.620930303769347e-07
 3.048664349363887e-05
 3.313308786450061e-06
 3.519083605097585e-06
 3.808071908285508e-06
 1.89587179265816e-05
 3.982891984303202e-05
 0.0002676032935304604
 6.707215550083817e-05
 0.0002440075913781789
 7.977624488423607e-06
 0.0007265762527094203
 0.0002697583769044964
 0.0007343641016779742
 0.0001151894760964344
 0.002873946088460168
 0.0006422510265520337
 0.0006882358298432629
 0.0007136923705641459
 0.0006886339778608516
 8.839750194109797e-05
 0.003586990497966158
 0.002846049260938186
 0.003661537989539014
 0.001203652815352262
 0.02431490246014068
 0.002560847745977715
 0.005016654112074467
 0.004286733487565175
 0.001448030360708356
 8.839750194109797e-05
 0.006478125577457119
 0.02204771865217606
 0.01055159079038281
 0.001918642777918091
 0.02697216967160041
 0.01053148800269501
 0.0121963653870852
 0.006756483629259079
 0.002932205906575786
 0.0001194074814089811
 0.01401734882649131
 0.02204771865217606
 0.04369642575256288
 0.01956400052808957
 0.02525294787611618
 0.01053148800269501
 0.03809892515856882
 0.01956400052808957
 0.0139853411319398
 0.0007224019888245083
 0.05591499754570804
 0.02204771865217606
 0.04369642575256288
 0.06273830957143993
 0.02697216967160041
 0.02431490246014068
 0.05591499754570804
 0.02503834139456777
 0.02364837553215486
 0.001625474084227974
 0.05591499754570804
 0.06273830957143993
 0.04369642575256288
 0.06273830957143993
 0.02697216967160041
 0.02431490246014068
 0.05591499754570804
 0.06273830957143993
 0.02503834139456777
 0.005786352374885608
 0.05591499754570804
 0.06273830957143993
 0.04972715266111635
 0.06273830957143993
 0.02697216967160041
 0.02431490246014068
 0.05591499754570804
 0.06273830957143993
 0.06273830957143993
 0.0230881456207807
 0.05591499754570804
 0.06273830957143993
 0.04972715266111635
 0.06273830957143993
 0.02697216967160041
 0.02525294787611618
 0.05591499754570804
 0.06273830957143993
 0.06273830957143993
 0.02697216967160041
 0.05591499754570804
 0.06273830957143993
 0.04972715266111635
 0.06273830957143993
 0.02697216967160041
 0.05969588253054906
 0.05591499754570804
 0.06273830957143993
 0.06273830957143993
 0.02697216967160041
 0.05969588253054906
 0.06273830957143993
 0.04972715266111635
 0.06273830957143993
 0.05969588253054906
 0.05969588253054906
 0.05969588253054906
 0.06273830957143993
 0.06273830957143993
 0.05969588253054906
 0.05969588253054906
 0.06273830957143993
 0.04972715266111635
 0.06273830957143993
 0.05969588253054906
 0.05969588253054906
 0.06273830957143993
 0.06273830957143993
 0.06273830957143993
 0.02697216967160041
 0.05591499754570804
 0.06273830957143993
 0.04972715266111635
 0
 0.05969588253054906
 0.05969588253054906
 0.06273830957143993
 0.06273830957143993
 0.06273830957143993
 0.02697216967160041
 0.05591499754570804
 0
 0.05591499754570804
 0
 0.05969588253054906
 0.05969588253054906
 0.06273830957143993
 0
 0.06273830957143993
 0.05969588253054906
 0.05591499754570804
 0
 0.06273830957143993
 0
 0.06273830957143993
 0.05969588253054906
 0.06273830957143993
 0
 0
 0.02697216967160041
 0.05969588253054906
 0
 0.06273830957143993
 0
 0.06273830957143993
 0.05969588253054906
 0.06273830957143993
 0
 0
 0.02697216967160041
 0.05969588253054906
 0
 0.06273830957143993
 0
 0.06273830957143993
 0
 0.05591499754570804
 0
 0
 0.02697216967160041
 0.06273830957143993
 0
 0.06273830957143993
 0
 0.05969588253054906
 0
 0.05591499754570804
 0
 0
 0.05969588253054906
 0.06273830957143993
 0
 0.06273830957143993
 0
 0.05969588253054906
 0
 0
 0
 0
 0.02697216967160041
 0.06273830957143993
 0
 0.06273830957143993
 0
 0.06273830957143993
 0
 0
 0
 0
 0.06273830957143993
 0.06273830957143993
 0
 0.06273830957143993
 0
 0.06273830957143993
 0
 0
 0
 0
 0.06273830957143993
 0.06273830957143993
 0
 0
 0
 0.06273830957143993
 0
 0
 0
 0
 0.06273830957143993
 0.06273830957143993
 0
 0
 0
 0.05969588253054906
 0
 0
 0
 0
 0.06273830957143993
 0.06273830957143993
 0
 0
 0
 0.06273830957143993
 0
 0
 0
 0
 0.06273830957143993
 0
 0
 0
 0
 0.05969588253054906
 0
 0
 0
 0
 0.06273830957143993
 0
 0
 0
 0
 0.05969588253054906
 0
 0
 0
 0
 0.06273830957143993
 0
 0
 0
 0
 0.05969588253054906
 0
 0
 0
 0
 0
 0
 0
 0
 0
 0.05969588253054906
 0
 0
 0
 0
 0
 0
 0
 0
 0
 0.06273830957143993
 0
