# Created by Octave 3.2.4, Thu Feb 07 07:33:44 2013 EST <rbom@zaphod>
# name: small_First_Fit
# type: matrix
# ndims: 3
 1 10 30
 1.228516053290219e-10
 8.915360307653465e-10
 3.503049448741002e-10
 4.714119435861793e-12
 3.992153119108508e-11
 8.711956264650926e-12
 3.586409150532467e-12
 4.082141860687178e-11
 1.212082029474088e-08
 4.745139675185221e-09
 2.082841180963196e-08
 7.108318477202976e-08
 1.310602194276447e-07
 7.736366745667072e-09
 2.166566820797681e-08
 0.003235414758262437
 2.077181435423344e-09
 6.526040304820285e-07
 3.191999905503672e-07
 9.438640937436661e-07
 7.676627380281251e-06
 6.327011845765685e-05
 2.439407876399107e-05
 3.311705488649226e-07
 3.211701792096253e-07
 0.02896721197339715
 1.595602396051497e-05
 0.0001569444865271792
 0.0001709989628674144
 0.0001914610518140197
 1.174077077980431e-05
 0.001337558075415356
 0.001331121724333884
 1.168187710197335e-05
 3.62875259281412e-06
 0.02896721197339715
 0.0001601419162259349
 0.001115125399001513
 0.004018091138532973
 0.001632429842341184
 0.0002748300102425499
 0.007259286262057625
 0.002178831123712397
 0.0001863834765190094
 0.00138872003659188
 0.02896721197339715
 0.000402960758022288
 0.007138434670583256
 0.007259286262057625
 0.006433663001916639
 0.00367067677074629
 0.007259286262057625
 0.002737844963995306
 0.001786078244229296
 0.00138872003659188
 0.02896721197339715
 0.001454550231827066
 0.007259286262057625
 0.007259286262057625
 0.007259286262057625
 0.02896721197339715
 0.007259286262057625
 0.002737844963995306
 0.007138434670583256
 0.007040316226080031
 0.02896721197339715
 0.02896721197339715
 0.02896721197339715
 0.01064472606018128
 0.02896721197339715
 0.02896721197339715
 0.01064472606018128
 0.002737844963995306
 0.007138434670583256
 0.007040316226080031
 0.02896721197339715
 0.02896721197339715
 0.02896721197339715
 0.01064472606018128
 0.02896721197339715
 0.02896721197339715
 0.01064472606018128
 0.007259286262057625
 0.007138434670583256
 0.007040316226080031
 0.02896721197339715
 0.02896721197339715
 0.02896721197339715
 0.01064472606018128
 0.02896721197339715
 0.02896721197339715
 0.01064472606018128
 0.007259286262057625
 0.007138434670583256
 0.007040316226080031
 0.02896721197339715
 0.02896721197339715
 0.02896721197339715
 0.007259286262057625
 0.02896721197339715
 0.02896721197339715
 0.01064472606018128
 0.008457933087782929
 0.007138434670583256
 0.008457933087782929
 0
 0.02896721197339715
 0.02896721197339715
 0.007259286262057625
 0.02896721197339715
 0.02896721197339715
 0.01064472606018128
 0.01064472606018128
 0.007138434670583256
 0.007040316226080031
 0
 0.02896721197339715
 0.02896721197339715
 0.01064472606018128
 0.02896721197339715
 0.02896721197339715
 0.01064472606018128
 0.01064472606018128
 0.02896721197339715
 0.008457933087782929
 0
 0.02896721197339715
 0.02896721197339715
 0.01064472606018128
 0.02896721197339715
 0
 0.01064472606018128
 0.02896721197339715
 0.02896721197339715
 0.008457933087782929
 0
 0
 0
 0.02896721197339715
 0
 0
 0
 0.02896721197339715
 0.02896721197339715
 0.008457933087782929
 0
 0
 0
 0.02896721197339715
 0
 0
 0
 0.02896721197339715
 0.02896721197339715
 0.008457933087782929
 0
 0
 0
 0.01064472606018128
 0
 0
 0
 0.02896721197339715
 0.02896721197339715
 0.008457933087782929
 0
 0
 0
 0.01064472606018128
 0
 0
 0
 0.02896721197339715
 0.02896721197339715
 0.008457933087782929
 0
 0
 0
 0.01064472606018128
 0
 0
 0
 0.02896721197339715
 0.02896721197339715
 0.008457933087782929
 0
 0
 0
 0.01064472606018128
 0
 0
 0
 0.02896721197339715
 0
 0
 0
 0
 0
 0.02896721197339715
 0
 0
 0
 0
 0
 0
 0
 0
 0
 0.02896721197339715
 0
 0
 0
 0
 0
 0
 0
 0
 0
 0.02896721197339715
 0
 0
 0
 0
 0
 0
 0
 0
 0
 0.02896721197339715
 0
 0
 0
 0
 0
 0
 0
 0
 0
 0.02896721197339715
 0
 0
 0
 0
 0
 0
 0
 0
 0
 0.02896721197339715
 0
 0
 0
 0
 0
 0
 0
 0
 0
 0.02896721197339715
 0
 0
 0
 0
 0
 0
 0
 0
 0
 0
 0
 0
 0
 0
 0
 0
 0
 0
 0
 0
 0
 0
 0
 0
 0
 0
 0
 0
 0
 0
 0
 0
 0
 0
 0
 0
 0
 0
 0
 0
 0
