# Created by Octave 3.2.4, Sun Feb 03 22:52:14 2013 EST <rbom@zaphod>
# name: small_First_Fit
# type: matrix
# ndims: 3
 1 10 30
 5.176084358027347e-19
 5.415603171023278e-20
 7.566487212236714e-17
 4.774230188289635e-16
 7.418707605059693e-18
 3.67333774638412e-17
 4.122652743789414e-20
 1.214984687868507e-21
 1.334422876725428e-20
 1.543282552827802e-18
 4.845334519980506e-15
 1.619430968512897e-16
 1.545557765545961e-08
 6.575683629825866e-11
 8.519580514671025e-14
 3.408906158572571e-10
 1.760086065109846e-10
 1.673432849371815e-16
 4.652842717133978e-13
 7.363658033406271e-14
 4.278380243788888e-10
 2.117268176061619e-13
 1.703817108733809e-06
 4.446775924783173e-08
 9.560083119838782e-11
 4.792541403467584e-06
 4.59032336989629e-06
 1.266291764360955e-09
 6.334945110024216e-08
 6.654732244450777e-11
 1.918006289307799e-06
 4.350749232382706e-10
 0.0001802070442375288
 4.703209717375692e-06
 2.624019661835981e-08
 0.002123497735912794
 0.0005188288443719193
 3.72771147062913e-06
 5.730078647398261e-05
 8.089629216583853e-07
 0.0005235669914595044
 2.80889922252298e-07
 0.00400763068515115
 0.0003602701708642776
 2.502689746515124e-05
 0.006060490057960934
 0.0005188288443719193
 0.0003138783798831998
 0.006060490057960934
 0.0001005414786219233
 0.008568951116229014
 2.80889922252298e-07
 0.00400763068515115
 0.006060490057960934
 0.0002955858717508212
 0.00400763068515115
 0.003738104382921736
 0.002123497735912794
 0.006060490057960934
 0.0001005414786219233
 0.008568951116229014
 0.0001005414786219233
 0.00400763068515115
 0.006060490057960934
 0.0003546645267531383
 0.00400763068515115
 0.003738104382921736
 0.008568951116229014
 0.006060490057960934
 0.003738104382921736
 0.008568951116229014
 0.003738104382921736
 0.00400763068515115
 0.006060490057960934
 0.003738104382921736
 0.00400763068515115
 0.003738104382921736
 0.008568951116229014
 0.006060490057960934
 0.003738104382921736
 0.008568951116229014
 0.003738104382921736
 0.00400763068515115
 0.008568951116229014
 0.008568951116229014
 0.00400763068515115
 0.003738104382921736
 0.008568951116229014
 0.006060490057960934
 0.003738104382921736
 0.008568951116229014
 0.003738104382921736
 0.006060490057960934
 0.008568951116229014
 0.008568951116229014
 0.00400763068515115
 0.003738104382921736
 0.008568951116229014
 0.006060490057960934
 0.003738104382921736
 0.008568951116229014
 0.003738104382921736
 0.00400763068515115
 0.008568951116229014
 0.008568951116229014
 0.00400763068515115
 0.003738104382921736
 0.008568951116229014
 0.006060490057960934
 0.003738104382921736
 0.008568951116229014
 0.003738104382921736
 0.008568951116229014
 0.008568951116229014
 0.008568951116229014
 0.00400763068515115
 0.003738104382921736
 0.008568951116229014
 0.006060490057960934
 0.003738104382921736
 0.008568951116229014
 0.008568951116229014
 0.00400763068515115
 0.008568951116229014
 0.008568951116229014
 0.00400763068515115
 0.003738104382921736
 0.008568951116229014
 0.006060490057960934
 0.003738104382921736
 0.008568951116229014
 0.008568951116229014
 0.00400763068515115
 0.008568951116229014
 0.008568951116229014
 0.00400763068515115
 0.003738104382921736
 0.008568951116229014
 0.006060490057960934
 0.003738104382921736
 0.008568951116229014
 0.008568951116229014
 0.00400763068515115
 0.008568951116229014
 0.008568951116229014
 0.00400763068515115
 0.003738104382921736
 0.008568951116229014
 0.006060490057960934
 0.003738104382921736
 0.008568951116229014
 0.008568951116229014
 0.00400763068515115
 0.008568951116229014
 0.008568951116229014
 0.00400763068515115
 0.00400763068515115
 0.008568951116229014
 0.006060490057960934
 0.003738104382921736
 0.008568951116229014
 0.008568951116229014
 0.00400763068515115
 0.008568951116229014
 0.008568951116229014
 0.00400763068515115
 0.003738104382921736
 0.008568951116229014
 0.006060490057960934
 0.003738104382921736
 0.008568951116229014
 0.008568951116229014
 0.00400763068515115
 0.008568951116229014
 0.008568951116229014
 0.00400763068515115
 0.008568951116229014
 0.008568951116229014
 0.006060490057960934
 0.003738104382921736
 0.008568951116229014
 0.008568951116229014
 0.00400763068515115
 0.008568951116229014
 0.008568951116229014
 0.00400763068515115
 0.008568951116229014
 0.008568951116229014
 0.006060490057960934
 0.003738104382921736
 0.008568951116229014
 0.008568951116229014
 0.00400763068515115
 0.008568951116229014
 0.008568951116229014
 0.00400763068515115
 0.008568951116229014
 0.008568951116229014
 0.006060490057960934
 0.003738104382921736
 0.008568951116229014
 0.008568951116229014
 0.00400763068515115
 0.008568951116229014
 0.008568951116229014
 0.00400763068515115
 0.008568951116229014
 0.008568951116229014
 0.008568951116229014
 0.003738104382921736
 0.008568951116229014
 0.008568951116229014
 0.00400763068515115
 0.008568951116229014
 0.008568951116229014
 0.00400763068515115
 0.008568951116229014
 0.008568951116229014
 0.008568951116229014
 0.003738104382921736
 0.008568951116229014
 0.008568951116229014
 0.00400763068515115
 0.008568951116229014
 0.008568951116229014
 0.00400763068515115
 0.008568951116229014
 0.008568951116229014
 0.008568951116229014
 0.003738104382921736
 0.008568951116229014
 0.008568951116229014
 0.006060490057960934
 0.008568951116229014
 0.008568951116229014
 0.00400763068515115
 0.008568951116229014
 0.008568951116229014
 0.008568951116229014
 0.003738104382921736
 0.008568951116229014
 0.008568951116229014
 0.006060490057960934
 0.008568951116229014
 0.008568951116229014
 0.00400763068515115
 0.008568951116229014
 0.008568951116229014
 0.008568951116229014
 0.003738104382921736
 0.008568951116229014
 0.008568951116229014
 0.006060490057960934
 0.008568951116229014
 0.008568951116229014
 0.00400763068515115
 0.008568951116229014
 0.008568951116229014
 0.008568951116229014
 0.003738104382921736
 0.008568951116229014
 0.008568951116229014
 0.00400763068515115
 0.008568951116229014
 0.008568951116229014
 0.00400763068515115
 0.008568951116229014
 0.008568951116229014
 0.008568951116229014
 0.003738104382921736
 0.008568951116229014
 0.008568951116229014
 0.00400763068515115
 0.008568951116229014
 0.008568951116229014
 0.00400763068515115
 0.008568951116229014
 0.008568951116229014
 0.008568951116229014
 0.003738104382921736
 0.008568951116229014
 0.008568951116229014
 0.00400763068515115
 0.008568951116229014
 0.008568951116229014
 0.00400763068515115
 0.008568951116229014
 0.008568951116229014
 0.008568951116229014
 0.003738104382921736
 0.008568951116229014
 0.008568951116229014
 0.00400763068515115
 0.008568951116229014
 0.008568951116229014
 0.00400763068515115
 0.008568951116229014
 0.008568951116229014
 0.008568951116229014
 0.003738104382921736
