# Created by Octave 3.2.4, Mon Feb 04 11:15:49 2013 EST <rbom@zaphod>
# name: small_First_Fit
# type: matrix
# ndims: 3
 1 10 30
 8.966145107748272e-15
 5.619316052264521e-12
 7.106995632320158e-13
 6.19771303372945e-15
 2.245740898988391e-12
 5.533712709563543e-16
 9.115298208701244e-13
 1.089388457535795e-12
 1.40344370959132e-14
 6.933484328635067e-12
 1.256879760559073e-08
 8.908816843040253e-07
 4.63749129935315e-10
 3.325451949583541e-09
 4.595331423221195e-08
 9.289997376976289e-11
 1.51741135660755e-08
 2.189627309879882e-09
 2.823146179519299e-11
 2.260116732428496e-07
 3.324302200849731e-07
 0.0005554136277342565
 1.396591271607428e-07
 1.622302244588076e-06
 0.002484538897205717
 2.49404758524143e-08
 8.772971576834485e-06
 2.616676473701174e-06
 1.787134052213114e-06
 9.001724181487835e-06
 1.407173240233226e-05
 0.003522588541342402
 7.374767068384561e-07
 0.0004364676425170071
 0.002484538897205717
 3.169730198475658e-06
 0.0002106049546903176
 0.0006760522880770138
 4.894084264893794e-05
 0.0002106049546903176
 0.0006095531951165005
 0.0111954551847874
 0.0001124085824358875
 0.004227812962763795
 0.002484538897205717
 0.003774086552963512
 0.00741792111610598
 0.02144237085111873
 0.002484538897205717
 0.0002106049546903176
 0.005932118364760418
 0.0111954551847874
 0.003522588541342402
 0.02144237085111873
 0.0142421479926184
 0.02448262592454855
 0.02448262592454855
 0.02144237085111873
 0.006079407724992784
 0.004777140575252251
 0.02448262592454855
 0.0111954551847874
 0.003522588541342402
 0.02144237085111873
 0.0142421479926184
 0.02448262592454855
 0.02448262592454855
 0.02144237085111873
 0.006079407724992784
 0.007298604708709751
 0.02448262592454855
 0.0111954551847874
 0.0142421479926184
 0.02144237085111873
 0.0142421479926184
 0.02448262592454855
 0.02448262592454855
 0.02144237085111873
 0.002484538897205717
 0.02144237085111873
 0.02448262592454855
 0.02144237085111873
 0.02448262592454855
 0.02144237085111873
 0.0142421479926184
 0.02448262592454855
 0.02448262592454855
 0.02144237085111873
 0.009903407290484124
 0.02144237085111873
 0.02448262592454855
 0.0111954551847874
 0.02448262592454855
 0.02144237085111873
 0.0142421479926184
 0.02448262592454855
 0.02448262592454855
 0.02144237085111873
 0.01197850412155417
 0.02144237085111873
 0.02448262592454855
 0.02448262592454855
 0.02448262592454855
 0.02448262592454855
 0.0142421479926184
 0.02448262592454855
 0.02448262592454855
 0.02144237085111873
 0.01197850412155417
 0.02144237085111873
 0.02448262592454855
 0.02448262592454855
 0.02448262592454855
 0.02448262592454855
 0.0142421479926184
 0.02448262592454855
 0.02448262592454855
 0
 0.0142421479926184
 0.02144237085111873
 0.02448262592454855
 0.02448262592454855
 0.02448262592454855
 0.02448262592454855
 0
 0
 0
 0
 0.0139671739835423
 0.02144237085111873
 0
 0.02448262592454855
 0.02448262592454855
 0.02144237085111873
 0
 0
 0
 0
 0.01197850412155417
 0.02144237085111873
 0
 0.02448262592454855
 0.02448262592454855
 0.02144237085111873
 0
 0
 0
 0
 0.01197850412155417
 0
 0
 0.02448262592454855
 0
 0.02448262592454855
 0
 0
 0
 0
 0.01197850412155417
 0
 0
 0.02448262592454855
 0
 0.02448262592454855
 0
 0
 0
 0
 0.01857978165935744
 0
 0
 0
 0
 0.02144237085111873
 0
 0
 0
 0
 0.01857978165935744
 0
 0
 0
 0
 0.02144237085111873
 0
 0
 0
 0
 0.01857978165935744
 0
 0
 0
 0
 0.02144237085111873
 0
 0
 0
 0
 0.01857978165935744
 0
 0
 0
 0
 0.02448262592454855
 0
 0
 0
 0
 0.01857978165935744
 0
 0
 0
 0
 0.02144237085111873
 0
 0
 0
 0
 0.01857978165935744
 0
 0
 0
 0
 0.02144237085111873
 0
 0
 0
 0
 0.02144237085111873
 0
 0
 0
 0
 0.02144237085111873
 0
 0
 0
 0
 0.01857978165935744
 0
 0
 0
 0
 0.02144237085111873
 0
 0
 0
 0
 0.01857978165935744
 0
 0
 0
 0
 0.02144237085111873
 0
 0
 0
 0
 0.01857978165935744
 0
 0
 0
 0
 0.02144237085111873
 0
 0
 0
 0
 0.01857978165935744
 0
 0
 0
 0
 0
 0
 0
 0
 0
 0.02144237085111873
 0
 0
 0
 0
 0
 0
 0
 0
 0
 0.01857978165935744
 0
 0
 0
 0
 0
 0
 0
 0
 0
 0.01857978165935744
 0
