# Created by Octave 3.2.4, Sun Feb 03 22:08:08 2013 EST <rbom@zaphod>
# name: small_First_Fit
# type: matrix
# ndims: 3
 1 10 30
 3.00829161228641e-21
 9.306271143158729e-23
 6.801562361048455e-24
 7.538210704689209e-21
 1.224191347655122e-22
 5.627584414983211e-17
 1.601172428154355e-25
 2.708109771604272e-18
 3.518347556182771e-15
 6.39000659299947e-16
 4.143450772941759e-16
 1.12204716289383e-16
 8.592977025061956e-18
 5.986423820730369e-15
 1.312452694053821e-16
 4.390385376585033e-11
 3.731802961425705e-16
 1.948837449326194e-10
 1.550068186435264e-07
 3.352098036455229e-12
 8.778665195214148e-13
 4.151340399042867e-10
 4.324334270095447e-13
 3.064196548694914e-11
 1.899603349736298e-11
 1.44404939449499e-07
 1.814017696535398e-12
 2.028559184386625e-09
 1.945719034646089e-05
 1.706248078311019e-08
 7.211001141286061e-10
 1.017254696740461e-07
 2.208011026623521e-09
 2.755099993718086e-06
 4.887127168173478e-09
 0.0004552550638183601
 1.639252546336353e-05
 0.04240499014691113
 0.0004009257039127794
 1.26124183826032e-05
 2.089512757777845e-05
 1.945719034646089e-05
 1.804665187130531e-06
 0.0004552550638183601
 1.197970502070962e-06
 0.003538187531817612
 0.004304151156428561
 0.04240499014691113
 0.0004009257039127794
 3.694781802214713e-05
 0.004304151156428561
 0.002057929195096348
 0.001333965214765188
 0.0009139576194523213
 0.004304151156428561
 0.004304151156428561
 0.004304151156428561
 0.04240499014691113
 0.0004009257039127794
 0.001333965214765188
 0.004304151156428561
 0.002057929195096348
 0.003907896919120948
 0.0004552550638183601
 0.004304151156428561
 0.04240499014691113
 0.04240499014691113
 0.04240499014691113
 0.0004009257039127794
 0.001333965214765188
 0.004304151156428561
 0.002057929195096348
 0.003907896919120948
 0.0004552550638183601
 0.004304151156428561
 0.04240499014691113
 0.04240499014691113
 0.04240499014691113
 0.04240499014691113
 0.001333965214765188
 0.004304151156428561
 0.004304151156428561
 0.003907896919120948
 0.0004552550638183601
 0.004304151156428561
 0.04240499014691113
 0.04240499014691113
 0.04240499014691113
 0.04240499014691113
 0.001333965214765188
 0.004304151156428561
 0.004304151156428561
 0.003907896919120948
 0.0004552550638183601
 0.004304151156428561
 0.04240499014691113
 0.04240499014691113
 0.04240499014691113
 0.04240499014691113
 0.001333965214765188
 0.004304151156428561
 0.004304151156428561
 0.003907896919120948
 0.0004552550638183601
 0.004304151156428561
 0.04240499014691113
 0.04240499014691113
 0.04240499014691113
 0.04240499014691113
 0.001333965214765188
 0.004304151156428561
 0.004304151156428561
 0.003907896919120948
 0.004304151156428561
 0.004304151156428561
 0.04240499014691113
 0.04240499014691113
 0.04240499014691113
 0.04240499014691113
 0.001333965214765188
 0.004304151156428561
 0.004304151156428561
 0.003907896919120948
 0.004304151156428561
 0.004304151156428561
 0.04240499014691113
 0.04240499014691113
 0.04240499014691113
 0.04240499014691113
 0.001333965214765188
 0.004304151156428561
 0.004304151156428561
 0.004304151156428561
 0.004304151156428561
 0.004304151156428561
 0.04240499014691113
 0.04240499014691113
 0.04240499014691113
 0.04240499014691113
 0.001333965214765188
 0.004304151156428561
 0.004304151156428561
 0.004304151156428561
 0.004304151156428561
 0.004304151156428561
 0.04240499014691113
 0.04240499014691113
 0.04240499014691113
 0.04240499014691113
 0.004304151156428561
 0.004304151156428561
 0.004304151156428561
 0.003907896919120948
 0.004304151156428561
 0.004304151156428561
 0.04240499014691113
 0.04240499014691113
 0.04240499014691113
 0.04240499014691113
 0.004304151156428561
 0.004304151156428561
 0.004304151156428561
 0.003907896919120948
 0.004304151156428561
 0.004304151156428561
 0.04240499014691113
 0.04240499014691113
 0.04240499014691113
 0.04240499014691113
 0.004304151156428561
 0.004304151156428561
 0.004304151156428561
 0.003907896919120948
 0.004304151156428561
 0.004304151156428561
 0.04240499014691113
 0.04240499014691113
 0.04240499014691113
 0.04240499014691113
 0.004304151156428561
 0.004304151156428561
 0.004304151156428561
 0.003907896919120948
 0.04240499014691113
 0.004304151156428561
 0.04240499014691113
 0.04240499014691113
 0.04240499014691113
 0.04240499014691113
 0.004304151156428561
 0.004304151156428561
 0.004304151156428561
 0.003907896919120948
 0.04240499014691113
 0.004304151156428561
 0.04240499014691113
 0.04240499014691113
 0.04240499014691113
 0.04240499014691113
 0.004304151156428561
 0.004304151156428561
 0.004304151156428561
 0.003907896919120948
 0.04240499014691113
 0.004304151156428561
 0.04240499014691113
 0.04240499014691113
 0.04240499014691113
 0.04240499014691113
 0.004304151156428561
 0.004304151156428561
 0.004304151156428561
 0.003907896919120948
 0.04240499014691113
 0.004304151156428561
 0.04240499014691113
 0.04240499014691113
 0.04240499014691113
 0.04240499014691113
 0.004304151156428561
 0.004304151156428561
 0.004304151156428561
 0.003907896919120948
 0.04240499014691113
 0.004304151156428561
 0.04240499014691113
 0.04240499014691113
 0.04240499014691113
 0.04240499014691113
 0.004304151156428561
 0.004304151156428561
 0.004304151156428561
 0.04240499014691113
 0.04240499014691113
 0.004304151156428561
 0.04240499014691113
 0.04240499014691113
 0.04240499014691113
 0.04240499014691113
 0.004304151156428561
 0.004304151156428561
 0.004304151156428561
 0.04240499014691113
 0.04240499014691113
 0.004304151156428561
 0.04240499014691113
 0.04240499014691113
 0.04240499014691113
 0.04240499014691113
 0.004304151156428561
 0.004304151156428561
 0.004304151156428561
 0.04240499014691113
 0.04240499014691113
 0.004304151156428561
 0.04240499014691113
 0.04240499014691113
 0.04240499014691113
 0.04240499014691113
 0.004304151156428561
 0.004304151156428561
 0.004304151156428561
 0.04240499014691113
 0.04240499014691113
 0.004304151156428561
 0.04240499014691113
 0.04240499014691113
 0.04240499014691113
 0.04240499014691113
 0.004304151156428561
 0.004304151156428561
 0.004304151156428561
 0.04240499014691113
 0.04240499014691113
 0.004304151156428561
 0.04240499014691113
 0.04240499014691113
 0.04240499014691113
 0.04240499014691113
 0.004304151156428561
 0.004304151156428561
 0.04240499014691113
 0.04240499014691113
 0.04240499014691113
 0.004304151156428561
 0.04240499014691113
 0.04240499014691113
 0.04240499014691113
 0.04240499014691113
 0.004304151156428561
 0.004304151156428561
 0.04240499014691113
 0.04240499014691113
 0.04240499014691113
 0.004304151156428561
 0.04240499014691113
 0.04240499014691113
 0.04240499014691113
 0.04240499014691113
 0.004304151156428561
