# Created by Octave 3.2.4, Mon Feb 04 15:07:21 2013 EST <rbom@zaphod>
# name: small_First_Fit
# type: matrix
# ndims: 3
 1 10 30
 8.486746249188836e-11
 4.991031125286702e-13
 1.455183558582733e-08
 1.272863170103486e-09
 1.82989204590826e-10
 1.951147694778373e-12
 7.506612347562325e-11
 1.035041249913839e-07
 1.056217094574623e-11
 1.643826256198195e-12
 3.211663612582479e-08
 1.305224024063606e-06
 8.423275516042989e-05
 2.004985472613012e-06
 4.740896926687006e-05
 7.91419327270184e-08
 1.933584356155676e-07
 2.286557442817467e-06
 3.24988327765746e-08
 9.243265159643955e-06
 1.062888860174825e-05
 3.155093021989878e-05
 0.0008483982463199537
 8.333764759997913e-05
 0.001003494340081733
 9.31575670148281e-06
 0.0005097016507468809
 0.0001007380263217942
 0.0003975925418203915
 0.001110173425755494
 0.0003604702434731516
 0.0004822933758522702
 0.008961796323763356
 0.0008753208999134867
 0.003851506984729895
 0.0007875080550656866
 0.003751979794855457
 0.0001007380263217942
 0.007107425090868184
 0.001110173425755494
 0.0008915203730050565
 0.007025724476795253
 0.02076935276750323
 0.005226010146720934
 0.02243449376459429
 0.01834124520114136
 0.0105910088642545
 0.02450338348954903
 0.007460629894362657
 0.00419978172409423
 0.004680635528177002
 0.03328686920993339
 0.01683674156563963
 0.02730742828435339
 0.02243449376459429
 0.01834124520114136
 0.0105910088642545
 0.02450338348954903
 0.02040646700127622
 0.006104378802298352
 0.007519749239929379
 0.03328686920993339
 0.02076935276750323
 0.03328686920993339
 0.0606602885466876
 0.01834124520114136
 0.0105910088642545
 0.02450338348954903
 0.01805813736676621
 0.02271217282287685
 0.009900576390665097
 0.03328686920993339
 0.02076935276750323
 0.05786565797265645
 0.02243449376459429
 0.0606602885466876
 0.0105910088642545
 0.02450338348954903
 0.02040646700127622
 0.0606602885466876
 0.009900576390665097
 0.03328686920993339
 0.05786565797265645
 0.0606602885466876
 0.05046488683208163
 0.0606602885466876
 0.01851212514037539
 0.0606602885466876
 0.02450338348954903
 0.0606602885466876
 0.0606602885466876
 0.03328686920993339
 0.05786565797265645
 0.0606602885466876
 0.05046488683208163
 0.0606602885466876
 0.02523063915283156
 0.02450338348954903
 0.02730742828435339
 0.0606602885466876
 0.0606602885466876
 0.0606602885466876
 0.02523063915283156
 0.0606602885466876
 0.05046488683208163
 0.0606602885466876
 0.02243449376459429
 0.02450338348954903
 0.06061488515133218
 0.0606602885466876
 0.0606602885466876
 0.0606602885466876
 0.02243449376459429
 0.0606602885466876
 0.0606602885466876
 0.0606602885466876
 0.02243449376459429
 0.05046488683208163
 0.06061488515133218
 0.0606602885466876
 0.0606602885466876
 0.0606602885466876
 0.02243449376459429
 0.0606602885466876
 0.0606602885466876
 0.0606602885466876
 0.02243449376459429
 0.06061488515133218
 0.06061488515133218
 0.0606602885466876
 0.0606602885466876
 0.0606602885466876
 0.05786565797265645
 0.0606602885466876
 0.0606602885466876
 0.0606602885466876
 0.02243449376459429
 0.05786565797265645
 0.06061488515133218
 0.0606602885466876
 0.0606602885466876
 0.0606602885466876
 0.05786565797265645
 0.0606602885466876
 0.0606602885466876
 0
 0.02243449376459429
 0.05046488683208163
 0.06061488515133218
 0
 0.0606602885466876
 0.0606602885466876
 0.05786565797265645
 0
 0.0606602885466876
 0
 0.02243449376459429
 0.05046488683208163
 0.06061488515133218
 0
 0
 0.0606602885466876
 0.05786565797265645
 0
 0.0606602885466876
 0
 0
 0.05046488683208163
 0.06061488515133218
 0
 0
 0
 0.05786565797265645
 0
 0.0606602885466876
 0
 0
 0.05786565797265645
 0
 0
 0
 0
 0.05786565797265645
 0
 0
 0
 0
 0.05046488683208163
 0
 0
 0
 0
 0.05786565797265645
 0
 0
 0
 0
 0.05046488683208163
 0
 0
 0
 0
 0
 0
 0
 0
 0
 0.0524262665749957
 0
 0
 0
 0
 0
 0
 0
 0
 0
 0.06061488515133218
 0
 0
 0
 0
 0
 0
 0
 0
 0
 0.0606602885466876
 0
 0
 0
 0
 0
 0
 0
 0
 0
 0.0606602885466876
 0
 0
 0
 0
 0
 0
 0
 0
 0
 0.0606602885466876
 0
 0
 0
 0
 0
 0
 0
 0
 0
 0.0606602885466876
 0
 0
 0
 0
 0
 0
 0
 0
 0
 0.0606602885466876
 0
 0
 0
 0
 0
 0
 0
 0
 0
 0.0606602885466876
 0
 0
 0
 0
 0
 0
 0
 0
 0
 0.0606602885466876
 0
 0
 0
 0
 0
 0
 0
 0
 0
 0
 0
 0
