# Created by Octave 3.2.4, Tue Feb 05 23:46:47 2013 EST <rbom@zaphod>
# name: small_First_Fit
# type: matrix
# ndims: 3
 1 10 30
 3.829502045840709e-08
 2.160150411600947e-09
 7.158344728959877e-07
 1.379096242067622e-10
 1.703311531470831e-08
 2.981292368871328e-10
 3.695276138491402e-09
 2.00371219250596e-09
 2.195330987349747e-06
 1.643793242475552e-08
 2.313854389231391e-05
 1.053463577021087e-06
 0.0001935446113498949
 1.29506613802029e-08
 2.306612413288974e-06
 1.913784970851166e-07
 1.94805503461792e-07
 4.674102026918847e-07
 2.756427619889173e-05
 0.0004649391661264248
 0.0005787188690685248
 6.224678196247413e-05
 0.0007141571787435978
 6.173722009118745e-06
 3.557489217500359e-05
 1.612365778809143e-06
 3.30138941650333e-06
 1.228779972229728e-05
 0.0006258481573356373
 0.00179224484364075
 0.0007801889807637385
 0.0004666918281647163
 0.00378454077666608
 3.523490495306749e-05
 0.0002536831669547614
 4.9517292310825e-05
 0.0001107950200295198
 0.0002917594721408954
 0.0042603235922063
 0.00179224484364075
 0.0007801889807637385
 0.001547446161006384
 0.006811623528458054
 0.0002622728581976542
 0.002950977934058111
 0.000354574381899184
 0.0008483374705428936
 0.001946583401204716
 0.0042603235922063
 0.00179224484364075
 0.001071191598050165
 0.002503189956822945
 0.006811623528458054
 0.004246554026818353
 0.002950977934058111
 0.0009700414658291763
 0.007856588250153916
 0.003205984135124486
 0.0042603235922063
 0.004188263684369152
 0.002152517984866161
 0.006150590399353601
 0.006811623528458054
 0.004246554026818353
 0.0042603235922063
 0.0009700414658291763
 0.004852574645123615
 0.004741034469289428
 0.0042603235922063
 0.004188263684369152
 0.002152517984866161
 0.007856588250153916
 0.006811623528458054
 0.004246554026818353
 0.004852574645123615
 0.0009700414658291763
 0.004147367651206594
 0.003205984135124486
 0.007856588250153916
 0.004188263684369152
 0.001889736121167819
 0.007856588250153916
 0.006811623528458054
 0.006150590399353601
 0.004852574645123615
 0.004246554026818353
 0.004147367651206594
 0.007856588250153916
 0.007856588250153916
 0.004188263684369152
 0.002268230219748479
 0.007856588250153916
 0.007856588250153916
 0.006150590399353601
 0.004852574645123615
 0.004246554026818353
 0.004147367651206594
 0.007856588250153916
 0.007856588250153916
 0.004188263684369152
 0.001889736121167819
 0.007856588250153916
 0.007856588250153916
 0.006150590399353601
 0.007448511657745447
 0.006150590399353601
 0.004852574645123615
 0.007856588250153916
 0.007856588250153916
 0.004188263684369152
 0.002268230219748479
 0.007856588250153916
 0.007856588250153916
 0.006150590399353601
 0.007448511657745447
 0.006811623528458054
 0.004852574645123615
 0.007856588250153916
 0.007856588250153916
 0.004188263684369152
 0.003205984135124486
 0.007856588250153916
 0.007856588250153916
 0.006150590399353601
 0.007856588250153916
 0.006811623528458054
 0.004147367651206594
 0.007856588250153916
 0.007856588250153916
 0
 0.006150590399353601
 0.007856588250153916
 0.007856588250153916
 0.006150590399353601
 0.007856588250153916
 0.006811623528458054
 0.004147367651206594
 0.007856588250153916
 0.007856588250153916
 0
 0.007856588250153916
 0
 0.007856588250153916
 0.006150590399353601
 0.007448511657745447
 0.006811623528458054
 0.004147367651206594
 0.007856588250153916
 0
 0
 0.007448511657745447
 0
 0.007856588250153916
 0
 0.007448511657745447
 0.006811623528458054
 0.004147367651206594
 0
 0
 0
 0.007448511657745447
 0
 0
 0
 0.007448511657745447
 0.006811623528458054
 0.004147367651206594
 0
 0
 0
 0.006811623528458054
 0
 0
 0
 0.007856588250153916
 0.006811623528458054
 0
 0
 0
 0
 0.007856588250153916
 0
 0
 0
 0.006811623528458054
 0
 0
 0
 0
 0
 0.007448511657745447
 0
 0
 0
 0.007856588250153916
 0
 0
 0
 0
 0
 0.007448511657745447
 0
 0
 0
 0.006811623528458054
 0
 0
 0
 0
 0
 0.007856588250153916
 0
 0
 0
 0.007856588250153916
 0
 0
 0
 0
 0
 0.007448511657745447
 0
 0
 0
 0.007856588250153916
 0
 0
 0
 0
 0
 0.007856588250153916
 0
 0
 0
 0.007856588250153916
 0
 0
 0
 0
 0
 0.007856588250153916
 0
 0
 0
 0.007856588250153916
 0
 0
 0
 0
 0
 0.007856588250153916
 0
 0
 0
 0.007856588250153916
 0
 0
 0
 0
 0
 0.007448511657745447
 0
 0
 0
 0.007856588250153916
 0
 0
 0
 0
 0
 0.007856588250153916
 0
 0
 0
 0.007856588250153916
 0
 0
 0
 0
 0
 0.007856588250153916
 0
 0
 0
 0
 0
 0
 0
 0
 0
 0.007856588250153916
 0
 0
 0
 0
 0
 0
 0
 0
 0
