# Created by Octave 3.2.4, Mon Feb 04 07:30:35 2013 EST <rbom@zaphod>
# name: small_First_Fit
# type: matrix
# ndims: 3
 1 10 30
 1.078678393082429e-25
 2.394700802674298e-23
 1.707723867962124e-26
 3.975648022767781e-21
 1.263735014303785e-24
 8.461026935529314e-11
 1.812483303469849e-19
 3.735932238212211e-12
 2.098813685679459e-21
 1.538745445350767e-16
 5.082944146464668e-10
 1.434602814506589e-16
 2.127607711617926e-18
 3.000092062605877e-15
 4.204863909050044e-19
 2.901842988500784e-08
 1.443313217377225e-11
 3.087775840997193e-07
 1.009281470008191e-12
 2.119359464675771e-11
 2.334557018507861e-07
 0.0003192919648153376
 3.277211036368829e-13
 1.099442800681938e-12
 4.703311324163916e-14
 6.565378126256157e-06
 4.414360613430012e-09
 5.30181752048035e-05
 3.189900014687009e-08
 3.125875587310981e-07
 5.366756196153821e-05
 0.0003192919648153376
 3.788043935133303e-11
 4.512344564618191e-09
 9.99412883451616e-11
 0.0001560213497720212
 1.705688412757214e-06
 0.003641033037920567
 1.443602711453248e-05
 0.0001162843244202743
 0.01447656550473024
 0.01447656550473024
 3.488592499126782e-07
 1.665511770289899e-06
 4.520206959384177e-07
 0.004164980364188719
 5.30181752048035e-05
 0.003641033037920567
 0.003641033037920567
 0.001056171789742647
 0.01447656550473024
 0.01447656550473024
 0.0001065677458510972
 0.001452937813624985
 3.240642517534049e-05
 0.004164980364188719
 0.0001171398758753573
 0.003641033037920567
 0.02514802939311676
 0.02514802939311676
 0.01447656550473024
 0.01447656550473024
 0.001066211286482364
 0.001452937813624985
 0.003641033037920567
 0.004164980364188719
 0.003641033037920567
 0.003641033037920567
 0.02514802939311676
 0.02514802939311676
 0.01447656550473024
 0.01447656550473024
 0.02514802939311676
 0.001452937813624985
 0.003641033037920567
 0.004164980364188719
 0.003641033037920567
 0.003641033037920567
 0.02514802939311676
 0.02514802939311676
 0.01447656550473024
 0.01447656550473024
 0.02514802939311676
 0.01447656550473024
 0.003641033037920567
 0.01447656550473024
 0.003641033037920567
 0.003641033037920567
 0.02514802939311676
 0.02514802939311676
 0.01447656550473024
 0.01447656550473024
 0.02514802939311676
 0.02514802939311676
 0.003641033037920567
 0.01447656550473024
 0.02514802939311676
 0.003641033037920567
 0.02514802939311676
 0.02514802939311676
 0.01447656550473024
 0.01447656550473024
 0.02514802939311676
 0.02514802939311676
 0.003641033037920567
 0.01447656550473024
 0.003641033037920567
 0.003641033037920567
 0.02514802939311676
 0.02514802939311676
 0.01447656550473024
 0.01447656550473024
 0.02514802939311676
 0.02514802939311676
 0.003641033037920567
 0.01447656550473024
 0.003641033037920567
 0.003641033037920567
 0.02514802939311676
 0.02514802939311676
 0.01447656550473024
 0.01447656550473024
 0.02514802939311676
 0.02514802939311676
 0.003641033037920567
 0.01447656550473024
 0.003641033037920567
 0.004164980364188719
 0.02514802939311676
 0.02514802939311676
 0.01447656550473024
 0.01447656550473024
 0.02514802939311676
 0.02514802939311676
 0.02514802939311676
 0.01447656550473024
 0.003641033037920567
 0.004164980364188719
 0.02514802939311676
 0.02514802939311676
 0.02514802939311676
 0.01447656550473024
 0.02514802939311676
 0.02514802939311676
 0.02514802939311676
 0.01447656550473024
 0.003641033037920567
 0.01447656550473024
 0.02514802939311676
 0.02514802939311676
 0.02514802939311676
 0.01447656550473024
 0.02514802939311676
 0.02514802939311676
 0.02514802939311676
 0.01447656550473024
 0.003641033037920567
 0.01447656550473024
 0.02514802939311676
 0.02514802939311676
 0.01447656550473024
 0.01447656550473024
 0.02514802939311676
 0.02514802939311676
 0.02514802939311676
 0.01447656550473024
 0.003641033037920567
 0.01447656550473024
 0.02514802939311676
 0.02514802939311676
 0.01447656550473024
 0.01447656550473024
 0.02514802939311676
 0.02514802939311676
 0.02514802939311676
 0.01447656550473024
 0.003641033037920567
 0.01447656550473024
 0.02514802939311676
 0.02514802939311676
 0.01447656550473024
 0.01447656550473024
 0.02514802939311676
 0.02514802939311676
 0.02514802939311676
 0.01447656550473024
 0.003641033037920567
 0.01447656550473024
 0.02514802939311676
 0.02514802939311676
 0.01447656550473024
 0.01447656550473024
 0.02514802939311676
 0.02514802939311676
 0.02514802939311676
 0.02514802939311676
 0.02514802939311676
 0.02514802939311676
 0.02514802939311676
 0.02514802939311676
 0.01447656550473024
 0.01447656550473024
 0.02514802939311676
 0.02514802939311676
 0.02514802939311676
 0.02514802939311676
 0.02514802939311676
 0.01447656550473024
 0.02514802939311676
 0.02514802939311676
 0.01447656550473024
 0.01447656550473024
 0.02514802939311676
 0.02514802939311676
 0.02514802939311676
 0.02514802939311676
 0.02514802939311676
 0.01447656550473024
 0.02514802939311676
 0.02514802939311676
 0.01447656550473024
 0.01447656550473024
 0.02514802939311676
 0.02514802939311676
 0.02514802939311676
 0.01447656550473024
 0.02514802939311676
 0.01447656550473024
 0.02514802939311676
 0.02514802939311676
 0.01447656550473024
 0.01447656550473024
 0.02514802939311676
 0.02514802939311676
 0.02514802939311676
 0.01447656550473024
 0.02514802939311676
 0.01447656550473024
 0.02514802939311676
 0.02514802939311676
 0.01447656550473024
 0.02514802939311676
 0.02514802939311676
 0.02514802939311676
 0.02514802939311676
 0.01447656550473024
 0.02514802939311676
 0.01447656550473024
 0.02514802939311676
 0.02514802939311676
 0.01447656550473024
 0.02514802939311676
 0.02514802939311676
 0.02514802939311676
 0.02514802939311676
 0.01447656550473024
 0.02514802939311676
 0.01447656550473024
 0.02514802939311676
 0.02514802939311676
 0.01447656550473024
 0.02514802939311676
 0.02514802939311676
 0.02514802939311676
 0.02514802939311676
 0.01447656550473024
 0.02514802939311676
 0.01447656550473024
 0.02514802939311676
 0.02514802939311676
 0.01447656550473024
 0.02514802939311676
 0.02514802939311676
 0.02514802939311676
 0.02514802939311676
 0.01447656550473024
 0.02514802939311676
 0.01447656550473024
 0.02514802939311676
 0.02514802939311676
 0.01447656550473024
 0.02514802939311676
 0.02514802939311676
 0.02514802939311676
 0.02514802939311676
 0.01447656550473024
 0.02514802939311676
 0.01447656550473024
 0.02514802939311676
 0.02514802939311676
 0.01447656550473024
 0.02514802939311676
 0.02514802939311676
 0.02514802939311676
 0.02514802939311676
 0.01447656550473024
 0.02514802939311676
 0.01447656550473024
 0.02514802939311676
 0.02514802939311676
