# Created by Octave 3.2.4, Tue Feb 05 15:32:58 2013 EST <rbom@zaphod>
# name: small_First_Fit
# type: matrix
# ndims: 3
 1 10 30
 3.301265984639822e-11
 2.826559831505582e-13
 6.229834561903466e-14
 5.773763924729637e-12
 1.754146470302575e-10
 8.983116992165547e-16
 3.85226703665042e-15
 1.490089716141902e-13
 2.354402011761136e-13
 2.78587424382719e-16
 1.595255154132731e-07
 4.257508889605555e-09
 3.678059368659396e-10
 1.08131653440177e-08
 1.881438100527001e-05
 1.751750287145587e-09
 2.542130704653713e-11
 2.576857999820275e-09
 5.369351396666872e-10
 6.041358368630772e-11
 9.760635880713447e-06
 5.826718876286152e-07
 5.058583805078793e-08
 4.932143184895742e-07
 0.0008840289174602077
 9.108742805717249e-07
 2.116236689708073e-08
 6.653179649077031e-07
 1.268433767787186e-07
 5.26530294953801e-08
 0.0001526725128390722
 3.478012205537695e-05
 9.54387727205039e-06
 1.49797156392136e-05
 0.0008840289174602077
 0.0001334737173267442
 2.210819985671418e-06
 0.0002595751981216499
 1.143911621695778e-05
 0.0001121269050431697
 0.0002397292473064204
 8.348660202730771e-05
 0.0001313348354753392
 0.0002520361706025361
 0.0008840289174602077
 0.005601289199760252
 7.260138672471984e-05
 0.0003244901868996114
 5.440486605670259e-05
 0.001315147357147475
 0.0002397292473064204
 0.000658058246005869
 0.0002397292473064204
 0.0014708777257904
 0.0008840289174602077
 0.005601289199760252
 7.260138672471984e-05
 0.0003244901868996114
 0.0003209065445724322
 0.001315147357147475
 0.0009980136383323363
 0.003055135786209203
 0.001315147357147475
 0.0014708777257904
 0.0008840289174602077
 0.005601289199760252
 0.003055135786209203
 0.0003244901868996114
 0.000716978987664847
 0.003055135786209203
 0.0009980136383323363
 0.00446610160559306
 0.001315147357147475
 0.0014708777257904
 0.0008840289174602077
 0.005601289199760252
 0.00446610160559306
 0.005601289199760252
 0.0007586199852897187
 0.00446610160559306
 0.003055135786209203
 0.005601289199760252
 0.003055135786209203
 0.0014708777257904
 0.0008840289174602077
 0.005601289199760252
 0.005601289199760252
 0.005601289199760252
 0.0007586199852897187
 0.00446610160559306
 0.005601289199760252
 0.005601289199760252
 0.005601289199760252
 0.0014708777257904
 0.0008840289174602077
 0.005601289199760252
 0.005601289199760252
 0.005601289199760252
 0.005601289199760252
 0.00446610160559306
 0.005601289199760252
 0.005601289199760252
 0.005601289199760252
 0.0014708777257904
 0
 0.005601289199760252
 0.005601289199760252
 0.005601289199760252
 0.005601289199760252
 0.00446610160559306
 0.005601289199760252
 0.005601289199760252
 0.005601289199760252
 0.003055135786209203
 0
 0
 0.005601289199760252
 0.005601289199760252
 0.005601289199760252
 0.005601289199760252
 0.005601289199760252
 0.005601289199760252
 0.005601289199760252
 0.003055135786209203
 0
 0
 0.005601289199760252
 0.005601289199760252
 0.005601289199760252
 0.005601289199760252
 0.005601289199760252
 0.005601289199760252
 0.005601289199760252
 0.003055135786209203
 0
 0
 0.005601289199760252
 0.005601289199760252
 0.005601289199760252
 0.005601289199760252
 0.005601289199760252
 0.005601289199760252
 0.005601289199760252
 0.003055135786209203
 0
 0
 0.005601289199760252
 0
 0.005601289199760252
 0.005601289199760252
 0.005601289199760252
 0
 0.005601289199760252
 0.00446610160559306
 0
 0
 0
 0
 0.005601289199760252
 0.005601289199760252
 0
 0
 0
 0.00446610160559306
 0
 0
 0
 0
 0
 0.005601289199760252
 0
 0
 0
 0.00446610160559306
 0
 0
 0
 0
 0
 0.00446610160559306
 0
 0
 0
 0.00446610160559306
 0
 0
 0
 0
 0
 0
 0
 0
 0
 0.005601289199760252
 0
 0
 0
 0
 0
 0
 0
 0
 0
 0.005601289199760252
 0
 0
 0
 0
 0
 0
 0
 0
 0
 0.005601289199760252
 0
 0
 0
 0
 0
 0
 0
 0
 0
 0.00446610160559306
 0
 0
 0
 0
 0
 0
 0
 0
 0
 0.00446610160559306
 0
 0
 0
 0
 0
 0
 0
 0
 0
 0.00446610160559306
 0
 0
 0
 0
 0
 0
 0
 0
 0
 0.005601289199760252
 0
 0
 0
 0
 0
 0
 0
 0
 0
 0.00446610160559306
 0
 0
 0
 0
 0
 0
 0
 0
 0
 0.005601289199760252
 0
 0
 0
 0
 0
 0
 0
 0
 0
 0.005601289199760252
 0
 0
 0
 0
 0
 0
 0
 0
 0
 0.00446610160559306
 0
 0
 0
 0
 0
 0
