# Created by Octave 3.2.4, Mon Feb 04 20:54:21 2013 EST <rbom@zaphod>
# name: small_First_Fit
# type: matrix
# ndims: 3
 1 10 30
 7.920771249584272e-19
 8.732808013120045e-15
 5.227961433717115e-14
 6.097810798848907e-19
 2.075098989685888e-16
 7.246185121104873e-18
 4.555348997140292e-13
 3.699797249337999e-16
 2.9590033635398e-17
 2.231345542022892e-13
 7.760804385276943e-15
 4.077710613665237e-11
 3.644243722367804e-11
 2.377165861433822e-15
 1.621050787092571e-13
 6.79678306407054e-14
 1.023441776496206e-09
 2.590389102523803e-13
 8.343863940300123e-13
 1.015742619736875e-08
 1.585730017377143e-11
 2.575503305665914e-07
 1.124650776844345e-07
 1.741987142913675e-09
 6.149396548155799e-08
 2.911438649691624e-08
 0.0001287157100602403
 2.073208416330399e-08
 3.243784821057712e-08
 4.540485098055916e-06
 1.542599779123523e-08
 1.038972282864577e-05
 0.000567834491715496
 2.492067553932184e-06
 6.132935588572831e-06
 4.140546450971419e-06
 0.00389001828649596
 2.344832320711823e-05
 1.832533632100281e-07
 0.00343089303869011
 8.245068992660922e-06
 0.001699091423467597
 0.006688542473473676
 0.0004605057620684017
 0.0002318332399081542
 0.000168039808330357
 0.00389001828649596
 0.006688542473473676
 2.036372738161195e-06
 0.005889731912987548
 8.245068992660922e-06
 0.006688542473473676
 0.006688542473473676
 0.0004605057620684017
 0.00389001828649596
 0.000168039808330357
 0.00389001828649596
 0.008147287876284394
 0.0002567611742061452
 0.005889731912987548
 0.006688542473473676
 0.006688542473473676
 0.008147287876284394
 0.006688542473473676
 0.00389001828649596
 0.005889731912987548
 0.005889731912987548
 0.008147287876284394
 0.0002567611742061452
 0.005889731912987548
 0.008147287876284394
 0.006688542473473676
 0.008147287876284394
 0.006688542473473676
 0.00389001828649596
 0.008147287876284394
 0.005889731912987548
 0.008147287876284394
 0.005889731912987548
 0.005889731912987548
 0.008147287876284394
 0.006688542473473676
 0.008147287876284394
 0.008147287876284394
 0.00389001828649596
 0.008147287876284394
 0.005889731912987548
 0.008147287876284394
 0.005889731912987548
 0.005889731912987548
 0.008147287876284394
 0.008147287876284394
 0.008147287876284394
 0.008147287876284394
 0.00389001828649596
 0.008147287876284394
 0.005889731912987548
 0.008147287876284394
 0.008147287876284394
 0.005889731912987548
 0.008147287876284394
 0.008147287876284394
 0.008147287876284394
 0.008147287876284394
 0.00389001828649596
 0.008147287876284394
 0.006688542473473676
 0.008147287876284394
 0.008147287876284394
 0.008147287876284394
 0.008147287876284394
 0.008147287876284394
 0.008147287876284394
 0.008147287876284394
 0.006688542473473676
 0.008147287876284394
 0.006688542473473676
 0.008147287876284394
 0.008147287876284394
 0.008147287876284394
 0.008147287876284394
 0.008147287876284394
 0.008147287876284394
 0.008147287876284394
 0.00389001828649596
 0.008147287876284394
 0.008147287876284394
 0
 0.008147287876284394
 0.008147287876284394
 0.008147287876284394
 0.008147287876284394
 0
 0.008147287876284394
 0.00389001828649596
 0.008147287876284394
 0.006688542473473676
 0
 0.008147287876284394
 0.008147287876284394
 0
 0.008147287876284394
 0
 0.008147287876284394
 0.00389001828649596
 0
 0.008147287876284394
 0
 0.008147287876284394
 0.008147287876284394
 0
 0.008147287876284394
 0
 0
 0.00389001828649596
 0
 0.008147287876284394
 0
 0.008147287876284394
 0.008147287876284394
 0
 0
 0
 0
 0.00389001828649596
 0
 0.008147287876284394
 0
 0
 0.008147287876284394
 0
 0
 0
 0
 0.005889731912987548
 0
 0.008147287876284394
 0
 0
 0
 0
 0
 0
 0
 0.005889731912987548
 0
 0.008147287876284394
 0
 0
 0
 0
 0
 0
 0
 0.005889731912987548
 0
 0.008147287876284394
 0
 0
 0
 0
 0
 0
 0
 0.005889731912987548
 0
 0.008147287876284394
 0
 0
 0
 0
 0
 0
 0
 0.005889731912987548
 0
 0
 0
 0
 0
 0
 0
 0
 0
 0.005889731912987548
 0
 0
 0
 0
 0
 0
 0
 0
 0
 0.005889731912987548
 0
 0
 0
 0
 0
 0
 0
 0
 0
 0
 0
 0
 0
 0
 0
 0
 0
 0
 0
 0
 0
 0
 0
 0
 0
 0
 0
 0
 0
 0
 0
 0
 0
 0
 0
 0
 0
 0
 0
 0
 0
 0
 0
 0
 0
 0
 0
 0
 0
 0
 0
 0
 0
 0
 0
 0
 0
 0
 0
 0
 0
 0
 0
 0
 0
