# Created by Octave 3.2.4, Thu Feb 07 00:36:04 2013 EST <rbom@zaphod>
# name: small_First_Fit
# type: matrix
# ndims: 3
 1 10 30
 1.969911295239302e-17
 2.204019886298313e-19
 4.027847223999043e-14
 3.108969282004485e-18
 1.882232939353378e-17
 8.94699925023533e-16
 2.443437904636599e-17
 6.80535273887757e-13
 1.212101090700748e-09
 1.766758738069956e-13
 2.777123597631569e-12
 1.057872829955916e-13
 1.610809056729766e-11
 4.038637831010377e-14
 1.453823353964221e-09
 2.813491854081056e-13
 5.958372607490435e-12
 6.871319019503341e-07
 3.46432275618343e-07
 5.911664160629114e-10
 1.122197518975406e-09
 2.570443546173817e-10
 5.051261538749409e-08
 1.080603764979561e-09
 1.184119586082154e-07
 1.759171339091053e-10
 6.667086417117834e-10
 5.695265375573982e-05
 7.932325556048822e-05
 1.983030316213612e-06
 4.25561897322213e-06
 1.334397079576274e-06
 7.303405527250187e-06
 4.102434179832674e-06
 8.360220737638844e-05
 5.081297715980711e-08
 1.486788121618863e-05
 0.0003154741126658634
 0.002412584720629084
 0.0001024122216661896
 0.0002196021342843481
 4.096909363333377e-05
 7.544083257540301e-05
 0.0003809572989213292
 0.0001529143809039561
 2.9705707907996e-06
 1.486788121618863e-05
 0.0003154741126658634
 0.0111261377349572
 0.0001024122216661896
 0.002412584720629084
 6.489834171943227e-05
 0.0003014487595246313
 0.0111261377349572
 0.0001529143809039561
 0.0001170352592247805
 0.002412584720629084
 0.0003154741126658634
 0.0111261377349572
 0.0001024122216661896
 0.002412584720629084
 0.0005366915359480698
 0.002351154668818824
 0.0111261377349572
 0.0001529143809039561
 0.0001170352592247805
 0.0111261377349572
 0.0003154741126658634
 0.0111261377349572
 0.0001024122216661896
 0.0111261377349572
 0.001649515639550691
 0.002351154668818824
 0.0111261377349572
 0.0111261377349572
 0.0001170352592247805
 0.0111261377349572
 0.002351154668818824
 0.0111261377349572
 0.002412584720629084
 0.0111261377349572
 0.002351154668818824
 0.002351154668818824
 0.0111261377349572
 0.0111261377349572
 0.0003694972300862698
 0.0111261377349572
 0.002351154668818824
 0.0111261377349572
 0.002412584720629084
 0.0111261377349572
 0.005630669269182677
 0.002351154668818824
 0.0111261377349572
 0.0111261377349572
 0.0003694972300862698
 0.0111261377349572
 0.002351154668818824
 0.0111261377349572
 0.0111261377349572
 0.0111261377349572
 0.005630669269182677
 0.002351154668818824
 0.0111261377349572
 0.0111261377349572
 0.0003694972300862698
 0.0111261377349572
 0.005630669269182677
 0.0111261377349572
 0.0111261377349572
 0.0111261377349572
 0.005630669269182677
 0.005630669269182677
 0.0111261377349572
 0.0111261377349572
 0.0003694972300862698
 0.0111261377349572
 0.005630669269182677
 0
 0.0111261377349572
 0.0111261377349572
 0.005630669269182677
 0.005630669269182677
 0
 0.0111261377349572
 0.001285260270680466
 0.0111261377349572
 0.005630669269182677
 0
 0.0111261377349572
 0.0111261377349572
 0.0111261377349572
 0.0111261377349572
 0
 0.0111261377349572
 0.001285260270680466
 0
 0.005630669269182677
 0
 0.0111261377349572
 0
 0.0111261377349572
 0.0111261377349572
 0
 0
 0.001649515639550691
 0
 0.005630669269182677
 0
 0.0111261377349572
 0
 0.0111261377349572
 0.005630669269182677
 0
 0
 0.002412584720629084
 0
 0.0111261377349572
 0
 0.0111261377349572
 0
 0.0111261377349572
 0.0111261377349572
 0
 0
 0.002412584720629084
 0
 0.0111261377349572
 0
 0
 0
 0.0111261377349572
 0.0111261377349572
 0
 0
 0.0111261377349572
 0
 0.0111261377349572
 0
 0
 0
 0.0111261377349572
 0.0111261377349572
 0
 0
 0.0111261377349572
 0
 0.0111261377349572
 0
 0
 0
 0.0111261377349572
 0.0111261377349572
 0
 0
 0.0111261377349572
 0
 0.0111261377349572
 0
 0
 0
 0
 0.0111261377349572
 0
 0
 0.0111261377349572
 0
 0.0111261377349572
 0
 0
 0
 0
 0.0111261377349572
 0
 0
 0.0111261377349572
 0
 0.0111261377349572
 0
 0
 0
 0
 0.0111261377349572
 0
 0
 0.0111261377349572
 0
 0
 0
 0
 0
 0
 0
 0
 0
 0.0111261377349572
 0
 0
 0
 0
 0
 0
 0
 0
 0
 0
 0
 0
 0
 0
 0
 0
 0
 0
 0
 0
 0
 0
 0
 0
 0
 0
 0
 0
 0
 0
 0
 0
 0
 0
 0
 0
 0
 0
 0
 0
 0
 0
 0
 0
 0
 0
 0
 0
 0
 0
 0
 0
 0
 0
 0
 0
 0
 0
 0
 0
 0
 0
 0
 0
