# Created by Octave 3.2.4, Thu Feb 07 09:43:23 2013 EST <rbom@zaphod>
# name: small_First_Fit
# type: matrix
# ndims: 3
 1 10 30
 4.33708481964977e-06
 0.000380311875002123
 1.105751046611006e-06
 1.852904924868425e-07
 9.896511706084856e-05
 0.0008540753964692479
 5.263068002385372e-06
 3.03525487738939e-07
 3.511143935045857e-06
 1.491217839810071e-05
 0.0001259306105278837
 0.006296493968762484
 0.0002148552714884258
 0.0004097422691321697
 0.003117809813073746
 0.0290694378478786
 0.0002258666562816151
 8.289991924617594e-05
 0.00105553749698147
 0.001295341647949389
 0.002847866261850992
 0.01830459841905095
 0.01472144812524549
 0.004403452338997765
 0.008047860165041167
 0.1378606251716968
 0.05514032382681337
 0.01533542576968178
 0.01370980270720149
 0.03002350641345223
 0.05575114032168789
 0.0664214125649365
 0.0998116726522281
 0.05873811921318711
 0.02462112568136208
 0.1378606251716968
 0.1272673830494508
 0.06554785184868908
 0.05648663537058551
 0.1075828409292366
 0.1794845326472828
 0.08644903163073463
 0.1082889921829602
 0.1004412667976993
 0.05575114032168789
 0.1378606251716968
 0.1906728829919073
 0.09994618397805176
 0.1403622586316533
 0.2288104452764167
 0.2913698958123602
 0.1197535928722512
 0.2498008702373117
 0.1004412667976993
 0.06278406521299883
 0.324222432111172
 0.4400190570468451
 0.1057628527973623
 0.23180385885552
 0.3665386169813779
 0.2913698958123602
 0.1390467749944754
 0.2913698958123602
 0.2413878767576806
 0.1053401969375274
 0.4027290780864882
 0.4400190570468451
 0.1398050657099426
 0.4400190570468451
 0.4400190570468451
 0.2913698958123602
 0.3215677838399189
 0.3226676678305649
 0.2413878767576806
 0.1664746425331436
 0.3665386169813779
 0.4400190570468451
 0.2407215105010972
 0.23180385885552
 0.441396272109209
 0.441396272109209
 0.2498008702373117
 0.4400190570468451
 0.2413878767576806
 0.3181438057451929
 0.4027290780864882
 0.441396272109209
 0.4400190570468451
 0.4400190570468451
 0.441396272109209
 0.3215677838399189
 0.3215677838399189
 0.3226676678305649
 0.3226676678305649
 0.3226676678305649
 0.441396272109209
 0.441396272109209
 0.441396272109209
 0.4400190570468451
 0.441396272109209
 0.441396272109209
 0.3215677838399189
 0.3665386169813779
 0.3226676678305649
 0.3226676678305649
 0.441396272109209
 0.441396272109209
 0.4400190570468451
 0.4400190570468451
 0.441396272109209
 0.441396272109209
 0.3215677838399189
 0.3226676678305649
 0.3665386169813779
 0.3226676678305649
 0.441396272109209
 0.441396272109209
 0.441396272109209
 0.4400190570468451
 0.441396272109209
 0.441396272109209
 0.441396272109209
 0.2913698958123602
 0.3665386169813779
 0.2913698958123602
 0.441396272109209
 0.441396272109209
 0.441396272109209
 0.441396272109209
 0.441396272109209
 0.441396272109209
 0.441396272109209
 0.2913698958123602
 0.3665386169813779
 0.2913698958123602
 0.441396272109209
 0.441396272109209
 0.441396272109209
 0.441396272109209
 0.441396272109209
 0.441396272109209
 0.441396272109209
 0.3215677838399189
 0.3665386169813779
 0.4027290780864882
 0.441396272109209
 0.441396272109209
 0.441396272109209
 0.4400190570468451
 0
 0.441396272109209
 0.441396272109209
 0.2913698958123602
 0.4400190570468451
 0.3215677838399189
 0.441396272109209
 0
 0.441396272109209
 0.441396272109209
 0
 0.441396272109209
 0.441396272109209
 0.2913698958123602
 0.4400190570468451
 0.3181438057451929
 0
 0
 0.441396272109209
 0.4400190570468451
 0
 0
 0.441396272109209
 0.3181438057451929
 0.4027290780864882
 0.3226676678305649
 0
 0
 0.441396272109209
 0.441396272109209
 0
 0
 0.441396272109209
 0.3181438057451929
 0.4027290780864882
 0.3215677838399189
 0
 0
 0
 0.441396272109209
 0
 0
 0
 0.3059895789475539
 0.4027290780864882
 0.3215677838399189
 0
 0
 0
 0.441396272109209
 0
 0
 0
 0.3059895789475539
 0.4027290780864882
 0.4027290780864882
 0
 0
 0
 0.441396272109209
 0
 0
 0
 0.3059895789475539
 0.4400190570468451
 0.3215677838399189
 0
 0
 0
 0.441396272109209
 0
 0
 0
 0.3215677838399189
 0.4400190570468451
 0.4027290780864882
 0
 0
 0
 0.441396272109209
 0
 0
 0
 0.2913698958123602
 0.441396272109209
 0.3215677838399189
 0
 0
 0
 0.441396272109209
 0
 0
 0
 0.3215677838399189
 0.4027290780864882
 0.4027290780864882
 0
 0
 0
 0
 0
 0
 0
 0.3215677838399189
 0.4027290780864882
 0.441396272109209
 0
 0
 0
 0
 0
 0
 0
 0.3181438057451929
 0.4027290780864882
 0.4027290780864882
 0
 0
 0
 0
 0
 0
 0
 0.3181438057451929
 0.441396272109209
 0.4027290780864882
 0
 0
 0
 0
 0
 0
 0
 0.3181438057451929
 0.4027290780864882
 0.4027290780864882
 0
 0
 0
 0
 0
 0
 0
 0.3215677838399189
 0.4027290780864882
 0.4027290780864882
 0
 0
 0
 0
 0
