# Created by Octave 3.2.4, Tue Feb 05 16:03:33 2013 EST <rbom@zaphod>
# name: small_First_Fit
# type: matrix
# ndims: 3
 1 10 30
 5.637513557088869e-09
 1.31386232000176e-10
 5.846089052309425e-13
 1.60047281284588e-13
 5.469512568397862e-08
 1.003792293593574e-10
 2.274369210147766e-12
 1.005257992502419e-12
 9.112304239774896e-09
 9.492077102451926e-08
 2.500410997477286e-06
 1.114006649976085e-05
 6.027319667410513e-08
 3.129760837370845e-10
 4.332710604630569e-05
 2.488145602483868e-07
 3.951468520837551e-09
 1.672883224566931e-08
 1.662104751165078e-05
 1.040052170123693e-05
 0.0006685278201104696
 0.0002176966739867304
 1.188540531881954e-05
 0.0006404463949915197
 0.0007124637307814042
 8.227437461768317e-06
 4.588064917386831e-06
 6.812072144620813e-08
 0.0006048421798522406
 0.0001089095193592886
 0.003550413431202153
 0.001822322722091006
 0.0005564611171404836
 0.01337695270564481
 0.001160646403870857
 9.955922296901729e-05
 5.211683139373942e-05
 5.411810661627551e-06
 0.001339892592825804
 0.001199134493187327
 0.01146160758362996
 0.002298490662066852
 0.01337695270564481
 0.01337695270564481
 0.001160646403870857
 0.001343924352894398
 0.0005402445417657356
 9.972330382171829e-05
 0.01521150484814953
 0.00230134891899064
 0.01146160758362996
 0.002907552564275482
 0.01337695270564481
 0.01337695270564481
 0.002016661476450093
 0.03068395464797352
 0.002604286347703579
 0.002713834499889092
 0.03068395464797352
 0.0198523789845219
 0.01146160758362996
 0.002298490662066852
 0.008548361384891292
 0.01337695270564481
 0.01521150484814953
 0.03068395464797352
 0.005269663081816866
 0.008724437806609371
 0.03068395464797352
 0.0198523789845219
 0.02290958658456724
 0.001822322722091006
 0.02232568039683394
 0.01683150181531766
 0.01683150181531766
 0.03068395464797352
 0.01337695270564481
 0.01521150484814953
 0.03068395464797352
 0.02232568039683394
 0.02290958658456724
 0.002298490662066852
 0.02232568039683394
 0.01337695270564481
 0.01683150181531766
 0.03068395464797352
 0.01337695270564481
 0.02232568039683394
 0.03068395464797352
 0.02345157744425351
 0.02290958658456724
 0.03068395464797352
 0.02232568039683394
 0.01337695270564481
 0.01683150181531766
 0.03068395464797352
 0.02232568039683394
 0.02232568039683394
 0.03068395464797352
 0.02232568039683394
 0.03068395464797352
 0.03068395464797352
 0.02290958658456724
 0.01337695270564481
 0.02345157744425351
 0.03068395464797352
 0.02232568039683394
 0.02232568039683394
 0.03068395464797352
 0.02232568039683394
 0.02345157744425351
 0.03068395464797352
 0.02232568039683394
 0.01683150181531766
 0.02345157744425351
 0.03068395464797352
 0.02232568039683394
 0.02232568039683394
 0.03068395464797352
 0.02232568039683394
 0.02290958658456724
 0.03068395464797352
 0.02232568039683394
 0.01683150181531766
 0.02345157744425351
 0
 0.02232568039683394
 0.02232568039683394
 0
 0.02232568039683394
 0.03068395464797352
 0.03068395464797352
 0.02232568039683394
 0.01683150181531766
 0.02345157744425351
 0
 0.02290958658456724
 0.02232568039683394
 0
 0.02232568039683394
 0.03068395464797352
 0.03068395464797352
 0.02232568039683394
 0.01683150181531766
 0.02345157744425351
 0
 0.02290958658456724
 0.02290958658456724
 0
 0.02232568039683394
 0.03068395464797352
 0.03068395464797352
 0.02232568039683394
 0.01897308506087978
 0.02345157744425351
 0
 0.02290958658456724
 0.02232568039683394
 0
 0
 0.03068395464797352
 0
 0.02232568039683394
 0.01897308506087978
 0.02345157744425351
 0
 0.02290958658456724
 0.02232568039683394
 0
 0
 0.03068395464797352
 0
 0
 0.01897308506087978
 0
 0
 0.02290958658456724
 0.02232568039683394
 0
 0
 0.03068395464797352
 0
 0
 0.01897308506087978
 0
 0
 0.02290958658456724
 0.02232568039683394
 0
 0
 0.03068395464797352
 0
 0
 0.02232568039683394
 0
 0
 0.03068395464797352
 0.02232568039683394
 0
 0
 0
 0
 0
 0.02232568039683394
 0
 0
 0.03068395464797352
 0.02232568039683394
 0
 0
 0
 0
 0
 0.02232568039683394
 0
 0
 0.03068395464797352
 0
 0
 0
 0
 0
 0
 0.02232568039683394
 0
 0
 0.03068395464797352
 0
 0
 0
 0
 0
 0
 0.02232568039683394
 0
 0
 0.03068395464797352
 0
 0
 0
 0
 0
 0
 0.02232568039683394
 0
 0
 0.02232568039683394
 0
 0
 0
 0
 0
 0
 0.02232568039683394
 0
 0
 0.02232568039683394
 0
 0
 0
 0
 0
 0
 0
 0
 0
 0
 0
 0
 0
 0
 0
 0
 0
 0
 0
 0
 0
 0
 0
 0
 0
 0
 0
 0
 0
 0
 0
 0
 0
 0
 0
 0
 0
 0
 0
 0
 0
 0
 0
