# Created by Octave 3.2.4, Wed Feb 06 03:50:45 2013 EST <rbom@zaphod>
# name: small_First_Fit
# type: matrix
# ndims: 3
 1 10 30
 1.574360272439189e-13
 1.64006873428846e-07
 1.441839943625367e-09
 2.29999584719417e-13
 4.477047442000234e-10
 1.273858585612398e-09
 6.320223928537421e-09
 3.011996483380936e-10
 1.392917195476552e-11
 7.39571312164759e-13
 1.259280615205903e-09
 1.445298286139575e-05
 4.554998795574671e-06
 3.498898370346963e-06
 9.996679507622527e-08
 4.041282734455551e-07
 1.23658277505182e-05
 4.009598003389929e-09
 1.017923548786942e-07
 5.40918697955265e-09
 0.0001270257721918745
 0.0001464413178731711
 0.0001249967723340166
 0.0002697311025988477
 2.862111199741957e-06
 0.0004184132414891045
 0.002386757701068534
 1.341058792287735e-06
 0.0002271968870738521
 2.171857108862187e-07
 0.0008616125589356797
 0.0009895261446192978
 0.0003044048926405347
 0.00504708774122616
 1.362402543060787e-05
 0.0005543194333139977
 0.00608347306124431
 6.660954273839348e-05
 0.001441150434982235
 3.923120194296417e-06
 0.00504708774122616
 0.007646105291225432
 0.0004184132414891045
 0.00504708774122616
 0.0002271128042030069
 0.001584979228304205
 0.00608347306124431
 0.004683877824011373
 0.001441150434982235
 5.742431775247648e-05
 0.00504708774122616
 0.01988578288248764
 0.00219435043541435
 0.01988578288248764
 0.0003569649110425376
 0.001648408974367047
 0.01988578288248764
 0.01988578288248764
 0.003881556092906482
 0.0005543194333139977
 0.005065901431232117
 0.01988578288248764
 0.007646105291225432
 0.01988578288248764
 0.00130958050897009
 0.002154957628203127
 0.01988578288248764
 0.01988578288248764
 0.00504708774122616
 0.001303488297104644
 0.005065901431232117
 0.01988578288248764
 0.007646105291225432
 0.01988578288248764
 0.00130958050897009
 0.002154957628203127
 0.01988578288248764
 0.01988578288248764
 0.00504708774122616
 0.001584979228304205
 0.00504708774122616
 0.01988578288248764
 0.01988578288248764
 0.01988578288248764
 0.001472136062574143
 0.003301736524645763
 0.01988578288248764
 0.01988578288248764
 0.01988578288248764
 0.001584979228304205
 0.00504708774122616
 0.01988578288248764
 0.01988578288248764
 0.01988578288248764
 0.00504708774122616
 0.00608347306124431
 0.01988578288248764
 0.01988578288248764
 0.01988578288248764
 0.001584979228304205
 0.005065901431232117
 0.01988578288248764
 0.01988578288248764
 0.01988578288248764
 0.00504708774122616
 0.007877053462899131
 0.01988578288248764
 0.01988578288248764
 0.01988578288248764
 0.001584979228304205
 0.01988578288248764
 0.01988578288248764
 0.01988578288248764
 0.01988578288248764
 0.00504708774122616
 0.007877053462899131
 0.01988578288248764
 0.01988578288248764
 0.01988578288248764
 0.00608347306124431
 0.005065901431232117
 0
 0.01988578288248764
 0
 0.00504708774122616
 0.01988578288248764
 0
 0
 0.01988578288248764
 0.007646105291225432
 0.01988578288248764
 0
 0.01988578288248764
 0
 0.005065901431232117
 0.01988578288248764
 0
 0
 0.01988578288248764
 0.007646105291225432
 0.01988578288248764
 0
 0.01988578288248764
 0
 0.005065901431232117
 0.01988578288248764
 0
 0
 0.01988578288248764
 0.01988578288248764
 0.01988578288248764
 0
 0
 0
 0.005065901431232117
 0.01988578288248764
 0
 0
 0
 0.01988578288248764
 0.01988578288248764
 0
 0
 0
 0.005065901431232117
 0.01988578288248764
 0
 0
 0
 0.01988578288248764
 0.01988578288248764
 0
 0
 0
 0.005065901431232117
 0.01988578288248764
 0
 0
 0
 0.01988578288248764
 0.01988578288248764
 0
 0
 0
 0.00504708774122616
 0.01988578288248764
 0
 0
 0
 0.01988578288248764
 0.01988578288248764
 0
 0
 0
 0.01988578288248764
 0
 0
 0
 0
 0.01988578288248764
 0
 0
 0
 0
 0.01988578288248764
 0
 0
 0
 0
 0.01988578288248764
 0
 0
 0
 0
 0.01988578288248764
 0
 0
 0
 0
 0
 0
 0
 0
 0
 0.01988578288248764
 0
 0
 0
 0
 0
 0
 0
 0
 0
 0.01988578288248764
 0
 0
 0
 0
 0
 0
 0
 0
 0
 0.01988578288248764
 0
 0
 0
 0
 0
 0
 0
 0
 0
 0.01988578288248764
 0
 0
 0
 0
 0
 0
 0
 0
 0
 0
 0
 0
 0
 0
 0
 0
 0
 0
 0
 0
 0
 0
 0
 0
 0
 0
 0
 0
 0
 0
 0
 0
 0
 0
 0
 0
 0
 0
 0
 0
 0
 0
 0
 0
 0
