# Created by Octave 3.2.4, Tue Feb 05 23:07:06 2013 EST <rbom@zaphod>
# name: small_First_Fit
# type: matrix
# ndims: 3
 1 10 30
 5.305683855740193e-11
 6.556611656185502e-08
 2.393759511679222e-12
 4.251780935039095e-10
 1.6626610665378e-09
 7.745882941909937e-11
 8.162905939715508e-10
 1.691910850804774e-11
 6.429338510567178e-15
 1.261776533690608e-11
 1.911312614782257e-09
 5.88265146271328e-06
 5.183410442251146e-10
 2.993354791602035e-08
 9.185808253555873e-07
 3.617228486754597e-08
 1.018285296507232e-08
 8.863042414899432e-10
 6.223509183386114e-11
 2.877189322243762e-08
 6.080244994242218e-08
 0.0002144257731916452
 1.441506601247573e-08
 3.685771733873118e-06
 0.0001157569606663412
 0.004330009775260967
 1.938450738923675e-06
 2.486657535286232e-06
 9.664934547636056e-08
 1.193296763156344e-06
 2.067554798656628e-06
 0.0002144257731916452
 1.959312917246911e-06
 0.0002083018037907677
 0.0001157569606663412
 0.004330009775260967
 9.311373800205717e-05
 1.947879343485223e-05
 2.404296276486267e-05
 0.0001375610759616832
 5.263854833679452e-06
 0.0002144257731916452
 2.534645218790769e-05
 0.0002083018037907677
 0.00015169231937116
 0.004330009775260967
 0.0009866290457425419
 9.901405984688175e-05
 6.623076250154809e-05
 0.0009866290457425419
 1.279695082347731e-05
 0.0005196097373235729
 6.455716566971087e-05
 0.0003470649951882426
 0.0003084960747845316
 0.004330009775260967
 0.0009866290457425419
 0.0008376196512258061
 0.0003470649951882426
 0.004330009775260967
 5.769479850804788e-05
 0.0005196097373235729
 0.0005873714641651995
 0.0005409437219121663
 0.0003357960778006579
 0.004330009775260967
 0.0009866290457425419
 0.002313035367090878
 0.004330009775260967
 0.004330009775260967
 0.0009866290457425419
 0.0003470649951882426
 0.0007499721260321749
 0.0005409437219121663
 0.002313035367090878
 0.004330009775260967
 0.0009866290457425419
 0.002313035367090878
 0.004330009775260967
 0.004330009775260967
 0.0009866290457425419
 0.004330009775260967
 0.0007499721260321749
 0.0005409437219121663
 0.002313035367090878
 0.004330009775260967
 0.0009866290457425419
 0.002313035367090878
 0.004330009775260967
 0.004330009775260967
 0.0009866290457425419
 0.004330009775260967
 0.001161960253217201
 0.0005409437219121663
 0.002313035367090878
 0.004330009775260967
 0.004330009775260967
 0.001150398478908366
 0.004330009775260967
 0.004330009775260967
 0.001013123926133038
 0.004330009775260967
 0.0005873714641651995
 0.0005409437219121663
 0.002313035367090878
 0
 0.004330009775260967
 0.001150398478908366
 0.004330009775260967
 0.004330009775260967
 0.001013123926133038
 0.004330009775260967
 0.0005873714641651995
 0.004330009775260967
 0.002313035367090878
 0
 0.004330009775260967
 0.001150398478908366
 0.004330009775260967
 0.004330009775260967
 0.001013123926133038
 0.004330009775260967
 0.0005873714641651995
 0.0005409437219121663
 0.002313035367090878
 0
 0.006142645218105202
 0.001150398478908366
 0.004330009775260967
 0
 0.001013123926133038
 0.004330009775260967
 0.006142645218105202
 0.004330009775260967
 0.002313035367090878
 0
 0.006142645218105202
 0
 0
 0
 0.001013123926133038
 0.004330009775260967
 0.006142645218105202
 0.004330009775260967
 0
 0
 0.006142645218105202
 0
 0
 0
 0.001013123926133038
 0
 0.006142645218105202
 0.004330009775260967
 0
 0
 0.006142645218105202
 0
 0
 0
 0.006142645218105202
 0
 0.006142645218105202
 0.004330009775260967
 0
 0
 0.006142645218105202
 0
 0
 0
 0.006142645218105202
 0
 0.006142645218105202
 0.004330009775260967
 0
 0
 0.006142645218105202
 0
 0
 0
 0.006142645218105202
 0
 0.006142645218105202
 0.004330009775260967
 0
 0
 0.006142645218105202
 0
 0
 0
 0.006142645218105202
 0
 0.006142645218105202
 0.004330009775260967
 0
 0
 0
 0
 0
 0
 0.006142645218105202
 0
 0
 0
 0
 0
 0
 0
 0
 0
 0.006142645218105202
 0
 0
 0
 0
 0
 0
 0
 0
 0
 0.006142645218105202
 0
 0
 0
 0
 0
 0
 0
 0
 0
 0
 0
 0
 0
 0
 0
 0
 0
 0
 0
 0
 0
 0
 0
 0
 0
 0
 0
 0
 0
 0
 0
 0
 0
 0
 0
 0
 0
 0
 0
 0
 0
 0
 0
 0
 0
 0
 0
 0
 0
 0
 0
 0
 0
 0
 0
 0
 0
 0
 0
 0
 0
 0
 0
 0
 0
 0
 0
 0
 0
 0
 0
 0
 0
 0
 0
 0
 0
 0
 0
