# Created by Octave 3.2.4, Wed Feb 06 15:42:52 2013 EST <rbom@zaphod>
# name: small_First_Fit
# type: matrix
# ndims: 3
 1 10 30
 1.303459450468403e-13
 6.816529407290781e-11
 3.513952876531679e-16
 2.313686610346022e-13
 4.767104975787323e-14
 4.65924793482983e-15
 1.122713754934827e-15
 6.476659429910993e-16
 5.053539060995302e-17
 2.934129907090547e-16
 3.297172297154779e-08
 1.292697024525451e-07
 1.160756996299437e-11
 2.795483314584077e-10
 1.757807261052881e-10
 1.097106757037129e-06
 1.282642177765245e-09
 1.634304478606813e-11
 1.322205462563021e-10
 3.038523339565808e-08
 1.020708499840349e-05
 5.96820932388094e-06
 2.329749440359979e-07
 6.391276341719754e-08
 4.478211991121455e-07
 9.420601150749685e-05
 7.866396550377215e-07
 3.148581827781031e-08
 1.484727416369811e-07
 1.319736564116189e-05
 0.0002507648353400965
 5.662093339786154e-05
 1.787851668326963e-05
 1.470500673084215e-06
 5.68711764410573e-06
 0.002155940378163017
 1.915137103001669e-05
 2.93235034470231e-05
 3.015757231889569e-05
 0.0004133463714251262
 0.002917384950862388
 0.0003740460435208104
 0.0002372444386833424
 0.0006118097958663764
 0.0001582592046462591
 0.004456028522314024
 2.009780285975384e-05
 0.0009288810991708514
 0.0009540671316344449
 0.004284664509393481
 0.004284664509393481
 0.004236308498655137
 0.0002372444386833424
 0.0009138318313011073
 0.001758246439197673
 0.004236308498655137
 3.947507563105032e-05
 0.004284664509393481
 0.0009540671316344449
 0.004284664509393481
 0.004284664509393481
 0.004456028522314024
 0.001692385935012028
 0.004284664509393481
 0.001758246439197673
 0.004236308498655137
 3.947507563105032e-05
 0.004456028522314024
 0.004284664509393481
 0.004284664509393481
 0.004284664509393481
 0.004456028522314024
 0.001692385935012028
 0.004456028522314024
 0.001758246439197673
 0.004236308498655137
 3.947507563105032e-05
 0.004456028522314024
 0.004284664509393481
 0.004284664509393481
 0.004284664509393481
 0.004456028522314024
 0.001692385935012028
 0.004456028522314024
 0.001758246439197673
 0.004236308498655137
 0.001266213974550837
 0.004456028522314024
 0.004284664509393481
 0.004456028522314024
 0.004456028522314024
 0.004456028522314024
 0.001692385935012028
 0.004284664509393481
 0.001758246439197673
 0.004456028522314024
 0.001266213974550837
 0.004456028522314024
 0.004284664509393481
 0.004456028522314024
 0.004456028522314024
 0.004456028522314024
 0.001692385935012028
 0.004456028522314024
 0.001758246439197673
 0.004456028522314024
 0.001266213974550837
 0.004456028522314024
 0.004456028522314024
 0.004456028522314024
 0.004456028522314024
 0.004456028522314024
 0.001692385935012028
 0.004456028522314024
 0.001758246439197673
 0.004456028522314024
 0.001266213974550837
 0.004456028522314024
 0.004456028522314024
 0.004456028522314024
 0.004456028522314024
 0.004456028522314024
 0.004284664509393481
 0.004456028522314024
 0
 0.004456028522314024
 0.002917384950862388
 0.004456028522314024
 0.004456028522314024
 0.004456028522314024
 0.004456028522314024
 0
 0.004284664509393481
 0.004456028522314024
 0
 0.004456028522314024
 0.002917384950862388
 0
 0.004456028522314024
 0.004456028522314024
 0.004456028522314024
 0
 0.004284664509393481
 0.004456028522314024
 0
 0.004456028522314024
 0.004284664509393481
 0
 0.004456028522314024
 0.004456028522314024
 0.004456028522314024
 0
 0.004456028522314024
 0.004456028522314024
 0
 0.004456028522314024
 0.004284664509393481
 0
 0.004456028522314024
 0
 0
 0
 0.004456028522314024
 0.004456028522314024
 0
 0
 0.004456028522314024
 0
 0.004456028522314024
 0
 0
 0
 0.004456028522314024
 0
 0
 0
 0.004456028522314024
 0
 0
 0
 0
 0
 0.004456028522314024
 0
 0
 0
 0.004456028522314024
 0
 0
 0
 0
 0
 0.004456028522314024
 0
 0
 0
 0.004456028522314024
 0
 0
 0
 0
 0
 0.004456028522314024
 0
 0
 0
 0.004456028522314024
 0
 0
 0
 0
 0
 0.004456028522314024
 0
 0
 0
 0.004456028522314024
 0
 0
 0
 0
 0
 0
 0
 0
 0
 0.004456028522314024
 0
 0
 0
 0
 0
 0
 0
 0
 0
 0
 0
 0
 0
 0
 0
 0
 0
 0
 0
 0
 0
 0
 0
 0
 0
 0
 0
 0
 0
 0
 0
 0
 0
 0
 0
 0
 0
 0
 0
 0
 0
 0
 0
 0
 0
 0
 0
 0
 0
 0
 0
 0
 0
 0
 0
 0
 0
 0
 0
 0
 0
 0
 0
 0
 0
 0
 0
 0
 0
 0
 0
 0
 0
