# Created by Octave 3.2.4, Tue Feb 05 02:43:45 2013 EST <rbom@zaphod>
# name: small_First_Fit
# type: matrix
# ndims: 3
 1 10 30
 5.92497666060034e-10
 6.243515075073941e-12
 4.485982480245814e-12
 9.479140219351367e-13
 7.132251532402233e-11
 4.48639832702496e-11
 1.018190550034357e-11
 3.26513162872426e-15
 9.316922055751139e-08
 3.604010901534774e-13
 2.31461047433888e-08
 4.014782586868931e-09
 1.267914913388674e-08
 8.336119540230222e-10
 1.311679527197006e-06
 3.592786261342568e-08
 2.023521475186325e-08
 5.179602525225673e-12
 2.425539210543668e-05
 7.648434240986371e-08
 1.808897323190888e-06
 2.23396207987563e-06
 2.845667411485549e-05
 6.466747396113436e-07
 0.0004706363435988919
 4.877356620949834e-06
 6.267309088373411e-06
 5.024337646356776e-09
 3.995098454482416e-05
 1.902464233631596e-05
 1.808897323190888e-06
 6.824767789936942e-05
 0.0003684998812822809
 0.0004258905432799614
 0.007152854787996659
 0.0001102505718398473
 8.200642841301444e-05
 3.400743906656451e-06
 0.000303472984773375
 0.0001102505718398473
 6.336696374688625e-05
 6.883850944867095e-05
 0.003652602469652681
 0.002075452529215109
 0.007152854787996659
 0.0001102505718398473
 0.0007471951009886079
 4.934844101886452e-05
 0.001022278442586349
 0.0001102505718398473
 6.336696374688625e-05
 0.0006935948205744928
 0.007152854787996659
 0.002075452529215109
 0.007152854787996659
 0.0001102505718398473
 0.00540529747897968
 0.0002908537946886201
 0.0007471951009886079
 0.0002908537946886201
 0.0002098435594904404
 0.002075452529215109
 0.007152854787996659
 0.002075452529215109
 0.007152854787996659
 0.0002908537946886201
 0.00540529747897968
 0.001022278442586349
 0.0007471951009886079
 0.002882725032796824
 0.0002098435594904404
 0.007152854787996659
 0.007152854787996659
 0.002075452529215109
 0.007152854787996659
 0.0007471951009886079
 0.00540529747897968
 0.001022278442586349
 0.0007471951009886079
 0.002882725032796824
 0.0002595510831711575
 0.007152854787996659
 0.007152854787996659
 0.002075452529215109
 0.007152854787996659
 0.0007471951009886079
 0.00540529747897968
 0.007152854787996659
 0.002238078603982872
 0.002882725032796824
 0.002238078603982872
 0.002075452529215109
 0.007152854787996659
 0.002075452529215109
 0.007152854787996659
 0.0007471951009886079
 0.00540529747897968
 0.007152854787996659
 0.002238078603982872
 0.002882725032796824
 0.002238078603982872
 0.002075452529215109
 0.007152854787996659
 0.002075452529215109
 0
 0.002882725032796824
 0.007152854787996659
 0.007152854787996659
 0.002238078603982872
 0.002882725032796824
 0.00540529747897968
 0.002075452529215109
 0.007152854787996659
 0
 0
 0.002882725032796824
 0.007152854787996659
 0.007152854787996659
 0.002238078603982872
 0.007152854787996659
 0.002238078603982872
 0.002075452529215109
 0
 0
 0
 0.002882725032796824
 0.007152854787996659
 0.007152854787996659
 0.00540529747897968
 0.007152854787996659
 0.00540529747897968
 0.002075452529215109
 0
 0
 0
 0.007152854787996659
 0.007152854787996659
 0.007152854787996659
 0.00540529747897968
 0.007152854787996659
 0.002238078603982872
 0
 0
 0
 0
 0.007152854787996659
 0.007152854787996659
 0.007152854787996659
 0.007152854787996659
 0.007152854787996659
 0.00540529747897968
 0
 0
 0
 0
 0.007152854787996659
 0.007152854787996659
 0
 0.007152854787996659
 0.007152854787996659
 0.00540529747897968
 0
 0
 0
 0
 0.007152854787996659
 0.007152854787996659
 0
 0.007152854787996659
 0.007152854787996659
 0.007152854787996659
 0
 0
 0
 0
 0.007152854787996659
 0
 0
 0.007152854787996659
 0.007152854787996659
 0.007152854787996659
 0
 0
 0
 0
 0.007152854787996659
 0
 0
 0.007152854787996659
 0
 0.007152854787996659
 0
 0
 0
 0
 0.007152854787996659
 0
 0
 0.007152854787996659
 0
 0.007152854787996659
 0
 0
 0
 0
 0
 0
 0
 0.007152854787996659
 0
 0.007152854787996659
 0
 0
 0
 0
 0
 0
 0
 0
 0
 0.007152854787996659
 0
 0
 0
 0
 0
 0
 0
 0
 0
 0.007152854787996659
 0
 0
 0
 0
 0
 0
 0
 0
 0
 0
 0
 0
 0
 0
 0
 0
 0
 0
 0
 0
 0
 0
 0
 0
 0
 0
 0
 0
 0
 0
 0
 0
 0
 0
 0
 0
 0
 0
 0
 0
 0
 0
 0
 0
 0
 0
 0
 0
 0
 0
 0
 0
 0
 0
 0
 0
 0
 0
 0
 0
 0
 0
 0
 0
 0
 0
 0
 0
 0
