# Created by Octave 3.2.4, Wed Feb 06 01:15:33 2013 EST <rbom@zaphod>
# name: small_First_Fit
# type: matrix
# ndims: 3
 1 10 30
 6.381134378725589e-17
 1.444676893397994e-12
 1.394507546834931e-16
 1.174243519022658e-16
 2.492532055306388e-12
 4.31000314126086e-15
 2.994918831526958e-13
 1.980149473614758e-13
 7.214984836707741e-16
 2.914073041431756e-16
 7.851465749348498e-13
 4.661642026083148e-10
 2.206545875937119e-13
 8.455600790806304e-11
 5.83057025631265e-08
 1.761362197701987e-10
 3.124326736519132e-10
 4.584875029471669e-11
 1.929012501612803e-09
 7.451545534843997e-14
 1.246759052356646e-09
 4.599759107552834e-08
 2.153471253409735e-11
 2.690264848389951e-07
 5.137017608756031e-06
 7.160877203462545e-07
 3.520669312734738e-07
 4.106056274414146e-08
 0.000140793881378501
 1.26195717546456e-10
 3.974445544516618e-07
 3.385144628901317e-06
 1.545087110734059e-09
 1.903241692304315e-05
 9.640951475680012e-05
 3.355801415870443e-05
 9.588327128485376e-06
 0.0003614262404700814
 0.001396632949716529
 4.300438596690076e-07
 9.239935856375292e-06
 0.0001589060143631866
 1.601719719399209e-06
 0.001793127615323114
 0.001746457378119474
 0.001954839434818241
 0.0003614262404700814
 0.005830149648892165
 0.001396632949716529
 3.203841271220338e-05
 0.0002840438475016479
 0.001396632949716529
 4.083077032166046e-05
 0.005830149648892165
 0.001746457378119474
 0.002582449337635349
 0.005830149648892165
 0.005830149648892165
 0.002582449337635349
 0.0008659068958373563
 0.005830149648892165
 0.002582449337635349
 0.0002632507365767453
 0.005830149648892165
 0.005830149648892165
 0.001954839434818241
 0.005830149648892165
 0.005830149648892165
 0.002582449337635349
 0.0003530505742088807
 0.005830149648892165
 0.002582449337635349
 0.0003360014536355117
 0.005830149648892165
 0.005830149648892165
 0.002582449337635349
 0.005830149648892165
 0.005830149648892165
 0.002582449337635349
 0.005830149648892165
 0.005830149648892165
 0.002582449337635349
 0.0003360014536355117
 0.005830149648892165
 0.005830149648892165
 0.005830149648892165
 0.005830149648892165
 0.005830149648892165
 0.002582449337635349
 0.005830149648892165
 0.005830149648892165
 0.002582449337635349
 0.0003360014536355117
 0.005830149648892165
 0.005830149648892165
 0.005830149648892165
 0.005830149648892165
 0.005830149648892165
 0.002582449337635349
 0.005830149648892165
 0.005830149648892165
 0.005830149648892165
 0.0003360014536355117
 0.005830149648892165
 0.005830149648892165
 0.005830149648892165
 0.005830149648892165
 0.005830149648892165
 0.002582449337635349
 0.005830149648892165
 0.005830149648892165
 0.002582449337635349
 0.0003360014536355117
 0.005830149648892165
 0.005830149648892165
 0.005830149648892165
 0.005830149648892165
 0
 0.005830149648892165
 0.005830149648892165
 0.005830149648892165
 0.002582449337635349
 0.001793127615323114
 0
 0.005830149648892165
 0.005830149648892165
 0
 0
 0.005830149648892165
 0.005830149648892165
 0
 0.002582449337635349
 0.005830149648892165
 0
 0
 0.005830149648892165
 0
 0
 0.005830149648892165
 0.005830149648892165
 0
 0.002582449337635349
 0.005830149648892165
 0
 0
 0.005830149648892165
 0
 0
 0.005830149648892165
 0
 0
 0.002582449337635349
 0.005830149648892165
 0
 0
 0
 0
 0
 0.005830149648892165
 0
 0
 0.002985932657738311
 0.005830149648892165
 0
 0
 0
 0
 0
 0.005830149648892165
 0
 0
 0.002985932657738311
 0.005830149648892165
 0
 0
 0
 0
 0
 0.005830149648892165
 0
 0
 0.002985932657738311
 0.005830149648892165
 0
 0
 0
 0
 0
 0
 0
 0
 0.005830149648892165
 0.005830149648892165
 0
 0
 0
 0
 0
 0
 0
 0
 0.005830149648892165
 0
 0
 0
 0
 0
 0
 0
 0
 0
 0.002985932657738311
 0
 0
 0
 0
 0
 0
 0
 0
 0
 0.002985932657738311
 0
 0
 0
 0
 0
 0
 0
 0
 0
 0.002985932657738311
 0
 0
 0
 0
 0
 0
 0
 0
 0
 0.002985932657738311
 0
 0
 0
 0
 0
 0
 0
 0
 0
 0.002582449337635349
 0
 0
 0
 0
 0
 0
 0
 0
 0
 0
 0
 0
 0
 0
 0
 0
 0
 0
 0
 0
 0
 0
 0
 0
 0
 0
 0
 0
 0
 0
 0
 0
 0
 0
 0
 0
 0
 0
 0
 0
 0
 0
 0
 0
 0
 0
 0
 0
