# Created by Octave 3.2.4, Tue Feb 05 13:03:25 2013 EST <rbom@zaphod>
# name: small_First_Fit
# type: matrix
# ndims: 3
 1 10 30
 3.451731549132934e-12
 8.776538963460748e-11
 2.300286739254519e-11
 2.430358600756757e-08
 3.395899723042279e-12
 3.402033749031317e-12
 1.143976169074302e-12
 3.462115119490053e-10
 3.30926481342411e-11
 7.348699355303518e-12
 4.121811064450002e-09
 8.632016041527503e-07
 2.28042734823809e-07
 8.879052459837696e-07
 7.059878402392629e-07
 5.748152035159147e-07
 8.354972449931691e-06
 7.51437842881848e-08
 3.706433451249046e-08
 1.889394753255422e-06
 1.12120143284775e-06
 0.0005390961689354834
 7.533392332139963e-06
 8.729142660590577e-05
 0.0001991447242624017
 6.912356365696682e-06
 0.0002004514212239005
 3.053968224968758e-06
 2.046220921874165e-06
 7.266324922176518e-05
 3.549773670278847e-05
 0.05626770346409304
 0.02030241565363061
 8.729142660590577e-05
 0.001485766946606266
 0.0001799716410976914
 0.0006266881387879153
 0.001029999284868076
 8.147376963976598e-05
 0.01473547744409266
 0.0007050881327458608
 0.07473355813709578
 0.02030241565363061
 0.004303013049261895
 0.004194017197756603
 0.006764000656664782
 0.0006266881387879153
 0.02761020646654838
 0.005697334255734768
 0.07473355813709578
 0.004042524080654915
 0.06050303640171259
 0.02030241565363061
 0.07473355813709578
 0.03728003635299713
 0.006764000656664782
 0.0006266881387879153
 0.04736353733238815
 0.005697334255734768
 0.07473355813709578
 0.005703695093807767
 0.06050303640171259
 0.02030241565363061
 0.07473355813709578
 0.03728003635299713
 0.07473355813709578
 0.007099483194767491
 0.04736353733238815
 0.06050303640171259
 0.07473355813709578
 0.007841451668840725
 0.06050303640171259
 0.06050303640171259
 0.07473355813709578
 0.05626770346409304
 0.07473355813709578
 0.007099483194767491
 0.04736353733238815
 0.06050303640171259
 0.07473355813709578
 0.06050303640171259
 0.07473355813709578
 0.06050303640171259
 0.07473355813709578
 0.05626770346409304
 0.07473355813709578
 0.01545708478129267
 0.05626770346409304
 0.06050303640171259
 0.07473355813709578
 0.06050303640171259
 0.07473355813709578
 0.06050303640171259
 0.07473355813709578
 0.07473355813709578
 0.07473355813709578
 0.03669782938935912
 0.05626770346409304
 0.06050303640171259
 0.07473355813709578
 0.06050303640171259
 0.07473355813709578
 0.03901986998581002
 0.07473355813709578
 0.07473355813709578
 0.07473355813709578
 0.03669782938935912
 0.05626770346409304
 0.06050303640171259
 0.07473355813709578
 0.06050303640171259
 0.07473355813709578
 0.03901986998581002
 0.07473355813709578
 0.07473355813709578
 0.07473355813709578
 0.03669782938935912
 0.05626770346409304
 0.06050303640171259
 0
 0.06050303640171259
 0.07473355813709578
 0.03901986998581002
 0
 0.07473355813709578
 0.07473355813709578
 0.03728003635299713
 0.05626770346409304
 0.06050303640171259
 0
 0.06050303640171259
 0.07473355813709578
 0.03901986998581002
 0
 0.05626770346409304
 0
 0.07473355813709578
 0.07473355813709578
 0
 0
 0.06050303640171259
 0.07473355813709578
 0
 0
 0.06050303640171259
 0
 0.07473355813709578
 0.07473355813709578
 0
 0
 0
 0
 0
 0
 0.06050303640171259
 0
 0.05626770346409304
 0.07473355813709578
 0
 0
 0
 0
 0
 0
 0.05626770346409304
 0
 0.07473355813709578
 0.07473355813709578
 0
 0
 0
 0
 0
 0
 0.06050303640171259
 0
 0.03669782938935912
 0.07473355813709578
 0
 0
 0
 0
 0
 0
 0.06050303640171259
 0
 0.04736353733238815
 0.07473355813709578
 0
 0
 0
 0
 0
 0
 0.07473355813709578
 0
 0.04736353733238815
 0.07473355813709578
 0
 0
 0
 0
 0
 0
 0.07473355813709578
 0
 0.04736353733238815
 0
 0
 0
 0
 0
 0
 0
 0.07473355813709578
 0
 0.03669782938935912
 0
 0
 0
 0
 0
 0
 0
 0.07473355813709578
 0
 0.03669782938935912
 0
 0
 0
 0
 0
 0
 0
 0.07473355813709578
 0
 0.03669782938935912
 0
 0
 0
 0
 0
 0
 0
 0.07473355813709578
 0
 0.03669782938935912
 0
 0
 0
 0
 0
 0
 0
 0.07473355813709578
 0
 0
 0
 0
 0
 0
 0
 0
 0
 0
 0
 0
 0
 0
 0
 0
 0
 0
 0
 0
 0
 0
 0
 0
 0
 0
 0
 0
 0
 0
 0
 0
 0
 0
 0
 0
 0
 0
 0
 0
 0
 0
 0
 0
 0
