# Created by Octave 3.2.4, Mon Feb 04 08:56:48 2013 EST <rbom@zaphod>
# name: small_First_Fit
# type: matrix
# ndims: 3
 1 10 30
 4.722255990729645e-16
 1.807054087507611e-16
 9.597420116365808e-17
 3.296778442137246e-18
 2.499706694726426e-16
 1.763230827366232e-14
 7.343168741673313e-13
 1.553755843972145e-19
 1.683954009130143e-17
 1.424929492689432e-12
 2.404407239890217e-10
 2.253421654153448e-08
 4.463215699573714e-10
 4.059000897479018e-10
 2.336469951542498e-13
 1.648203692087218e-10
 4.949833849320667e-07
 1.275747660125436e-10
 9.203058315140931e-13
 3.855966182801961e-10
 1.622204015496142e-07
 9.385900997591574e-07
 8.317552097551971e-05
 3.030047238936092e-07
 2.603474937131609e-08
 8.201092970674409e-09
 0.01799275150354547
 2.938567227789545e-08
 4.669327918752018e-10
 3.936038568650971e-07
 2.669375941414045e-05
 1.643616457277503e-05
 0.0002291156969671636
 0.0002365586196073928
 0.0002507700008759812
 8.685608668145849e-06
 0.02216052842158326
 2.610642078220758e-05
 3.36206708450463e-06
 7.328351002219564e-05
 0.0004557480138834766
 0.003672276875084234
 0.002805806464666563
 0.001137057790461764
 0.004281643082241331
 0.0002584868921044504
 0.03553294512497727
 0.0007398633564630099
 0.0001634085902515385
 0.003553055820479069
 0.003672276875084234
 0.02216052842158326
 0.03553294512497727
 0.001137057790461764
 0.004281643082241331
 0.01565272087496871
 0.01799275150354547
 0.03553294512497727
 0.002844277002595842
 0.05976817791538781
 0.02216052842158326
 0.05976817791538781
 0.03553294512497727
 0.001971127185047669
 0.05976817791538781
 0.01799275150354547
 0.02216052842158326
 0.03553294512497727
 0.02216052842158326
 0.05976817791538781
 0.02216052842158326
 0.05976817791538781
 0.03553294512497727
 0.002384008778827237
 0.05976817791538781
 0.01799275150354547
 0.02216052842158326
 0.05976817791538781
 0.02216052842158326
 0.05976817791538781
 0.05976817791538781
 0.05976817791538781
 0.03553294512497727
 0.002384008778827237
 0.05976817791538781
 0.01799275150354547
 0.02216052842158326
 0.05976817791538781
 0.05976817791538781
 0.05976817791538781
 0.05976817791538781
 0.05976817791538781
 0.03553294512497727
 0.05976817791538781
 0.05976817791538781
 0.02216052842158326
 0.02216052842158326
 0.05976817791538781
 0.05976817791538781
 0.05976817791538781
 0.05976817791538781
 0.05976817791538781
 0.05976817791538781
 0.05976817791538781
 0.05976817791538781
 0.03553294512497727
 0.02216052842158326
 0.05976817791538781
 0.05976817791538781
 0.05976817791538781
 0.05976817791538781
 0.05976817791538781
 0.05976817791538781
 0.05976817791538781
 0.05976817791538781
 0.02216052842158326
 0.05976817791538781
 0.05976817791538781
 0.05976817791538781
 0.05976817791538781
 0.05976817791538781
 0.05976817791538781
 0.03553294512497727
 0.05976817791538781
 0.05976817791538781
 0.01799275150354547
 0.05976817791538781
 0.05976817791538781
 0.05976817791538781
 0.05976817791538781
 0.05976817791538781
 0.05976817791538781
 0.03553294512497727
 0.05976817791538781
 0.05976817791538781
 0.03553294512497727
 0.05976817791538781
 0.03553294512497727
 0.05976817791538781
 0.05976817791538781
 0.05976817791538781
 0.05976817791538781
 0.03553294512497727
 0.05976817791538781
 0.05976817791538781
 0.03553294512497727
 0.05976817791538781
 0.03553294512497727
 0.05976817791538781
 0.05976817791538781
 0.05976817791538781
 0.05976817791538781
 0.03553294512497727
 0.05976817791538781
 0.05976817791538781
 0.03553294512497727
 0.05976817791538781
 0.03553294512497727
 0.05976817791538781
 0.05976817791538781
 0.05976817791538781
 0.05976817791538781
 0.03553294512497727
 0.05976817791538781
 0.05976817791538781
 0.03553294512497727
 0.05976817791538781
 0.03553294512497727
 0.05976817791538781
 0.05976817791538781
 0.05976817791538781
 0.05976817791538781
 0.05976817791538781
 0.05976817791538781
 0.05976817791538781
 0.05976817791538781
 0.05976817791538781
 0.03553294512497727
 0.05976817791538781
 0.05976817791538781
 0.05976817791538781
 0.05976817791538781
 0.05976817791538781
 0.05976817791538781
 0.05976817791538781
 0.05976817791538781
 0.05976817791538781
 0.03553294512497727
 0.05976817791538781
 0.05976817791538781
 0.05976817791538781
 0.05976817791538781
 0.05976817791538781
 0.05976817791538781
 0.05976817791538781
 0.03553294512497727
 0.05976817791538781
 0.03553294512497727
 0.05976817791538781
 0.05976817791538781
 0.05976817791538781
 0.05976817791538781
 0.05976817791538781
 0.05976817791538781
 0.05976817791538781
 0.03553294512497727
 0.05976817791538781
 0.05976817791538781
 0.05976817791538781
 0.05976817791538781
 0.05976817791538781
 0.05976817791538781
 0.05976817791538781
 0.05976817791538781
 0.05976817791538781
 0.03553294512497727
 0.05976817791538781
 0.03553294512497727
 0.05976817791538781
 0.05976817791538781
 0.05976817791538781
 0.05976817791538781
 0.05976817791538781
 0.05976817791538781
 0.05976817791538781
 0.03553294512497727
 0.05976817791538781
 0.03553294512497727
 0.05976817791538781
 0.05976817791538781
 0.05976817791538781
 0.05976817791538781
 0.05976817791538781
 0.05976817791538781
 0.05976817791538781
 0.03553294512497727
 0.05976817791538781
 0.03553294512497727
 0.05976817791538781
 0.05976817791538781
 0.05976817791538781
 0.05976817791538781
 0.05976817791538781
 0.05976817791538781
 0.05976817791538781
 0.03553294512497727
 0.05976817791538781
 0.03553294512497727
 0.05976817791538781
 0.05976817791538781
 0.05976817791538781
 0.05976817791538781
 0.05976817791538781
 0.05976817791538781
 0.05976817791538781
 0.03553294512497727
 0.05976817791538781
 0.03553294512497727
 0.05976817791538781
 0.05976817791538781
 0.05976817791538781
 0.05976817791538781
 0.05976817791538781
 0.05976817791538781
 0.05976817791538781
 0.03553294512497727
 0.05976817791538781
 0.03553294512497727
 0.05976817791538781
 0.05976817791538781
 0.05976817791538781
 0.05976817791538781
 0.05976817791538781
 0.05976817791538781
 0.05976817791538781
 0.03553294512497727
 0.05976817791538781
 0.03553294512497727
 0.05976817791538781
 0.05976817791538781
 0.05976817791538781
 0.05976817791538781
 0.05976817791538781
 0.05976817791538781
 0.05976817791538781
 0.03553294512497727
 0.05976817791538781
 0.03553294512497727
 0.05976817791538781
 0.05976817791538781
 0.05976817791538781
 0.05976817791538781
 0.05976817791538781
 0.05976817791538781
 0.05976817791538781
 0.03553294512497727
 0.05976817791538781
 0.03553294512497727
 0.05976817791538781
 0.05976817791538781
