# Created by Octave 3.2.4, Wed Feb 06 00:42:48 2013 EST <rbom@zaphod>
# name: small_First_Fit
# type: matrix
# ndims: 3
 1 10 30
 1.598052453233775e-15
 2.4857989157337e-16
 9.324957604308291e-17
 8.568606546364517e-14
 3.036798824553489e-09
 2.357071102627138e-12
 2.38401699055723e-10
 1.029379191651612e-13
 1.991360991911457e-13
 1.378445265828096e-15
 1.652610571386663e-11
 1.060836707339122e-10
 3.31058090148921e-12
 1.392169743195393e-10
 1.670544595614512e-06
 3.785993973780096e-07
 1.317589685440608e-07
 4.878496005094895e-11
 5.390173558145012e-07
 2.607087768184463e-10
 3.582607313425153e-07
 1.388542667476135e-08
 7.434729446892775e-08
 5.520935033346566e-07
 2.856347377711398e-05
 1.044100135553003e-05
 4.890769550062334e-06
 1.563781791217713e-07
 1.200150380666656e-05
 4.391068870759761e-07
 9.581348881431256e-06
 4.098027468693346e-06
 2.924370441184864e-05
 0.0006016898040227123
 0.0001019784545439109
 0.0006016898040227123
 6.519381371114551e-05
 0.0004134359574546658
 0.0004134359574546658
 7.942988088504668e-05
 0.0002443965846134788
 0.0007098355799731559
 0.0006864168476942815
 0.003671296297142431
 0.0007173973270807797
 0.003671296297142431
 0.0007523273444160133
 0.00148257435149135
 0.00148257435149135
 0.00148257435149135
 0.003671296297142431
 0.003671296297142431
 0.0006864168476942815
 0.003671296297142431
 0.0007173973270807797
 0.003671296297142431
 0.0007523273444160133
 0.00148257435149135
 0.000651668629932709
 0.00148257435149135
 0.003671296297142431
 0.003671296297142431
 0.0006864168476942815
 0.003671296297142431
 0.001037616423407804
 0.003671296297142431
 0.0007523273444160133
 0.00148257435149135
 0.000651668629932709
 0.00148257435149135
 0.003671296297142431
 0.003671296297142431
 0.002197079429400741
 0.003671296297142431
 0.001037616423407804
 0.003671296297142431
 0.0007523273444160133
 0.003671296297142431
 0.0004134359574546658
 0.002197079429400741
 0.003671296297142431
 0.003671296297142431
 0.002197079429400741
 0.003671296297142431
 0.001037616423407804
 0.003671296297142431
 0.0007523273444160133
 0.00148257435149135
 0.000651668629932709
 0.002197079429400741
 0.003671296297142431
 0.003671296297142431
 0.002197079429400741
 0.003671296297142431
 0.001037616423407804
 0.003671296297142431
 0.0007523273444160133
 0.00148257435149135
 0.001037616423407804
 0.002197079429400741
 0.003671296297142431
 0.003671296297142431
 0.002197079429400741
 0.003671296297142431
 0.001037616423407804
 0.003671296297142431
 0.0007523273444160133
 0.00148257435149135
 0.000651668629932709
 0.002197079429400741
 0.003671296297142431
 0.003671296297142431
 0.003671296297142431
 0
 0.001037616423407804
 0
 0
 0.002197079429400741
 0.0008919183812697029
 0.002197079429400741
 0
 0
 0.003671296297142431
 0
 0.003671296297142431
 0
 0
 0.00148257435149135
 0.00148257435149135
 0.002197079429400741
 0
 0
 0.003671296297142431
 0
 0.003671296297142431
 0
 0
 0.002197079429400741
 0.001637855745482161
 0.002197079429400741
 0
 0
 0.003671296297142431
 0
 0.003671296297142431
 0
 0
 0.003671296297142431
 0.001637855745482161
 0
 0
 0
 0.003671296297142431
 0
 0.003671296297142431
 0
 0
 0.002197079429400741
 0.001637855745482161
 0
 0
 0
 0.003671296297142431
 0
 0.003671296297142431
 0
 0
 0.002197079429400741
 0.001637855745482161
 0
 0
 0
 0.003671296297142431
 0
 0.003671296297142431
 0
 0
 0.003671296297142431
 0.001637855745482161
 0
 0
 0
 0
 0
 0.003671296297142431
 0
 0
 0.003671296297142431
 0.003671296297142431
 0
 0
 0
 0
 0
 0
 0
 0
 0.003671296297142431
 0.003671296297142431
 0
 0
 0
 0
 0
 0
 0
 0
 0.003671296297142431
 0.003671296297142431
 0
 0
 0
 0
 0
 0
 0
 0
 0.003671296297142431
 0.003671296297142431
 0
 0
 0
 0
 0
 0
 0
 0
 0.003671296297142431
 0.003671296297142431
 0
 0
 0
 0
 0
 0
 0
 0
 0.003671296297142431
 0.003671296297142431
 0
 0
 0
 0
 0
 0
 0
 0
 0
 0.003671296297142431
 0
 0
 0
 0
 0
 0
 0
 0
 0
 0
 0
 0
 0
 0
 0
 0
 0
 0
 0
 0
 0
 0
 0
 0
 0
 0
 0
 0
 0
 0
 0
 0
 0
 0
 0
 0
 0
 0
 0
 0
 0
 0
 0
 0
 0
 0
 0
 0
 0
 0
 0
