# Created by Octave 3.2.4, Wed Feb 06 16:19:29 2013 EST <rbom@zaphod>
# name: small_First_Fit
# type: matrix
# ndims: 3
 1 10 30
 1.543872851965172e-15
 7.800373567513835e-15
 4.070801512586698e-18
 7.443537811113713e-17
 1.178077643253737e-13
 5.073269694275944e-15
 4.046662350656425e-18
 2.484993836338819e-15
 5.957195408577298e-11
 1.051197421515126e-12
 5.578537001735429e-11
 9.924950470122756e-10
 1.228283591881437e-11
 3.130854301182646e-13
 3.485237466256182e-11
 5.586133741232107e-05
 1.724313268166387e-12
 2.167183205612486e-09
 4.117040427557378e-08
 3.554151715458843e-09
 6.394351831845275e-09
 1.107541197307739e-07
 1.52207081673135e-09
 9.589629665210805e-10
 7.95109345090548e-09
 0.0002476985952375674
 2.578461775821721e-08
 2.692613539812631e-07
 6.045758039322375e-06
 6.312408666752706e-06
 2.374219604773592e-07
 2.185554719802567e-06
 2.074790977779945e-07
 3.71567050091217e-08
 3.946988073433024e-07
 0.0005076890534025022
 1.740782448520274e-05
 2.142629175116297e-05
 0.0002871137522046173
 0.0002151880641900862
 9.839305652386384e-05
 0.004456124640379623
 1.051621173940817e-05
 9.594215665850321e-06
 2.61604583695737e-05
 0.004456124640379623
 0.0007985058635889241
 0.0007223957945097803
 0.0002871137522046173
 0.0007223957945097803
 0.0004010292927222435
 0.01143650436585895
 0.0003458447484654095
 0.0003507176156757736
 0.0001810820701347345
 0.004456124640379623
 0.009453249246125593
 0.0007223957945097803
 0.0006351499855999232
 0.003810272792559398
 0.001988334335221339
 0.01143650436585895
 0.0004010292927222435
 0.007780924057524078
 0.00150776236048169
 0.01143650436585895
 0.01143650436585895
 0.0007223957945097803
 0.00150776236048169
 0.001970376868693975
 0.001988334335221339
 0.01143650436585895
 0.0004010292927222435
 0.01143650436585895
 0.01143650436585895
 0.01143650436585895
 0.01143650436585895
 0.0008771920309387354
 0.00150776236048169
 0.003810272792559398
 0.001988334335221339
 0.01143650436585895
 0.0009430053994265727
 0.01143650436585895
 0.01143650436585895
 0.01143650436585895
 0.01143650436585895
 0.0007223957945097803
 0.006657899430183949
 0.001970376868693975
 0.001988334335221339
 0.01143650436585895
 0.00111205244857858
 0.01143650436585895
 0.01143650436585895
 0.01143650436585895
 0.01143650436585895
 0.0007223957945097803
 0.01143650436585895
 0.002611708965623684
 0.001988334335221339
 0.01143650436585895
 0.00111205244857858
 0.01143650436585895
 0.01143650436585895
 0.01143650436585895
 0.01143650436585895
 0.0007223957945097803
 0.01143650436585895
 0.01143650436585895
 0.01143650436585895
 0.01143650436585895
 0.00111205244857858
 0.01143650436585895
 0.01143650436585895
 0.01143650436585895
 0.01143650436585895
 0.0007223957945097803
 0.01143650436585895
 0.007780924057524078
 0.01143650436585895
 0
 0.00111205244857858
 0.01143650436585895
 0.01143650436585895
 0.01143650436585895
 0.01143650436585895
 0.0007223957945097803
 0.01143650436585895
 0.01143650436585895
 0.01143650436585895
 0
 0.009453249246125593
 0.01143650436585895
 0.01143650436585895
 0
 0
 0.003810272792559398
 0.01143650436585895
 0.01143650436585895
 0.01143650436585895
 0
 0.009453249246125593
 0
 0
 0
 0
 0.003810272792559398
 0.01143650436585895
 0.01143650436585895
 0.01143650436585895
 0
 0.01143650436585895
 0
 0
 0
 0
 0.003810272792559398
 0.01143650436585895
 0.01143650436585895
 0.01143650436585895
 0
 0.01143650436585895
 0
 0
 0
 0
 0.01143650436585895
 0
 0.01143650436585895
 0.01143650436585895
 0
 0.01143650436585895
 0
 0
 0
 0
 0.01143650436585895
 0
 0.01143650436585895
 0
 0
 0.01143650436585895
 0
 0
 0
 0
 0.01143650436585895
 0
 0.01143650436585895
 0
 0
 0.01143650436585895
 0
 0
 0
 0
 0.01143650436585895
 0
 0
 0
 0
 0.01143650436585895
 0
 0
 0
 0
 0.01143650436585895
 0
 0
 0
 0
 0.01143650436585895
 0
 0
 0
 0
 0.01143650436585895
 0
 0
 0
 0
 0
 0
 0
 0
 0
 0.01143650436585895
 0
 0
 0
 0
 0
 0
 0
 0
 0
 0
 0
 0
 0
 0
 0
 0
 0
 0
 0
 0
 0
 0
 0
 0
 0
 0
 0
 0
 0
 0
 0
 0
 0
 0
 0
 0
 0
 0
 0
 0
 0
 0
 0
 0
 0
 0
 0
 0
 0
 0
 0
 0
 0
 0
 0
 0
 0
 0
 0
 0
 0
 0
 0
 0
 0
 0
 0
 0
 0
 0
 0
 0
