# Created by Octave 3.2.4, Wed Feb 06 10:08:24 2013 EST <rbom@zaphod>
# name: small_First_Fit
# type: matrix
# ndims: 3
 1 10 30
 1.553849523053377e-13
 3.384040548042659e-15
 2.587973117821531e-13
 2.108142151809586e-12
 1.865575008023943e-14
 6.213698581749224e-11
 5.383986242999094e-15
 2.085203218056875e-11
 9.78391598421126e-13
 1.392503267822562e-13
 1.674035044187943e-09
 3.92961497816916e-11
 1.255949608811649e-09
 5.477931018528932e-09
 3.052008290200695e-10
 3.161941020274993e-08
 8.790169460714957e-10
 2.736373755883858e-07
 2.195566652547242e-06
 2.85818204704577e-10
 1.19041136265592e-06
 9.707922804689769e-06
 6.4262672169891e-07
 0.0002858862149709132
 1.237145779134685e-05
 5.808517590102455e-06
 1.872235972983914e-07
 0.0002707823914266205
 0.009663681966878187
 4.726125229916683e-05
 8.366913684054607e-05
 0.0008070927974017381
 0.0001075381957263624
 0.0002858862149709132
 0.001031410300442376
 0.0007524952225975686
 1.704612679669456e-06
 0.01661529984070463
 0.009663681966878187
 0.0002927675335799013
 0.001013772179580305
 0.0114319800633407
 0.002749061107007258
 0.0002858862149709132
 0.006552570748663875
 0.0007524952225975686
 0.001946920350289053
 0.01661529984070463
 0.009663681966878187
 0.0002927675335799013
 0.001058770101704253
 0.0114319800633407
 0.01661529984070463
 0.0002858862149709132
 0.009533994789894839
 0.0007524952225975686
 0.0114319800633407
 0.01661529984070463
 0.009663681966878187
 0.0002927675335799013
 0.001058770101704253
 0.0114319800633407
 0.01661529984070463
 0.0005778219815582921
 0.006552570748663875
 0.0007524952225975686
 0.0114319800633407
 0.01661529984070463
 0.009663681966878187
 0.0002927675335799013
 0.001058770101704253
 0.0114319800633407
 0.01661529984070463
 0.001139693794168752
 0.009533994789894839
 0.01661529984070463
 0.0114319800633407
 0.01661529984070463
 0.009663681966878187
 0.0002927675335799013
 0.001103205839189554
 0.0114319800633407
 0.01661529984070463
 0.004565892088878534
 0.006552570748663875
 0.01661529984070463
 0.0114319800633407
 0.01661529984070463
 0.009663681966878187
 0.0002927675335799013
 0.001103205839189554
 0.0114319800633407
 0.01661529984070463
 0.004565892088878534
 0.006552570748663875
 0.01661529984070463
 0.0114319800633407
 0.01661529984070463
 0.009663681966878187
 0.0003536864187400907
 0.001947608806872816
 0.0114319800633407
 0.01661529984070463
 0.004565892088878534
 0.0114319800633407
 0.01661529984070463
 0.0114319800633407
 0
 0
 0.0002927675335799013
 0.002993877654029332
 0
 0.01661529984070463
 0.004565892088878534
 0.006552570748663875
 0.01661529984070463
 0.0114319800633407
 0
 0
 0.001051856685170388
 0.002993877654029332
 0
 0
 0.009533994789894839
 0.006552570748663875
 0.01661529984070463
 0
 0
 0
 0.001051856685170388
 0.002993877654029332
 0
 0
 0.009533994789894839
 0.006552570748663875
 0.01661529984070463
 0
 0
 0
 0.00240258544519007
 0.008113808662091174
 0
 0
 0.009663681966878187
 0.006552570748663875
 0
 0
 0
 0
 0.00240258544519007
 0.009663681966878187
 0
 0
 0.009663681966878187
 0.009533994789894839
 0
 0
 0
 0
 0.00240258544519007
 0.0114319800633407
 0
 0
 0.009663681966878187
 0.009533994789894839
 0
 0
 0
 0
 0.004895826317449742
 0.0114319800633407
 0
 0
 0.0114319800633407
 0.009663681966878187
 0
 0
 0
 0
 0.004895826317449742
 0.0114319800633407
 0
 0
 0.009663681966878187
 0.009663681966878187
 0
 0
 0
 0
 0.009663681966878187
 0.0114319800633407
 0
 0
 0.009663681966878187
 0.009663681966878187
 0
 0
 0
 0
 0.009663681966878187
 0.0114319800633407
 0
 0
 0.009663681966878187
 0.006552570748663875
 0
 0
 0
 0
 0.004895826317449742
 0.0114319800633407
 0
 0
 0.009663681966878187
 0.0114319800633407
 0
 0
 0
 0
 0.004895826317449742
 0.0114319800633407
 0
 0
 0.009663681966878187
 0.0114319800633407
 0
 0
 0
 0
 0.004895826317449742
 0
 0
 0
 0.009663681966878187
 0.0114319800633407
 0
 0
 0
 0
 0.004895826317449742
 0
 0
 0
 0
 0.0114319800633407
 0
 0
 0
 0
 0.004895826317449742
 0
 0
 0
 0
 0.0114319800633407
 0
 0
 0
 0
 0
 0
 0
 0
 0
 0.006552570748663875
 0
 0
 0
 0
 0
 0
 0
 0
 0
 0.009533994789894839
 0
 0
 0
 0
 0
 0
 0
 0
 0
 0.006552570748663875
 0
 0
 0
 0
 0
 0
 0
 0
 0
 0.006552570748663875
 0
 0
 0
 0
 0
