# Created by Octave 3.2.4, Wed Feb 06 18:25:26 2013 EST <rbom@zaphod>
# name: small_First_Fit
# type: matrix
# ndims: 3
 1 10 30
 1.12140573217927e-08
 1.522736050953499e-11
 2.783662986519531e-09
 5.458836158711204e-10
 9.075803541575808e-09
 8.848752483674384e-11
 8.080870721702499e-11
 4.216529597815337e-11
 6.039339325595961e-11
 1.625112161309021e-09
 1.455144892363738e-06
 2.092023863663593e-07
 0.0002004710994765497
 6.636021062262225e-07
 6.842327189402042e-05
 4.214637783544026e-08
 0.0004606603214641588
 3.80204419288422e-07
 4.776904073016445e-06
 0.0006345317495308633
 0.003855712497235101
 1.586597615083612e-05
 0.002942489812568112
 4.382129655789766e-05
 0.0005962298175202619
 2.491346312723556e-05
 0.003759204676555016
 0.0002561101524524686
 0.0001885386623020207
 0.003352966262902178
 0.03033917930031592
 0.004823487289071513
 0.05507670637314495
 0.0004606603214641588
 0.006096219176380904
 0.0002396254851128234
 0.01989543044559943
 0.002889671886586653
 0.002793166562803089
 0.004158468489412404
 0.03033917930031592
 0.05507670637314495
 0.1908917422320599
 0.003855712497235101
 0.04706285352563173
 0.004468332951180464
 0.07740038412802663
 0.02164639510003196
 0.0310498363246588
 0.00592177805107911
 0.1908917422320599
 0.05507670637314495
 0.1908917422320599
 0.01345235922158044
 0.04706285352563173
 0.02766793070141703
 0.2404276122246579
 0.03052424975936127
 0.2404276122246579
 0.043204878201389
 0.1908917422320599
 0.05507670637314495
 0.1908917422320599
 0.01345235922158044
 0.2604404396613986
 0.1908917422320599
 0.2404276122246579
 0.2404276122246579
 0.2404276122246579
 0.05507670637314495
 0.1908917422320599
 0.1908917422320599
 0.2404276122246579
 0.03453904259714283
 0.2604404396613986
 0.1908917422320599
 0.2604404396613986
 0.2604404396613986
 0.2604404396613986
 0.2604404396613986
 0.1908917422320599
 0.1908917422320599
 0.2404276122246579
 0.1908917422320599
 0.2604404396613986
 0.1908917422320599
 0.2604404396613986
 0.2604404396613986
 0.2604404396613986
 0.2604404396613986
 0.2404276122246579
 0.1908917422320599
 0.2404276122246579
 0.1908917422320599
 0.2604404396613986
 0.1908917422320599
 0.2604404396613986
 0.2604404396613986
 0.2604404396613986
 0.2604404396613986
 0.2404276122246579
 0.2404276122246579
 0.2404276122246579
 0.1908917422320599
 0.2604404396613986
 0.2404276122246579
 0.2604404396613986
 0.2604404396613986
 0.2604404396613986
 0.2604404396613986
 0.2404276122246579
 0.2404276122246579
 0.2604404396613986
 0.1908917422320599
 0.2604404396613986
 0.2404276122246579
 0.2604404396613986
 0.2604404396613986
 0.2604404396613986
 0.2604404396613986
 0.2404276122246579
 0.2404276122246579
 0.2404276122246579
 0.1908917422320599
 0.2604404396613986
 0.2404276122246579
 0.2604404396613986
 0.2604404396613986
 0.2604404396613986
 0.2604404396613986
 0.2404276122246579
 0.2404276122246579
 0.2404276122246579
 0.2404276122246579
 0
 0.2404276122246579
 0.2604404396613986
 0.2604404396613986
 0.2604404396613986
 0.2604404396613986
 0.2404276122246579
 0.2604404396613986
 0.2604404396613986
 0.2404276122246579
 0
 0.2404276122246579
 0
 0
 0
 0
 0.2404276122246579
 0.2404276122246579
 0.2404276122246579
 0.2604404396613986
 0
 0.2404276122246579
 0
 0
 0
 0
 0
 0.2604404396613986
 0.2404276122246579
 0.2404276122246579
 0
 0.2404276122246579
 0
 0
 0
 0
 0
 0.2604404396613986
 0.2604404396613986
 0.2404276122246579
 0
 0
 0
 0
 0
 0
 0
 0.2604404396613986
 0.2604404396613986
 0.2404276122246579
 0
 0
 0
 0
 0
 0
 0
 0.2604404396613986
 0.2604404396613986
 0.2404276122246579
 0
 0
 0
 0
 0
 0
 0
 0.2604404396613986
 0.2604404396613986
 0.2404276122246579
 0
 0
 0
 0
 0
 0
 0
 0.2604404396613986
 0.2604404396613986
 0.2404276122246579
 0
 0
 0
 0
 0
 0
 0
 0.2604404396613986
 0.2604404396613986
 0
 0
 0
 0
 0
 0
 0
 0
 0
 0.2604404396613986
 0
 0
 0
 0
 0
 0
 0
 0
 0
 0
 0
 0
 0
 0
 0
 0
 0
 0
 0
 0
 0
 0
 0
 0
 0
 0
 0
 0
 0
 0
 0
 0
 0
 0
 0
 0
 0
 0
 0
 0
 0
 0
 0
 0
 0
 0
 0
 0
 0
 0
 0
 0
 0
 0
 0
 0
 0
 0
 0
 0
 0
 0
 0
 0
 0
 0
 0
