# Created by Octave 3.2.4, Tue Feb 05 22:17:56 2013 EST <rbom@zaphod>
# name: small_First_Fit
# type: matrix
# ndims: 3
 1 10 30
 6.036729930272954e-11
 6.686120965687386e-13
 2.010171408127758e-14
 2.064755032026848e-15
 1.630034694999302e-13
 7.114479064196567e-15
 4.201977978880878e-12
 5.063609880975188e-13
 4.152631655108174e-13
 1.4244585369646e-12
 1.366308081568585e-08
 2.634048273114957e-08
 1.614365812272651e-08
 4.632340798704466e-12
 5.821780990366771e-10
 2.128076659908693e-09
 2.230318570698908e-09
 5.364176482132867e-09
 3.031404136305548e-10
 2.717867094830238e-09
 1.008711700441792e-06
 3.904963934589696e-05
 1.049738258384926e-06
 1.051409326402838e-09
 5.307609898663416e-06
 8.449729736298655e-07
 5.89085896231486e-07
 2.530915255241058e-07
 4.203518669309132e-07
 5.123705717326764e-05
 5.964928165571364e-05
 0.001018352799580407
 0.001018352799580407
 1.270798894906992e-07
 0.0001629234105402571
 0.0002925176224063627
 3.393466856647541e-05
 4.394883964399511e-06
 0.0001486051661650754
 0.001453685724208282
 0.003868440577042803
 0.001018352799580407
 0.001018352799580407
 2.536656727488418e-06
 0.003868440577042803
 0.006706434142624179
 0.0009427913721141716
 5.475795815101096e-05
 0.005914990644343125
 0.002830069732089069
 0.006706434142624179
 0.001018352799580407
 0.001018352799580407
 7.68951968069421e-05
 0.006706434142624179
 0.006706434142624179
 0.0009427913721141716
 0.001453685724208282
 0.006706434142624179
 0.002830069732089069
 0.006706434142624179
 0.001018352799580407
 0.001018352799580407
 0.005914990644343125
 0.006706434142624179
 0.006706434142624179
 0.006706434142624179
 0.002830069732089069
 0.006706434142624179
 0.006706434142624179
 0.006706434142624179
 0.001018352799580407
 0.001018352799580407
 0.006706434142624179
 0.006706434142624179
 0.006706434142624179
 0.006706434142624179
 0.002830069732089069
 0.006706434142624179
 0.005914990644343125
 0.006706434142624179
 0.001018352799580407
 0.005914990644343125
 0.005914990644343125
 0.006706434142624179
 0.006706434142624179
 0.006706434142624179
 0.002830069732089069
 0.006706434142624179
 0.005914990644343125
 0.006706434142624179
 0.002830069732089069
 0.005914990644343125
 0.006706434142624179
 0.006706434142624179
 0.006706434142624179
 0.006706434142624179
 0.002830069732089069
 0.006706434142624179
 0.006706434142624179
 0.006706434142624179
 0.002830069732089069
 0.006706434142624179
 0.006706434142624179
 0.006706434142624179
 0.006706434142624179
 0.006706434142624179
 0.006706434142624179
 0.006706434142624179
 0.006706434142624179
 0.006706434142624179
 0.002830069732089069
 0.006706434142624179
 0.006706434142624179
 0.006706434142624179
 0
 0.006706434142624179
 0.002722871846607785
 0.006706434142624179
 0.006706434142624179
 0
 0.002830069732089069
 0.006706434142624179
 0.006706434142624179
 0
 0
 0.006706434142624179
 0.006706434142624179
 0
 0.006706434142624179
 0
 0.001018352799580407
 0.006706434142624179
 0.006706434142624179
 0
 0
 0
 0.006706434142624179
 0
 0.005914990644343125
 0
 0.0016533542084525
 0.006706434142624179
 0.006706434142624179
 0
 0
 0
 0.006706434142624179
 0
 0.005914990644343125
 0
 0.002830069732089069
 0.006706434142624179
 0.006706434142624179
 0
 0
 0
 0.006706434142624179
 0
 0.002830069732089069
 0
 0.002830069732089069
 0.006706434142624179
 0
 0
 0
 0
 0.006706434142624179
 0
 0
 0
 0.00334741245306333
 0
 0
 0
 0
 0
 0.006706434142624179
 0
 0
 0
 0.002830069732089069
 0
 0
 0
 0
 0
 0.006706434142624179
 0
 0
 0
 0.002830069732089069
 0
 0
 0
 0
 0
 0
 0
 0
 0
 0.00334741245306333
 0
 0
 0
 0
 0
 0
 0
 0
 0
 0.00334741245306333
 0
 0
 0
 0
 0
 0
 0
 0
 0
 0.00334741245306333
 0
 0
 0
 0
 0
 0
 0
 0
 0
 0.00334741245306333
 0
 0
 0
 0
 0
 0
 0
 0
 0
 0.00334741245306333
 0
 0
 0
 0
 0
 0
 0
 0
 0
 0.00334741245306333
 0
 0
 0
 0
 0
 0
 0
 0
 0
 0.005914990644343125
 0
 0
 0
 0
 0
 0
 0
 0
 0
 0.005914990644343125
 0
 0
 0
 0
 0
 0
 0
 0
 0
 0.005914990644343125
 0
 0
 0
 0
 0
 0
 0
 0
 0
 0.005914990644343125
 0
 0
 0
 0
 0
 0
 0
 0
