# Created by Octave 3.2.4, Mon Feb 04 02:36:40 2013 EST <rbom@zaphod>
# name: small_First_Fit
# type: matrix
# ndims: 3
 1 10 30
 2.730028537290518e-20
 1.780869308052723e-25
 2.893200801800515e-17
 1.448483413161011e-21
 1.517360706484341e-22
 6.975069546003156e-22
 1.143138151784203e-15
 2.078009200432799e-22
 4.332469701121414e-19
 4.916644925372225e-22
 1.745847269764179e-14
 1.464868248641636e-19
 6.160212950401687e-13
 1.082677185044026e-16
 4.638440453556679e-18
 8.696669385389913e-17
 2.204625708584858e-09
 8.636681870390243e-16
 2.771915331323111e-13
 1.519146636501558e-15
 1.337084348839181e-10
 7.50780459598659e-12
 2.177734045001257e-09
 1.379305312797147e-08
 9.751862283840593e-14
 1.637013153712878e-08
 5.347381976489065e-06
 2.700037715169324e-11
 9.119501748362385e-09
 1.246592920953027e-08
 3.306287940400271e-07
 3.83475707812972e-08
 2.005786149469509e-06
 7.674686775164821e-05
 5.047739355371022e-10
 6.328370079874797e-06
 0.002416642617310464
 2.076696303152486e-07
 6.982665563383352e-05
 0.004280421639075222
 0.00012069468119593
 2.246694669923385e-05
 0.009373382690301692
 0.009373382690301692
 2.936355729199164e-06
 0.001173446646487728
 0.002416642617310464
 0.002416642617310464
 0.04665812861758386
 0.004280421639075222
 0.04665812861758386
 0.002478149782977568
 0.009373382690301692
 0.009373382690301692
 0.001173446646487728
 0.04665812861758386
 0.002416642617310464
 0.002416642617310464
 0.04665812861758386
 0.004280421639075222
 0.04665812861758386
 0.001716644842160663
 0.009373382690301692
 0.009373382690301692
 0.04665812861758386
 0.04665812861758386
 0.002478149782977568
 0.002416642617310464
 0.04665812861758386
 0.004280421639075222
 0.04665812861758386
 0.001716644842160663
 0.009373382690301692
 0.009373382690301692
 0.04665812861758386
 0.04665812861758386
 0.002416642617310464
 0.002416642617310464
 0.04665812861758386
 0.004280421639075222
 0.04665812861758386
 0.001716644842160663
 0.009373382690301692
 0.009373382690301692
 0.04665812861758386
 0.04665812861758386
 0.04665812861758386
 0.002416642617310464
 0.04665812861758386
 0.004280421639075222
 0.04665812861758386
 0.001716644842160663
 0.009373382690301692
 0.009373382690301692
 0.04665812861758386
 0.04665812861758386
 0.04665812861758386
 0.002416642617310464
 0.04665812861758386
 0.004280421639075222
 0.04665812861758386
 0.001716644842160663
 0.009373382690301692
 0.04665812861758386
 0.04665812861758386
 0.04665812861758386
 0.04665812861758386
 0.002416642617310464
 0.04665812861758386
 0.004280421639075222
 0.04665812861758386
 0.001716644842160663
 0.009373382690301692
 0.04665812861758386
 0.04665812861758386
 0.04665812861758386
 0.04665812861758386
 0.002416642617310464
 0.04665812861758386
 0.04665812861758386
 0.04665812861758386
 0.004280421639075222
 0.009373382690301692
 0.04665812861758386
 0.04665812861758386
 0.04665812861758386
 0.04665812861758386
 0.002416642617310464
 0.04665812861758386
 0.04665812861758386
 0.04665812861758386
 0.002478149782977568
 0.009373382690301692
 0.04665812861758386
 0.04665812861758386
 0.04665812861758386
 0.04665812861758386
 0.002416642617310464
 0.04665812861758386
 0.04665812861758386
 0.04665812861758386
 0.002478149782977568
 0.009373382690301692
 0.04665812861758386
 0.04665812861758386
 0.04665812861758386
 0.04665812861758386
 0.002416642617310464
 0.04665812861758386
 0.04665812861758386
 0.04665812861758386
 0.002478149782977568
 0.009373382690301692
 0.04665812861758386
 0.04665812861758386
 0.04665812861758386
 0.04665812861758386
 0.004280421639075222
 0.04665812861758386
 0.04665812861758386
 0.04665812861758386
 0.009373382690301692
 0.009373382690301692
 0.04665812861758386
 0.04665812861758386
 0.04665812861758386
 0.04665812861758386
 0.04665812861758386
 0.04665812861758386
 0.04665812861758386
 0.04665812861758386
 0.002478149782977568
 0.009373382690301692
 0.04665812861758386
 0.04665812861758386
 0.04665812861758386
 0.04665812861758386
 0.04665812861758386
 0.04665812861758386
 0.04665812861758386
 0.04665812861758386
 0.002478149782977568
 0.009373382690301692
 0.04665812861758386
 0.04665812861758386
 0.04665812861758386
 0.04665812861758386
 0.004280421639075222
 0.04665812861758386
 0.04665812861758386
 0.04665812861758386
 0.04665812861758386
 0.009373382690301692
 0.04665812861758386
 0.04665812861758386
 0.04665812861758386
 0.04665812861758386
 0.004280421639075222
 0.04665812861758386
 0.04665812861758386
 0.04665812861758386
 0.04665812861758386
 0.009373382690301692
 0.04665812861758386
 0.04665812861758386
 0.04665812861758386
 0.04665812861758386
 0.004280421639075222
 0.04665812861758386
 0.04665812861758386
 0.04665812861758386
 0.04665812861758386
 0.009373382690301692
 0.04665812861758386
 0.04665812861758386
 0.04665812861758386
 0.04665812861758386
 0.004280421639075222
 0.04665812861758386
 0.04665812861758386
 0.04665812861758386
 0.04665812861758386
 0.009373382690301692
 0.04665812861758386
 0.04665812861758386
 0.04665812861758386
 0.04665812861758386
 0.004280421639075222
 0.04665812861758386
 0.04665812861758386
 0.04665812861758386
 0.04665812861758386
 0.009373382690301692
 0.04665812861758386
 0.04665812861758386
 0.04665812861758386
 0.04665812861758386
 0.004280421639075222
 0.04665812861758386
 0.04665812861758386
 0.04665812861758386
 0.04665812861758386
 0.009373382690301692
 0.04665812861758386
 0.04665812861758386
 0.04665812861758386
 0.04665812861758386
 0.004280421639075222
 0.04665812861758386
 0.04665812861758386
 0.04665812861758386
 0.04665812861758386
 0.009373382690301692
 0.04665812861758386
 0.04665812861758386
 0.04665812861758386
 0.04665812861758386
 0.009373382690301692
 0.04665812861758386
 0.04665812861758386
 0.04665812861758386
 0.04665812861758386
 0.009373382690301692
 0.04665812861758386
 0.04665812861758386
 0.04665812861758386
 0.04665812861758386
 0.009373382690301692
 0.04665812861758386
 0.04665812861758386
 0.04665812861758386
 0.04665812861758386
 0.009373382690301692
 0.04665812861758386
 0.04665812861758386
 0.04665812861758386
 0.04665812861758386
 0.004280421639075222
 0.04665812861758386
 0.04665812861758386
 0.04665812861758386
 0.04665812861758386
 0.009373382690301692
 0.04665812861758386
 0.04665812861758386
 0.04665812861758386
 0.04665812861758386
 0.004280421639075222
 0.04665812861758386
 0.04665812861758386
 0.04665812861758386
 0.04665812861758386
 0.009373382690301692
 0.04665812861758386
 0.04665812861758386
 0.04665812861758386
 0.04665812861758386
 0.004280421639075222
 0.04665812861758386
 0.04665812861758386
