# Created by Octave 3.2.4, Wed Feb 06 05:26:46 2013 EST <rbom@zaphod>
# name: small_First_Fit
# type: matrix
# ndims: 3
 1 10 30
 1.20515026333122e-10
 1.435981951931435e-11
 3.368426617737546e-10
 4.698661223452489e-08
 1.244691524362204e-10
 2.675772124511253e-08
 5.716024989000425e-11
 3.928630522614453e-10
 1.555260406794649e-10
 5.961776461711728e-11
 2.141022243473457e-05
 1.343405527653925e-09
 1.142263796519785e-06
 0.0002868393803100572
 1.337907487405186e-05
 1.888944308283863e-05
 4.414141509635953e-07
 5.518801857320299e-07
 5.509275897897373e-08
 8.269250853036915e-07
 0.0005039893549276963
 5.410473097088049e-08
 0.0002278877008982754
 0.003273295257626145
 0.0007737888901191359
 7.623447586726549e-05
 9.338558611354361e-05
 0.0001677724181287229
 1.062669287821309e-06
 0.00013965669393449
 0.005548756943341116
 0.0006166759818989018
 0.008633249995586024
 0.0054617748173619
 0.007356843913463019
 0.00286758563237626
 0.0006669208734350787
 0.002110352303349891
 0.0003769787339474096
 0.001246883760637633
 0.02187034314414657
 0.004995040843039814
 0.01232488719140416
 0.01211653485454723
 0.007356843913463019
 0.0121464333230604
 0.0009605972943101518
 0.002110352303349891
 0.001569382634590617
 0.003316425064851421
 0.03834122103726178
 0.004995040843039814
 0.01232488719140416
 0.01649351387581924
 0.03834122103726178
 0.005548756943341116
 0.003751372981949357
 0.01266424227448726
 0.004881633746875002
 0.01266424227448726
 0.06502003953150844
 0.01842503283932147
 0.01250327470408261
 0.03834122103726178
 0.03834122103726178
 0.02486774482702668
 0.02187034314414657
 0.02349982168457798
 0.004881633746875002
 0.01266424227448726
 0.06502003953150844
 0.024724762362894
 0.01250327470408261
 0.03834122103726178
 0.06502003953150844
 0.02486774482702668
 0.02610213343912274
 0.05420488011613547
 0.01534572703491462
 0.01314894479504015
 0.03834122103726178
 0.03834122103726178
 0.02486774482702668
 0.06502003953150844
 0.06502003953150844
 0.03283291998096491
 0.03834122103726178
 0.05420488011613547
 0.024724762362894
 0.01314894479504015
 0.03834122103726178
 0.06502003953150844
 0.02486774482702668
 0.06502003953150844
 0.06502003953150844
 0.03283291998096491
 0.06502003953150844
 0.06502003953150844
 0.024724762362894
 0.01314894479504015
 0.06502003953150844
 0.06502003953150844
 0.05420488011613547
 0.06502003953150844
 0.06502003953150844
 0.06502003953150844
 0.06502003953150844
 0.06502003953150844
 0.03283291998096491
 0.01314894479504015
 0.06502003953150844
 0.06502003953150844
 0.05420488011613547
 0.06502003953150844
 0.06502003953150844
 0.06502003953150844
 0.06502003953150844
 0.06502003953150844
 0.03283291998096491
 0.06502003953150844
 0.06502003953150844
 0.06502003953150844
 0.06502003953150844
 0.06502003953150844
 0.06502003953150844
 0.06502003953150844
 0.06502003953150844
 0.06502003953150844
 0.03283291998096491
 0.06502003953150844
 0.06502003953150844
 0.06502003953150844
 0.06502003953150844
 0.06502003953150844
 0.06502003953150844
 0.06502003953150844
 0.06502003953150844
 0.06502003953150844
 0.03834122103726178
 0.06502003953150844
 0.06502003953150844
 0.06502003953150844
 0.06502003953150844
 0.06502003953150844
 0
 0.06502003953150844
 0.06502003953150844
 0.06502003953150844
 0.06502003953150844
 0.06502003953150844
 0.06502003953150844
 0.06502003953150844
 0.06502003953150844
 0
 0
 0.06502003953150844
 0.06502003953150844
 0.06502003953150844
 0.03834122103726178
 0.06502003953150844
 0.06502003953150844
 0
 0.06502003953150844
 0
 0
 0.06502003953150844
 0
 0
 0.06502003953150844
 0.06502003953150844
 0
 0
 0.06502003953150844
 0
 0
 0
 0
 0
 0.03834122103726178
 0.06502003953150844
 0
 0
 0.06502003953150844
 0
 0
 0
 0
 0
 0.06502003953150844
 0
 0
 0
 0
 0
 0
 0
 0
 0
 0.06502003953150844
 0
 0
 0
 0
 0
 0
 0
 0
 0
 0.06502003953150844
 0
 0
 0
 0
 0
 0
 0
 0
 0
 0.06502003953150844
 0
 0
 0
 0
 0
 0
 0
 0
 0
 0.06502003953150844
 0
 0
 0
 0
 0
 0
 0
 0
 0
 0.06502003953150844
 0
 0
 0
 0
 0
 0
 0
 0
 0
 0.06502003953150844
 0
 0
 0
 0
 0
 0
 0
 0
 0
 0
 0
 0
 0
 0
 0
 0
 0
 0
 0
 0
 0
 0
 0
 0
 0
 0
 0
 0
 0
 0
 0
 0
 0
 0
 0
 0
 0
 0
 0
 0
 0
 0
 0
 0
 0
 0
 0
 0
 0
 0
 0
