# Created by Octave 3.2.4, Sun Feb 03 23:50:52 2013 EST <rbom@zaphod>
# name: small_First_Fit
# type: matrix
# ndims: 3
 1 10 30
 2.104059888050185e-20
 4.801927599333918e-21
 4.599216418860908e-15
 4.857720949324948e-22
 3.652921483391198e-18
 8.590383914889005e-12
 2.62034991352576e-14
 6.519118827194519e-16
 2.652810888793834e-10
 1.126245533127459e-16
 1.023235774389169e-15
 1.19153649648009e-16
 1.178148878138158e-11
 1.122998527161461e-09
 3.554451270862142e-10
 1.865568522355876e-07
 6.641147789815498e-11
 1.094186572743372e-11
 9.79419206150777e-09
 2.486894477662469e-13
 6.961009861416732e-10
 8.214349482037629e-08
 1.158422478451317e-09
 4.101840052233218e-07
 1.039100929568243e-05
 0.005713052759637468
 2.425731521338809e-08
 1.579599896693216e-09
 2.668447828925132e-07
 5.000998466757687e-09
 6.961009861416732e-10
 1.071818323159575e-05
 6.303646355645173e-08
 5.403090846984248e-05
 0.001124457006805186
 0.005713052759637468
 2.404426634438199e-06
 1.084807573704354e-07
 0.0001405421867022278
 3.044847107911926e-06
 1.746121713012198e-06
 0.003468291075812867
 1.401865530823405e-06
 5.403090846984248e-05
 0.001124457006805186
 0.005713052759637468
 0.0002091074939288451
 7.430187199982606e-06
 0.0001405421867022278
 0.0002091074939288451
 0.0002091074939288451
 0.005713052759637468
 0.0005120300845338413
 3.962330210839869e-05
 0.001124457006805186
 0.005713052759637468
 0.005713052759637468
 3.962330210839869e-05
 0.0001405421867022278
 0.005713052759637468
 0.005713052759637468
 0.005713052759637468
 0.0005120300845338413
 0.001124457006805186
 0.001124457006805186
 0.005713052759637468
 0.005713052759637468
 0.002713917611540965
 0.0001405421867022278
 0.005713052759637468
 0.005713052759637468
 0.005713052759637468
 0.0005120300845338413
 0.001927261578202426
 0.001124457006805186
 0.005713052759637468
 0.005713052759637468
 0.002713917611540965
 0.0001405421867022278
 0.005713052759637468
 0.005713052759637468
 0.005713052759637468
 0.001927261578202426
 0.001927261578202426
 0.001927261578202426
 0.005713052759637468
 0.005713052759637468
 0.003468291075812867
 0.0001405421867022278
 0.005713052759637468
 0.005713052759637468
 0.005713052759637468
 0.0005120300845338413
 0.001124457006805186
 0.001124457006805186
 0.005713052759637468
 0.005713052759637468
 0.003468291075812867
 0.0001405421867022278
 0.005713052759637468
 0.005713052759637468
 0.005713052759637468
 0.0005120300845338413
 0.001124457006805186
 0.001124457006805186
 0.005713052759637468
 0.005713052759637468
 0.005713052759637468
 0.0001405421867022278
 0.005713052759637468
 0.005713052759637468
 0.005713052759637468
 0.0005120300845338413
 0.001124457006805186
 0.001124457006805186
 0.005713052759637468
 0.005713052759637468
 0.003468291075812867
 0.0001405421867022278
 0.005713052759637468
 0.005713052759637468
 0.003468291075812867
 0.0005120300845338413
 0.003468291075812867
 0.001124457006805186
 0.005713052759637468
 0.005713052759637468
 0.002713917611540965
 0.0001405421867022278
 0.005713052759637468
 0.005713052759637468
 0.003468291075812867
 0.0005120300845338413
 0.003468291075812867
 0.001124457006805186
 0.005713052759637468
 0.005713052759637468
 0.002713917611540965
 0.0001405421867022278
 0.005713052759637468
 0.005713052759637468
 0.003468291075812867
 0.0005120300845338413
 0.003468291075812867
 0.001124457006805186
 0.005713052759637468
 0.005713052759637468
 0.002713917611540965
 0.0001405421867022278
 0.005713052759637468
 0.005713052759637468
 0.003468291075812867
 0.003468291075812867
 0.003468291075812867
 0.001124457006805186
 0.005713052759637468
 0.005713052759637468
 0.005713052759637468
 0.0001405421867022278
 0.005713052759637468
 0.005713052759637468
 0.003468291075812867
 0.005713052759637468
 0.003468291075812867
 0.001124457006805186
 0.005713052759637468
 0.005713052759637468
 0.005713052759637468
 0.0001405421867022278
 0.005713052759637468
 0.005713052759637468
 0.003468291075812867
 0.005713052759637468
 0.003468291075812867
 0.001124457006805186
 0.005713052759637468
 0.005713052759637468
 0.005713052759637468
 0.0001405421867022278
 0.005713052759637468
 0.005713052759637468
 0.003468291075812867
 0.005713052759637468
 0.003468291075812867
 0.001124457006805186
 0.005713052759637468
 0.005713052759637468
 0.005713052759637468
 0.0001405421867022278
 0.005713052759637468
 0.005713052759637468
 0.003468291075812867
 0.005713052759637468
 0.003468291075812867
 0.001927261578202426
 0.005713052759637468
 0.005713052759637468
 0.005713052759637468
 0.0001405421867022278
 0.005713052759637468
 0.005713052759637468
 0.003468291075812867
 0.003468291075812867
 0.003468291075812867
 0.001124457006805186
 0.005713052759637468
 0.005713052759637468
 0.005713052759637468
 0.0001405421867022278
 0.005713052759637468
 0.005713052759637468
 0.003468291075812867
 0.003468291075812867
 0.003468291075812867
 0.001124457006805186
 0.005713052759637468
 0.005713052759637468
 0.005713052759637468
 0.0001405421867022278
 0.005713052759637468
 0.005713052759637468
 0.003468291075812867
 0.003468291075812867
 0.003468291075812867
 0.001124457006805186
 0.005713052759637468
 0.005713052759637468
 0.005713052759637468
 0.0001405421867022278
 0.005713052759637468
 0.005713052759637468
 0.003468291075812867
 0.003468291075812867
 0.003468291075812867
 0.001124457006805186
 0.005713052759637468
 0.005713052759637468
 0.005713052759637468
 0.0001405421867022278
 0.005713052759637468
 0.005713052759637468
 0.003468291075812867
 0.003468291075812867
 0.003468291075812867
 0.001124457006805186
 0.005713052759637468
 0.005713052759637468
 0.005713052759637468
 0.0001405421867022278
 0.005713052759637468
 0.005713052759637468
 0.003468291075812867
 0.003468291075812867
 0.005713052759637468
 0.001124457006805186
 0.005713052759637468
 0.005713052759637468
 0.005713052759637468
 0.0001405421867022278
 0.005713052759637468
 0.005713052759637468
 0.003468291075812867
 0.003468291075812867
 0.003468291075812867
 0.001124457006805186
 0.005713052759637468
 0.005713052759637468
 0.005713052759637468
 0.0001405421867022278
 0.005713052759637468
 0.005713052759637468
 0.003468291075812867
 0.003468291075812867
 0.003468291075812867
 0.001124457006805186
 0.005713052759637468
 0.005713052759637468
 0.005713052759637468
 0.0001405421867022278
 0.005713052759637468
 0.005713052759637468
 0.003468291075812867
 0.003468291075812867
 0.003468291075812867
 0.001124457006805186
 0.005713052759637468
 0.005713052759637468
 0.005713052759637468
 0.0001405421867022278
 0.005713052759637468
 0.005713052759637468
 0.003468291075812867
 0.003468291075812867
 0.003468291075812867
 0.001124457006805186
 0.005713052759637468
 0.005713052759637468
 0.005713052759637468
 0.0001405421867022278
 0.005713052759637468
