# Created by Octave 3.2.4, Tue Feb 05 19:13:17 2013 EST <rbom@zaphod>
# name: small_First_Fit
# type: matrix
# ndims: 3
 1 10 30
 6.279711239512694e-14
 5.606428471367858e-16
 1.968357395561769e-17
 1.397408108364411e-10
 6.51960061930062e-17
 6.18981169112519e-16
 2.337098233861953e-15
 5.409414785593341e-13
 4.541292494616513e-16
 2.199405580690357e-14
 9.156424377338052e-10
 1.684545991871198e-10
 3.336476513019212e-12
 4.282697592573619e-07
 2.561817259537363e-13
 6.897177394007752e-08
 2.917134122433308e-09
 8.799592789544787e-10
 6.089556126546672e-11
 5.51158944188937e-11
 4.628235721136465e-07
 1.607748238791789e-06
 2.54070782838045e-09
 2.52861149515253e-05
 2.856767451604515e-10
 2.26399071055297e-06
 1.202528735937543e-07
 3.255219974485324e-07
 1.216609531087253e-07
 5.51158944188937e-11
 1.840381814666612e-05
 0.0001790210166119206
 3.386715551382233e-07
 0.0001072567720896583
 3.670855386910233e-08
 2.26399071055297e-06
 4.639037168824648e-06
 1.840381814666612e-05
 1.009176370450541e-05
 6.857507988063519e-08
 0.001436604387496549
 0.002170990967939049
 1.519567772072711e-05
 0.0001072567720896583
 4.87388761517002e-05
 0.0001275438292085806
 0.0002124924213982922
 0.0001586139559910005
 0.0006163809164610442
 2.334417772711319e-06
 0.001436604387496549
 0.002170990967939049
 8.434510599415602e-05
 0.0001072567720896583
 0.0008757458899067132
 0.0001275438292085806
 0.0007725309918897375
 0.0001586139559910005
 0.0006163809164610442
 1.394156481427956e-05
 0.001436604387496549
 0.002170990967939049
 4.531211242590788e-05
 0.0001072567720896583
 0.008320978615396905
 0.0001275438292085806
 0.0007725309918897375
 0.001436604387496549
 0.0006163809164610442
 4.611421752199522e-05
 0.008320978615396905
 0.002170990967939049
 8.434510599415602e-05
 0.0001072567720896583
 0.008320978615396905
 0.0001275438292085806
 0.002170990967939049
 0.008320978615396905
 0.008320978615396905
 0.0005172196034636779
 0.008320978615396905
 0.008320978615396905
 0.0006838263656964074
 0.0001072567720896583
 0.008320978615396905
 0.0007725309918897375
 0.002170990967939049
 0.008320978615396905
 0.008320978615396905
 0.00093803804684776
 0.008320978615396905
 0.008320978615396905
 0.00093803804684776
 0.008320978615396905
 0.008320978615396905
 0.002170990967939049
 0.002170990967939049
 0.008320978615396905
 0.008320978615396905
 0.008320978615396905
 0.008320978615396905
 0.008320978615396905
 0.008320978615396905
 0.008320978615396905
 0.008320978615396905
 0.002170990967939049
 0.008320978615396905
 0.008320978615396905
 0.008320978615396905
 0.008320978615396905
 0.008320978615396905
 0.008320978615396905
 0.008320978615396905
 0.008320978615396905
 0.008320978615396905
 0.002170990967939049
 0.008320978615396905
 0.008320978615396905
 0.008320978615396905
 0.008320978615396905
 0.008320978615396905
 0.008320978615396905
 0.008320978615396905
 0.008320978615396905
 0.008320978615396905
 0.002170990967939049
 0.008320978615396905
 0.008320978615396905
 0.008320978615396905
 0.008320978615396905
 0.008320978615396905
 0.008320978615396905
 0.008320978615396905
 0.008320978615396905
 0
 0.008320978615396905
 0.008320978615396905
 0.008320978615396905
 0.008320978615396905
 0.008320978615396905
 0
 0.008320978615396905
 0.008320978615396905
 0.008320978615396905
 0
 0.008320978615396905
 0.008320978615396905
 0
 0
 0.008320978615396905
 0
 0
 0.008320978615396905
 0.008320978615396905
 0
 0.008320978615396905
 0.008320978615396905
 0
 0
 0.008320978615396905
 0
 0
 0.008320978615396905
 0
 0
 0.008320978615396905
 0.008320978615396905
 0
 0
 0
 0
 0
 0
 0
 0
 0.008320978615396905
 0
 0
 0
 0
 0
 0
 0
 0
 0
 0.008320978615396905
 0
 0
 0
 0
 0
 0
 0
 0
 0
 0.008320978615396905
 0
 0
 0
 0
 0
 0
 0
 0
 0
 0
 0
 0
 0
 0
 0
 0
 0
 0
 0
 0
 0
 0
 0
 0
 0
 0
 0
 0
 0
 0
 0
 0
 0
 0
 0
 0
 0
 0
 0
 0
 0
 0
 0
 0
 0
 0
 0
 0
 0
 0
 0
 0
 0
 0
 0
 0
 0
 0
 0
 0
 0
 0
 0
 0
 0
 0
 0
 0
 0
 0
 0
 0
 0
 0
 0
 0
 0
 0
 0
 0
 0
 0
 0
 0
 0
 0
 0
 0
 0
 0
 0
 0
 0
 0
 0
 0
 0
 0
 0
 0
 0
 0
 0
 0
