# Created by Octave 3.2.4, Mon Feb 04 10:05:10 2013 EST <rbom@zaphod>
# name: small_First_Fit
# type: matrix
# ndims: 3
 1 10 30
 7.162177459399673e-15
 4.829683318585588e-16
 3.850593271140994e-13
 3.140754760732995e-08
 2.779056871388357e-17
 8.33944206153984e-14
 3.103098530431548e-19
 1.294958521840181e-07
 6.117766299801728e-13
 3.792017572314558e-13
 8.966558527027683e-10
 1.025482557022637e-12
 4.361168627818964e-08
 1.498167274697504e-06
 1.304709877674679e-12
 4.977960565118245e-10
 1.352971029335537e-12
 0.0001026532551286513
 1.069589882297513e-08
 2.623314404752827e-09
 7.561117011250094e-08
 1.21495694290523e-07
 7.680883033270414e-05
 7.806348476214838e-05
 2.727552267987706e-09
 2.877671354349085e-05
 9.824388298328161e-09
 0.0002241053279557203
 1.478459777731841e-05
 5.019651059048741e-06
 7.72081728933346e-06
 6.346415941781839e-06
 0.0002074678677753182
 7.806348476214838e-05
 6.603609036247881e-05
 0.003046077713128436
 5.074643820268435e-05
 0.004831835955188787
 0.006642977913090446
 0.002298604938720848
 0.0001893396624144319
 1.47241432395443e-05
 0.001218679021179461
 0.002299665450035438
 0.001113691088061668
 0.003046077713128436
 0.0001676779622566388
 0.004831835955188787
 0.006642977913090446
 0.002298604938720848
 0.0004848212439832923
 1.47241432395443e-05
 0.003011887982050837
 0.004831835955188787
 0.001113691088061668
 0.003046077713128436
 0.0001676779622566388
 0.004831835955188787
 0.006642977913090446
 0.002298604938720848
 0.00379541980546819
 0.0003640486058802524
 0.003011887982050837
 0.004831835955188787
 0.00379541980546819
 0.003046077713128436
 0.0003309660507182789
 0.004831835955188787
 0.006642977913090446
 0.003398342362838563
 0.00379541980546819
 0.00379541980546819
 0.003011887982050837
 0.006642977913090446
 0.00379541980546819
 0.003398342362838563
 0.0008061705697860914
 0.006642977913090446
 0.006642977913090446
 0.003398342362838563
 0.00379541980546819
 0.00379541980546819
 0.003011887982050837
 0.006642977913090446
 0.00379541980546819
 0.003046077713128436
 0.0008061705697860914
 0.006642977913090446
 0.006642977913090446
 0.002298604938720848
 0.00379541980546819
 0.006642977913090446
 0.006642977913090446
 0.006642977913090446
 0.00379541980546819
 0.003046077713128436
 0.003011887982050837
 0.004831835955188787
 0.006642977913090446
 0.002298604938720848
 0.00379541980546819
 0.006642977913090446
 0.006642977913090446
 0.004831835955188787
 0.00379541980546819
 0.003046077713128436
 0.004831835955188787
 0.004831835955188787
 0.006642977913090446
 0.002298604938720848
 0.00379541980546819
 0.006642977913090446
 0.006642977913090446
 0.004831835955188787
 0.00379541980546819
 0.003046077713128436
 0.004831835955188787
 0.004831835955188787
 0.006642977913090446
 0.002298604938720848
 0.00379541980546819
 0.006642977913090446
 0.006642977913090446
 0.004831835955188787
 0.00379541980546819
 0.003046077713128436
 0.006642977913090446
 0.004831835955188787
 0.006642977913090446
 0.003046077713128436
 0.00379541980546819
 0.006642977913090446
 0.006642977913090446
 0.004831835955188787
 0.00379541980546819
 0.003046077713128436
 0.006642977913090446
 0.004831835955188787
 0.006642977913090446
 0.003046077713128436
 0.00379541980546819
 0.006642977913090446
 0.006642977913090446
 0.004831835955188787
 0.00379541980546819
 0.003398342362838563
 0.006642977913090446
 0.004831835955188787
 0.006642977913090446
 0.003046077713128436
 0.00379541980546819
 0.006642977913090446
 0.006642977913090446
 0.004831835955188787
 0.00379541980546819
 0.006642977913090446
 0.006642977913090446
 0.004831835955188787
 0.006642977913090446
 0.002298604938720848
 0.00379541980546819
 0.006642977913090446
 0.006642977913090446
 0.004831835955188787
 0.00379541980546819
 0.003046077713128436
 0.006642977913090446
 0.004831835955188787
 0.006642977913090446
 0.002298604938720848
 0.00379541980546819
 0.006642977913090446
 0.006642977913090446
 0.004831835955188787
 0.00379541980546819
 0.003046077713128436
 0.006642977913090446
 0.004831835955188787
 0.006642977913090446
 0.002298604938720848
 0.00379541980546819
 0.006642977913090446
 0.006642977913090446
 0.004831835955188787
 0.006642977913090446
 0.003046077713128436
 0.006642977913090446
 0.004831835955188787
 0.006642977913090446
 0.002298604938720848
 0.00379541980546819
 0.006642977913090446
 0.006642977913090446
 0.004831835955188787
 0.006642977913090446
 0.003398342362838563
 0.006642977913090446
 0.004831835955188787
 0.006642977913090446
 0.002298604938720848
 0.00379541980546819
 0.006642977913090446
 0.006642977913090446
 0.004831835955188787
 0.00379541980546819
 0.003398342362838563
 0.006642977913090446
 0.004831835955188787
 0.006642977913090446
 0.002298604938720848
 0.00379541980546819
 0.006642977913090446
 0.006642977913090446
 0.004831835955188787
 0.00379541980546819
 0.003398342362838563
 0.006642977913090446
 0.004831835955188787
 0.006642977913090446
 0.002298604938720848
 0.00379541980546819
 0.006642977913090446
 0.006642977913090446
 0.004831835955188787
 0.00379541980546819
 0.003046077713128436
 0.006642977913090446
 0.004831835955188787
 0.006642977913090446
 0.002298604938720848
 0.00379541980546819
 0.006642977913090446
 0.006642977913090446
 0.004831835955188787
 0.00379541980546819
 0.003046077713128436
 0.006642977913090446
 0.004831835955188787
 0.006642977913090446
 0.002298604938720848
 0.00379541980546819
 0.006642977913090446
 0.006642977913090446
 0.004831835955188787
 0.00379541980546819
 0.003046077713128436
 0.006642977913090446
 0.004831835955188787
 0.006642977913090446
 0.002298604938720848
 0.00379541980546819
 0.006642977913090446
 0.006642977913090446
 0.004831835955188787
 0.00379541980546819
 0.003046077713128436
 0.006642977913090446
 0.004831835955188787
 0.006642977913090446
 0.002298604938720848
 0.00379541980546819
 0.006642977913090446
 0.006642977913090446
 0.004831835955188787
 0.00379541980546819
 0.003046077713128436
 0.006642977913090446
 0.004831835955188787
 0.006642977913090446
 0.002298604938720848
 0.00379541980546819
 0.006642977913090446
 0.006642977913090446
 0.004831835955188787
 0.00379541980546819
 0.003046077713128436
 0.006642977913090446
 0.004831835955188787
 0.006642977913090446
 0.003046077713128436
 0.00379541980546819
 0.006642977913090446
 0.006642977913090446
 0.004831835955188787
 0.00379541980546819
 0.003398342362838563
 0.006642977913090446
 0.004831835955188787
 0.006642977913090446
 0.003046077713128436
 0.00379541980546819
 0.006642977913090446
 0.006642977913090446
 0.004831835955188787
 0.006642977913090446
 0.003046077713128436
 0.006642977913090446
 0.004831835955188787
 0.006642977913090446
 0.003046077713128436
