# Created by Octave 3.2.4, Wed Feb 06 02:12:03 2013 EST <rbom@zaphod>
# name: small_First_Fit
# type: matrix
# ndims: 3
 1 10 30
 9.170058258391447e-10
 3.27370978321274e-11
 5.311030517088435e-13
 7.83722347344684e-14
 2.629634883470084e-11
 1.206946518627713e-12
 5.781741218592136e-10
 8.584180310104157e-13
 1.829682218409099e-14
 7.330195800172633e-09
 1.397715722325699e-06
 1.188116043303769e-06
 1.683233287673474e-07
 6.650591647655192e-09
 1.29608695422224e-07
 3.160206213838466e-08
 1.314799474704832e-07
 1.267240429226377e-09
 3.586399561221889e-08
 8.5867800145788e-07
 0.0001234117542345389
 0.001382478172234496
 1.605776256923209e-05
 3.269314590095497e-06
 2.22160571989345e-05
 4.485185106477806e-06
 1.119517938576975e-05
 8.999814275712158e-06
 2.054962278305897e-05
 1.567846433201127e-05
 0.002047079694789622
 0.001382478172234496
 0.001351063939543345
 2.782534385376631e-05
 0.0008170292598312937
 0.0002155404143060163
 0.0001723422974055705
 0.0001070349620641025
 0.0007792859957040977
 0.000106492939204579
 0.004249895530720137
 0.001382478172234496
 0.003127847183616717
 0.001382478172234496
 0.007623389363280521
 0.0006359278319031646
 0.001191522925376118
 0.0005203957607446827
 0.004566602035140555
 0.003977239186589231
 0.007623389363280521
 0.001382478172234496
 0.004566602035140555
 0.001382478172234496
 0.007623389363280521
 0.001398972891016758
 0.002405792542898866
 0.0006403653097788644
 0.004566602035140555
 0.01039914357205977
 0.007623389363280521
 0.001382478172234496
 0.004566602035140555
 0.009163045966166378
 0.007623389363280521
 0.001741800081639645
 0.01039914357205977
 0.001903915532165475
 0.004566602035140555
 0.01039914357205977
 0.009163045966166378
 0.001382478172234496
 0.004566602035140555
 0.009163045966166378
 0.007623389363280521
 0.001741800081639645
 0.01039914357205977
 0.001903915532165475
 0.01039914357205977
 0.01039914357205977
 0.009163045966166378
 0.009163045966166378
 0.004566602035140555
 0.009163045966166378
 0.007623389363280521
 0.004249895530720137
 0.01039914357205977
 0.001903915532165475
 0.01039914357205977
 0.01039914357205977
 0.01039914357205977
 0.009163045966166378
 0.004566602035140555
 0.009163045966166378
 0.007623389363280521
 0.004249895530720137
 0.01039914357205977
 0.003250860080347086
 0.01039914357205977
 0.01039914357205977
 0.01039914357205977
 0.009163045966166378
 0.004566602035140555
 0.009163045966166378
 0.007623389363280521
 0.004249895530720137
 0.01039914357205977
 0.01039914357205977
 0.01039914357205977
 0.01039914357205977
 0.007623389363280521
 0.009163045966166378
 0.007623389363280521
 0.009163045966166378
 0
 0.004249895530720137
 0.01039914357205977
 0.01039914357205977
 0.01039914357205977
 0.01039914357205977
 0.009163045966166378
 0.01039914357205977
 0.007623389363280521
 0.009163045966166378
 0
 0.004249895530720137
 0.01039914357205977
 0.01039914357205977
 0.01039914357205977
 0
 0.007623389363280521
 0.01039914357205977
 0.007623389363280521
 0
 0
 0.004249895530720137
 0
 0.01039914357205977
 0.01039914357205977
 0
 0.007623389363280521
 0.01039914357205977
 0.004566602035140555
 0
 0
 0.009163045966166378
 0
 0.01039914357205977
 0
 0
 0.007623389363280521
 0.01039914357205977
 0.007623389363280521
 0
 0
 0.01039914357205977
 0
 0.01039914357205977
 0
 0
 0.01039914357205977
 0.01039914357205977
 0.004566602035140555
 0
 0
 0.01039914357205977
 0
 0.01039914357205977
 0
 0
 0.01039914357205977
 0.01039914357205977
 0.01039914357205977
 0
 0
 0.01039914357205977
 0
 0
 0
 0
 0.007623389363280521
 0.01039914357205977
 0.01039914357205977
 0
 0
 0.01039914357205977
 0
 0
 0
 0
 0.007623389363280521
 0
 0.01039914357205977
 0
 0
 0.01039914357205977
 0
 0
 0
 0
 0.01039914357205977
 0
 0.01039914357205977
 0
 0
 0.01039914357205977
 0
 0
 0
 0
 0.01039914357205977
 0
 0.01039914357205977
 0
 0
 0.01039914357205977
 0
 0
 0
 0
 0.01039914357205977
 0
 0.009163045966166378
 0
 0
 0
 0
 0
 0
 0
 0.007623389363280521
 0
 0.004566602035140555
 0
 0
 0
 0
 0
 0
 0
 0.007623389363280521
 0
 0
 0
 0
 0
 0
 0
 0
 0
 0.007623389363280521
 0
 0
 0
 0
 0
 0
 0
 0
 0
 0.007623389363280521
 0
 0
 0
 0
 0
 0
 0
 0
 0
 0
 0
 0
 0
 0
 0
 0
 0
 0
 0
 0
 0
 0
 0
 0
 0
 0
 0
 0
 0
 0
 0
 0
 0
 0
 0
 0
 0
 0
 0
