# Created by Octave 3.2.4, Mon Feb 04 07:46:38 2013 EST <rbom@zaphod>
# name: small_First_Fit
# type: matrix
# ndims: 3
 1 10 30
 3.319818968127881e-15
 6.472900293604588e-19
 5.006741164105568e-14
 4.157318766998297e-21
 1.284804508898007e-09
 1.569712797137668e-19
 6.525268577194536e-13
 2.186082278982663e-14
 8.905694479974629e-16
 1.033517827144615e-19
 3.000415564675981e-09
 8.578168203142236e-11
 6.35724341927932e-09
 5.155942566937893e-12
 1.932865126531405e-06
 9.493617369501635e-15
 4.641998786965578e-08
 3.95512922204685e-09
 4.551175192248895e-08
 3.374639522308288e-16
 4.820193674529485e-06
 3.318457354319821e-07
 1.644775429908953e-07
 4.901399124621308e-07
 6.29311393722442e-05
 3.364064202626793e-05
 1.463086166402954e-06
 2.601991357579704e-07
 8.665969900597143e-05
 1.124545421295773e-10
 0.0001272273270462578
 8.560842817748239e-05
 1.122807469845715e-05
 3.72692526856978e-06
 0.001635809860620427
 0.0129685838510172
 3.364064202626793e-05
 5.897246460157689e-05
 0.01883193010844484
 5.174060885747954e-07
 0.0001272273270462578
 0.002472032190995244
 0.01093711411179898
 6.027614815003834e-05
 0.001635809860620427
 0.0129685838510172
 0.001711853219403351
 0.01883193010844484
 0.002472032190995244
 3.037515656679797e-05
 0.001635809860620427
 0.01883193010844484
 0.01093711411179898
 6.027614815003834e-05
 0.001635809860620427
 0.0129685838510172
 0.0129685838510172
 0.01883193010844484
 0.01883193010844484
 0.0006682747959967458
 0.001635809860620427
 0.01883193010844484
 0.01093711411179898
 0.000176630382668313
 0.001635809860620427
 0.0129685838510172
 0.0129685838510172
 0.01883193010844484
 0.01883193010844484
 0.01093711411179898
 0.0129685838510172
 0.01883193010844484
 0.01093711411179898
 0.0005973012000039924
 0.007502119319673711
 0.0129685838510172
 0.0129685838510172
 0.01883193010844484
 0.01883193010844484
 0.01093711411179898
 0.0129685838510172
 0.01883193010844484
 0.01093711411179898
 0.0129685838510172
 0.007502119319673711
 0.0129685838510172
 0.0129685838510172
 0.01883193010844484
 0.01883193010844484
 0.01883193010844484
 0.0129685838510172
 0.01883193010844484
 0.01093711411179898
 0.0129685838510172
 0.001635809860620427
 0.0129685838510172
 0.0129685838510172
 0.01883193010844484
 0.01883193010844484
 0.01883193010844484
 0.0129685838510172
 0.01883193010844484
 0.01883193010844484
 0.0129685838510172
 0.007502119319673711
 0.0129685838510172
 0.0129685838510172
 0.01883193010844484
 0.01883193010844484
 0.01883193010844484
 0.0129685838510172
 0.01883193010844484
 0.01883193010844484
 0.0129685838510172
 0.001635809860620427
 0.0129685838510172
 0.0129685838510172
 0.01883193010844484
 0.01883193010844484
 0.01883193010844484
 0.0129685838510172
 0.01883193010844484
 0.01883193010844484
 0.01883193010844484
 0.001635809860620427
 0.0129685838510172
 0.0129685838510172
 0.01883193010844484
 0.01883193010844484
 0.01883193010844484
 0.0129685838510172
 0.01883193010844484
 0.01883193010844484
 0.01883193010844484
 0.001635809860620427
 0.0129685838510172
 0.0129685838510172
 0.01883193010844484
 0.01883193010844484
 0.01883193010844484
 0.0129685838510172
 0.01883193010844484
 0.01883193010844484
 0.01883193010844484
 0.001635809860620427
 0.0129685838510172
 0.0129685838510172
 0.01883193010844484
 0.01883193010844484
 0.01883193010844484
 0.0129685838510172
 0.01883193010844484
 0.01883193010844484
 0.01883193010844484
 0.001635809860620427
 0.0129685838510172
 0.0129685838510172
 0.01883193010844484
 0.01883193010844484
 0.01883193010844484
 0.0129685838510172
 0.01883193010844484
 0.01883193010844484
 0.01883193010844484
 0.001635809860620427
 0.01883193010844484
 0.0129685838510172
 0.01883193010844484
 0.01883193010844484
 0.01883193010844484
 0.0129685838510172
 0.01883193010844484
 0.01883193010844484
 0.01883193010844484
 0.001635809860620427
 0.01883193010844484
 0.0129685838510172
 0.01883193010844484
 0.01883193010844484
 0.01883193010844484
 0.0129685838510172
 0.01883193010844484
 0.01883193010844484
 0.01883193010844484
 0.001635809860620427
 0.01883193010844484
 0.0129685838510172
 0.01883193010844484
 0.01883193010844484
 0.01883193010844484
 0.0129685838510172
 0.01883193010844484
 0.01883193010844484
 0.01883193010844484
 0.001635809860620427
 0.01883193010844484
 0.0129685838510172
 0.01883193010844484
 0.01883193010844484
 0.01883193010844484
 0.0129685838510172
 0.01883193010844484
 0.01883193010844484
 0.01883193010844484
 0.007502119319673711
 0.01883193010844484
 0.01883193010844484
 0.01883193010844484
 0.01883193010844484
 0.01883193010844484
 0.0129685838510172
 0.01883193010844484
 0.01883193010844484
 0.01883193010844484
 0.007502119319673711
 0.0129685838510172
 0.0129685838510172
 0.01883193010844484
 0.01883193010844484
 0.01883193010844484
 0.0129685838510172
 0.01883193010844484
 0.01883193010844484
 0.01883193010844484
 0.01883193010844484
 0.0129685838510172
 0.0129685838510172
 0.01883193010844484
 0.01883193010844484
 0.01883193010844484
 0.0129685838510172
 0.01883193010844484
 0.01883193010844484
 0.01883193010844484
 0.01883193010844484
 0.0129685838510172
 0.0129685838510172
 0.01883193010844484
 0.01883193010844484
 0.01883193010844484
 0.0129685838510172
 0.01883193010844484
 0.01883193010844484
 0.01883193010844484
 0.01883193010844484
 0.0129685838510172
 0.01883193010844484
 0.01883193010844484
 0.01883193010844484
 0.01883193010844484
 0.0129685838510172
 0.01883193010844484
 0.01883193010844484
 0.01883193010844484
 0.01883193010844484
 0.0129685838510172
 0.01883193010844484
 0.01883193010844484
 0.01883193010844484
 0.01883193010844484
 0.0129685838510172
 0.01883193010844484
 0.01883193010844484
 0.01883193010844484
 0.01883193010844484
 0.0129685838510172
 0.01883193010844484
 0.01883193010844484
 0.01883193010844484
 0.01883193010844484
 0.0129685838510172
 0.01883193010844484
 0.01883193010844484
 0.01883193010844484
 0.01883193010844484
 0.01883193010844484
 0.01883193010844484
 0.01883193010844484
 0.01883193010844484
 0.01883193010844484
 0.0129685838510172
 0.01883193010844484
 0.01883193010844484
 0.01883193010844484
 0.01883193010844484
 0.0129685838510172
 0.01883193010844484
 0.01883193010844484
 0.01883193010844484
 0.01883193010844484
 0.0129685838510172
 0.01883193010844484
 0.01883193010844484
 0.01883193010844484
 0.01883193010844484
 0.0129685838510172
 0.01883193010844484
 0.01883193010844484
 0.01883193010844484
 0.01883193010844484
