# Created by Octave 3.2.4, Mon Feb 04 14:48:53 2013 EST <rbom@zaphod>
# name: small_First_Fit
# type: matrix
# ndims: 3
 1 10 30
 3.417037748557268e-15
 9.122962252554299e-11
 2.426493481747831e-14
 1.464690112666982e-13
 3.937965097598968e-15
 2.449182226201578e-15
 3.595192552934207e-13
 2.983784199966658e-14
 3.951932497585357e-13
 4.702304900777809e-12
 1.374750987919732e-11
 9.629213237378906e-05
 1.344672525254649e-10
 3.262899743615023e-10
 2.567962677373252e-10
 2.840281726171656e-09
 3.927633433438791e-09
 6.708549475149629e-09
 2.791748679491588e-08
 4.97620930806311e-07
 5.865360253615384e-06
 0.01406231337327711
 1.929965106256848e-07
 6.377760055407395e-08
 3.331456135612608e-07
 1.755127093947312e-06
 4.134532835118526e-06
 2.153419205318858e-05
 2.704501894506342e-06
 6.058521650785134e-05
 0.0006544777481253918
 0.01406231337327711
 0.0002023435586776209
 1.211036204953656e-05
 0.0005335734378030793
 0.0005764790197417254
 0.0001624907431168518
 0.0005335734378030793
 0.0005239024168545957
 0.00105700832298834
 0.002249016826295987
 0.01406231337327711
 0.0004176061367415733
 0.0005812480402558129
 0.001122176704375328
 0.01134110498043283
 0.01134110498043283
 0.001122176704375328
 0.007551350680913445
 0.001122176704375328
 0.0152415573631075
 0.01406231337327711
 0.008928548900812995
 0.0008237778762352851
 0.001122176704375328
 0.01406231337327711
 0.0152415573631075
 0.006086908286019613
 0.01026990206144494
 0.002577464558048599
 0.0152415573631075
 0.01406231337327711
 0.01406231337327711
 0.002109154844810775
 0.001122176704375328
 0.01406231337327711
 0.0152415573631075
 0.006086908286019613
 0.0152415573631075
 0.004234700612343465
 0.0152415573631075
 0.01406231337327711
 0.01406231337327711
 0.002613465467980674
 0.002662022986303823
 0.01406231337327711
 0.0152415573631075
 0.006086908286019613
 0.0152415573631075
 0.005846779394697293
 0.0152415573631075
 0.0152415573631075
 0.01406231337327711
 0.01283322743459658
 0.007551350680913445
 0.01406231337327711
 0.0152415573631075
 0.006086908286019613
 0.0152415573631075
 0.005846779394697293
 0.0152415573631075
 0.0152415573631075
 0.01406231337327711
 0.01283322743459658
 0.007551350680913445
 0.0152415573631075
 0.0152415573631075
 0.006086908286019613
 0.0152415573631075
 0.005846779394697293
 0.0152415573631075
 0.0152415573631075
 0.01406231337327711
 0.01283322743459658
 0.008928548900812995
 0.0152415573631075
 0.0152415573631075
 0.006086908286019613
 0.0152415573631075
 0.005846779394697293
 0.0152415573631075
 0.0152415573631075
 0.01406231337327711
 0.01283322743459658
 0.01283322743459658
 0.0152415573631075
 0.0152415573631075
 0.01406231337327711
 0.0152415573631075
 0.005846779394697293
 0
 0.01406231337327711
 0.01406231337327711
 0.0152415573631075
 0.01283322743459658
 0.0152415573631075
 0
 0.006086908286019613
 0.0152415573631075
 0.005846779394697293
 0
 0.01406231337327711
 0
 0.0152415573631075
 0.01406231337327711
 0.0152415573631075
 0
 0.006086908286019613
 0
 0.005846779394697293
 0
 0.01406231337327711
 0
 0.0152415573631075
 0.01406231337327711
 0.0152415573631075
 0
 0.006086908286019613
 0
 0
 0
 0
 0
 0.0152415573631075
 0.01406231337327711
 0.0152415573631075
 0
 0.006086908286019613
 0
 0
 0
 0
 0
 0.0152415573631075
 0.0152415573631075
 0
 0
 0.01382238541774344
 0
 0
 0
 0
 0
 0.0152415573631075
 0.0152415573631075
 0
 0
 0.01382238541774344
 0
 0
 0
 0
 0
 0.0152415573631075
 0.0152415573631075
 0
 0
 0.01382238541774344
 0
 0
 0
 0
 0
 0
 0.0152415573631075
 0
 0
 0.01382238541774344
 0
 0
 0
 0
 0
 0
 0.0152415573631075
 0
 0
 0.01382238541774344
 0
 0
 0
 0
 0
 0
 0.0152415573631075
 0
 0
 0.01406231337327711
 0
 0
 0
 0
 0
 0
 0.0152415573631075
 0
 0
 0.01406231337327711
 0
 0
 0
 0
 0
 0
 0
 0
 0
 0.01406231337327711
 0
 0
 0
 0
 0
 0
 0
 0
 0
 0.01406231337327711
 0
 0
 0
 0
 0
 0
 0
 0
 0
 0.0152415573631075
 0
 0
 0
 0
 0
 0
 0
 0
 0
 0.01406231337327711
 0
 0
 0
 0
 0
 0
 0
 0
 0
 0.01382238541774344
 0
 0
 0
 0
 0
 0
 0
 0
 0
 0.01382238541774344
 0
 0
 0
 0
 0
 0
 0
 0
 0
 0.01382238541774344
 0
 0
