# Created by Octave 3.2.4, Mon Feb 04 01:41:56 2013 EST <rbom@zaphod>
# name: small_First_Fit
# type: matrix
# ndims: 3
 1 10 30
 7.569322343556263e-16
 8.17220581590709e-18
 5.044630732094387e-19
 2.650715234438859e-14
 1.00025418086896e-15
 5.715926805149631e-18
 2.187119504204369e-13
 6.13934127191901e-16
 2.971522463531668e-23
 8.992434434182172e-14
 1.106864904741107e-11
 2.900886111898054e-10
 5.882316907701601e-12
 3.504087328223918e-12
 4.233583113964927e-11
 4.05223851700494e-14
 1.724918640820223e-09
 2.035339440178036e-10
 2.019666283009159e-14
 1.085635732220598e-08
 1.062538588056823e-08
 3.189833236724427e-07
 3.058754488950005e-05
 2.235299464898114e-07
 1.163980091894176e-06
 4.457321800001229e-09
 1.839852400393781e-05
 1.223174223569742e-08
 2.218450614669813e-08
 6.691994243065834e-07
 5.790091209831028e-06
 5.861262007345259e-06
 3.058754488950005e-05
 2.950843969153106e-05
 4.571870671170456e-05
 1.277589723958148e-05
 0.003387355076220494
 9.767503335805871e-07
 0.002647104007295344
 4.000944969110752e-06
 0.0003039160174809522
 0.0006120438826898241
 3.058754488950005e-05
 2.950843969153106e-05
 4.571870671170456e-05
 1.277589723958148e-05
 0.003387355076220494
 4.408487916250796e-05
 0.002647104007295344
 7.849236864944296e-05
 0.002647104007295344
 0.05722587237936098
 3.058754488950005e-05
 2.950843969153106e-05
 0.003387355076220494
 1.277589723958148e-05
 0.003387355076220494
 0.00331681808626065
 0.002647104007295344
 0.003387355076220494
 0.002647104007295344
 0.05722587237936098
 3.835551320974905e-05
 2.950843969153106e-05
 0.003387355076220494
 1.277589723958148e-05
 0.003387355076220494
 0.05722587237936098
 0.05722587237936098
 0.003387355076220494
 0.002647104007295344
 0.05722587237936098
 3.835551320974905e-05
 6.153447191188276e-05
 0.003387355076220494
 1.277589723958148e-05
 0.003387355076220494
 0.05722587237936098
 0.05722587237936098
 0.003387355076220494
 0.002647104007295344
 0.05722587237936098
 9.777998315113644e-05
 7.849236864944296e-05
 0.003387355076220494
 1.277589723958148e-05
 0.003387355076220494
 0.05722587237936098
 0.05722587237936098
 0.003387355076220494
 0.002647104007295344
 0.05722587237936098
 9.777998315113644e-05
 0.0003371574094765058
 0.003387355076220494
 0.000135508230653845
 0.003387355076220494
 0.05722587237936098
 0.05722587237936098
 0.003387355076220494
 0.002647104007295344
 0.05722587237936098
 0.0001908273411633615
 0.003387355076220494
 0.003387355076220494
 0.000135508230653845
 0.003387355076220494
 0.05722587237936098
 0.05722587237936098
 0.003387355076220494
 0.002647104007295344
 0.05722587237936098
 0.0001908273411633615
 0.003387355076220494
 0.003387355076220494
 0.0001907871448713893
 0.003387355076220494
 0.05722587237936098
 0.05722587237936098
 0.003387355076220494
 0.002647104007295344
 0.05722587237936098
 0.05722587237936098
 0.003387355076220494
 0.003387355076220494
 0.003387355076220494
 0.05722587237936098
 0.05722587237936098
 0.05722587237936098
 0.003387355076220494
 0.002647104007295344
 0.05722587237936098
 0.05722587237936098
 0.05722587237936098
 0.003387355076220494
 0.003387355076220494
 0.05722587237936098
 0.05722587237936098
 0.05722587237936098
 0.003387355076220494
 0.002647104007295344
 0.05722587237936098
 0.05722587237936098
 0.05722587237936098
 0.003387355076220494
 0.003387355076220494
 0.05722587237936098
 0.05722587237936098
 0.05722587237936098
 0.003387355076220494
 0.002647104007295344
 0.05722587237936098
 0.05722587237936098
 0.05722587237936098
 0.003387355076220494
 0.003387355076220494
 0.05722587237936098
 0.05722587237936098
 0.05722587237936098
 0.003387355076220494
 0.002647104007295344
 0.05722587237936098
 0.05722587237936098
 0.05722587237936098
 0.003387355076220494
 0.05722587237936098
 0.05722587237936098
 0.05722587237936098
 0.05722587237936098
 0.05722587237936098
 0.002647104007295344
 0.05722587237936098
 0.05722587237936098
 0.05722587237936098
 0.003387355076220494
 0.05722587237936098
 0.05722587237936098
 0.05722587237936098
 0.05722587237936098
 0.003387355076220494
 0.002647104007295344
 0.05722587237936098
 0.05722587237936098
 0.05722587237936098
 0.003387355076220494
 0.05722587237936098
 0.05722587237936098
 0.05722587237936098
 0.05722587237936098
 0.003387355076220494
 0.002647104007295344
 0.05722587237936098
 0.05722587237936098
 0.05722587237936098
 0.003387355076220494
 0.05722587237936098
 0.05722587237936098
 0.05722587237936098
 0.05722587237936098
 0.003387355076220494
 0.002647104007295344
 0.05722587237936098
 0.05722587237936098
 0.05722587237936098
 0.003387355076220494
 0.05722587237936098
 0.05722587237936098
 0.05722587237936098
 0.05722587237936098
 0.003387355076220494
 0.002647104007295344
 0.05722587237936098
 0.05722587237936098
 0.05722587237936098
 0.05722587237936098
 0.05722587237936098
 0.05722587237936098
 0.05722587237936098
 0.05722587237936098
 0.003387355076220494
 0.002647104007295344
 0.05722587237936098
 0.05722587237936098
 0.05722587237936098
 0.05722587237936098
 0.05722587237936098
 0.05722587237936098
 0.05722587237936098
 0.05722587237936098
 0.003387355076220494
 0.05722587237936098
 0.05722587237936098
 0.05722587237936098
 0.05722587237936098
 0.05722587237936098
 0.05722587237936098
 0.05722587237936098
 0.05722587237936098
 0.05722587237936098
 0.003387355076220494
 0.05722587237936098
 0.05722587237936098
 0.05722587237936098
 0.05722587237936098
 0.05722587237936098
 0.05722587237936098
 0.05722587237936098
 0.05722587237936098
 0.05722587237936098
 0.003387355076220494
 0.05722587237936098
 0.05722587237936098
 0.05722587237936098
 0.05722587237936098
 0.05722587237936098
 0.05722587237936098
 0.05722587237936098
 0.05722587237936098
 0.05722587237936098
 0.003387355076220494
 0.05722587237936098
 0.05722587237936098
 0.05722587237936098
 0.05722587237936098
 0.05722587237936098
 0.05722587237936098
 0.05722587237936098
 0.05722587237936098
 0.05722587237936098
 0.003387355076220494
 0.05722587237936098
 0.05722587237936098
 0.05722587237936098
 0.05722587237936098
 0.05722587237936098
 0.05722587237936098
 0.05722587237936098
 0.05722587237936098
 0.05722587237936098
 0.003387355076220494
 0.05722587237936098
 0.05722587237936098
 0.05722587237936098
 0.05722587237936098
 0.05722587237936098
 0.05722587237936098
 0.05722587237936098
 0.05722587237936098
 0.05722587237936098
 0.05722587237936098
 0.05722587237936098
 0.05722587237936098
 0.05722587237936098
 0.05722587237936098
 0.05722587237936098
 0.05722587237936098
 0.05722587237936098
 0.05722587237936098
 0.05722587237936098
 0.003387355076220494
