# Created by Octave 3.2.4, Mon Feb 04 03:40:21 2013 EST <rbom@zaphod>
# name: small_First_Fit
# type: matrix
# ndims: 3
 1 10 30
 5.633404483346644e-19
 3.346012500950912e-12
 2.510926861687633e-16
 1.725834846787263e-17
 2.511908531939704e-18
 4.115234152016034e-22
 2.068106454650247e-19
 1.991646869262266e-21
 6.378034354503468e-21
 1.531881188723736e-15
 7.200692656843307e-13
 7.04190154052623e-08
 8.861390535275716e-13
 1.197671112805086e-12
 1.899608457073593e-14
 1.395623020030249e-17
 1.432256148602339e-13
 9.671096090661724e-16
 1.396338525816345e-12
 3.657659879472578e-12
 1.950747656481404e-09
 0.00182491247520149
 6.03297708812438e-08
 1.207711963305156e-06
 1.254357066137841e-11
 8.566070653329168e-11
 1.465228358092901e-10
 1.404833134626242e-11
 3.508056026010297e-09
 3.36118001860767e-11
 2.103136697932226e-07
 0.00182491247520149
 0.0001548996559477892
 0.006581145687662192
 5.719461803942214e-09
 1.974431532561863e-07
 0.0001674559690221199
 1.054991893270682e-07
 1.64672282918529e-05
 8.171792778219372e-08
 6.803238595782531e-05
 0.00182491247520149
 0.0001548996559477892
 0.006581145687662192
 1.760242608858852e-05
 0.0001977864101056879
 0.0001674559690221199
 0.0001007808202793964
 0.002975337713959992
 1.801800449602525e-05
 0.0006031908842991417
 0.006581145687662192
 0.005330247126065099
 0.006581145687662192
 1.760242608858852e-05
 0.005330247126065099
 0.0001674559690221199
 0.005330247126065099
 0.002975337713959992
 1.801800449602525e-05
 0.006581145687662192
 0.006581145687662192
 0.005330247126065099
 0.006581145687662192
 0.0002090045171417245
 0.005330247126065099
 0.0001674559690221199
 0.005330247126065099
 0.002975337713959992
 0.006581145687662192
 0.006581145687662192
 0.006581145687662192
 0.005330247126065099
 0.006581145687662192
 0.0002090045171417245
 0.005330247126065099
 0.0001674559690221199
 0.005330247126065099
 0.002975337713959992
 0.006581145687662192
 0.006581145687662192
 0.006581145687662192
 0.005330247126065099
 0.006581145687662192
 0.006581145687662192
 0.005330247126065099
 0.0001674559690221199
 0.005330247126065099
 0.002975337713959992
 0.006581145687662192
 0.006581145687662192
 0.006581145687662192
 0.005330247126065099
 0.006581145687662192
 0.006581145687662192
 0.005330247126065099
 0.0001674559690221199
 0.005330247126065099
 0.002975337713959992
 0.006581145687662192
 0.006581145687662192
 0.006581145687662192
 0.005330247126065099
 0.006581145687662192
 0.006581145687662192
 0.005330247126065099
 0.0001674559690221199
 0.005330247126065099
 0.006581145687662192
 0.006581145687662192
 0.006581145687662192
 0.006581145687662192
 0.005330247126065099
 0.006581145687662192
 0.006581145687662192
 0.005330247126065099
 0.0001674559690221199
 0.005330247126065099
 0.006581145687662192
 0.006581145687662192
 0.006581145687662192
 0.006581145687662192
 0.005330247126065099
 0.006581145687662192
 0.006581145687662192
 0.005330247126065099
 0.0001674559690221199
 0.005330247126065099
 0.006581145687662192
 0.006581145687662192
 0.006581145687662192
 0.006581145687662192
 0.005330247126065099
 0.006581145687662192
 0.006581145687662192
 0.005330247126065099
 0.0006031908842991417
 0.005330247126065099
 0.006581145687662192
 0.006581145687662192
 0.006581145687662192
 0.006581145687662192
 0.005330247126065099
 0.006581145687662192
 0.006581145687662192
 0.005330247126065099
 0.0006031908842991417
 0.005330247126065099
 0.006581145687662192
 0.006581145687662192
 0.006581145687662192
 0.006581145687662192
 0.005330247126065099
 0.006581145687662192
 0.006581145687662192
 0.005330247126065099
 0.0006031908842991417
 0.005330247126065099
 0.006581145687662192
 0.006581145687662192
 0.006581145687662192
 0.006581145687662192
 0.005330247126065099
 0.006581145687662192
 0.006581145687662192
 0.005330247126065099
 0.006581145687662192
 0.005330247126065099
 0.006581145687662192
 0.006581145687662192
 0.006581145687662192
 0.006581145687662192
 0.005330247126065099
 0.006581145687662192
 0.006581145687662192
 0.005330247126065099
 0.006581145687662192
 0.005330247126065099
 0.006581145687662192
 0.006581145687662192
 0.006581145687662192
 0.006581145687662192
 0.005330247126065099
 0.006581145687662192
 0.006581145687662192
 0.005330247126065099
 0.006581145687662192
 0.005330247126065099
 0.006581145687662192
 0.006581145687662192
 0.006581145687662192
 0.006581145687662192
 0.005330247126065099
 0.006581145687662192
 0.006581145687662192
 0.005330247126065099
 0.006581145687662192
 0.005330247126065099
 0.006581145687662192
 0.006581145687662192
 0.006581145687662192
 0.006581145687662192
 0.005330247126065099
 0.006581145687662192
 0.006581145687662192
 0.005330247126065099
 0.006581145687662192
 0.005330247126065099
 0.006581145687662192
 0.006581145687662192
 0.006581145687662192
 0.006581145687662192
 0.005330247126065099
 0.006581145687662192
 0.006581145687662192
 0.005330247126065099
 0.006581145687662192
 0.005330247126065099
 0.006581145687662192
 0.006581145687662192
 0.006581145687662192
 0.006581145687662192
 0.005330247126065099
 0.006581145687662192
 0.006581145687662192
 0.005330247126065099
 0.006581145687662192
 0.005330247126065099
 0.006581145687662192
 0.006581145687662192
 0.006581145687662192
 0.006581145687662192
 0.005330247126065099
 0.006581145687662192
 0.006581145687662192
 0.005330247126065099
 0.006581145687662192
 0.005330247126065099
 0.006581145687662192
 0.006581145687662192
 0.006581145687662192
 0.006581145687662192
 0.005330247126065099
 0.006581145687662192
 0.006581145687662192
 0.005330247126065099
 0.006581145687662192
 0.005330247126065099
 0.006581145687662192
 0.006581145687662192
 0.006581145687662192
 0.006581145687662192
 0.005330247126065099
 0.006581145687662192
 0.006581145687662192
 0.005330247126065099
 0.006581145687662192
 0.005330247126065099
 0.006581145687662192
 0.006581145687662192
 0.006581145687662192
 0.006581145687662192
 0.005330247126065099
 0.006581145687662192
 0.006581145687662192
 0.005330247126065099
 0.006581145687662192
 0.005330247126065099
 0.006581145687662192
 0.006581145687662192
 0.006581145687662192
 0.006581145687662192
 0.005330247126065099
 0.006581145687662192
 0.006581145687662192
 0.005330247126065099
 0.006581145687662192
 0.005330247126065099
 0.006581145687662192
 0.006581145687662192
 0.006581145687662192
 0.006581145687662192
 0.006581145687662192
 0.006581145687662192
 0.006581145687662192
 0.005330247126065099
 0.006581145687662192
 0.005330247126065099
 0.006581145687662192
 0.006581145687662192
 0.006581145687662192
 0.006581145687662192
 0.005330247126065099
 0.006581145687662192
 0.006581145687662192
 0.005330247126065099
 0.006581145687662192
 0.005330247126065099
 0.006581145687662192
 0.006581145687662192
