# Created by Octave 3.2.4, Mon Feb 04 05:35:09 2013 EST <rbom@zaphod>
# name: small_First_Fit
# type: matrix
# ndims: 3
 1 10 30
 3.336855781399611e-18
 4.339778122602375e-15
 1.978763789557508e-10
 7.054902768124941e-13
 3.79018384212444e-18
 2.064118601223216e-14
 2.544539658545745e-14
 2.125518897134043e-13
 5.524163545742899e-13
 5.071782720645528e-15
 9.076119450445558e-10
 2.487258274901486e-09
 5.659182913454861e-05
 1.078005856490461e-08
 8.629862974951191e-14
 6.308274321634854e-09
 3.668260437704648e-10
 1.699912866339069e-10
 7.123382164655061e-10
 1.587340425035603e-08
 1.092533016235774e-05
 4.866366535397181e-07
 0.0009908147053147582
 1.334118524032278e-05
 3.050527370955839e-10
 2.902541022925985e-05
 4.862864200514831e-07
 8.62123222056558e-08
 1.01496474640246e-06
 3.10942161426457e-06
 0.0001664947089568573
 4.074030080352162e-05
 0.008711854466884999
 0.0002398129387134181
 1.414956550400076e-07
 0.008711854466884999
 2.229933586177867e-05
 2.064287811739846e-06
 0.0001827300188354099
 0.0002486512863217593
 0.000171208272826325
 0.00242208869838153
 0.008711854466884999
 0.007101901140257612
 1.173024457487898e-05
 0.008711854466884999
 0.003576626656880508
 0.0002072758212085053
 0.0008770368187558749
 0.003576626656880508
 0.0002005814857849854
 0.00242208869838153
 0.008711854466884999
 0.007101901140257612
 0.007101901140257612
 0.008711854466884999
 0.007101901140257612
 0.007101901140257612
 0.0008770368187558749
 0.007101901140257612
 0.0002703238173905351
 0.00242208869838153
 0.008711854466884999
 0.007101901140257612
 0.007101901140257612
 0.008711854466884999
 0.007101901140257612
 0.007101901140257612
 0.00242208869838153
 0.007101901140257612
 0.0002703238173905351
 0.004945977145373961
 0.008711854466884999
 0.007101901140257612
 0.007101901140257612
 0.008711854466884999
 0.007101901140257612
 0.007101901140257612
 0.00242208869838153
 0.007101901140257612
 0.0002398129387134181
 0.002647603557748227
 0.008711854466884999
 0.007101901140257612
 0.007101901140257612
 0.008711854466884999
 0.007101901140257612
 0.007101901140257612
 0.0008770368187558749
 0.007101901140257612
 0.0002398129387134181
 0.00242208869838153
 0.008711854466884999
 0.007101901140257612
 0.007101901140257612
 0.008711854466884999
 0.007101901140257612
 0.007101901140257612
 0.0008770368187558749
 0.007101901140257612
 0.0002005814857849854
 0.00242208869838153
 0.008711854466884999
 0.007101901140257612
 0.007101901140257612
 0.008711854466884999
 0.007101901140257612
 0.007101901140257612
 0.0008770368187558749
 0.007101901140257612
 0.002647603557748227
 0.00242208869838153
 0.008711854466884999
 0.007101901140257612
 0.007101901140257612
 0.008711854466884999
 0.007101901140257612
 0.007101901140257612
 0.0008770368187558749
 0.007101901140257612
 0.002647603557748227
 0.00242208869838153
 0.008711854466884999
 0.007101901140257612
 0.007101901140257612
 0.008711854466884999
 0.007101901140257612
 0.007101901140257612
 0.0008770368187558749
 0.007101901140257612
 0.002647603557748227
 0.00242208869838153
 0.008711854466884999
 0.007101901140257612
 0.007101901140257612
 0.008711854466884999
 0.007101901140257612
 0.007101901140257612
 0.0008770368187558749
 0.007101901140257612
 0.002647603557748227
 0.00242208869838153
 0.008711854466884999
 0.007101901140257612
 0.007101901140257612
 0.008711854466884999
 0.007101901140257612
 0.007101901140257612
 0.0008770368187558749
 0.007101901140257612
 0.002647603557748227
 0.00242208869838153
 0.008711854466884999
 0.007101901140257612
 0.007101901140257612
 0.008711854466884999
 0.007101901140257612
 0.007101901140257612
 0.0008770368187558749
 0.007101901140257612
 0.002647603557748227
 0.00242208869838153
 0.008711854466884999
 0.007101901140257612
 0.007101901140257612
 0.008711854466884999
 0.007101901140257612
 0.007101901140257612
 0.0008770368187558749
 0.008711854466884999
 0.002647603557748227
 0.00242208869838153
 0.008711854466884999
 0.007101901140257612
 0.007101901140257612
 0.008711854466884999
 0.007101901140257612
 0.007101901140257612
 0.0008770368187558749
 0.008711854466884999
 0.002647603557748227
 0.00242208869838153
 0.008711854466884999
 0.007101901140257612
 0.007101901140257612
 0.008711854466884999
 0.007101901140257612
 0.007101901140257612
 0.0008770368187558749
 0.008711854466884999
 0.002647603557748227
 0.00242208869838153
 0.008711854466884999
 0.007101901140257612
 0.007101901140257612
 0.008711854466884999
 0.007101901140257612
 0.007101901140257612
 0.007101901140257612
 0.008711854466884999
 0.002647603557748227
 0.002436952132833476
 0.008711854466884999
 0.007101901140257612
 0.007101901140257612
 0.008711854466884999
 0.007101901140257612
 0.007101901140257612
 0.007101901140257612
 0.007101901140257612
 0.002647603557748227
 0.002436952132833476
 0.008711854466884999
 0.007101901140257612
 0.007101901140257612
 0.008711854466884999
 0.007101901140257612
 0.007101901140257612
 0.007101901140257612
 0.007101901140257612
 0.003576626656880508
 0.002436952132833476
 0.008711854466884999
 0.007101901140257612
 0.007101901140257612
 0.008711854466884999
 0.007101901140257612
 0.007101901140257612
 0.007101901140257612
 0.007101901140257612
 0.003576626656880508
 0.00242208869838153
 0.008711854466884999
 0.007101901140257612
 0.007101901140257612
 0.008711854466884999
 0.007101901140257612
 0.007101901140257612
 0.007101901140257612
 0.007101901140257612
 0.003576626656880508
 0.00242208869838153
 0.008711854466884999
 0.007101901140257612
 0.007101901140257612
 0.008711854466884999
 0.007101901140257612
 0.007101901140257612
 0.007101901140257612
 0.007101901140257612
 0.003576626656880508
 0.00242208869838153
 0.008711854466884999
 0.007101901140257612
 0.007101901140257612
 0.008711854466884999
 0.007101901140257612
 0.008711854466884999
 0.007101901140257612
 0.007101901140257612
 0.003576626656880508
 0.002436952132833476
 0.008711854466884999
 0.007101901140257612
 0.007101901140257612
 0.008711854466884999
 0.007101901140257612
 0.008711854466884999
 0.007101901140257612
 0.007101901140257612
 0.007101901140257612
 0.00242208869838153
 0.008711854466884999
 0.007101901140257612
 0.007101901140257612
 0.008711854466884999
 0.007101901140257612
 0.008711854466884999
 0.007101901140257612
 0.007101901140257612
 0.003576626656880508
 0.002647603557748227
 0.008711854466884999
 0.007101901140257612
 0.007101901140257612
 0.008711854466884999
 0.007101901140257612
 0.007101901140257612
 0.007101901140257612
 0.007101901140257612
 0.007101901140257612
 0.00242208869838153
 0.008711854466884999
 0.007101901140257612
 0.007101901140257612
 0.008711854466884999
 0.007101901140257612
 0.007101901140257612
 0.007101901140257612
 0.007101901140257612
