# Created by Octave 3.2.4, Wed Feb 06 05:01:43 2013 EST <rbom@zaphod>
# name: small_First_Fit
# type: matrix
# ndims: 3
 1 10 30
 2.935226349906525e-10
 1.147642437252683e-12
 2.542255710530195e-09
 1.273655347504084e-14
 8.358452087519714e-10
 5.034996628009561e-13
 3.893776692669303e-13
 4.368793052958446e-09
 1.371556716074657e-09
 1.780912986021458e-10
 5.702823602428173e-06
 9.267824422365424e-07
 4.049670047398602e-07
 1.73755670189379e-09
 1.812459983146077e-07
 2.113455829833659e-09
 3.877891134947761e-08
 1.057473969754963e-06
 2.936283619228734e-07
 1.963923841124463e-08
 3.578234730150378e-05
 1.00953402494584e-05
 1.411984133900055e-05
 1.310119909518672e-07
 8.215105190810003e-06
 2.752662564536703e-07
 5.959854703614573e-05
 0.0006422215477572625
 1.603191280317929e-05
 2.974539017486232e-06
 0.0002836418678492318
 0.001290992868794258
 0.0001153150597033339
 7.146008136750584e-06
 1.165845211412752e-05
 0.0001526936670228374
 0.001110322722570726
 0.001071324301881175
 0.001058635910822885
 0.001576184250835591
 0.001110322722570726
 0.006113925643160469
 0.0007872707098424649
 8.95603882714168e-05
 5.001720457760805e-05
 0.006095441167738613
 0.005166024715360497
 0.0007872707098424649
 0.001058635910822885
 0.001765350477960154
 0.005166024715360497
 0.006113925643160469
 0.001290992868794258
 0.0008824689189353874
 0.0001592800190697724
 0.006095441167738613
 0.005166024715360497
 0.0007872707098424649
 0.001262087597990932
 0.003926293966330782
 0.005166024715360497
 0.006113925643160469
 0.001290992868794258
 0.003018934519274393
 0.0001592800190697724
 0.006095441167738613
 0.005166024715360497
 0.001071324301881175
 0.001262087597990932
 0.006095441167738613
 0.005166024715360497
 0.006113925643160469
 0.001290992868794258
 0.006864166318008122
 0.001799714338382813
 0.006095441167738613
 0.005166024715360497
 0.001071324301881175
 0.001058635910822885
 0.006113925643160469
 0.005166024715360497
 0.006113925643160469
 0.006864166318008122
 0.006864166318008122
 0.003018934519274393
 0.006095441167738613
 0.005166024715360497
 0.003926293966330782
 0.001290992868794258
 0.006864166318008122
 0.005166024715360497
 0.006113925643160469
 0.006864166318008122
 0.006864166318008122
 0.006095441167738613
 0.006095441167738613
 0.005166024715360497
 0.003926293966330782
 0.003018934519274393
 0.006864166318008122
 0.005166024715360497
 0.006113925643160469
 0.006864166318008122
 0.006864166318008122
 0.006095441167738613
 0.006113925643160469
 0.005166024715360497
 0.006113925643160469
 0.006113925643160469
 0.006864166318008122
 0.006864166318008122
 0
 0.006864166318008122
 0.006864166318008122
 0.006095441167738613
 0.006113925643160469
 0
 0.006113925643160469
 0.006113925643160469
 0.006113925643160469
 0.006864166318008122
 0
 0.006864166318008122
 0.006864166318008122
 0.006095441167738613
 0.006095441167738613
 0
 0.006113925643160469
 0.006113925643160469
 0.006095441167738613
 0.006113925643160469
 0
 0.006864166318008122
 0.006113925643160469
 0.006095441167738613
 0.006095441167738613
 0
 0.003926293966330782
 0.006113925643160469
 0.006095441167738613
 0.005166024715360497
 0
 0.006864166318008122
 0
 0.006095441167738613
 0.006095441167738613
 0
 0.003926293966330782
 0.006113925643160469
 0.006095441167738613
 0.005166024715360497
 0
 0
 0
 0.006864166318008122
 0.006095441167738613
 0
 0.003926293966330782
 0.006113925643160469
 0
 0.005166024715360497
 0
 0
 0
 0.006095441167738613
 0.006095441167738613
 0
 0.006095441167738613
 0.006113925643160469
 0
 0.005166024715360497
 0
 0
 0
 0.006095441167738613
 0
 0
 0.006095441167738613
 0
 0
 0
 0
 0
 0
 0.006095441167738613
 0
 0
 0.006095441167738613
 0
 0
 0
 0
 0
 0
 0.006095441167738613
 0
 0
 0.003926293966330782
 0
 0
 0
 0
 0
 0
 0.006095441167738613
 0
 0
 0.003926293966330782
 0
 0
 0
 0
 0
 0
 0.006864166318008122
 0
 0
 0.003926293966330782
 0
 0
 0
 0
 0
 0
 0.006864166318008122
 0
 0
 0.006095441167738613
 0
 0
 0
 0
 0
 0
 0.006113925643160469
 0
 0
 0.006095441167738613
 0
 0
 0
 0
 0
 0
 0.006113925643160469
 0
 0
 0.006095441167738613
 0
 0
 0
 0
 0
 0
 0.006113925643160469
 0
 0
 0.006095441167738613
 0
 0
 0
 0
 0
 0
 0.006113925643160469
 0
 0
 0.006095441167738613
 0
 0
 0
 0
 0
 0
 0.006113925643160469
 0
 0
 0.006864166318008122
 0
 0
 0
 0
 0
 0
 0
 0
 0
 0.006864166318008122
 0
 0
 0
 0
 0
 0
 0
 0
 0
 0.006864166318008122
 0
 0
