# Created by Octave 3.2.4, Wed Feb 06 03:03:03 2013 EST <rbom@zaphod>
# name: small_First_Fit
# type: matrix
# ndims: 3
 1 10 30
 1.805838030512192e-12
 5.491516869812336e-09
 3.596040759510817e-09
 7.227484133186632e-10
 6.266973396690752e-07
 8.765564327477099e-10
 1.335038850503949e-09
 4.994828772915097e-12
 3.033636504445023e-08
 4.550850343184984e-09
 2.317277862469544e-08
 6.11785209914266e-07
 1.925960524405239e-05
 8.589972215099423e-08
 5.1746301953773e-05
 2.767057917673697e-07
 7.62879727414019e-07
 4.602313268925208e-09
 7.10376670924106e-05
 4.022427234507197e-07
 0.0001395627373320584
 1.641821214224029e-05
 0.0001787602603823217
 2.062778054726278e-06
 0.01562961665949038
 3.096659544135325e-05
 0.00027234474689678
 1.673830571765391e-06
 0.002302687556253027
 0.0001092422250864899
 0.004055049808084142
 0.0003544619253473004
 0.0005851140725824301
 3.008622979141406e-05
 0.0158444617692367
 0.0002638859139287934
 0.004511138048305855
 0.0005676684853865441
 0.006229658040795823
 0.001553678660374925
 0.005055567551469676
 0.002739960124088953
 0.001359133362843815
 0.0002378396154553649
 0.02319107558910897
 0.001855935482434317
 0.005456014806330557
 0.0005676684853865441
 0.01820092427124642
 0.02551931638748233
 0.01822770986503149
 0.002739960124088953
 0.001957948230799942
 0.002479388627054009
 0.02319107558910897
 0.009887462675922779
 0.004782067292765957
 0.001757520715294065
 0.01820092427124642
 0.02715298902250643
 0.01822770986503149
 0.008065694236076986
 0.006813781204128693
 0.004068412855400011
 0.01820092427124642
 0.009887462675922779
 0.007729814577711974
 0.002753943527063516
 0.03523451436781559
 0.02715298902250643
 0.01873704402055038
 0.0180875664923509
 0.007244370075406563
 0.008249000906137055
 0.01820092427124642
 0.009887462675922779
 0.007528776118034187
 0.0180875664923509
 0.03523451436781559
 0.03523451436781559
 0.01873704402055038
 0.0180875664923509
 0.02551931638748233
 0.02551931638748233
 0.01873704402055038
 0.02643066571955854
 0.005456014806330557
 0.0180875664923509
 0.03523451436781559
 0.03523451436781559
 0.01873704402055038
 0.0180875664923509
 0.02551931638748233
 0.02551931638748233
 0.01873704402055038
 0.01820092427124642
 0.005456014806330557
 0.0180875664923509
 0.03523451436781559
 0.03523451436781559
 0.02715298902250643
 0.0180875664923509
 0.02715298902250643
 0.02551931638748233
 0.0158444617692367
 0.01820092427124642
 0.005456014806330557
 0.0180875664923509
 0.03523451436781559
 0.02715298902250643
 0.02551931638748233
 0.02319107558910897
 0.02715298902250643
 0.02715298902250643
 0.0158444617692367
 0.03523451436781559
 0.005456014806330557
 0.02319107558910897
 0.03523451436781559
 0.02715298902250643
 0.02715298902250643
 0.03523451436781559
 0.02715298902250643
 0.02715298902250643
 0.0158444617692367
 0.03523451436781559
 0.005456014806330557
 0.0180875664923509
 0.03523451436781559
 0.02715298902250643
 0.02715298902250643
 0.03523451436781559
 0.03523451436781559
 0.02715298902250643
 0.0158444617692367
 0.03523451436781559
 0
 0.02643066571955854
 0
 0.02715298902250643
 0.02715298902250643
 0.03523451436781559
 0.02715298902250643
 0.03523451436781559
 0.02319107558910897
 0.03523451436781559
 0
 0.01873704402055038
 0
 0
 0.03523451436781559
 0.03523451436781559
 0.02715298902250643
 0.02715298902250643
 0.02319107558910897
 0.03523451436781559
 0
 0.01873704402055038
 0
 0
 0.03523451436781559
 0.03523451436781559
 0.02715298902250643
 0.02715298902250643
 0.02319107558910897
 0.03523451436781559
 0
 0.01873704402055038
 0
 0
 0.03523451436781559
 0.03523451436781559
 0.02715298902250643
 0.02715298902250643
 0.02319107558910897
 0.03523451436781559
 0
 0.01873704402055038
 0
 0
 0.03523451436781559
 0.03523451436781559
 0.02715298902250643
 0.02715298902250643
 0.01873704402055038
 0
 0
 0.02319107558910897
 0
 0
 0.03523451436781559
 0
 0.03523451436781559
 0.02715298902250643
 0.01873704402055038
 0
 0
 0.02319107558910897
 0
 0
 0.03523451436781559
 0
 0.03523451436781559
 0.02715298902250643
 0.01873704402055038
 0
 0
 0.02319107558910897
 0
 0
 0.03523451436781559
 0
 0.03523451436781559
 0
 0
 0
 0
 0.03523451436781559
 0
 0
 0
 0
 0.02715298902250643
 0
 0
 0
 0
 0.03523451436781559
 0
 0
 0
 0
 0.02715298902250643
 0
 0
 0
 0
 0.03523451436781559
 0
 0
 0
 0
 0.03523451436781559
 0
 0
 0
 0
 0.03523451436781559
 0
 0
 0
 0
 0.03523451436781559
 0
 0
 0
 0
 0.03523451436781559
 0
 0
 0
 0
 0.03523451436781559
 0
 0
 0
 0
 0.03523451436781559
 0
 0
 0
 0
 0.03523451436781559
 0
 0
 0
 0
 0.03523451436781559
 0
 0
 0
 0
 0.03523451436781559
 0
 0
 0
 0
 0
 0
 0
 0
 0
 0.03523451436781559
 0
 0
 0
 0
 0
 0
 0
