# Created by Octave 3.2.4, Wed Feb 06 19:11:06 2013 EST <rbom@zaphod>
# name: small_First_Fit
# type: matrix
# ndims: 3
 1 10 30
 2.538743561761503e-19
 3.681307538191708e-20
 6.843938562072651e-22
 4.288489381358446e-19
 6.687646344713391e-21
 5.991615330112808e-17
 1.751314883949653e-18
 1.396765684173256e-19
 3.119666902282287e-19
 5.149026847724154e-17
 2.778686185579893e-15
 1.23380879239736e-16
 6.957275520492148e-13
 7.341155703906952e-14
 1.856714889946531e-17
 2.098274683557567e-13
 3.894095472255263e-15
 2.313340410935217e-13
 3.678716086542957e-14
 2.884878828763912e-11
 6.146666330250371e-12
 2.865406128107585e-10
 2.666110098813698e-07
 1.736233038763913e-10
 2.752169082268707e-11
 8.688658467222242e-10
 4.108529192820388e-11
 8.837853907395934e-11
 8.797523471552711e-10
 3.107779712484294e-08
 1.179775661858755e-08
 2.544616362319642e-06
 1.830912405555459e-05
 5.562616345400916e-06
 1.757241124025226e-08
 2.81974667670011e-05
 7.493416570256428e-08
 6.06932998912931e-09
 8.431871257390343e-06
 3.715104363628704e-06
 7.321674570376869e-06
 2.842917450195071e-05
 1.830912405555459e-05
 5.562616345400916e-06
 1.858552053750704e-06
 0.0001736017519537485
 4.107906032501331e-05
 0.0003816942653589382
 0.003246724071895392
 3.715104363628704e-06
 0.005251997100303299
 2.842917450195071e-05
 0.001936420091360466
 5.562616345400916e-06
 0.000229331726450842
 0.001936420091360466
 0.003246724071895392
 0.0003816942653589382
 0.003246724071895392
 0.0002551344349562409
 0.005251997100303299
 0.0003816942653589382
 0.001936420091360466
 0.0002551344349562409
 0.000229331726450842
 0.003246724071895392
 0.003246724071895392
 0.0003816942653589382
 0.003246724071895392
 0.003246724071895392
 0.005251997100303299
 0.0005227965621300014
 0.001936420091360466
 0.0002551344349562409
 0.000229331726450842
 0.001936420091360466
 0.003246724071895392
 0.003246724071895392
 0.003246724071895392
 0.003246724071895392
 0.005251997100303299
 0.0005227965621300014
 0.001936420091360466
 0.0005227965621300014
 0.000229331726450842
 0.003246724071895392
 0.003246724071895392
 0.003246724071895392
 0.003246724071895392
 0.003246724071895392
 0.005251997100303299
 0.001936420091360466
 0.001936420091360466
 0.0005227965621300014
 0.000229331726450842
 0.005251997100303299
 0.003246724071895392
 0.003246724071895392
 0.003246724071895392
 0.003246724071895392
 0.005251997100303299
 0.0005227965621300014
 0.001936420091360466
 0.0002551344349562409
 0.000229331726450842
 0.005251997100303299
 0.003246724071895392
 0.003246724071895392
 0.003246724071895392
 0.003246724071895392
 0.005251997100303299
 0.0005227965621300014
 0.003246724071895392
 0.0002551344349562409
 0.001936420091360466
 0.003246724071895392
 0.003246724071895392
 0.003246724071895392
 0
 0.003246724071895392
 0
 0.0005227965621300014
 0.003246724071895392
 0.003246724071895392
 0.001936420091360466
 0.001936420091360466
 0
 0.003246724071895392
 0
 0.005251997100303299
 0
 0.0005227965621300014
 0.001936420091360466
 0.003246724071895392
 0.001936420091360466
 0.001936420091360466
 0
 0.003246724071895392
 0
 0.005251997100303299
 0
 0.0005227965621300014
 0.001936420091360466
 0.003246724071895392
 0.001936420091360466
 0.001936420091360466
 0
 0
 0
 0.003246724071895392
 0
 0.0005227965621300014
 0.005251997100303299
 0.003246724071895392
 0.001936420091360466
 0.001936420091360466
 0
 0
 0
 0.003246724071895392
 0
 0
 0.005251997100303299
 0.003246724071895392
 0.001936420091360466
 0
 0
 0
 0
 0.003246724071895392
 0
 0
 0.005251997100303299
 0.003246724071895392
 0.001936420091360466
 0
 0
 0
 0
 0.003246724071895392
 0
 0
 0.005251997100303299
 0.003246724071895392
 0
 0
 0
 0
 0
 0.003246724071895392
 0
 0
 0.005251997100303299
 0
 0
 0
 0
 0
 0
 0
 0
 0
 0.005251997100303299
 0
 0
 0
 0
 0
 0
 0
 0
 0
 0.005251997100303299
 0
 0
 0
 0
 0
 0
 0
 0
 0
 0
 0
 0
 0
 0
 0
 0
 0
 0
 0
 0
 0
 0
 0
 0
 0
 0
 0
 0
 0
 0
 0
 0
 0
 0
 0
 0
 0
 0
 0
 0
 0
 0
 0
 0
 0
 0
 0
 0
 0
 0
 0
 0
 0
 0
 0
 0
 0
 0
 0
 0
 0
 0
 0
 0
 0
 0
 0
 0
 0
 0
 0
 0
 0
 0
 0
 0
 0
 0
 0
 0
 0
 0
 0
 0
 0
 0
 0
