# Created by Octave 3.2.4, Mon Feb 04 00:22:56 2013 EST <rbom@zaphod>
# name: small_First_Fit
# type: matrix
# ndims: 3
 1 10 30
 3.747682846407076e-22
 2.559409614182198e-12
 1.15983907953955e-25
 1.038413152924955e-24
 1.007377408445575e-27
 1.424407510547948e-22
 1.008412606983288e-19
 5.395501444602901e-22
 5.54072548350931e-22
 9.461532995349263e-20
 1.687374522813516e-15
 2.630693027772168e-09
 3.075618075837916e-17
 1.788749882766195e-18
 2.101159005575237e-13
 4.687815512638859e-15
 2.062406266438607e-14
 5.897457371039455e-18
 1.835206162354716e-12
 1.158636654680856e-14
 5.115424966948699e-10
 1.217808511829194e-05
 8.815866391072574e-14
 6.834478793310345e-15
 6.091438181627413e-10
 9.541866390932399e-12
 4.10658856950067e-08
 1.426350223638882e-10
 5.36446966832525e-08
 9.228385661588926e-13
 1.993999684907261e-06
 0.007083545915363009
 1.370640183688364e-10
 2.440154056445733e-08
 2.003484710423328e-06
 1.947269716824445e-06
 2.69771026487541e-05
 1.802918833797533e-07
 0.001042625572577632
 1.885256977834031e-08
 0.0002059582492518585
 0.007083545915363009
 1.581738005788586e-07
 2.580896695706888e-06
 0.0002118981836191055
 1.947269716824445e-06
 0.007083545915363009
 2.383031724905212e-05
 0.001042625572577632
 6.697246326555849e-05
 0.0002059582492518585
 0.001483250312530758
 0.0001035484142836319
 0.0001763878036735417
 0.0002118981836191055
 1.947269716824445e-06
 0.007083545915363009
 0.007083545915363009
 0.001042625572577632
 0.007083545915363009
 0.001219155357542804
 0.001483250312530758
 0.007083545915363009
 0.0001763878036735417
 0.0002118981836191055
 1.947269716824445e-06
 0.007083545915363009
 0.007083545915363009
 0.001042625572577632
 0.007083545915363009
 0.007083545915363009
 0.001483250312530758
 0.007083545915363009
 0.0001763878036735417
 0.0002118981836191055
 0.0002059582492518585
 0.007083545915363009
 0.007083545915363009
 0.001042625572577632
 0.007083545915363009
 0.007083545915363009
 0.001483250312530758
 0.007083545915363009
 5.591035802068178e-05
 0.0002118981836191055
 0.001042625572577632
 0.007083545915363009
 0.007083545915363009
 0.001042625572577632
 0.007083545915363009
 0.007083545915363009
 0.001483250312530758
 0.007083545915363009
 0.0001035484142836319
 0.001483250312530758
 0.001042625572577632
 0.007083545915363009
 0.007083545915363009
 0.001042625572577632
 0.007083545915363009
 0.007083545915363009
 0.001483250312530758
 0.007083545915363009
 0.0001035484142836319
 0.001483250312530758
 0.007083545915363009
 0.007083545915363009
 0.007083545915363009
 0.001042625572577632
 0.007083545915363009
 0.007083545915363009
 0.001483250312530758
 0.007083545915363009
 0.001219155357542804
 0.007083545915363009
 0.007083545915363009
 0.007083545915363009
 0.007083545915363009
 0.001042625572577632
 0.007083545915363009
 0.007083545915363009
 0.001483250312530758
 0.007083545915363009
 0.001219155357542804
 0.007083545915363009
 0.007083545915363009
 0.007083545915363009
 0.007083545915363009
 0.001042625572577632
 0.007083545915363009
 0.007083545915363009
 0.001483250312530758
 0.007083545915363009
 0.001219155357542804
 0.007083545915363009
 0.007083545915363009
 0.007083545915363009
 0.007083545915363009
 0.001042625572577632
 0.007083545915363009
 0.007083545915363009
 0.001483250312530758
 0.007083545915363009
 0.001219155357542804
 0.007083545915363009
 0.007083545915363009
 0.007083545915363009
 0.007083545915363009
 0.001042625572577632
 0.007083545915363009
 0.007083545915363009
 0.001483250312530758
 0.007083545915363009
 0.001219155357542804
 0.007083545915363009
 0.007083545915363009
 0.007083545915363009
 0.007083545915363009
 0.001042625572577632
 0.007083545915363009
 0.007083545915363009
 0.001483250312530758
 0.007083545915363009
 0.001219155357542804
 0.007083545915363009
 0.007083545915363009
 0.007083545915363009
 0.007083545915363009
 0.001042625572577632
 0.007083545915363009
 0.007083545915363009
 0.001483250312530758
 0.007083545915363009
 0.001219155357542804
 0.007083545915363009
 0.007083545915363009
 0.007083545915363009
 0.007083545915363009
 0.001042625572577632
 0.007083545915363009
 0.007083545915363009
 0.001483250312530758
 0.007083545915363009
 0.001219155357542804
 0.007083545915363009
 0.007083545915363009
 0.007083545915363009
 0.007083545915363009
 0.001042625572577632
 0.007083545915363009
 0.007083545915363009
 0.001483250312530758
 0.007083545915363009
 0.001219155357542804
 0.007083545915363009
 0.007083545915363009
 0.007083545915363009
 0.007083545915363009
 0.001042625572577632
 0.007083545915363009
 0.007083545915363009
 0.001483250312530758
 0.007083545915363009
 0.007083545915363009
 0.007083545915363009
 0.007083545915363009
 0.007083545915363009
 0.007083545915363009
 0.001042625572577632
 0.007083545915363009
 0.007083545915363009
 0.001483250312530758
 0.007083545915363009
 0.001219155357542804
 0.007083545915363009
 0.007083545915363009
 0.007083545915363009
 0.007083545915363009
 0.001042625572577632
 0.007083545915363009
 0.007083545915363009
 0.001483250312530758
 0.007083545915363009
 0.001219155357542804
 0.007083545915363009
 0.007083545915363009
 0.007083545915363009
 0.007083545915363009
 0.001042625572577632
 0.007083545915363009
 0.007083545915363009
 0.001483250312530758
 0.007083545915363009
 0.001219155357542804
 0.007083545915363009
 0.007083545915363009
 0.007083545915363009
 0.007083545915363009
 0.001042625572577632
 0.007083545915363009
 0.007083545915363009
 0.001483250312530758
 0.007083545915363009
 0.001219155357542804
 0.007083545915363009
 0.007083545915363009
 0.007083545915363009
 0.007083545915363009
 0.001042625572577632
 0.007083545915363009
 0.007083545915363009
 0.001483250312530758
 0.007083545915363009
 0.001219155357542804
 0.007083545915363009
 0.007083545915363009
 0.007083545915363009
 0.007083545915363009
 0.001042625572577632
 0.007083545915363009
 0.007083545915363009
 0.001483250312530758
 0.007083545915363009
 0.001219155357542804
 0.007083545915363009
 0.007083545915363009
 0.007083545915363009
 0.007083545915363009
 0.001042625572577632
 0.007083545915363009
 0.007083545915363009
 0.001483250312530758
 0.007083545915363009
 0.001219155357542804
 0.007083545915363009
 0.007083545915363009
 0.007083545915363009
 0.007083545915363009
 0.007083545915363009
 0.007083545915363009
 0.007083545915363009
 0.001483250312530758
 0.007083545915363009
 0.001219155357542804
 0.007083545915363009
 0.007083545915363009
 0.007083545915363009
 0.007083545915363009
 0.007083545915363009
 0.007083545915363009
 0.007083545915363009
 0.001483250312530758
 0.007083545915363009
 0.001219155357542804
 0.007083545915363009
 0.007083545915363009
 0.007083545915363009
 0.007083545915363009
 0.007083545915363009
 0.007083545915363009
