# Created by Octave 3.2.4, Mon Feb 04 12:08:27 2013 EST <rbom@zaphod>
# name: small_First_Fit
# type: matrix
# ndims: 3
 1 10 30
 4.461592464695857e-15
 3.003849694539287e-12
 6.441038910112027e-15
 6.234241391693549e-15
 1.564582972996742e-12
 2.775718636769392e-14
 7.575855122757278e-14
 1.107425203735122e-14
 2.343938974109611e-10
 2.911959389463431e-13
 6.225988399173022e-10
 3.661417025542677e-09
 4.947302394521057e-11
 3.051204105886001e-10
 2.460278719494594e-09
 4.049830641613946e-08
 1.021001267459611e-11
 9.710738609906381e-11
 8.675570395424564e-07
 1.733195651538802e-06
 2.873548054840457e-05
 4.342729396402844e-07
 5.796054818666088e-08
 8.063217919357715e-06
 0.0005114004050373105
 8.523687758913591e-06
 3.685502576275388e-08
 2.09998628864727e-07
 0.0002664949807030514
 9.90535195403028e-05
 0.001112705403868432
 8.649122271773006e-05
 2.584037024287846e-06
 1.223294363534965e-05
 0.001162126194437995
 0.001162126194437995
 3.207285021834134e-06
 9.978984500771643e-06
 0.007122354194467081
 0.007098065220418317
 0.002352160950741651
 0.00221907770173237
 0.0002963705504312446
 0.0002161028380062846
 0.001162126194437995
 0.002352160950741651
 0.0001093625684152664
 0.0002901918653940455
 0.008850621909940907
 0.01609638399714967
 0.002352160950741651
 0.01781127223348354
 0.0003095217118841896
 0.0002294063910625105
 0.004342638721643772
 0.003500267725428099
 0.0002791047691502004
 0.0008264297735329639
 0.008850621909940907
 0.01609638399714967
 0.01088420737530832
 0.01781127223348354
 0.0003095217118841896
 0.0002294063910625105
 0.01609638399714967
 0.003500267725428099
 0.000604035335345154
 0.01088420737530832
 0.008850621909940907
 0.01609638399714967
 0.01088420737530832
 0.01781127223348354
 0.001162126194437995
 0.0002901918653940455
 0.01609638399714967
 0.003500267725428099
 0.01609638399714967
 0.01781127223348354
 0.008850621909940907
 0.01609638399714967
 0.01781127223348354
 0.01781127223348354
 0.0007736058997026257
 0.004605189576227704
 0.01609638399714967
 0.004605189576227704
 0.01609638399714967
 0.01781127223348354
 0.008850621909940907
 0.01609638399714967
 0.01781127223348354
 0.01781127223348354
 0.0007736058997026257
 0.004605189576227704
 0.01609638399714967
 0.004605189576227704
 0.01609638399714967
 0.01781127223348354
 0.008850621909940907
 0.01609638399714967
 0.01781127223348354
 0.01781127223348354
 0.01781127223348354
 0.004605189576227704
 0.01609638399714967
 0.008850621909940907
 0.01609638399714967
 0.01781127223348354
 0.01609638399714967
 0.01609638399714967
 0.01781127223348354
 0.01781127223348354
 0.01781127223348354
 0.007098065220418317
 0.01609638399714967
 0.004605189576227704
 0.01609638399714967
 0.01781127223348354
 0.01781127223348354
 0
 0.01781127223348354
 0
 0.01781127223348354
 0.007098065220418317
 0.01609638399714967
 0.008850621909940907
 0.01609638399714967
 0.01781127223348354
 0.008850621909940907
 0
 0.01781127223348354
 0
 0.01781127223348354
 0.007098065220418317
 0
 0.004605189576227704
 0.01609638399714967
 0.01781127223348354
 0.01609638399714967
 0
 0.01781127223348354
 0
 0.01781127223348354
 0.01609638399714967
 0
 0.004605189576227704
 0
 0
 0.01781127223348354
 0
 0
 0
 0.01781127223348354
 0.01609638399714967
 0
 0.01088420737530832
 0
 0
 0.01609638399714967
 0
 0
 0
 0.01781127223348354
 0.01609638399714967
 0
 0.004605189576227704
 0
 0
 0.01609638399714967
 0
 0
 0
 0
 0.01609638399714967
 0
 0.004605189576227704
 0
 0
 0.01609638399714967
 0
 0
 0
 0
 0.01609638399714967
 0
 0.004605189576227704
 0
 0
 0.01609638399714967
 0
 0
 0
 0
 0.01609638399714967
 0
 0.004605189576227704
 0
 0
 0.01609638399714967
 0
 0
 0
 0
 0.01609638399714967
 0
 0.004605189576227704
 0
 0
 0.01609638399714967
 0
 0
 0
 0
 0
 0
 0.004605189576227704
 0
 0
 0
 0
 0
 0
 0
 0
 0
 0
 0
 0
 0
 0
 0
 0
 0
 0
 0
 0
 0
 0
 0
 0
 0
 0
 0
 0
 0
 0
 0
 0
 0
 0
 0
 0
 0
 0
 0
 0
 0
 0
 0
 0
 0
 0
 0
 0
 0
 0
 0
 0
 0
 0
 0
 0
 0
 0
 0
 0
 0
 0
 0
 0
 0
 0
 0
 0
 0
 0
 0
 0
 0
 0
 0
 0
 0
 0
 0
 0
 0
 0
 0
 0
