# Created by Octave 3.2.4, Tue Feb 05 07:52:29 2013 EST <rbom@zaphod>
# name: small_First_Fit
# type: matrix
# ndims: 3
 1 10 30
 9.767206984628091e-13
 5.735931675899872e-11
 2.727548976192747e-14
 6.48066151337762e-15
 4.291519253063044e-19
 1.306136218718394e-12
 1.060204406126642e-14
 4.882499580835946e-12
 1.476238097051344e-16
 4.419150493567922e-13
 9.194791667541391e-10
 1.131361103395093e-07
 6.432353453518457e-10
 1.823457968317692e-09
 5.840785545122012e-09
 1.916076991248608e-09
 7.571014035702235e-10
 1.141535689096168e-09
 3.630232390159062e-13
 6.184163842929248e-09
 4.170377731435141e-07
 4.283740949124961e-06
 4.066767331803083e-07
 2.404292500553661e-07
 2.845872835794858e-06
 2.867689248455366e-07
 3.8684252543196e-07
 6.055211829702983e-06
 9.184764896287855e-10
 5.771135778692056e-06
 0.0001648593599000071
 4.283740949124961e-06
 0.000398021054680937
 2.621790284075826e-05
 0.0001322700295325028
 0.0001515211703646723
 2.373775634291513e-05
 0.0005780952051224293
 1.64888255355587e-08
 0.0003075261183803046
 0.0006077194000412456
 1.597321849576247e-05
 0.001248671450623337
 0.0001728686832086145
 0.001511773604703772
 0.001936972419900815
 0.004575707077104894
 0.006390252007154531
 1.536700519498236e-05
 0.00113530559571052
 0.01382724960223088
 9.511619308647276e-05
 0.002293535887524198
 0.0002818432028735372
 0.0009926034079810638
 0.002293535887524198
 0.01382724960223088
 0.006390252007154531
 1.536700519498236e-05
 0.001936972419900815
 0.01382724960223088
 0.000967373164776972
 0.002293535887524198
 0.0009926034079810638
 0.002606347789171634
 0.003673523655796608
 0.01382724960223088
 0.006390252007154531
 0.0007845825590279498
 0.001936972419900815
 0.01382724960223088
 0.01382724960223088
 0.003673523655796608
 0.0009926034079810638
 0.002606347789171634
 0.01382724960223088
 0.01382724960223088
 0.01382724960223088
 0.0007845825590279498
 0.002919060713202578
 0.01382724960223088
 0.01382724960223088
 0.003673523655796608
 0.0009926034079810638
 0.002606347789171634
 0.01382724960223088
 0.01382724960223088
 0.01382724960223088
 0.0007845825590279498
 0.001088507782870676
 0.01382724960223088
 0.01382724960223088
 0.003673523655796608
 0.0009926034079810638
 0.0009926034079810638
 0.01382724960223088
 0.01382724960223088
 0.01382724960223088
 0.0007845825590279498
 0.001936972419900815
 0.01382724960223088
 0.01382724960223088
 0.01382724960223088
 0.0009926034079810638
 0.0009926034079810638
 0.01382724960223088
 0.01382724960223088
 0.006390252007154531
 0.0007845825590279498
 0.002919060713202578
 0.01382724960223088
 0.01382724960223088
 0.01382724960223088
 0.001248671450623337
 0.0009926034079810638
 0.01382724960223088
 0.01382724960223088
 0.006390252007154531
 0.0007845825590279498
 0.002919060713202578
 0
 0.01382724960223088
 0.01382724960223088
 0.001248671450623337
 0.0009926034079810638
 0.01382724960223088
 0
 0.01382724960223088
 0.0007845825590279498
 0.002919060713202578
 0
 0.01382724960223088
 0.01382724960223088
 0.002606347789171634
 0
 0.01382724960223088
 0
 0.01382724960223088
 0
 0.002919060713202578
 0
 0
 0.01382724960223088
 0.002606347789171634
 0
 0
 0
 0.01382724960223088
 0
 0.002919060713202578
 0
 0
 0.01382724960223088
 0.002606347789171634
 0
 0
 0
 0.01382724960223088
 0
 0.006390252007154531
 0
 0
 0.01382724960223088
 0.004575707077104894
 0
 0
 0
 0.01382724960223088
 0
 0.006390252007154531
 0
 0
 0
 0.004575707077104894
 0
 0
 0
 0.01382724960223088
 0
 0.006390252007154531
 0
 0
 0
 0.004575707077104894
 0
 0
 0
 0.01382724960223088
 0
 0.01382724960223088
 0
 0
 0
 0.004575707077104894
 0
 0
 0
 0
 0
 0.01382724960223088
 0
 0
 0
 0.004575707077104894
 0
 0
 0
 0
 0
 0.01382724960223088
 0
 0
 0
 0.01382724960223088
 0
 0
 0
 0
 0
 0.01382724960223088
 0
 0
 0
 0.01382724960223088
 0
 0
 0
 0
 0
 0.01382724960223088
 0
 0
 0
 0.01382724960223088
 0
 0
 0
 0
 0
 0.01382724960223088
 0
 0
 0
 0.01382724960223088
 0
 0
 0
 0
 0
 0.01382724960223088
 0
 0
 0
 0.01382724960223088
 0
 0
 0
 0
 0
 0
 0
 0
 0
 0.01382724960223088
 0
 0
 0
 0
 0
 0
 0
 0
 0
 0.01382724960223088
 0
 0
 0
 0
 0
 0
 0
 0
 0
 0
 0
 0
 0
 0
 0
 0
 0
 0
 0
 0
 0
 0
 0
 0
 0
 0
