# Created by Octave 3.2.4, Mon Feb 04 00:54:23 2013 EST <rbom@zaphod>
# name: small_First_Fit
# type: matrix
# ndims: 3
 1 10 30
 3.408860254609488e-20
 1.209848490210948e-18
 4.643129781770777e-16
 2.3142093554137e-15
 1.690179659491935e-19
 3.804116250249411e-24
 2.399613424105723e-14
 3.682349390745399e-22
 1.667363044217137e-14
 8.81279866698892e-23
 5.821511799528744e-15
 2.797562738868169e-13
 4.910806930147729e-08
 5.061080076472093e-10
 1.770373457090512e-11
 6.761562730106356e-14
 7.817501723995111e-10
 4.860391022149892e-17
 2.367901599177508e-11
 7.18011420437597e-16
 7.764662202562816e-09
 7.31728983207603e-08
 1.531572393369244e-05
 4.742299011846678e-08
 5.044062668101517e-07
 1.30397963342706e-08
 3.832303200017725e-06
 5.13424067667015e-14
 1.786956043638739e-08
 5.487001988731239e-13
 4.278255504680271e-06
 5.044967036807336e-05
 0.004598676574673382
 2.946482892609765e-05
 9.185928937952502e-05
 8.817373442494426e-07
 0.0003320898188548259
 2.219157632979565e-09
 4.897797672366874e-06
 3.567955393826903e-10
 0.0004524952783465696
 0.005335838363887681
 0.004598676574673382
 0.006387219457690828
 0.001205120494735896
 0.00201399434608713
 0.004598676574673382
 1.351117121270818e-06
 0.000334642868169441
 2.978448984658908e-05
 0.0004524952783465696
 0.005335838363887681
 0.004598676574673382
 0.006387219457690828
 0.004598676574673382
 0.00201399434608713
 0.004598676574673382
 9.185928937952502e-05
 0.000334642868169441
 0.00201399434608713
 0.0004524952783465696
 0.005335838363887681
 0.004598676574673382
 0.006387219457690828
 0.004598676574673382
 0.004598676574673382
 0.004598676574673382
 0.004598676574673382
 0.006387219457690828
 0.00201399434608713
 0.0004524952783465696
 0.005335838363887681
 0.004598676574673382
 0.006387219457690828
 0.004598676574673382
 0.005335838363887681
 0.004598676574673382
 0.004598676574673382
 0.006387219457690828
 0.00201399434608713
 0.0004524952783465696
 0.005335838363887681
 0.004598676574673382
 0.006387219457690828
 0.004598676574673382
 0.006387219457690828
 0.004598676574673382
 0.004598676574673382
 0.006387219457690828
 0.00201399434608713
 0.0004524952783465696
 0.005335838363887681
 0.004598676574673382
 0.006387219457690828
 0.004598676574673382
 0.006387219457690828
 0.004598676574673382
 0.004598676574673382
 0.006387219457690828
 0.00201399434608713
 0.0004524952783465696
 0.005335838363887681
 0.005335838363887681
 0.006387219457690828
 0.005335838363887681
 0.006387219457690828
 0.004598676574673382
 0.004598676574673382
 0.006387219457690828
 0.00201399434608713
 0.0004524952783465696
 0.005335838363887681
 0.005335838363887681
 0.006387219457690828
 0.005335838363887681
 0.006387219457690828
 0.004598676574673382
 0.004598676574673382
 0.006387219457690828
 0.00201399434608713
 0.0004524952783465696
 0.005335838363887681
 0.006387219457690828
 0.006387219457690828
 0.004598676574673382
 0.006387219457690828
 0.004598676574673382
 0.004598676574673382
 0.006387219457690828
 0.00201399434608713
 0.0004524952783465696
 0.005335838363887681
 0.006387219457690828
 0.006387219457690828
 0.006387219457690828
 0.006387219457690828
 0.004598676574673382
 0.006387219457690828
 0.006387219457690828
 0.00201399434608713
 0.0004524952783465696
 0.005335838363887681
 0.006387219457690828
 0.006387219457690828
 0.006387219457690828
 0.006387219457690828
 0.004598676574673382
 0.004598676574673382
 0.006387219457690828
 0.00201399434608713
 0.0004524952783465696
 0.005335838363887681
 0.006387219457690828
 0.006387219457690828
 0.006387219457690828
 0.006387219457690828
 0.004598676574673382
 0.004598676574673382
 0.006387219457690828
 0.00201399434608713
 0.0004524952783465696
 0.005335838363887681
 0.006387219457690828
 0.006387219457690828
 0.006387219457690828
 0.006387219457690828
 0.004598676574673382
 0.004598676574673382
 0.006387219457690828
 0.00201399434608713
 0.0004524952783465696
 0.005335838363887681
 0.006387219457690828
 0.006387219457690828
 0.006387219457690828
 0.006387219457690828
 0.004598676574673382
 0.004598676574673382
 0.006387219457690828
 0.00201399434608713
 0.0004524952783465696
 0.006387219457690828
 0.006387219457690828
 0.006387219457690828
 0.006387219457690828
 0.005335838363887681
 0.004598676574673382
 0.004598676574673382
 0.006387219457690828
 0.00201399434608713
 0.0004524952783465696
 0.005335838363887681
 0.006387219457690828
 0.006387219457690828
 0.006387219457690828
 0.005335838363887681
 0.004598676574673382
 0.004598676574673382
 0.006387219457690828
 0.00201399434608713
 0.0004524952783465696
 0.005335838363887681
 0.006387219457690828
 0.006387219457690828
 0.006387219457690828
 0.005335838363887681
 0.004598676574673382
 0.004598676574673382
 0.006387219457690828
 0.00201399434608713
 0.0004524952783465696
 0.006387219457690828
 0.006387219457690828
 0.006387219457690828
 0.006387219457690828
 0.005335838363887681
 0.004598676574673382
 0.004598676574673382
 0.006387219457690828
 0.00201399434608713
 0.0004524952783465696
 0.005335838363887681
 0.006387219457690828
 0.006387219457690828
 0.006387219457690828
 0.005335838363887681
 0.004598676574673382
 0.004598676574673382
 0.006387219457690828
 0.00201399434608713
 0.0004524952783465696
 0.005335838363887681
 0.006387219457690828
 0.006387219457690828
 0.006387219457690828
 0.005335838363887681
 0.004598676574673382
 0.004598676574673382
 0.006387219457690828
 0.00201399434608713
 0.0004524952783465696
 0.005335838363887681
 0.006387219457690828
 0.006387219457690828
 0.006387219457690828
 0.005335838363887681
 0.004598676574673382
 0.004598676574673382
 0.006387219457690828
 0.00201399434608713
 0.0004524952783465696
 0.005335838363887681
 0.006387219457690828
 0.006387219457690828
 0.006387219457690828
 0.005335838363887681
 0.004598676574673382
 0.004598676574673382
 0.006387219457690828
 0.00201399434608713
 0.0004524952783465696
 0.005335838363887681
 0.006387219457690828
 0.006387219457690828
 0.006387219457690828
 0.005335838363887681
 0.004598676574673382
 0.004598676574673382
 0.006387219457690828
 0.004598676574673382
 0.0004524952783465696
 0.005335838363887681
 0.006387219457690828
 0.006387219457690828
 0.006387219457690828
 0.005335838363887681
 0.004598676574673382
 0.004598676574673382
 0.006387219457690828
 0.00201399434608713
 0.00201399434608713
 0.005335838363887681
 0.006387219457690828
 0.006387219457690828
 0.006387219457690828
 0.005335838363887681
 0.004598676574673382
 0.004598676574673382
 0.006387219457690828
 0.00201399434608713
 0.00201399434608713
 0.005335838363887681
 0.006387219457690828
 0.006387219457690828
 0.006387219457690828
 0.005335838363887681
 0.004598676574673382
 0.004598676574673382
 0.006387219457690828
 0.005335838363887681
