# Created by Octave 3.2.4, Tue Feb 05 21:14:32 2013 EST <rbom@zaphod>
# name: small_First_Fit
# type: matrix
# ndims: 3
 1 10 30
 3.501909709851966e-16
 1.056903675392384e-17
 2.615421503636717e-12
 1.690410330088972e-13
 2.608764237846892e-14
 4.122864832395698e-13
 2.256983773812455e-13
 2.146184521744573e-14
 2.020590088432662e-15
 2.655209208655341e-13
 1.205007878042163e-12
 2.528687213266902e-10
 2.200310038450897e-09
 2.465376595911435e-10
 6.32684911459847e-12
 9.377544651307199e-10
 2.574936771445865e-08
 1.908209946942455e-08
 4.036043536186569e-11
 8.599329045512994e-10
 4.812598402125929e-11
 6.725773022084336e-08
 6.655793247414217e-07
 1.413968610291266e-06
 2.190527495693087e-07
 3.603733525393307e-06
 2.500964572867632e-06
 5.382697703248325e-06
 1.462525491323966e-07
 2.016398515722641e-06
 3.447760994473701e-09
 3.886036846588938e-05
 1.58202509337689e-06
 6.515142629670704e-05
 1.032426339361414e-05
 0.0002428996668720552
 5.646136631454396e-05
 9.923255405176554e-05
 1.13327255951125e-06
 0.0002428996668720552
 3.16380707760115e-06
 3.886036846588938e-05
 8.033642853972555e-05
 0.0001510591360251978
 0.0001887528446511987
 0.001391082675326827
 6.994609687899529e-05
 0.0002259004560730269
 0.0002448344516877813
 0.001354925988672516
 7.315204882483591e-06
 3.886036846588938e-05
 8.033642853972555e-05
 0.0005653957034865072
 0.001391082675326827
 0.001391082675326827
 6.994609687899529e-05
 0.0002259004560730269
 0.0002448344516877813
 0.001391082675326827
 0.0001925176638665274
 8.746221145653552e-05
 0.001391082675326827
 0.0005653957034865072
 0.001391082675326827
 0.001391082675326827
 0.0001737388830392934
 0.0002259004560730269
 0.0002448344516877813
 0.001391082675326827
 0.001391082675326827
 8.746221145653552e-05
 0.001391082675326827
 0.0005653957034865072
 0.001391082675326827
 0.001391082675326827
 9.974303234703848e-05
 0.0002259004560730269
 0.0002448344516877813
 0.001391082675326827
 0.001391082675326827
 8.746221145653552e-05
 0.001391082675326827
 0.0005653957034865072
 0.001391082675326827
 0.001391082675326827
 0.0001727078389068097
 0.0002259004560730269
 0.0002448344516877813
 0.001391082675326827
 0.001391082675326827
 8.746221145653552e-05
 0.001391082675326827
 0.001391082675326827
 0.001391082675326827
 0.001391082675326827
 0.0007830283028110128
 0.0002259004560730269
 0.001354925988672516
 0.001391082675326827
 0.001391082675326827
 0.001391082675326827
 0.001391082675326827
 0.001391082675326827
 0.001391082675326827
 0.001391082675326827
 0.0007830283028110128
 0.0002448344516877813
 0.001354925988672516
 0.001391082675326827
 0.001391082675326827
 0.001391082675326827
 0.001391082675326827
 0.001391082675326827
 0.001391082675326827
 0
 0.001391082675326827
 0.0002448344516877813
 0.001354925988672516
 0.001391082675326827
 0.001391082675326827
 0.001391082675326827
 0.001391082675326827
 0.001391082675326827
 0
 0
 0.001391082675326827
 0.0002448344516877813
 0.001391082675326827
 0
 0.001391082675326827
 0.001391082675326827
 0
 0.001391082675326827
 0
 0
 0.001391082675326827
 0.0002448344516877813
 0.001391082675326827
 0
 0
 0.001391082675326827
 0
 0.001391082675326827
 0
 0
 0.001391082675326827
 0.0002259004560730269
 0.001391082675326827
 0
 0
 0.001391082675326827
 0
 0.001391082675326827
 0
 0
 0.001391082675326827
 0.000396168232218128
 0.001391082675326827
 0
 0
 0.001391082675326827
 0
 0
 0
 0
 0.001391082675326827
 0.000396168232218128
 0.001391082675326827
 0
 0
 0
 0
 0
 0
 0
 0.001391082675326827
 0.0002259004560730269
 0.001391082675326827
 0
 0
 0
 0
 0
 0
 0
 0
 0.0002259004560730269
 0.001391082675326827
 0
 0
 0
 0
 0
 0
 0
 0
 0.0002259004560730269
 0
 0
 0
 0
 0
 0
 0
 0
 0
 0.0002259004560730269
 0
 0
 0
 0
 0
 0
 0
 0
 0
 0.0002259004560730269
 0
 0
 0
 0
 0
 0
 0
 0
 0
 0
 0
 0
 0
 0
 0
 0
 0
 0
 0
 0
 0
 0
 0
 0
 0
 0
 0
 0
 0
 0
 0
 0
 0
 0
 0
 0
 0
 0
 0
 0
 0
 0
 0
 0
 0
 0
 0
 0
 0
 0
 0
 0
 0
 0
 0
 0
 0
 0
 0
 0
 0
 0
 0
 0
 0
 0
 0
 0
 0
 0
 0
 0
 0
 0
 0
 0
 0
 0
 0
 0
 0
 0
