# Created by Octave 3.2.4, Wed Feb 06 19:45:50 2013 EST <rbom@zaphod>
# name: small_First_Fit
# type: matrix
# ndims: 3
 1 10 30
 2.416306546466764e-16
 2.648027493126527e-17
 1.374685604783517e-15
 3.921715126197838e-14
 4.08582301036555e-13
 1.69245244354971e-11
 1.202348490159599e-17
 2.141271888960955e-16
 2.04510730794539e-13
 2.663521669829623e-17
 1.757883958648117e-10
 2.091994482728993e-13
 9.395435799990966e-10
 4.465057835281722e-11
 4.196618586257663e-10
 2.003505461829861e-08
 1.028100406146762e-14
 1.766275956426281e-09
 1.224461740007536e-11
 1.403428107078911e-12
 3.354773086438097e-07
 1.690889988475556e-10
 2.113339253566225e-08
 2.645191012915119e-08
 2.301118196978253e-05
 1.030786355386594e-05
 1.887204538126607e-11
 1.86809395353225e-07
 1.011948855416601e-07
 5.615411928765837e-10
 9.040312880801508e-06
 1.161192849035053e-06
 2.121476534335289e-06
 4.58940023557606e-05
 0.0006464046128696175
 0.0001381927925523335
 6.919018354698119e-07
 9.379848761456303e-06
 0.0001024852112551913
 1.151518176491344e-07
 0.0002245895449202145
 6.086982930828177e-05
 0.0001081390672622865
 0.0007585904373070625
 0.001933560404955197
 0.0003795835375253164
 0.0003795835375253164
 0.0006059508716732952
 0.0003795835375253164
 6.643578566997639e-05
 0.0002245895449202145
 0.0009398970892709957
 0.001933560404955197
 0.001933560404955197
 0.001933560404955197
 0.0003795835375253164
 0.0009398970892709957
 0.0006059508716732952
 0.0001024852112551913
 0.001098122986180733
 0.0002245895449202145
 0.0009398970892709957
 0.001933560404955197
 0.001933560404955197
 0.0006464046128696175
 0.0003795835375253164
 0.0009398970892709957
 0.001933560404955197
 0.0001024852112551913
 0.001098122986180733
 0.0002647227142966642
 0.0009398970892709957
 0.001933560404955197
 0.001933560404955197
 0.0006464046128696175
 0.0003795835375253164
 0.0003795835375253164
 0.0006059508716732952
 0.0001024852112551913
 0.001098122986180733
 0.0002647227142966642
 0.0009398970892709957
 0.001933560404955197
 0.001933560404955197
 0.0006464046128696175
 0.001933560404955197
 0.0003795835375253164
 0.0006059508716732952
 0.0001024852112551913
 0.001098122986180733
 0.0002245895449202145
 0.0009398970892709957
 0.001933560404955197
 0.001933560404955197
 0.0006464046128696175
 0.0007481217737922124
 0.0003795835375253164
 0.0006059508716732952
 0.0001024852112551913
 0.001098122986180733
 0.0002245895449202145
 0.0009398970892709957
 0.001933560404955197
 0.001933560404955197
 0.0006464046128696175
 0.0007481217737922124
 0.0003795835375253164
 0.0006059508716732952
 0.0007481217737922124
 0.001098122986180733
 0.0002245895449202145
 0.0009398970892709957
 0.001933560404955197
 0.001933560404955197
 0
 0.0003795835375253164
 0.0003795835375253164
 0.0006059508716732952
 0.0009398970892709957
 0.001098122986180733
 0.0002647227142966642
 0
 0
 0
 0
 0.0003795835375253164
 0
 0.0006059508716732952
 0.0009398970892709957
 0
 0.0002647227142966642
 0
 0
 0
 0
 0.0003795835375253164
 0
 0
 0.0009398970892709957
 0
 0.0002245895449202145
 0
 0
 0
 0
 0.0009398970892709957
 0
 0
 0.0009398970892709957
 0
 0.0002245895449202145
 0
 0
 0
 0
 0.0009398970892709957
 0
 0
 0.0009398970892709957
 0
 0.0002245895449202145
 0
 0
 0
 0
 0.001098122986180733
 0
 0
 0.001098122986180733
 0
 0.0002245895449202145
 0
 0
 0
 0
 0.001098122986180733
 0
 0
 0.001933560404955197
 0
 0.0002245895449202145
 0
 0
 0
 0
 0.001933560404955197
 0
 0
 0.0009398970892709957
 0
 0
 0
 0
 0
 0
 0.001933560404955197
 0
 0
 0.001933560404955197
 0
 0
 0
 0
 0
 0
 0.001933560404955197
 0
 0
 0.001933560404955197
 0
 0
 0
 0
 0
 0
 0.001933560404955197
 0
 0
 0.001933560404955197
 0
 0
 0
 0
 0
 0
 0.001933560404955197
 0
 0
 0.001933560404955197
 0
 0
 0
 0
 0
 0
 0.001933560404955197
 0
 0
 0.001933560404955197
 0
 0
 0
 0
 0
 0
 0.001933560404955197
 0
 0
 0.001933560404955197
 0
 0
 0
 0
 0
 0
 0
 0
 0
 0.001933560404955197
 0
 0
 0
 0
 0
 0
 0
 0
 0
 0
 0
 0
 0
 0
 0
 0
 0
 0
 0
 0
 0
 0
 0
 0
 0
 0
 0
 0
 0
 0
 0
 0
 0
 0
 0
 0
 0
 0
 0
 0
 0
