# Created by Octave 3.2.4, Mon Feb 04 08:18:24 2013 EST <rbom@zaphod>
# name: small_First_Fit
# type: matrix
# ndims: 3
 1 10 30
 2.080650313004911e-16
 1.064723578196328e-17
 2.676636194255964e-16
 1.622152665416106e-17
 1.604058614150449e-16
 6.282777418502566e-15
 1.14017167954269e-16
 1.677334182640304e-16
 4.961466998025272e-16
 1.51927226791228e-13
 7.304827080129308e-13
 1.592475634742009e-14
 9.597707004709424e-10
 2.07010243926591e-11
 3.623487907827921e-10
 1.270757250641332e-11
 6.061154842611459e-13
 1.943348525526189e-11
 1.680934944949603e-12
 5.967975492539287e-10
 7.210773536047539e-08
 2.556084142028137e-10
 2.579357008884077e-07
 1.488641952064734e-05
 8.309255150417503e-08
 8.072529137137251e-09
 1.716164787547727e-09
 2.64685867049665e-08
 2.177099106672641e-08
 1.206560316021889e-06
 0.0008964710511217041
 5.968168546339982e-06
 0.0001313356022120956
 0.001989167585885777
 4.939365257206795e-06
 1.127292326087545e-05
 8.873322592380816e-07
 2.379185811667536e-05
 0.0001316580903588604
 0.0003087505718357499
 0.01467183342566217
 0.0007667508509905456
 0.01614340139446189
 0.01467183342566217
 0.000410880949485021
 0.001686927888631748
 0.0001239443212696783
 0.0004801449644412892
 0.01467183342566217
 0.03853943758726355
 0.01467183342566217
 0.0007667508509905456
 0.01614340139446189
 0.01467183342566217
 0.01614340139446189
 0.01614340139446189
 0.01467183342566217
 0.0008124758773454868
 0.01467183342566217
 0.03853943758726355
 0.01467183342566217
 0.03853943758726355
 0.01614340139446189
 0.01467183342566217
 0.01614340139446189
 0.01614340139446189
 0.01467183342566217
 0.001221187526554114
 0.01467183342566217
 0.03853943758726355
 0.01467183342566217
 0.03853943758726355
 0.01614340139446189
 0.03853943758726355
 0.01614340139446189
 0.01614340139446189
 0.01467183342566217
 0.03853943758726355
 0.01467183342566217
 0.03853943758726355
 0.01467183342566217
 0.03853943758726355
 0.01614340139446189
 0.03853943758726355
 0.01614340139446189
 0.01614340139446189
 0.01467183342566217
 0.03853943758726355
 0.03853943758726355
 0.03853943758726355
 0.01467183342566217
 0.03853943758726355
 0.01614340139446189
 0.03853943758726355
 0.03853943758726355
 0.01614340139446189
 0.01467183342566217
 0.03853943758726355
 0.01467183342566217
 0.03853943758726355
 0.01467183342566217
 0.03853943758726355
 0.01614340139446189
 0.03853943758726355
 0.03853943758726355
 0.03853943758726355
 0.03853943758726355
 0.03853943758726355
 0.01467183342566217
 0.03853943758726355
 0.01467183342566217
 0.03853943758726355
 0.01614340139446189
 0.03853943758726355
 0.03853943758726355
 0.03853943758726355
 0.03853943758726355
 0.03853943758726355
 0.01467183342566217
 0.03853943758726355
 0.01467183342566217
 0.03853943758726355
 0.01614340139446189
 0.03853943758726355
 0.01614340139446189
 0.03853943758726355
 0.03853943758726355
 0.03853943758726355
 0.03853943758726355
 0.03853943758726355
 0.01467183342566217
 0.03853943758726355
 0.01614340139446189
 0.03853943758726355
 0.01614340139446189
 0.01614340139446189
 0.03853943758726355
 0.03853943758726355
 0.03853943758726355
 0.03853943758726355
 0.01467183342566217
 0.03853943758726355
 0.01614340139446189
 0.03853943758726355
 0.01614340139446189
 0.01614340139446189
 0.03853943758726355
 0.03853943758726355
 0.03853943758726355
 0.03853943758726355
 0.01467183342566217
 0.03853943758726355
 0.01614340139446189
 0.03853943758726355
 0.01614340139446189
 0.01614340139446189
 0.03853943758726355
 0.03853943758726355
 0.03853943758726355
 0.03853943758726355
 0.01467183342566217
 0.03853943758726355
 0.01614340139446189
 0.03853943758726355
 0.01614340139446189
 0.01614340139446189
 0.03853943758726355
 0.03853943758726355
 0.03853943758726355
 0.03853943758726355
 0.01467183342566217
 0.03853943758726355
 0.03853943758726355
 0.03853943758726355
 0.01614340139446189
 0.01614340139446189
 0.03853943758726355
 0.03853943758726355
 0.03853943758726355
 0.03853943758726355
 0.01467183342566217
 0.03853943758726355
 0.01614340139446189
 0.03853943758726355
 0.01614340139446189
 0.01614340139446189
 0.03853943758726355
 0.03853943758726355
 0.03853943758726355
 0.03853943758726355
 0.01467183342566217
 0.03853943758726355
 0.01614340139446189
 0.03853943758726355
 0.01614340139446189
 0.01614340139446189
 0.03853943758726355
 0.03853943758726355
 0.03853943758726355
 0.03853943758726355
 0.01467183342566217
 0.03853943758726355
 0.03853943758726355
 0.03853943758726355
 0.01614340139446189
 0.01614340139446189
 0.03853943758726355
 0.03853943758726355
 0.03853943758726355
 0.03853943758726355
 0.01467183342566217
 0.03853943758726355
 0.01614340139446189
 0.03853943758726355
 0.03853943758726355
 0.01614340139446189
 0.03853943758726355
 0.03853943758726355
 0.03853943758726355
 0.03853943758726355
 0.01467183342566217
 0.03853943758726355
 0.01614340139446189
 0.03853943758726355
 0.01614340139446189
 0.01614340139446189
 0.03853943758726355
 0.03853943758726355
 0.03853943758726355
 0.03853943758726355
 0.01467183342566217
 0.03853943758726355
 0.01614340139446189
 0.03853943758726355
 0.01614340139446189
 0.01614340139446189
 0.03853943758726355
 0.03853943758726355
 0.03853943758726355
 0.03853943758726355
 0.01467183342566217
 0.03853943758726355
 0.01614340139446189
 0.03853943758726355
 0.01614340139446189
 0.01614340139446189
 0.03853943758726355
 0.03853943758726355
 0.03853943758726355
 0.03853943758726355
 0.01467183342566217
 0.03853943758726355
 0.01614340139446189
 0.03853943758726355
 0.03853943758726355
 0.01614340139446189
 0.03853943758726355
 0.03853943758726355
 0.03853943758726355
 0.03853943758726355
 0.01467183342566217
 0.03853943758726355
 0.03853943758726355
 0.03853943758726355
 0.01614340139446189
 0.01614340139446189
 0.03853943758726355
 0.03853943758726355
 0.03853943758726355
 0.03853943758726355
 0.01467183342566217
 0.03853943758726355
 0.03853943758726355
 0.03853943758726355
 0.01614340139446189
 0.01614340139446189
 0.03853943758726355
 0.03853943758726355
 0.03853943758726355
 0.03853943758726355
 0.01467183342566217
 0.03853943758726355
 0.03853943758726355
 0.03853943758726355
 0.01614340139446189
 0.01614340139446189
 0.03853943758726355
 0.03853943758726355
 0.03853943758726355
 0.03853943758726355
 0.01467183342566217
 0.03853943758726355
 0.03853943758726355
 0.03853943758726355
 0.01614340139446189
 0.01614340139446189
 0.03853943758726355
 0.03853943758726355
 0.03853943758726355
 0.03853943758726355
