# Created by Octave 3.2.4, Tue Feb 05 14:10:49 2013 EST <rbom@zaphod>
# name: small_First_Fit
# type: matrix
# ndims: 3
 1 10 30
 1.905798216336047e-13
 2.915469068399542e-10
 1.055864510966344e-10
 7.576018987414251e-09
 3.323502944132448e-12
 9.16935552975292e-08
 6.512953561141027e-12
 1.010972294741262e-12
 2.941732329253985e-10
 3.731533048128104e-13
 4.868165977262775e-11
 1.257234561939475e-06
 4.71711748793545e-08
 0.0001761888973223077
 4.752073865867617e-08
 1.222014566907685e-05
 4.673598435508602e-09
 1.767353990587507e-08
 5.909054041004029e-08
 5.57061607458042e-10
 3.617759257253909e-08
 0.0001253054821600889
 1.253052048382547e-05
 0.001319433137294428
 8.508480814240628e-05
 0.0001583033339256742
 1.290402641797439e-07
 4.206594286952701e-06
 8.918168480663807e-05
 1.383090681880381e-06
 1.782440495679915e-05
 0.000817838973980041
 0.0009834175757204387
 0.00175516802842978
 0.001626368000682386
 0.000616157263061166
 5.073046924398231e-06
 1.977226874212735e-05
 0.0004733393064555412
 3.404732354591232e-05
 0.0001225821181897364
 0.001092520339134979
 0.003013033833682861
 0.006481526793164706
 0.001626368000682386
 0.002961252639407231
 0.0001785659763174946
 0.0003381405817585586
 0.0004733393064555412
 0.000616157263061166
 0.001028604644868811
 0.01314383182110925
 0.01314383182110925
 0.006481526793164706
 0.001626368000682386
 0.002961252639407231
 0.003514585884770182
 0.001056702177467256
 0.001913643587002737
 0.002961252639407231
 0.006481526793164706
 0.01314383182110925
 0.01314383182110925
 0.01314383182110925
 0.001626368000682386
 0.002961252639407231
 0.004040365889329718
 0.001092520339134979
 0.006481526793164706
 0.002727589118257953
 0.01314383182110925
 0.01314383182110925
 0.01314383182110925
 0.006481526793164706
 0.001626368000682386
 0.002961252639407231
 0.003514585884770182
 0.005554498817980745
 0.01314383182110925
 0.002727589118257953
 0.01314383182110925
 0.01314383182110925
 0.01314383182110925
 0.006481526793164706
 0.001913643587002737
 0.002961252639407231
 0.004040365889329718
 0.005554498817980745
 0.01314383182110925
 0.002727589118257953
 0.01314383182110925
 0.01314383182110925
 0.01314383182110925
 0.006481526793164706
 0.001626368000682386
 0.002961252639407231
 0.004040365889329718
 0.005554498817980745
 0.01314383182110925
 0.002727589118257953
 0.01314383182110925
 0.01314383182110925
 0.01314383182110925
 0.006481526793164706
 0.001626368000682386
 0.002961252639407231
 0.003514585884770182
 0.005554498817980745
 0.01314383182110925
 0.002727589118257953
 0.01314383182110925
 0.01314383182110925
 0.01314383182110925
 0.006481526793164706
 0.001626368000682386
 0
 0.005451271181111222
 0.005554498817980745
 0.01314383182110925
 0.002727589118257953
 0.01314383182110925
 0
 0
 0.01314383182110925
 0.002961252639407231
 0
 0.003514585884770182
 0.005554498817980745
 0.01314383182110925
 0
 0.01314383182110925
 0
 0
 0.01314383182110925
 0.001626368000682386
 0
 0.003514585884770182
 0.005554498817980745
 0.01314383182110925
 0
 0
 0
 0
 0.01314383182110925
 0.003013033833682861
 0
 0.003514585884770182
 0
 0
 0
 0
 0
 0
 0.01314383182110925
 0.005554498817980745
 0
 0.003514585884770182
 0
 0
 0
 0
 0
 0
 0.01314383182110925
 0.003013033833682861
 0
 0.003514585884770182
 0
 0
 0
 0
 0
 0
 0.01314383182110925
 0.003013033833682861
 0
 0.005554498817980745
 0
 0
 0
 0
 0
 0
 0.01314383182110925
 0.003013033833682861
 0
 0.005554498817980745
 0
 0
 0
 0
 0
 0
 0
 0.01314383182110925
 0
 0.005554498817980745
 0
 0
 0
 0
 0
 0
 0
 0.01314383182110925
 0
 0.005554498817980745
 0
 0
 0
 0
 0
 0
 0
 0.01314383182110925
 0
 0.005554498817980745
 0
 0
 0
 0
 0
 0
 0
 0.01314383182110925
 0
 0.005554498817980745
 0
 0
 0
 0
 0
 0
 0
 0.01314383182110925
 0
 0.005554498817980745
 0
 0
 0
 0
 0
 0
 0
 0.01314383182110925
 0
 0
 0
 0
 0
 0
 0
 0
 0
 0.01314383182110925
 0
 0
 0
 0
 0
 0
 0
 0
 0
 0
 0
 0
 0
 0
 0
 0
 0
 0
 0
 0
 0
 0
 0
 0
 0
 0
 0
 0
 0
 0
 0
 0
 0
 0
 0
 0
 0
 0
 0
 0
 0
 0
 0
 0
 0
