# Created by Octave 3.2.4, Mon Feb 04 10:59:19 2013 EST <rbom@zaphod>
# name: small_First_Fit
# type: matrix
# ndims: 3
 1 10 30
 4.796683286856596e-20
 7.340645996588067e-17
 6.67769078240379e-18
 3.593057568237315e-17
 1.25635619890653e-14
 3.699549537351762e-17
 2.576399837066234e-16
 4.717621694403929e-17
 6.870778893774987e-12
 1.499339066472218e-15
 1.651549679876921e-08
 2.285811779369905e-13
 1.79506275964848e-13
 2.216877580064453e-09
 9.454593554293516e-08
 1.5112992136809e-12
 5.154849193292683e-10
 4.414554619798117e-11
 1.354697452428836e-08
 4.139562167221985e-10
 1.419783902266031e-06
 1.910172020640352e-08
 6.053616979044002e-10
 3.27631416693494e-07
 0.0001099252185860148
 5.201034139405837e-10
 3.551841041932641e-06
 1.143062173768186e-08
 4.600415002065174e-06
 8.722022247170642e-06
 0.0001143093699278834
 9.188037294469654e-07
 2.621133727221897e-07
 6.977147435935862e-06
 0.008573265003048468
 9.308597533747134e-07
 0.000242985713684141
 2.559608468021974e-06
 0.0006772796381834039
 0.0004493764569644196
 0.002836913109303737
 0.0004575604714066522
 1.707050117785388e-05
 7.375062208672754e-05
 0.03249747692929481
 0.0002428329169419753
 0.00868651538054232
 0.0001749770107789258
 0.01167379057690021
 0.01021118752655134
 0.03249747692929481
 0.03249747692929481
 0.0001269943934700873
 0.03249747692929481
 0.03249747692929481
 0.01077058580271686
 0.01077058580271686
 0.008573265003048468
 0.01167379057690021
 0.01167379057690021
 0.03249747692929481
 0.03249747692929481
 0.00116771901550189
 0.03249747692929481
 0.03249747692929481
 0.03249747692929481
 0.01167379057690021
 0.03249747692929481
 0.01167379057690021
 0.01167379057690021
 0.03249747692929481
 0.03249747692929481
 0.00868651538054232
 0.03249747692929481
 0.03249747692929481
 0.03249747692929481
 0.01167379057690021
 0.03249747692929481
 0.01167379057690021
 0.01167379057690021
 0.03249747692929481
 0.03249747692929481
 0.00868651538054232
 0.03249747692929481
 0.03249747692929481
 0.03249747692929481
 0.01167379057690021
 0.03249747692929481
 0.01167379057690021
 0.01167379057690021
 0.03249747692929481
 0.03249747692929481
 0.01167379057690021
 0.03249747692929481
 0.03249747692929481
 0.03249747692929481
 0.01167379057690021
 0.03249747692929481
 0.01167379057690021
 0.01167379057690021
 0.03249747692929481
 0.03249747692929481
 0.01167379057690021
 0.03249747692929481
 0.03249747692929481
 0.03249747692929481
 0.01167379057690021
 0.03249747692929481
 0.01167379057690021
 0.01167379057690021
 0.03249747692929481
 0.03249747692929481
 0.01167379057690021
 0.03249747692929481
 0.03249747692929481
 0.03249747692929481
 0.01167379057690021
 0.03249747692929481
 0.01167379057690021
 0.01167379057690021
 0.03249747692929481
 0.03249747692929481
 0.03249747692929481
 0.03249747692929481
 0.03249747692929481
 0.03249747692929481
 0.01167379057690021
 0.03249747692929481
 0.01167379057690021
 0.01167379057690021
 0.03249747692929481
 0.03249747692929481
 0.03249747692929481
 0.03249747692929481
 0.03249747692929481
 0.03249747692929481
 0.01167379057690021
 0.03249747692929481
 0.01167379057690021
 0.01167379057690021
 0.03249747692929481
 0.03249747692929481
 0.03249747692929481
 0.03249747692929481
 0.03249747692929481
 0.03249747692929481
 0.01167379057690021
 0.03249747692929481
 0.01167379057690021
 0.01167379057690021
 0.03249747692929481
 0.03249747692929481
 0.03249747692929481
 0.03249747692929481
 0.03249747692929481
 0.03249747692929481
 0.01167379057690021
 0.03249747692929481
 0.01167379057690021
 0.01167379057690021
 0.03249747692929481
 0.03249747692929481
 0.03249747692929481
 0.03249747692929481
 0.03249747692929481
 0.03249747692929481
 0.01167379057690021
 0.03249747692929481
 0.01167379057690021
 0.01167379057690021
 0.03249747692929481
 0.03249747692929481
 0.03249747692929481
 0.03249747692929481
 0.03249747692929481
 0.03249747692929481
 0.01167379057690021
 0.03249747692929481
 0.01167379057690021
 0.01167379057690021
 0.03249747692929481
 0.03249747692929481
 0.03249747692929481
 0.03249747692929481
 0.03249747692929481
 0.03249747692929481
 0.01167379057690021
 0.03249747692929481
 0.03249747692929481
 0.01167379057690021
 0.03249747692929481
 0.03249747692929481
 0.03249747692929481
 0.03249747692929481
 0.03249747692929481
 0.03249747692929481
 0.01167379057690021
 0.03249747692929481
 0.03249747692929481
 0.01167379057690021
 0.03249747692929481
 0.03249747692929481
 0.03249747692929481
 0.03249747692929481
 0.03249747692929481
 0.03249747692929481
 0.01167379057690021
 0.03249747692929481
 0.03249747692929481
 0.01167379057690021
 0.03249747692929481
 0.03249747692929481
 0.03249747692929481
 0.03249747692929481
 0.03249747692929481
 0.03249747692929481
 0.01167379057690021
 0.03249747692929481
 0.03249747692929481
 0.01167379057690021
 0.03249747692929481
 0.03249747692929481
 0.03249747692929481
 0.03249747692929481
 0.03249747692929481
 0.03249747692929481
 0.03249747692929481
 0.03249747692929481
 0.03249747692929481
 0.01167379057690021
 0.03249747692929481
 0.03249747692929481
 0.03249747692929481
 0.03249747692929481
 0.03249747692929481
 0.03249747692929481
 0.03249747692929481
 0.03249747692929481
 0.03249747692929481
 0.01167379057690021
 0.03249747692929481
 0.03249747692929481
 0.03249747692929481
 0.03249747692929481
 0.03249747692929481
 0.03249747692929481
 0.01167379057690021
 0.03249747692929481
 0.03249747692929481
 0.01167379057690021
 0.03249747692929481
 0.03249747692929481
 0.03249747692929481
 0.03249747692929481
 0.03249747692929481
 0.03249747692929481
 0.01167379057690021
 0.03249747692929481
 0.03249747692929481
 0.01167379057690021
 0.03249747692929481
 0.03249747692929481
 0.03249747692929481
 0.03249747692929481
 0.03249747692929481
 0.03249747692929481
 0.01167379057690021
 0.03249747692929481
 0.03249747692929481
 0.01167379057690021
 0.03249747692929481
 0.03249747692929481
 0.03249747692929481
 0.03249747692929481
 0.03249747692929481
 0.03249747692929481
 0.01167379057690021
 0.03249747692929481
 0.03249747692929481
 0.01167379057690021
 0.03249747692929481
 0.03249747692929481
 0.03249747692929481
 0.03249747692929481
 0.03249747692929481
 0.03249747692929481
 0.01167379057690021
 0.03249747692929481
 0.03249747692929481
 0.01167379057690021
 0.03249747692929481
 0.03249747692929481
 0.03249747692929481
 0.03249747692929481
 0.03249747692929481
 0.03249747692929481
 0.01167379057690021
 0.03249747692929481
 0.03249747692929481
 0.01167379057690021
