# Created by Octave 3.2.4, Wed Feb 06 17:02:37 2013 EST <rbom@zaphod>
# name: small_First_Fit
# type: matrix
# ndims: 3
 1 10 30
 2.262328151366535e-07
 2.042357197745741e-12
 7.609236457563189e-06
 8.036348508311502e-10
 2.604600670460085e-12
 1.630132184943705e-06
 3.341490923854278e-08
 1.18813603837444e-08
 7.320272974467298e-09
 1.572788750515268e-08
 3.158389179015802e-05
 9.315093210043102e-08
 0.0003142869379538698
 6.696405947828521e-08
 2.689658642500293e-09
 0.002378121538853905
 0.0003185250436997007
 4.920458151191274e-07
 4.013599089331368e-06
 1.020639146103073e-05
 0.001849448765444092
 3.578829426093953e-06
 0.0037434451713661
 4.122547822925013e-06
 3.660336880877435e-07
 0.004332438813371814
 0.009973068488753675
 0.0001363014890498522
 0.0005055595998259945
 0.004207640615348448
 0.001849448765444092
 0.000141478140337721
 0.02172509767460296
 0.0005767548406782935
 7.01688352372963e-06
 0.004332438813371814
 0.03239749654104256
 0.0003567964283908296
 0.002718736472489977
 0.01604854814855374
 0.001849448765444092
 0.002241266916913594
 0.02172509767460296
 0.006146199830787564
 0.0003642218845046892
 0.004332438813371814
 0.03239749654104256
 0.01096880959252059
 0.008198833911304035
 0.0626858337101785
 0.001910529486100113
 0.02063677020355647
 0.02172509767460296
 0.006146199830787564
 0.001241851361889144
 0.004332438813371814
 0.03239749654104256
 0.1047083669999867
 0.006498759847912354
 0.1047083669999867
 0.001945855731078966
 0.03729142543246921
 0.03020393344030633
 0.01109149405705051
 0.0626858337101785
 0.03239749654104256
 0.0626858337101785
 0.1047083669999867
 0.03020393344030633
 0.1047083669999867
 0.02172509767460296
 0.03729142543246921
 0.03020393344030633
 0.0193565922373246
 0.1047083669999867
 0.03239749654104256
 0.0626858337101785
 0.1047083669999867
 0.03729142543246921
 0.1047083669999867
 0.03020393344030633
 0.03729142543246921
 0.03729142543246921
 0.02554194464223581
 0.1047083669999867
 0.0626858337101785
 0.1047083669999867
 0.1047083669999867
 0.03729142543246921
 0.1047083669999867
 0.03239749654104256
 0.03729142543246921
 0.0626858337101785
 0.02203732993618371
 0.1047083669999867
 0.0626858337101785
 0.0626858337101785
 0.1047083669999867
 0.0626858337101785
 0.1047083669999867
 0.03729142543246921
 0.03729142543246921
 0.03729142543246921
 0.02554194464223581
 0.1047083669999867
 0.1047083669999867
 0.0626858337101785
 0.1047083669999867
 0.1047083669999867
 0.1047083669999867
 0.04070584123010198
 0.03729142543246921
 0.0626858337101785
 0.0416799177819988
 0.1047083669999867
 0.0626858337101785
 0.0626858337101785
 0.1047083669999867
 0.1047083669999867
 0.1047083669999867
 0.04070584123010198
 0.04070584123010198
 0.0626858337101785
 0.0416799177819988
 0.1047083669999867
 0.1047083669999867
 0.1047083669999867
 0
 0.1047083669999867
 0
 0.04070584123010198
 0.04070584123010198
 0.04936842720429162
 0.0416799177819988
 0.1047083669999867
 0.1047083669999867
 0.1047083669999867
 0
 0.1047083669999867
 0
 0.04070584123010198
 0.0484269462892223
 0.04936842720429162
 0.0416799177819988
 0
 0.1047083669999867
 0.1047083669999867
 0
 0.1047083669999867
 0
 0.04070584123010198
 0.0484269462892223
 0.0626858337101785
 0.0416799177819988
 0
 0.1047083669999867
 0.1047083669999867
 0
 0.1047083669999867
 0
 0.04070584123010198
 0.04070584123010198
 0.1047083669999867
 0.0626858337101785
 0
 0.1047083669999867
 0.1047083669999867
 0
 0.1047083669999867
 0
 0.04070584123010198
 0.04070584123010198
 0.0626858337101785
 0.0626858337101785
 0
 0.1047083669999867
 0.1047083669999867
 0
 0
 0
 0
 0.0484269462892223
 0.1047083669999867
 0.0626858337101785
 0
 0.1047083669999867
 0.1047083669999867
 0
 0
 0
 0
 0.0484269462892223
 0.1047083669999867
 0.0626858337101785
 0
 0
 0
 0
 0
 0
 0
 0.0484269462892223
 0.1047083669999867
 0.1047083669999867
 0
 0
 0
 0
 0
 0
 0
 0.1047083669999867
 0.1047083669999867
 0.0626858337101785
 0
 0
 0
 0
 0
 0
 0
 0.0484269462892223
 0.1047083669999867
 0.0626858337101785
 0
 0
 0
 0
 0
 0
 0
 0.1047083669999867
 0.1047083669999867
 0.1047083669999867
 0
 0
 0
 0
 0
 0
 0
 0.0484269462892223
 0.1047083669999867
 0.1047083669999867
 0
 0
 0
 0
 0
 0
 0
 0.1047083669999867
 0
 0.1047083669999867
 0
 0
 0
 0
 0
 0
 0
 0.0626858337101785
 0
 0.1047083669999867
 0
 0
 0
 0
 0
 0
 0
 0.1047083669999867
 0
 0.1047083669999867
 0
 0
 0
 0
 0
 0
 0
 0.1047083669999867
 0
 0.1047083669999867
 0
 0
 0
 0
 0
 0
 0
 0.1047083669999867
 0
 0.1047083669999867
 0
 0
 0
 0
 0
 0
