# Created by Octave 3.2.4, Mon Feb 04 22:06:06 2013 EST <rbom@zaphod>
# name: small_First_Fit
# type: matrix
# ndims: 3
 1 10 30
 6.707013516031215e-08
 1.068348007862816e-10
 2.068843960340429e-10
 1.286573333356432e-10
 1.844616917654195e-12
 2.161155966984765e-09
 3.466886477131582e-11
 2.90960049345957e-11
 8.790980609708426e-13
 8.778011675323576e-12
 4.458356643301147e-07
 1.754038495067704e-06
 3.122083293708028e-07
 2.820547589771846e-05
 7.538620362878013e-10
 9.096801241629138e-06
 1.374344082761601e-07
 0.0001113179254048817
 3.846807965337404e-07
 7.373293586109992e-09
 0.0003843783267627496
 4.190244614252634e-05
 0.0001189958320849242
 0.0001250086311081016
 2.189985280649382e-07
 0.0001923518868607819
 3.905424176873338e-06
 0.002012115196064968
 0.001612400206330651
 3.300868477741331e-07
 0.0004374523854348318
 0.0006688461032003076
 0.001050976734672005
 0.0003168870481963825
 0.0006414595550691415
 0.0008248404051661608
 3.804200891032992e-05
 0.00240511966598281
 0.006700334959099869
 9.507394632051188e-06
 0.003940797482366172
 0.0006688461032003076
 0.002206956449448793
 0.0003168870481963825
 0.002569316552791556
 0.001339491895582921
 0.00018493885559107
 0.00240511966598281
 0.006700334959099869
 0.000149569954648322
 0.003940797482366172
 0.0006688461032003076
 0.002206956449448793
 0.0006263802681741878
 0.002569316552791556
 0.001339491895582921
 0.003940797482366172
 0.006700334959099869
 0.006700334959099869
 0.000912303493016087
 0.00462601767670368
 0.003940797482366172
 0.002206956449448793
 0.001994035177031639
 0.002569316552791556
 0.00240511966598281
 0.006700334959099869
 0.006700334959099869
 0.006700334959099869
 0.00240511966598281
 0.006700334959099869
 0.003940797482366172
 0.00462601767670368
 0.0007010601280618639
 0.006700334959099869
 0.00240511966598281
 0.003940797482366172
 0.006700334959099869
 0.006700334959099869
 0.00240511966598281
 0.006700334959099869
 0.003940797482366172
 0.006700334959099869
 0.0007010601280618639
 0.006700334959099869
 0.00462601767670368
 0.003940797482366172
 0.006700334959099869
 0.006700334959099869
 0.006700334959099869
 0.006700334959099869
 0.00462601767670368
 0.006700334959099869
 0.001248532654399948
 0.006700334959099869
 0.006700334959099869
 0.003940797482366172
 0.006700334959099869
 0.006700334959099869
 0.006700334959099869
 0.006700334959099869
 0.003940797482366172
 0.006700334959099869
 0.001248532654399948
 0.006700334959099869
 0.006700334959099869
 0.00462601767670368
 0.006700334959099869
 0
 0.006700334959099869
 0.006700334959099869
 0.00462601767670368
 0.006700334959099869
 0.001248532654399948
 0.006700334959099869
 0.006700334959099869
 0.003940797482366172
 0.006700334959099869
 0
 0.006700334959099869
 0.006700334959099869
 0.00462601767670368
 0.006700334959099869
 0.001248532654399948
 0.006700334959099869
 0.006700334959099869
 0.00462601767670368
 0
 0
 0.006700334959099869
 0.006700334959099869
 0.00462601767670368
 0.006700334959099869
 0.001342135138145667
 0.006700334959099869
 0.006700334959099869
 0.00462601767670368
 0
 0
 0.006700334959099869
 0
 0.00462601767670368
 0.006700334959099869
 0.001342135138145667
 0
 0.006700334959099869
 0.00462601767670368
 0
 0
 0.006700334959099869
 0
 0.00462601767670368
 0
 0.002206956449448793
 0
 0.006700334959099869
 0.00462601767670368
 0
 0
 0
 0
 0.00462601767670368
 0
 0.006700334959099869
 0
 0
 0.00462601767670368
 0
 0
 0
 0
 0.006700334959099869
 0
 0.006700334959099869
 0
 0
 0.00462601767670368
 0
 0
 0
 0
 0.00462601767670368
 0
 0.006700334959099869
 0
 0
 0.006700334959099869
 0
 0
 0
 0
 0.00462601767670368
 0
 0.006700334959099869
 0
 0
 0.006700334959099869
 0
 0
 0
 0
 0.006700334959099869
 0
 0.006700334959099869
 0
 0
 0.006700334959099869
 0
 0
 0
 0
 0.006700334959099869
 0
 0.006700334959099869
 0
 0
 0.006700334959099869
 0
 0
 0
 0
 0.006700334959099869
 0
 0.006700334959099869
 0
 0
 0.006700334959099869
 0
 0
 0
 0
 0.006700334959099869
 0
 0
 0
 0
 0.006700334959099869
 0
 0
 0
 0
 0.006700334959099869
 0
 0
 0
 0
 0.006700334959099869
 0
 0
 0
 0
 0.006700334959099869
 0
 0
 0
 0
 0
 0
 0
 0
 0
 0.006700334959099869
 0
 0
 0
 0
 0
 0
 0
 0
 0
 0
 0
 0
 0
 0
 0
 0
 0
 0
 0
 0
 0
 0
 0
 0
 0
 0
 0
 0
 0
 0
 0
 0
 0
 0
 0
 0
 0
 0
