# Created by Octave 3.2.4, Mon Feb 04 01:26:04 2013 EST <rbom@zaphod>
# name: small_First_Fit
# type: matrix
# ndims: 3
 1 10 30
 1.224717480234689e-20
 1.073637022931325e-21
 4.952278667871357e-19
 1.780796630121314e-21
 1.789256450425655e-17
 4.974577445297427e-27
 3.118551584163127e-18
 4.58378990497197e-18
 3.804570359055511e-18
 4.614605381088911e-17
 1.846967504490454e-16
 8.038148917928738e-17
 4.942098447232407e-13
 5.10435332528118e-18
 3.404109970331053e-13
 1.148126135479036e-17
 1.357444712146057e-13
 1.548114511665405e-12
 4.738334803922657e-12
 1.389997062489392e-11
 1.104154931953814e-11
 1.442726697127515e-12
 1.956965914561332e-08
 8.202503916739273e-11
 3.169266642676971e-09
 9.911938610073724e-12
 1.132185757340283e-08
 6.602793924883447e-10
 4.717615820625589e-08
 7.235546979783449e-07
 5.745944340780896e-06
 1.077024577217342e-09
 4.730917786851569e-06
 6.089536955318653e-08
 1.742637410100344e-06
 1.014062077441062e-07
 1.668720303368426e-06
 6.089255040487482e-08
 5.250453153817986e-05
 0.003320076773624287
 0.003320076773624287
 1.303379018724717e-07
 4.730917786851569e-06
 3.736211740856074e-05
 8.854173711322798e-05
 6.222444514573052e-05
 6.593422572043931e-05
 8.868113185496749e-06
 0.004944068095553696
 0.003320076773624287
 0.003320076773624287
 8.900147640351524e-06
 0.004944068095553696
 0.003525903426601237
 0.004944068095553696
 0.004944068095553696
 0.004944068095553696
 8.868113185496749e-06
 0.004944068095553696
 0.003320076773624287
 0.003320076773624287
 0.004944068095553696
 0.004944068095553696
 0.003525903426601237
 0.004944068095553696
 0.004944068095553696
 0.004944068095553696
 8.868113185496749e-06
 0.004944068095553696
 0.003320076773624287
 0.003525903426601237
 0.004944068095553696
 0.004944068095553696
 0.003525903426601237
 0.004944068095553696
 0.004944068095553696
 0.004944068095553696
 0.004944068095553696
 0.004944068095553696
 0.003320076773624287
 0.003320076773624287
 0.004944068095553696
 0.004944068095553696
 0.003525903426601237
 0.004944068095553696
 0.004944068095553696
 0.004944068095553696
 0.004944068095553696
 0.004944068095553696
 0.003320076773624287
 0.003320076773624287
 0.004944068095553696
 0.004944068095553696
 0.003525903426601237
 0.004944068095553696
 0.004944068095553696
 0.004944068095553696
 0.004944068095553696
 0.004944068095553696
 0.003320076773624287
 0.003320076773624287
 0.004944068095553696
 0.004944068095553696
 0.004944068095553696
 0.004944068095553696
 0.004944068095553696
 0.004944068095553696
 0.004944068095553696
 0.004944068095553696
 0.003320076773624287
 0.003320076773624287
 0.004944068095553696
 0.004944068095553696
 0.003525903426601237
 0.004944068095553696
 0.004944068095553696
 0.004944068095553696
 0.004944068095553696
 0.004944068095553696
 0.003320076773624287
 0.003320076773624287
 0.004944068095553696
 0.004944068095553696
 0.003525903426601237
 0.004944068095553696
 0.004944068095553696
 0.004944068095553696
 0.004944068095553696
 0.004944068095553696
 0.003320076773624287
 0.003320076773624287
 0.004944068095553696
 0.004944068095553696
 0.003525903426601237
 0.004944068095553696
 0.004944068095553696
 0.004944068095553696
 0.004944068095553696
 0.004944068095553696
 0.004944068095553696
 0.003320076773624287
 0.004944068095553696
 0.004944068095553696
 0.004944068095553696
 0.004944068095553696
 0.004944068095553696
 0.004944068095553696
 0.004944068095553696
 0.004944068095553696
 0.003525903426601237
 0.003320076773624287
 0.004944068095553696
 0.004944068095553696
 0.004944068095553696
 0.004944068095553696
 0.004944068095553696
 0.004944068095553696
 0.004944068095553696
 0.004944068095553696
 0.003320076773624287
 0.003320076773624287
 0.004944068095553696
 0.004944068095553696
 0.004944068095553696
 0.004944068095553696
 0.004944068095553696
 0.004944068095553696
 0.004944068095553696
 0.004944068095553696
 0.003320076773624287
 0.003320076773624287
 0.004944068095553696
 0.004944068095553696
 0.004944068095553696
 0.004944068095553696
 0.004944068095553696
 0.004944068095553696
 0.004944068095553696
 0.004944068095553696
 0.003320076773624287
 0.003320076773624287
 0.004944068095553696
 0.004944068095553696
 0.004944068095553696
 0.004944068095553696
 0.004944068095553696
 0.004944068095553696
 0.004944068095553696
 0.004944068095553696
 0.003320076773624287
 0.003320076773624287
 0.004944068095553696
 0.004944068095553696
 0.003525903426601237
 0.004944068095553696
 0.004944068095553696
 0.004944068095553696
 0.004944068095553696
 0.004944068095553696
 0.003320076773624287
 0.003320076773624287
 0.004944068095553696
 0.004944068095553696
 0.003525903426601237
 0.004944068095553696
 0.004944068095553696
 0.004944068095553696
 0.004944068095553696
 0.004944068095553696
 0.003320076773624287
 0.003320076773624287
 0.004944068095553696
 0.004944068095553696
 0.003525903426601237
 0.004944068095553696
 0.004944068095553696
 0.004944068095553696
 0.004944068095553696
 0.004944068095553696
 0.003320076773624287
 0.003320076773624287
 0.004944068095553696
 0.004944068095553696
 0.003525903426601237
 0.004944068095553696
 0.004944068095553696
 0.004944068095553696
 0.004944068095553696
 0.004944068095553696
 0.003320076773624287
 0.003320076773624287
 0.004944068095553696
 0.004944068095553696
 0.003525903426601237
 0.004944068095553696
 0.004944068095553696
 0.004944068095553696
 0.004944068095553696
 0.004944068095553696
 0.003320076773624287
 0.003320076773624287
 0.004944068095553696
 0.004944068095553696
 0.003525903426601237
 0.004944068095553696
 0.004944068095553696
 0.004944068095553696
 0.004944068095553696
 0.004944068095553696
 0.003320076773624287
 0.003320076773624287
 0.004944068095553696
 0.004944068095553696
 0.003525903426601237
 0.004944068095553696
 0.004944068095553696
 0.004944068095553696
 0.004944068095553696
 0.004944068095553696
 0.003320076773624287
 0.003320076773624287
 0.004944068095553696
 0.004944068095553696
 0.003525903426601237
 0.004944068095553696
 0.004944068095553696
 0.004944068095553696
 0.004944068095553696
 0.004944068095553696
 0.003320076773624287
 0.003320076773624287
 0.004944068095553696
 0.004944068095553696
 0.003525903426601237
 0.004944068095553696
 0.004944068095553696
 0.004944068095553696
 0.004944068095553696
 0.004944068095553696
 0.004944068095553696
 0.003320076773624287
 0.004944068095553696
 0.004944068095553696
 0.003525903426601237
 0.004944068095553696
 0.004944068095553696
 0.004944068095553696
 0.004944068095553696
 0.004944068095553696
 0.004944068095553696
 0.003320076773624287
 0.004944068095553696
 0.004944068095553696
 0.004944068095553696
 0.004944068095553696
 0.004944068095553696
 0.004944068095553696
 0.004944068095553696
 0.004944068095553696
 0.004944068095553696
