# Created by Octave 3.2.4, Tue Feb 05 04:39:05 2013 EST <rbom@zaphod>
# name: small_First_Fit
# type: matrix
# ndims: 3
 1 10 30
 2.011022096878606e-09
 1.731336883397596e-06
 1.264540679090557e-09
 5.375910780618125e-06
 1.020587762986427e-11
 1.230359056687456e-09
 8.629954537931203e-09
 3.094646601922463e-07
 1.247124104450592e-09
 2.455343890697929e-07
 1.912168881464787e-07
 0.0001188602206897455
 1.082644325171392e-07
 0.0002066058651511491
 7.422824447331382e-07
 4.975360690392533e-07
 1.895099820627684e-06
 5.736455993413452e-06
 8.846477025937619e-06
 9.086447058043194e-06
 0.0001404893896887624
 0.001161286872782987
 0.00297902182982995
 0.004848352010249911
 3.455924345148374e-05
 0.0002178075908076996
 9.846287670043433e-05
 0.0007474950953305184
 0.0001299403407221795
 0.0007452853049237955
 0.003808149729386933
 0.02164290753340386
 0.01193181038606004
 0.02061183216547801
 0.0006171919736024322
 0.0008851999873456195
 0.0005077672255267929
 0.009613130165181802
 0.001324884227888407
 0.007640367621030191
 0.008854891420770485
 0.02515952821334334
 0.02527230402650376
 0.04874347741370237
 0.01027955981180165
 0.01031902318614977
 0.005877726897098167
 0.05149244514846204
 0.002985037953608554
 0.04272547725198485
 0.008854891420770485
 0.06932573200257824
 0.02507927377436237
 0.04874347741370237
 0.04704775461937965
 0.01031902318614977
 0.02515952821334334
 0.05149244514846204
 0.004703193399150927
 0.0484526144936176
 0.008854891420770485
 0.04892249233722406
 0.04382325321841542
 0.04874347741370237
 0.04874347741370237
 0.01031902318614977
 0.05149244514846204
 0.05149244514846204
 0.008013917775670936
 0.0484526144936176
 0.02127876325434026
 0.06932573200257824
 0.04382325321841542
 0.04892249233722406
 0.04874347741370237
 0.01732290038990544
 0.05149244514846204
 0.05149244514846204
 0.02164758712924703
 0.0484526144936176
 0.04382325321841542
 0.06932573200257824
 0.04382325321841542
 0.04874347741370237
 0.04874347741370237
 0.01732290038990544
 0.05149244514846204
 0.05149244514846204
 0.02164758712924703
 0.04874347741370237
 0.04382325321841542
 0.06932573200257824
 0.04874347741370237
 0.04892249233722406
 0.04892249233722406
 0.01732290038990544
 0.05149244514846204
 0.05149244514846204
 0.02422457492805787
 0.05149244514846204
 0.04382325321841542
 0.06932573200257824
 0.04382325321841542
 0.04892249233722406
 0.04874347741370237
 0.01732290038990544
 0.05149244514846204
 0.05149244514846204
 0.02422457492805787
 0.05149244514846204
 0.04892249233722406
 0.06932573200257824
 0.04892249233722406
 0.05149244514846204
 0.04874347741370237
 0.04382325321841542
 0.05149244514846204
 0
 0.02422457492805787
 0.05149244514846204
 0.04892249233722406
 0.06932573200257824
 0.04892249233722406
 0.04892249233722406
 0.04874347741370237
 0.04892249233722406
 0.05149244514846204
 0
 0.02422457492805787
 0.05149244514846204
 0.06932573200257824
 0.06932573200257824
 0.04892249233722406
 0.04874347741370237
 0.04874347741370237
 0.04874347741370237
 0
 0
 0.02422457492805787
 0.05149244514846204
 0.06932573200257824
 0
 0.04892249233722406
 0.04874347741370237
 0.04874347741370237
 0.04892249233722406
 0
 0
 0.02527230402650376
 0.05149244514846204
 0.06932573200257824
 0
 0.06932573200257824
 0.05149244514846204
 0.05149244514846204
 0.04892249233722406
 0
 0
 0.0484526144936176
 0.05149244514846204
 0.06932573200257824
 0
 0.06932573200257824
 0.05149244514846204
 0.04874347741370237
 0.04892249233722406
 0
 0
 0.04874347741370237
 0
 0.06932573200257824
 0
 0.06932573200257824
 0.04892249233722406
 0.04874347741370237
 0.04892249233722406
 0
 0
 0.04874347741370237
 0
 0.06932573200257824
 0
 0.06932573200257824
 0.04892249233722406
 0.04874347741370237
 0.04892249233722406
 0
 0
 0.0484526144936176
 0
 0.06932573200257824
 0
 0.06932573200257824
 0.04892249233722406
 0.04892249233722406
 0.04892249233722406
 0
 0
 0.0484526144936176
 0
 0
 0
 0.06932573200257824
 0.04874347741370237
 0.06932573200257824
 0.06932573200257824
 0
 0
 0.05149244514846204
 0
 0
 0
 0.04892249233722406
 0.04874347741370237
 0.06932573200257824
 0.06932573200257824
 0
 0
 0.04874347741370237
 0
 0
 0
 0
 0
 0.04892249233722406
 0.06932573200257824
 0
 0
 0.06932573200257824
 0
 0
 0
 0
 0
 0.04874347741370237
 0.06932573200257824
 0
 0
 0.06932573200257824
 0
 0
 0
 0
 0
 0.04892249233722406
 0.04892249233722406
 0
 0
 0.06932573200257824
 0
 0
 0
 0
 0
 0.04874347741370237
 0.06932573200257824
 0
 0
 0.06932573200257824
 0
 0
 0
 0
 0
 0.04874347741370237
 0.06932573200257824
 0
 0
 0.06932573200257824
 0
 0
 0
 0
 0
 0.04874347741370237
 0.06932573200257824
 0
 0
 0.06932573200257824
 0
 0
 0
 0
 0
 0.04892249233722406
 0.06932573200257824
 0
 0
 0.06932573200257824
 0
 0
 0
 0
 0
 0.04874347741370237
 0.06932573200257824
 0
 0
 0
 0
