# Created by Octave 3.2.4, Tue Feb 05 09:11:10 2013 EST <rbom@zaphod>
# name: small_First_Fit
# type: matrix
# ndims: 3
 1 10 30
 6.53384736078056e-14
 4.680248527333961e-17
 2.274694258320962e-14
 1.437659365763655e-14
 2.695000909257376e-19
 6.847566854570226e-13
 3.078115508971493e-12
 3.39367940650905e-18
 8.416261170069228e-14
 4.887690563935178e-14
 3.025916434445121e-10
 9.200636762831733e-14
 6.435127175155115e-11
 1.376626684387701e-08
 1.081374230029666e-11
 3.964203450447919e-08
 2.876121518663122e-07
 5.093483091298674e-15
 3.558262136233675e-07
 3.120322378698332e-10
 9.154874338107733e-06
 2.914448268664798e-11
 3.453442858935961e-06
 1.398541773746078e-06
 1.546302517193875e-08
 1.476411079617892e-06
 0.000146833992686163
 6.221925168811164e-09
 0.0002769949755899478
 9.125557734002935e-08
 0.00018431557126375
 7.797021291138337e-08
 0.00018431557126375
 0.0001153672243202021
 8.277943774681877e-06
 3.026540097458727e-06
 0.000146833992686163
 1.981122186764282e-06
 0.0002769949755899478
 8.265460566758815e-06
 0.00018431557126375
 5.042875915037967e-06
 0.00018431557126375
 0.001521034244830536
 0.0006474139995214814
 3.449025836572179e-05
 0.004338069334307679
 0.0002634352455531839
 0.004338069334307679
 0.0001622857805619066
 0.001437247289633639
 0.0002913529189663415
 0.00018431557126375
 0.001521034244830536
 0.0006474139995214814
 3.449025836572179e-05
 0.005081990580084196
 0.01189842127968794
 0.004338069334307679
 0.001285944352367047
 0.001663763554936503
 0.002160793072300261
 0.00018431557126375
 0.02362632731959373
 0.0006474139995214814
 0.0001790895399807248
 0.005081990580084196
 0.02362632731959373
 0.005081990580084196
 0.01189842127968794
 0.001663763554936503
 0.005081990580084196
 0.00018431557126375
 0.02362632731959373
 0.0006474139995214814
 0.0001790895399807248
 0.005081990580084196
 0.02362632731959373
 0.005081990580084196
 0.01189842127968794
 0.005081990580084196
 0.005081990580084196
 0.00018431557126375
 0.02362632731959373
 0.0006474139995214814
 0.002160793072300261
 0.005081990580084196
 0.02362632731959373
 0.02362632731959373
 0.02362632731959373
 0.001663763554936503
 0.005081990580084196
 0.00018431557126375
 0.02362632731959373
 0.0006713009647006254
 0.01189842127968794
 0.005081990580084196
 0.02362632731959373
 0.02362632731959373
 0.02362632731959373
 0.01189842127968794
 0.005081990580084196
 0
 0.02362632731959373
 0.0006474139995214814
 0.01189842127968794
 0.005081990580084196
 0.02362632731959373
 0.02362632731959373
 0.02362632731959373
 0.01189842127968794
 0.005081990580084196
 0
 0.02362632731959373
 0.0006474139995214814
 0.02362632731959373
 0.005081990580084196
 0.02362632731959373
 0.02362632731959373
 0.02362632731959373
 0.01189842127968794
 0.005081990580084196
 0
 0.02362632731959373
 0.0006474139995214814
 0.02362632731959373
 0
 0.02362632731959373
 0.02362632731959373
 0.02362632731959373
 0.02362632731959373
 0.005081990580084196
 0
 0
 0.0006713009647006254
 0.02362632731959373
 0
 0
 0.02362632731959373
 0.02362632731959373
 0.02362632731959373
 0
 0
 0
 0.0006474139995214814
 0.02362632731959373
 0
 0
 0.02362632731959373
 0.02362632731959373
 0.02362632731959373
 0
 0
 0
 0.0006474139995214814
 0.02362632731959373
 0
 0
 0
 0
 0.02362632731959373
 0
 0
 0
 0.0006713009647006254
 0.02362632731959373
 0
 0
 0
 0
 0.02362632731959373
 0
 0
 0
 0.0006474139995214814
 0.02362632731959373
 0
 0
 0
 0
 0.02362632731959373
 0
 0
 0
 0.0006474139995214814
 0
 0
 0
 0
 0
 0.02362632731959373
 0
 0
 0
 0.0006474139995214814
 0
 0
 0
 0
 0
 0
 0
 0
 0
 0.001285944352367047
 0
 0
 0
 0
 0
 0
 0
 0
 0
 0.001437247289633639
 0
 0
 0
 0
 0
 0
 0
 0
 0
 0.001437247289633639
 0
 0
 0
 0
 0
 0
 0
 0
 0
 0.001437247289633639
 0
 0
 0
 0
 0
 0
 0
 0
 0
 0.001663763554936503
 0
 0
 0
 0
 0
 0
 0
 0
 0
 0.01189842127968794
 0
 0
 0
 0
 0
 0
 0
 0
 0
 0.02362632731959373
 0
 0
 0
 0
 0
 0
 0
 0
 0
 0.02362632731959373
 0
 0
 0
 0
 0
 0
 0
 0
 0
 0.02362632731959373
 0
 0
 0
 0
 0
 0
 0
 0
 0
 0.02362632731959373
 0
 0
 0
 0
 0
