# Created by Octave 3.2.4, Thu Feb 07 01:08:41 2013 EST <rbom@zaphod>
# name: small_First_Fit
# type: matrix
# ndims: 3
 1 10 30
 9.356751881036623e-13
 3.408260202707652e-15
 1.423264614641502e-14
 4.731858993244725e-13
 1.727174900047805e-05
 2.689044982633879e-13
 1.378467774605413e-13
 1.602687938336259e-10
 2.306889341759958e-07
 4.306634500957172e-12
 1.360058534754754e-09
 1.622228926240582e-09
 1.731191787259757e-09
 4.894833426985777e-07
 0.004943594850385961
 9.357065245493672e-11
 1.898610990161956e-10
 2.987621948305682e-07
 4.946089827008517e-05
 3.901813172900741e-08
 2.88153014861574e-07
 8.887493096348663e-07
 8.279345072576788e-07
 0.0008040237984482186
 0.004943594850385961
 2.829242984283676e-08
 3.303574665308906e-07
 2.454846104442367e-05
 0.00153376104441333
 0.0003172619377316002
 1.140693848809504e-05
 5.216495535553602e-05
 8.137869103896823e-06
 0.00153376104441333
 0.004943594850385961
 2.56634551294559e-06
 3.223743444197742e-05
 0.0009107277115837184
 0.00153376104441333
 0.0004997282852832839
 0.0003628614931215417
 0.0005928861822302999
 3.710951999331025e-05
 0.004241525467796119
 0.004943594850385961
 0.0001503191147774433
 0.0007946003599498002
 0.00153376104441333
 0.00153376104441333
 0.004943594850385961
 0.0003628614931215417
 0.003984879975129438
 0.0007195664790507662
 0.004241525467796119
 0.004943594850385961
 0.003126730610038313
 0.001546950252519433
 0.003984879975129438
 0.00153376104441333
 0.004943594850385961
 0.006234696418481682
 0.003984879975129438
 0.004943594850385961
 0.004943594850385961
 0.004943594850385961
 0.003126730610038313
 0.002663357899475713
 0.003984879975129438
 0.004943594850385961
 0.004943594850385961
 0.006234696418481682
 0.003984879975129438
 0.004943594850385961
 0.01602541442223639
 0.004943594850385961
 0.003126730610038313
 0.008381010482239616
 0.003984879975129438
 0.004241525467796119
 0.004943594850385961
 0.006662078605114845
 0.004241525467796119
 0.01602541442223639
 0.01602541442223639
 0.004943594850385961
 0.003126730610038313
 0.008381010482239616
 0.01020906021542224
 0.004241525467796119
 0.01602541442223639
 0.01020906021542224
 0.01020906021542224
 0.004943594850385961
 0.01602541442223639
 0.004943594850385961
 0.003126730610038313
 0.01602541442223639
 0.01020906021542224
 0.004241525467796119
 0.008381010482239616
 0.006662078605114845
 0.004241525467796119
 0.004943594850385961
 0.01602541442223639
 0
 0.003126730610038313
 0.01602541442223639
 0.01020906021542224
 0.004241525467796119
 0.01602541442223639
 0.006662078605114845
 0.01020906021542224
 0.004943594850385961
 0.01602541442223639
 0
 0.006234696418481682
 0.01602541442223639
 0.01020906021542224
 0.004241525467796119
 0.01602541442223639
 0.006662078605114845
 0.01020906021542224
 0.004943594850385961
 0.01602541442223639
 0
 0.006234696418481682
 0.01602541442223639
 0.01020906021542224
 0.004241525467796119
 0.01602541442223639
 0.01020906021542224
 0.006662078605114845
 0.01602541442223639
 0.01602541442223639
 0
 0.003126730610038313
 0.01602541442223639
 0.01020906021542224
 0
 0.01602541442223639
 0.006662078605114845
 0.01020906021542224
 0.01602541442223639
 0
 0
 0.01602541442223639
 0.01602541442223639
 0.01020906021542224
 0
 0.01602541442223639
 0.01020906021542224
 0.01020906021542224
 0.01602541442223639
 0
 0
 0.01602541442223639
 0.01602541442223639
 0
 0
 0.01602541442223639
 0.01020906021542224
 0.01020906021542224
 0.01602541442223639
 0
 0
 0.01602541442223639
 0
 0
 0
 0.01602541442223639
 0.01602541442223639
 0.01020906021542224
 0.01602541442223639
 0
 0
 0.01602541442223639
 0
 0
 0
 0
 0.01602541442223639
 0.01020906021542224
 0.01602541442223639
 0
 0
 0.01602541442223639
 0
 0
 0
 0
 0.01602541442223639
 0.01020906021542224
 0.01602541442223639
 0
 0
 0.01602541442223639
 0
 0
 0
 0
 0.01602541442223639
 0.01602541442223639
 0
 0
 0
 0.01602541442223639
 0
 0
 0
 0
 0.01602541442223639
 0.01602541442223639
 0
 0
 0
 0
 0
 0
 0
 0
 0.01602541442223639
 0.01602541442223639
 0
 0
 0
 0
 0
 0
 0
 0
 0.01602541442223639
 0.01020906021542224
 0
 0
 0
 0
 0
 0
 0
 0
 0
 0.01602541442223639
 0
 0
 0
 0
 0
 0
 0
 0
 0
 0.01020906021542224
 0
 0
 0
 0
 0
 0
 0
 0
 0
 0.01020906021542224
 0
 0
 0
 0
 0
 0
 0
 0
 0
 0.01020906021542224
 0
 0
 0
 0
 0
 0
 0
 0
 0
 0.01020906021542224
 0
 0
 0
 0
 0
 0
 0
 0
 0
 0.01020906021542224
 0
 0
 0
 0
 0
 0
 0
 0
