# Created by Octave 3.2.4, Thu Feb 07 02:14:36 2013 EST <rbom@zaphod>
# name: small_First_Fit
# type: matrix
# ndims: 3
 1 10 30
 6.956960262965596e-12
 1.430314040426758e-10
 1.00012203799207e-09
 1.905645476887391e-09
 1.56358139399477e-12
 1.50924064993309e-12
 4.801847839047283e-14
 2.212758688639504e-08
 1.476153509611535e-13
 1.662712872218259e-12
 4.970235952057281e-08
 5.336838702387389e-08
 4.055145446394693e-07
 2.18370777977454e-06
 4.683088528828663e-07
 1.059054584091755e-06
 2.142575491677816e-11
 1.880497794118153e-07
 1.046274606771326e-07
 4.010604335416601e-08
 3.977118216468564e-06
 1.097645473638459e-05
 1.998908568399631e-05
 0.0003148666634191877
 1.842717417797332e-05
 6.025780050792526e-05
 2.202392933357196e-09
 4.476291756911905e-06
 3.32619922124008e-05
 2.311121189358459e-06
 0.0001400754079077716
 0.0002150009619927663
 9.062804380199006e-05
 0.002384770376621624
 0.004176886899615663
 0.000353344356552426
 3.522024419207862e-06
 0.0001500433557146459
 0.002654984909363245
 2.206651254151917e-05
 0.0001400754079077716
 0.003798264672175122
 0.002384770376621624
 0.01085201180802286
 0.004176886899615663
 0.000353344356552426
 5.201565911140623e-05
 0.0001660703006351976
 0.002654984909363245
 0.001112004527179063
 0.004241531398085754
 0.003798264672175122
 0.009155845948318102
 0.01223489370197818
 0.004176886899615663
 0.01441236055847824
 0.000193650926089058
 0.001072014041645191
 0.002654984909363245
 0.002089412866283897
 0.004241531398085754
 0.01206209842518452
 0.01085201180802286
 0.0128155216397821
 0.01085201180802286
 0.01441236055847824
 0.001045836985037388
 0.001072014041645191
 0.01441236055847824
 0.01118472793264394
 0.004241531398085754
 0.01206209842518452
 0.01085201180802286
 0.01346287718207294
 0.01085201180802286
 0.01441236055847824
 0.002671237944384003
 0.01346287718207294
 0.01441236055847824
 0.01118472793264394
 0.004241531398085754
 0.01346287718207294
 0.01346287718207294
 0.01409159329537668
 0.01085201180802286
 0.01441236055847824
 0.01128838105377747
 0.01346287718207294
 0.01441236055847824
 0.0128155216397821
 0.004241531398085754
 0.01346287718207294
 0.01346287718207294
 0.01409159329537668
 0.0128155216397821
 0.01441236055847824
 0.01409159329537668
 0.01346287718207294
 0.01441236055847824
 0.0128155216397821
 0.01441236055847824
 0.01206209842518452
 0.01346287718207294
 0.01409159329537668
 0.0128155216397821
 0.01441236055847824
 0.01409159329537668
 0.01346287718207294
 0.01441236055847824
 0.0128155216397821
 0.01441236055847824
 0.01206209842518452
 0.01346287718207294
 0.01441236055847824
 0.0128155216397821
 0.01441236055847824
 0.01409159329537668
 0.01441236055847824
 0.01441236055847824
 0.0128155216397821
 0.01441236055847824
 0.01206209842518452
 0.01441236055847824
 0.01441236055847824
 0.01441236055847824
 0
 0.01409159329537668
 0.01441236055847824
 0.01441236055847824
 0.0128155216397821
 0.01441236055847824
 0.01206209842518452
 0.01441236055847824
 0.01409159329537668
 0.01441236055847824
 0
 0.01441236055847824
 0.01441236055847824
 0
 0.0128155216397821
 0.01441236055847824
 0.01441236055847824
 0.01441236055847824
 0.0128155216397821
 0.0128155216397821
 0
 0.01441236055847824
 0.01441236055847824
 0
 0.0128155216397821
 0.01441236055847824
 0.0128155216397821
 0.01441236055847824
 0.01441236055847824
 0.0128155216397821
 0
 0.01409159329537668
 0.01441236055847824
 0
 0
 0.01441236055847824
 0.01206209842518452
 0.01441236055847824
 0.01441236055847824
 0.01441236055847824
 0
 0.01409159329537668
 0.01441236055847824
 0
 0
 0
 0.01206209842518452
 0.01441236055847824
 0.01441236055847824
 0.01441236055847824
 0
 0.01409159329537668
 0.01441236055847824
 0
 0
 0
 0.01346287718207294
 0.01441236055847824
 0.01441236055847824
 0.01441236055847824
 0
 0.01409159329537668
 0
 0
 0
 0
 0.01441236055847824
 0
 0.01441236055847824
 0.01441236055847824
 0
 0.01409159329537668
 0
 0
 0
 0
 0.01441236055847824
 0
 0.0128155216397821
 0.01441236055847824
 0
 0
 0
 0
 0
 0
 0.01346287718207294
 0
 0.01441236055847824
 0.01441236055847824
 0
 0
 0
 0
 0
 0
 0.01346287718207294
 0
 0.01441236055847824
 0.01441236055847824
 0
 0
 0
 0
 0
 0
 0.01441236055847824
 0
 0.01441236055847824
 0
 0
 0
 0
 0
 0
 0
 0.01441236055847824
 0
 0.01441236055847824
 0
 0
 0
 0
 0
 0
 0
 0.01206209842518452
 0
 0.01441236055847824
 0
 0
 0
 0
 0
 0
 0
 0.01346287718207294
 0
 0.01441236055847824
 0
 0
 0
 0
 0
 0
 0
 0.01206209842518452
 0
 0.01441236055847824
 0
 0
 0
 0
 0
 0
 0
 0.01206209842518452
 0
 0
 0
 0
 0
 0
 0
 0
 0
 0.01346287718207294
 0
 0
 0
 0
 0
 0
 0
 0
