# Created by Octave 3.2.4, Wed Feb 06 15:21:28 2013 EST <rbom@zaphod>
# name: small_First_Fit
# type: matrix
# ndims: 3
 1 10 30
 1.607577826294006e-08
 3.696858549324191e-11
 4.737106701330601e-11
 1.917682381244431e-10
 2.669335599309881e-10
 2.761496935231204e-13
 2.256665254365695e-08
 8.47505530422313e-05
 1.653588847506189e-07
 4.06159258095654e-10
 1.084002024698406e-06
 1.655112354706676e-08
 6.219715568522038e-09
 1.3578034163148e-06
 2.341068857866214e-07
 3.734253980128716e-10
 3.559709505453593e-06
 0.004846928450209858
 9.170680516939976e-05
 6.65794096246042e-08
 8.856363399360116e-06
 3.929921513337358e-05
 9.581693200467402e-06
 0.002045297094875113
 1.170285416651733e-05
 2.450492562193346e-07
 6.221636859485153e-05
 0.03823648373488915
 0.0002117554283550163
 1.937192185406652e-06
 1.685762062527733e-05
 0.001698029481885845
 0.0002213958056579054
 0.0253532727608701
 0.0003039757207080958
 7.156665940197472e-06
 0.0008865804721153836
 0.03823648373488915
 0.001603032982543306
 3.775101352032102e-05
 0.0008084078535118575
 0.0325812533261547
 0.002310583302199271
 0.03534874088985723
 0.005169868704818254
 0.0001250984516567744
 0.01584176218742663
 0.03823648373488915
 0.01134757839863941
 0.0004565602383124231
 0.008599823342089636
 0.03823648373488915
 0.007419967708780926
 0.03534874088985723
 0.009974545545711335
 0.001603032982543306
 0.01584176218742663
 0.03823648373488915
 0.01429895261043121
 0.007980807372142304
 0.02289532480240565
 0.05386934763248371
 0.007419967708780926
 0.03534874088985723
 0.03606835133441263
 0.008784979246751206
 0.02538457101683984
 0.03823648373488915
 0.01134757839863941
 0.03534874088985723
 0.0270341694543011
 0.05386934763248371
 0.007419967708780926
 0.03534874088985723
 0.03606835133441263
 0.02435084783094519
 0.02538457101683984
 0.03823648373488915
 0.0253532727608701
 0.05386934763248371
 0.0270341694543011
 0.05386934763248371
 0.007419967708780926
 0.03534874088985723
 0.03606835133441263
 0.02149128960300877
 0.02538457101683984
 0.03823648373488915
 0.0253532727608701
 0.05386934763248371
 0.0270341694543011
 0.05386934763248371
 0.0216669182754194
 0.03534874088985723
 0.03606835133441263
 0.02435084783094519
 0.02538457101683984
 0.03823648373488915
 0.03534874088985723
 0.05386934763248371
 0.05386934763248371
 0.05386934763248371
 0.02435084783094519
 0.035714505960743
 0.03606835133441263
 0.02149128960300877
 0.02538457101683984
 0
 0.035714505960743
 0.05386934763248371
 0.05386934763248371
 0.05386934763248371
 0.03823648373488915
 0.035714505960743
 0.03606835133441263
 0.0325812533261547
 0.02538457101683984
 0
 0.035714505960743
 0.05386934763248371
 0.05386934763248371
 0.05386934763248371
 0.03823648373488915
 0.035714505960743
 0.03606835133441263
 0.035714505960743
 0.02538457101683984
 0
 0.03534874088985723
 0.035714505960743
 0.05386934763248371
 0
 0.03823648373488915
 0.035714505960743
 0
 0.03823648373488915
 0
 0
 0.03534874088985723
 0.035714505960743
 0.05386934763248371
 0
 0.03823648373488915
 0.035714505960743
 0
 0.035714505960743
 0
 0
 0.035714505960743
 0
 0.05386934763248371
 0
 0.03823648373488915
 0.035714505960743
 0
 0.05386934763248371
 0
 0
 0.05386934763248371
 0
 0.05386934763248371
 0
 0.0216669182754194
 0.035714505960743
 0
 0.05386934763248371
 0
 0
 0.05386934763248371
 0
 0
 0
 0.0216669182754194
 0
 0
 0.035714505960743
 0
 0
 0.05386934763248371
 0
 0
 0
 0
 0
 0
 0.035714505960743
 0
 0
 0.05386934763248371
 0
 0
 0
 0
 0
 0
 0.03534874088985723
 0
 0
 0.05386934763248371
 0
 0
 0
 0
 0
 0
 0.035714505960743
 0
 0
 0.05386934763248371
 0
 0
 0
 0
 0
 0
 0.035714505960743
 0
 0
 0.05386934763248371
 0
 0
 0
 0
 0
 0
 0.035714505960743
 0
 0
 0
 0
 0
 0
 0
 0
 0
 0.035714505960743
 0
 0
 0
 0
 0
 0
 0
 0
 0
 0.03534874088985723
 0
 0
 0
 0
 0
 0
 0
 0
 0
 0.035714505960743
 0
 0
 0
 0
 0
 0
 0
 0
 0
 0.035714505960743
 0
 0
 0
 0
 0
 0
 0
 0
 0
 0.035714505960743
 0
 0
 0
 0
 0
 0
 0
 0
 0
 0.035714505960743
 0
 0
 0
 0
 0
 0
 0
 0
 0
 0.05386934763248371
 0
 0
 0
 0
