# Created by Octave 3.2.4, Mon Feb 04 04:13:24 2013 EST <rbom@zaphod>
# name: small_First_Fit
# type: matrix
# ndims: 3
 1 10 30
 2.430141090225171e-14
 1.364144806570118e-14
 4.264001478755643e-19
 3.223076660309165e-14
 2.786332091245273e-18
 7.259596334629386e-18
 3.200175181359464e-18
 2.580649148656565e-13
 1.935385773381123e-19
 1.306577393678541e-15
 3.984096346376516e-12
 2.015252702669027e-09
 6.068223540477496e-15
 8.905736135631716e-10
 2.226063081737693e-11
 6.446715378408513e-12
 1.656227136375545e-09
 5.324311051369385e-08
 3.414392564292116e-16
 7.711683554752334e-13
 1.101420319321874e-08
 1.004709613258622e-06
 1.960017360660232e-10
 1.126157209279028e-06
 3.612844540892636e-08
 7.091273494331655e-08
 9.178689658940361e-08
 0.0001205203310342102
 1.590583911829027e-10
 2.528025300805826e-10
 3.389639283333834e-05
 6.311429401386098e-05
 4.765113777096878e-07
 0.0002343444451193828
 2.487793706263617e-06
 3.251123819812949e-05
 5.6297524872373e-06
 0.001128441252497043
 8.477852795036277e-08
 4.01637949758093e-07
 0.001954666557147059
 0.001870160722194957
 2.410192444140366e-05
 0.001954666557147059
 2.487793706263617e-06
 3.251123819812949e-05
 0.004419659967363244
 0.001128441252497043
 5.388582782499678e-06
 4.891537275276868e-05
 0.001954666557147059
 0.001870160722194957
 2.553789811001377e-05
 0.001954666557147059
 0.0001193027897621144
 3.251123819812949e-05
 0.004419659967363244
 0.001128441252497043
 0.0002343444451193828
 0.0001193027897621144
 0.001954666557147059
 0.001870160722194957
 3.157253807913188e-05
 0.001954666557147059
 0.004419659967363244
 3.251123819812949e-05
 0.004419659967363244
 0.001128441252497043
 0.00277036151561362
 0.0002343444451193828
 0.001954666557147059
 0.001954666557147059
 3.157253807913188e-05
 0.001954666557147059
 0.004419659967363244
 3.251123819812949e-05
 0.004419659967363244
 0.001128441252497043
 0.00277036151561362
 0.0001193027897621144
 0.001954666557147059
 0.001934808264390734
 0.0002168192881190245
 0.001954666557147059
 0.004419659967363244
 3.251123819812949e-05
 0.004419659967363244
 0.001128441252497043
 0.00277036151561362
 0.004419659967363244
 0.001954666557147059
 0.001934808264390734
 0.0002168192881190245
 0.001954666557147059
 0.004419659967363244
 4.507561594796053e-05
 0.004419659967363244
 0.001128441252497043
 0.00277036151561362
 0.004419659967363244
 0.001954666557147059
 0.001934808264390734
 0.0002343444451193828
 0.001954666557147059
 0.004419659967363244
 4.507561594796053e-05
 0.004419659967363244
 0.001128441252497043
 0.00277036151561362
 0.004419659967363244
 0.001954666557147059
 0.001954666557147059
 0.004419659967363244
 0.001954666557147059
 0.004419659967363244
 4.507561594796053e-05
 0.004419659967363244
 0.001128441252497043
 0.00277036151561362
 0.004419659967363244
 0.001954666557147059
 0.001870160722194957
 0.004419659967363244
 0.001954666557147059
 0.004419659967363244
 4.507561594796053e-05
 0.004419659967363244
 0.001128441252497043
 0.00277036151561362
 0.004419659967363244
 0.001954666557147059
 0.001870160722194957
 0.004419659967363244
 0.001954666557147059
 0.004419659967363244
 0.001128441252497043
 0.004419659967363244
 0.001128441252497043
 0.00277036151561362
 0.004419659967363244
 0.001954666557147059
 0.001954666557147059
 0.004419659967363244
 0.001954666557147059
 0.004419659967363244
 0.001128441252497043
 0.004419659967363244
 0.001128441252497043
 0.00277036151561362
 0.004419659967363244
 0.001954666557147059
 0.001954666557147059
 0.004419659967363244
 0.001954666557147059
 0.004419659967363244
 0.001128441252497043
 0.004419659967363244
 0.001128441252497043
 0.00277036151561362
 0.004419659967363244
 0.001954666557147059
 0.001954666557147059
 0.004419659967363244
 0.001954666557147059
 0.004419659967363244
 0.001128441252497043
 0.004419659967363244
 0.001128441252497043
 0.00277036151561362
 0.004419659967363244
 0.001954666557147059
 0.001870160722194957
 0.004419659967363244
 0.001954666557147059
 0.004419659967363244
 0.001128441252497043
 0.004419659967363244
 0.001128441252497043
 0.00277036151561362
 0.004419659967363244
 0.001954666557147059
 0.001870160722194957
 0.004419659967363244
 0.001954666557147059
 0.004419659967363244
 0.001128441252497043
 0.004419659967363244
 0.001128441252497043
 0.00277036151561362
 0.004419659967363244
 0.001954666557147059
 0.001870160722194957
 0.004419659967363244
 0.001954666557147059
 0.004419659967363244
 0.001128441252497043
 0.004419659967363244
 0.001128441252497043
 0.00277036151561362
 0.004419659967363244
 0.001954666557147059
 0.001870160722194957
 0.004419659967363244
 0.001954666557147059
 0.004419659967363244
 0.001128441252497043
 0.004419659967363244
 0.001128441252497043
 0.00277036151561362
 0.004419659967363244
 0.001954666557147059
 0.001870160722194957
 0.004419659967363244
 0.001954666557147059
 0.004419659967363244
 0.001128441252497043
 0.004419659967363244
 0.001128441252497043
 0.00277036151561362
 0.004419659967363244
 0.001954666557147059
 0.001870160722194957
 0.004419659967363244
 0.001954666557147059
 0.004419659967363244
 0.00277036151561362
 0.004419659967363244
 0.001128441252497043
 0.00277036151561362
 0.004419659967363244
 0.001954666557147059
 0.001934808264390734
 0.004419659967363244
 0.001954666557147059
 0.004419659967363244
 0.001128441252497043
 0.004419659967363244
 0.001128441252497043
 0.00277036151561362
 0.004419659967363244
 0.001954666557147059
 0.001934808264390734
 0.004419659967363244
 0.001954666557147059
 0.004419659967363244
 0.001128441252497043
 0.004419659967363244
 0.001128441252497043
 0.00277036151561362
 0.004419659967363244
 0.001954666557147059
 0.001934808264390734
 0.004419659967363244
 0.001954666557147059
 0.004419659967363244
 0.001128441252497043
 0.004419659967363244
 0.001128441252497043
 0.00277036151561362
 0.004419659967363244
 0.001954666557147059
 0.001870160722194957
 0.004419659967363244
 0.001954666557147059
 0.004419659967363244
 0.001128441252497043
 0.004419659967363244
 0.004419659967363244
 0.00277036151561362
 0.004419659967363244
 0.001954666557147059
 0.001870160722194957
 0.004419659967363244
 0.001954666557147059
 0.004419659967363244
 0.001128441252497043
 0.004419659967363244
 0.001128441252497043
 0.00277036151561362
 0.004419659967363244
 0.001954666557147059
 0.001870160722194957
 0.004419659967363244
 0.001954666557147059
 0.004419659967363244
 0.001128441252497043
 0.004419659967363244
 0.001128441252497043
 0.00277036151561362
 0.004419659967363244
 0.001954666557147059
 0.001870160722194957
 0.004419659967363244
 0.001954666557147059
 0.004419659967363244
 0.001128441252497043
 0.004419659967363244
 0.001128441252497043
 0.00277036151561362
 0.004419659967363244
