# Created by Octave 3.2.4, Tue Feb 05 13:25:21 2013 EST <rbom@zaphod>
# name: small_First_Fit
# type: matrix
# ndims: 3
 1 10 30
 4.323506981922742e-14
 1.674130083529424e-13
 7.388258950548036e-15
 8.476356072415852e-18
 5.256362997590074e-15
 7.464187487639594e-14
 4.479890508394874e-12
 2.476896058985964e-13
 1.101853483550637e-11
 1.801358723183213e-10
 5.826927924441261e-09
 4.794276226453577e-11
 2.893342169102137e-09
 3.622731711892869e-14
 1.2572540162122e-10
 3.565972332985725e-09
 1.179054590881251e-09
 2.194683584463151e-06
 6.255738536920349e-08
 4.367574377036618e-07
 2.191464204982839e-07
 1.042789600775092e-08
 1.697794183401034e-06
 6.010340291735196e-11
 4.647554307602015e-07
 1.573563738958347e-06
 6.278269257374049e-06
 0.000180805009896042
 0.0001211282208809173
 9.650247246147713e-06
 7.033651024097904e-05
 2.856353254361526e-07
 4.729206811866263e-05
 1.34886394632411e-05
 3.83310042770576e-05
 0.0004134933405995955
 0.0008973329582280592
 0.001087715042591709
 0.001422509939185851
 0.0005473853026655962
 7.033651024097904e-05
 4.959743521358336e-06
 0.0006990042417982654
 0.0008973329582280592
 0.0009744812292994033
 0.0009744812292994033
 0.001107371307722778
 0.001087715042591709
 0.003078020049719648
 0.0008973329582280592
 0.000895198720389096
 6.883137004133005e-05
 0.0006990042417982654
 0.0008973329582280592
 0.0009744812292994033
 0.0004134933405995955
 0.0008973329582280592
 0.001087715042591709
 0.003078020049719648
 0.001087715042591709
 0.000895198720389096
 0.001297899913026429
 0.0006990042417982654
 0.0008973329582280592
 0.0009744812292994033
 0.001297899913026429
 0.0008973329582280592
 0.001087715042591709
 0.003078020049719648
 0.001087715042591709
 0.000895198720389096
 0.001297899913026429
 0.003078020049719648
 0.0008973329582280592
 0.0009744812292994033
 0.001297899913026429
 0.001350310334565957
 0.001087715042591709
 0.003078020049719648
 0.001273033411399513
 0.001087715042591709
 0.001297899913026429
 0.003078020049719648
 0.0008973329582280592
 0.0009744812292994033
 0.001297899913026429
 0.001350310334565957
 0.001087715042591709
 0.003078020049719648
 0.001087715042591709
 0.001087715042591709
 0.001297899913026429
 0.003078020049719648
 0.001107371307722778
 0.0009744812292994033
 0.001297899913026429
 0.0008973329582280592
 0.001087715042591709
 0.003078020049719648
 0.001087715042591709
 0.001087715042591709
 0.001297899913026429
 0.003078020049719648
 0.0008973329582280592
 0.0009744812292994033
 0.001422509939185851
 0.0008973329582280592
 0
 0.003078020049719648
 0.001087715042591709
 0.001087715042591709
 0.001297899913026429
 0.003078020049719648
 0.0008973329582280592
 0
 0.001422509939185851
 0.001273033411399513
 0
 0
 0.001087715042591709
 0.000895198720389096
 0.001297899913026429
 0.003078020049719648
 0.001273033411399513
 0
 0.001422509939185851
 0.0008973329582280592
 0
 0
 0.001087715042591709
 0.0008973329582280592
 0
 0.003078020049719648
 0.0008973329582280592
 0
 0.001422509939185851
 0.003078020049719648
 0
 0
 0.001087715042591709
 0.0008973329582280592
 0
 0
 0.001087715042591709
 0
 0.003078020049719648
 0.003078020049719648
 0
 0
 0
 0.0008973329582280592
 0
 0
 0.0008973329582280592
 0
 0.003078020049719648
 0.001107371307722778
 0
 0
 0
 0.0008973329582280592
 0
 0
 0.0008973329582280592
 0
 0.003078020049719648
 0.0008973329582280592
 0
 0
 0
 0.001087715042591709
 0
 0
 0.0008973329582280592
 0
 0.003078020049719648
 0.0008973329582280592
 0
 0
 0
 0.001087715042591709
 0
 0
 0.0008973329582280592
 0
 0.003078020049719648
 0.0008973329582280592
 0
 0
 0
 0.0008973329582280592
 0
 0
 0.001273033411399513
 0
 0.003078020049719648
 0.0008973329582280592
 0
 0
 0
 0.0008973329582280592
 0
 0
 0.001273033411399513
 0
 0.003078020049719648
 0
 0
 0
 0
 0.001087715042591709
 0
 0
 0.001273033411399513
 0
 0
 0
 0
 0
 0
 0.001350310334565957
 0
 0
 0.0008973329582280592
 0
 0
 0
 0
 0
 0
 0.001350310334565957
 0
 0
 0.0008973329582280592
 0
 0
 0
 0
 0
 0
 0.001350310334565957
 0
 0
 0.0008973329582280592
 0
 0
 0
 0
 0
 0
 0.001350310334565957
 0
 0
 0.0008973329582280592
 0
 0
 0
 0
 0
 0
 0.001350310334565957
 0
 0
 0
 0
 0
 0
 0
 0
 0
 0.001087715042591709
 0
 0
 0
 0
 0
 0
 0
 0
 0
 0.001087715042591709
 0
 0
 0
 0
 0
 0
 0
 0
 0
 0
 0
 0
 0
 0
 0
 0
 0
 0
 0
