# Created by Octave 3.2.4, Tue Feb 05 08:37:16 2013 EST <rbom@zaphod>
# name: small_First_Fit
# type: matrix
# ndims: 3
 1 10 30
 3.352943576240383e-14
 8.695432864970074e-11
 6.479667957729116e-13
 4.415210833750877e-09
 1.165936259023093e-11
 2.093712077257633e-10
 5.845246856087448e-13
 5.465672880500113e-13
 4.297951474373475e-14
 3.693808001046766e-12
 1.887027487614357e-09
 5.496443523067213e-08
 3.204986500192648e-06
 8.51400702131602e-06
 6.378127882798688e-09
 1.117574005107945e-07
 3.213547568545849e-08
 2.561657770131457e-09
 1.420097230344598e-05
 5.005196986116685e-10
 8.688922269934106e-07
 4.378316214148469e-05
 0.0001012673123959701
 0.0005848566203998886
 5.64922867097715e-07
 3.265032175161733e-05
 7.404254838484213e-06
 3.215894820511786e-07
 0.0001843000061490011
 8.239944107251092e-08
 0.000120682081175391
 0.001535196265251075
 0.0006922169532208225
 0.002803967588384225
 2.800178269461137e-05
 0.0003125368815398743
 0.001495814895761034
 1.306606813005074e-05
 0.0007600286463847376
 4.280782743178266e-05
 0.002553542838195486
 0.001535196265251075
 0.0007810537736914451
 0.002803967588384225
 0.0005433781198471252
 0.001859602608944129
 0.008272052099184225
 0.0003553987078262815
 0.001405691387509981
 0.0004693774989766785
 0.002553542838195486
 0.001535196265251075
 0.004473677502345562
 0.002803967588384225
 0.00212674507268046
 0.005141244669233936
 0.008272052099184225
 0.001495814895761034
 0.002803967588384225
 0.0004693774989766785
 0.002553542838195486
 0.001535196265251075
 0.004473677502345562
 0.002803967588384225
 0.00212674507268046
 0.005141244669233936
 0.008272052099184225
 0.004798081849335892
 0.002803967588384225
 0.000915687713277577
 0.002553542838195486
 0.001859602608944129
 0.004473677502345562
 0.002803967588384225
 0.00212674507268046
 0.008272052099184225
 0.008272052099184225
 0.008272052099184225
 0.002803967588384225
 0.002549017348690228
 0.002553542838195486
 0.001535196265251075
 0.004473677502345562
 0.004473677502345562
 0.006015289048513463
 0.008272052099184225
 0.008272052099184225
 0.008272052099184225
 0.002803967588384225
 0.002549017348690228
 0.002553542838195486
 0.001535196265251075
 0.008272052099184225
 0.002803967588384225
 0.006015289048513463
 0.008272052099184225
 0.008272052099184225
 0.008272052099184225
 0.002803967588384225
 0.002549017348690228
 0.004798081849335892
 0.001535196265251075
 0.008272052099184225
 0.002803967588384225
 0.006015289048513463
 0.008272052099184225
 0.008272052099184225
 0.008272052099184225
 0.00497547127109643
 0.002549017348690228
 0.006015289048513463
 0.00497547127109643
 0.008272052099184225
 0.004473677502345562
 0.006015289048513463
 0.008272052099184225
 0
 0.008272052099184225
 0.00497547127109643
 0.002549017348690228
 0.006015289048513463
 0.001535196265251075
 0.008272052099184225
 0.004473677502345562
 0.006015289048513463
 0.008272052099184225
 0
 0.008272052099184225
 0.00497547127109643
 0.002549017348690228
 0.006015289048513463
 0.001535196265251075
 0.008272052099184225
 0.004473677502345562
 0.006015289048513463
 0.008272052099184225
 0
 0.008272052099184225
 0.00497547127109643
 0.002549017348690228
 0.006015289048513463
 0.001535196265251075
 0.008272052099184225
 0.004473677502345562
 0.004798081849335892
 0
 0
 0
 0.00497547127109643
 0
 0.006015289048513463
 0.001535196265251075
 0.008272052099184225
 0.004473677502345562
 0
 0
 0
 0
 0.006015289048513463
 0
 0.006015289048513463
 0.001535196265251075
 0
 0.002803967588384225
 0
 0
 0
 0
 0.00497547127109643
 0
 0.006015289048513463
 0.001535196265251075
 0
 0.004473677502345562
 0
 0
 0
 0
 0.00497547127109643
 0
 0
 0
 0
 0.002803967588384225
 0
 0
 0
 0
 0.00497547127109643
 0
 0
 0
 0
 0.002803967588384225
 0
 0
 0
 0
 0.00497547127109643
 0
 0
 0
 0
 0.002803967588384225
 0
 0
 0
 0
 0.00497547127109643
 0
 0
 0
 0
 0.002803967588384225
 0
 0
 0
 0
 0.00497547127109643
 0
 0
 0
 0
 0.002803967588384225
 0
 0
 0
 0
 0
 0
 0
 0
 0
 0.002803967588384225
 0
 0
 0
 0
 0
 0
 0
 0
 0
 0
 0
 0
 0
 0
 0
 0
 0
 0
 0
 0
 0
 0
 0
 0
 0
 0
 0
 0
 0
 0
 0
 0
 0
 0
 0
 0
 0
 0
 0
 0
 0
 0
 0
 0
 0
 0
 0
 0
 0
 0
 0
 0
 0
 0
 0
 0
 0
 0
 0
 0
 0
 0
 0
 0
 0
 0
