# Created by Octave 3.2.4, Wed Feb 06 02:47:29 2013 EST <rbom@zaphod>
# name: small_First_Fit
# type: matrix
# ndims: 3
 1 10 30
 1.626436935062465e-11
 6.980232841238744e-13
 7.861674064004851e-07
 1.763152586275698e-15
 1.21092583545694e-12
 7.691926276903887e-11
 3.324896584017148e-08
 6.770586301774487e-15
 5.950180328976099e-14
 4.723719579317456e-12
 9.044251090186019e-08
 1.80450819359215e-09
 5.478330751110874e-05
 2.613530695249625e-09
 2.445628672932521e-08
 6.927603714577453e-07
 3.338366073612908e-05
 1.277585427861681e-08
 6.631355933447504e-09
 2.116132100674365e-08
 2.515358470143875e-06
 6.585855106568518e-06
 0.0008482066212440742
 1.296709567371269e-05
 8.205366514204132e-05
 3.641825404400978e-05
 0.001558987988988554
 1.680815680344315e-05
 7.512899417027763e-07
 6.371102013029609e-07
 0.006978819777870378
 0.000831130183787839
 0.005008065006369263
 0.0007550589512398157
 0.00251016529139827
 0.000994116191070118
 0.001582154193922117
 0.0009115056314492623
 3.539561027453215e-05
 2.106809999293689e-05
 0.008439199029339834
 0.0149888294007623
 0.005008065006369263
 0.0149888294007623
 0.00251016529139827
 0.005414979212069309
 0.008439199029339834
 0.03621451019298397
 0.0002091447778224496
 0.0008605283281294724
 0.008439199029339834
 0.02132033905728103
 0.01525816520864572
 0.0149888294007623
 0.005414979212069309
 0.01459899712926242
 0.03621451019298397
 0.03621451019298397
 0.001558987988988554
 0.001841257499306564
 0.01010880076005762
 0.02132033905728103
 0.01525816520864572
 0.01525816520864572
 0.005414979212069309
 0.01459899712926242
 0.03621451019298397
 0.03621451019298397
 0.001558987988988554
 0.0008605283281294724
 0.03621451019298397
 0.02132033905728103
 0.03621451019298397
 0.02132033905728103
 0.005414979212069309
 0.01525816520864572
 0.03621451019298397
 0.03621451019298397
 0.002650642654253927
 0.001841257499306564
 0.03621451019298397
 0.03621451019298397
 0.01525816520864572
 0.01525816520864572
 0.005414979212069309
 0.01525816520864572
 0.03621451019298397
 0.03621451019298397
 0.01052438118529508
 0.001841257499306564
 0.01010880076005762
 0.03621451019298397
 0.01525816520864572
 0.02132033905728103
 0.01459899712926242
 0.01525816520864572
 0.03621451019298397
 0.03621451019298397
 0.03621451019298397
 0.00251016529139827
 0.008439199029339834
 0.02132033905728103
 0.01525816520864572
 0.02132033905728103
 0.02132033905728103
 0.01459899712926242
 0.03621451019298397
 0.03621451019298397
 0.03621451019298397
 0.005008065006369263
 0.008439199029339834
 0.03621451019298397
 0.01525816520864572
 0.02132033905728103
 0.01525816520864572
 0.01525816520864572
 0.03621451019298397
 0
 0.03621451019298397
 0.005008065006369263
 0.01010880076005762
 0.03621451019298397
 0.01525816520864572
 0.02132033905728103
 0.01525816520864572
 0.03621451019298397
 0
 0
 0.03621451019298397
 0.005008065006369263
 0.03621451019298397
 0.03621451019298397
 0.01525816520864572
 0.02132033905728103
 0.03621451019298397
 0.03621451019298397
 0
 0
 0.03621451019298397
 0.01459899712926242
 0.03621451019298397
 0.03621451019298397
 0
 0.02132033905728103
 0.03621451019298397
 0.03621451019298397
 0
 0
 0.03621451019298397
 0.01459899712926242
 0.03621451019298397
 0.03621451019298397
 0
 0.03621451019298397
 0.01525816520864572
 0.03621451019298397
 0
 0
 0.03621451019298397
 0.01525816520864572
 0.03621451019298397
 0.03621451019298397
 0
 0.03621451019298397
 0.01525816520864572
 0.03621451019298397
 0
 0
 0
 0.01459899712926242
 0.03621451019298397
 0.03621451019298397
 0
 0.03621451019298397
 0.03621451019298397
 0.03621451019298397
 0
 0
 0
 0.01459899712926242
 0.03621451019298397
 0
 0
 0.03621451019298397
 0.03621451019298397
 0.03621451019298397
 0
 0
 0
 0.01459899712926242
 0.03621451019298397
 0
 0
 0.03621451019298397
 0.03621451019298397
 0
 0
 0
 0
 0.01525816520864572
 0
 0
 0
 0.03621451019298397
 0.03621451019298397
 0
 0
 0
 0
 0.01525816520864572
 0
 0
 0
 0.03621451019298397
 0.03621451019298397
 0
 0
 0
 0
 0.01525816520864572
 0
 0
 0
 0
 0.03621451019298397
 0
 0
 0
 0
 0.01525816520864572
 0
 0
 0
 0
 0.03621451019298397
 0
 0
 0
 0
 0.01525816520864572
 0
 0
 0
 0
 0
 0
 0
 0
 0
 0.01525816520864572
 0
 0
 0
 0
 0
 0
 0
 0
 0
 0.03621451019298397
 0
 0
 0
 0
 0
 0
 0
 0
 0
 0.01525816520864572
 0
 0
 0
 0
 0
 0
 0
 0
 0
 0.01525816520864572
 0
 0
 0
 0
 0
 0
 0
 0
 0
 0.01525816520864572
 0
 0
 0
 0
 0
 0
 0
 0
 0
 0.01525816520864572
