# Created by Octave 3.2.4, Mon Feb 04 05:51:21 2013 EST <rbom@zaphod>
# name: small_First_Fit
# type: matrix
# ndims: 3
 1 10 30
 5.267016613588934e-19
 1.528691254386087e-14
 8.565622268177839e-19
 3.022778901691188e-15
 6.783029869970513e-21
 1.087209752745922e-17
 1.124437091816701e-16
 1.213950082851234e-17
 4.101802209111293e-17
 7.895888676225004e-19
 3.334247986571776e-10
 2.195874798776532e-08
 1.379835122042935e-12
 7.670002512010694e-13
 9.854563350034856e-14
 1.868626823907035e-14
 5.528120231022506e-13
 8.88559036026163e-15
 2.64884003285442e-12
 5.575254433255855e-08
 2.132531246179463e-06
 1.378029201224079e-05
 5.949694326305281e-07
 1.039566606250471e-07
 4.120500249655114e-11
 3.32166274887393e-11
 1.258817321053968e-09
 2.848204919273818e-10
 4.717320068823468e-09
 4.657092057225758e-05
 0.000524026284020029
 1.378029201224079e-05
 6.706443923306324e-05
 2.992068277135203e-05
 7.143147730994654e-08
 6.011932271736291e-08
 9.039253982426368e-07
 1.30015794128123e-06
 5.535063432807266e-06
 4.657092057225758e-05
 0.002509098535739555
 0.000524026284020029
 0.003977798000370043
 0.002509098535739555
 1.482727953615242e-05
 4.334954374571203e-05
 3.639317164834554e-05
 3.527389405352324e-05
 0.002509098535739555
 4.657092057225758e-05
 0.002509098535739555
 0.002509098535739555
 0.003977798000370043
 0.002509098535739555
 0.0006017801344763877
 0.002509098535739555
 3.639317164834554e-05
 0.000524026284020029
 0.002509098535739555
 6.936671829082001e-05
 0.002509098535739555
 0.002509098535739555
 0.003977798000370043
 0.002509098535739555
 0.0006017801344763877
 0.002509098535739555
 3.639317164834554e-05
 0.000524026284020029
 0.002509098535739555
 6.936671829082001e-05
 0.002509098535739555
 0.002509098535739555
 0.003977798000370043
 0.002509098535739555
 0.003977798000370043
 0.002509098535739555
 3.639317164834554e-05
 0.002509098535739555
 0.002509098535739555
 4.657092057225758e-05
 0.002509098535739555
 0.002509098535739555
 0.003977798000370043
 0.002509098535739555
 0.003977798000370043
 0.002509098535739555
 3.639317164834554e-05
 0.002509098535739555
 0.002509098535739555
 4.657092057225758e-05
 0.002509098535739555
 0.002509098535739555
 0.003977798000370043
 0.002509098535739555
 0.003977798000370043
 0.002509098535739555
 4.473034703772138e-05
 0.002509098535739555
 0.002509098535739555
 4.657092057225758e-05
 0.002509098535739555
 0.002509098535739555
 0.003977798000370043
 0.002509098535739555
 0.003977798000370043
 0.002509098535739555
 0.0003026873800498098
 0.003977798000370043
 0.002509098535739555
 0.0003026873800498098
 0.002509098535739555
 0.002509098535739555
 0.003977798000370043
 0.002509098535739555
 0.003977798000370043
 0.002509098535739555
 0.0003026873800498098
 0.002509098535739555
 0.002509098535739555
 0.0003026873800498098
 0.002509098535739555
 0.002509098535739555
 0.003977798000370043
 0.002509098535739555
 0.003977798000370043
 0.002509098535739555
 0.0003026873800498098
 0.002509098535739555
 0.002509098535739555
 0.0003026873800498098
 0.002509098535739555
 0.002509098535739555
 0.003977798000370043
 0.002509098535739555
 0.003977798000370043
 0.002509098535739555
 0.0003026873800498098
 0.002509098535739555
 0.002509098535739555
 0.0003026873800498098
 0.002509098535739555
 0.002509098535739555
 0.003977798000370043
 0.002509098535739555
 0.003977798000370043
 0.002509098535739555
 0.0006017801344763877
 0.002509098535739555
 0.002509098535739555
 0.0003026873800498098
 0.003977798000370043
 0.002509098535739555
 0.003977798000370043
 0.002509098535739555
 0.003977798000370043
 0.002509098535739555
 0.002509098535739555
 0.002509098535739555
 0.002509098535739555
 0.0003026873800498098
 0.002509098535739555
 0.002509098535739555
 0.003977798000370043
 0.003977798000370043
 0.003977798000370043
 0.002509098535739555
 0.002509098535739555
 0.002509098535739555
 0.002509098535739555
 0.0003026873800498098
 0.002509098535739555
 0.002509098535739555
 0.003977798000370043
 0.003977798000370043
 0.003977798000370043
 0.002509098535739555
 0.002509098535739555
 0.002509098535739555
 0.002509098535739555
 0.0003026873800498098
 0.002509098535739555
 0.002509098535739555
 0.003977798000370043
 0.003977798000370043
 0.003977798000370043
 0.002509098535739555
 0.002509098535739555
 0.002509098535739555
 0.002509098535739555
 0.0003026873800498098
 0.002509098535739555
 0.002509098535739555
 0.003977798000370043
 0.002509098535739555
 0.003977798000370043
 0.002509098535739555
 0.002509098535739555
 0.002509098535739555
 0.002509098535739555
 0.0003026873800498098
 0.002509098535739555
 0.002509098535739555
 0.003977798000370043
 0.002509098535739555
 0.003977798000370043
 0.002509098535739555
 0.002509098535739555
 0.002509098535739555
 0.002509098535739555
 0.0003026873800498098
 0.002509098535739555
 0.002509098535739555
 0.003977798000370043
 0.002509098535739555
 0.003977798000370043
 0.002509098535739555
 0.002509098535739555
 0.002509098535739555
 0.002509098535739555
 0.0003026873800498098
 0.002509098535739555
 0.002509098535739555
 0.003977798000370043
 0.002509098535739555
 0.003977798000370043
 0.002509098535739555
 0.002509098535739555
 0.002509098535739555
 0.002509098535739555
 0.0003026873800498098
 0.002509098535739555
 0.002509098535739555
 0.003977798000370043
 0.002509098535739555
 0.003977798000370043
 0.002509098535739555
 0.002509098535739555
 0.002509098535739555
 0.002509098535739555
 0.0003026873800498098
 0.002509098535739555
 0.002509098535739555
 0.003977798000370043
 0.003977798000370043
 0.003977798000370043
 0.002509098535739555
 0.002509098535739555
 0.002509098535739555
 0.002509098535739555
 0.0003026873800498098
 0.002509098535739555
 0.002509098535739555
 0.003977798000370043
 0.003977798000370043
 0.003977798000370043
 0.002509098535739555
 0.002509098535739555
 0.002509098535739555
 0.002509098535739555
 0.0006017801344763877
 0.002509098535739555
 0.002509098535739555
 0.003977798000370043
 0.003977798000370043
 0.003977798000370043
 0.002509098535739555
 0.002509098535739555
 0.002509098535739555
 0.002509098535739555
 0.0006017801344763877
 0.002509098535739555
 0.002509098535739555
 0.003977798000370043
 0.002509098535739555
 0.003977798000370043
 0.002509098535739555
 0.002509098535739555
 0.002509098535739555
 0.002509098535739555
 0.0003026873800498098
 0.002509098535739555
 0.002509098535739555
 0.003977798000370043
 0.002509098535739555
 0.003977798000370043
 0.002509098535739555
 0.002509098535739555
 0.002509098535739555
 0.002509098535739555
 0.0003026873800498098
 0.002509098535739555
 0.002509098535739555
 0.003977798000370043
 0.002509098535739555
 0.003977798000370043
 0.002509098535739555
 0.002509098535739555
 0.002509098535739555
 0.002509098535739555
 0.0003026873800498098
