# Created by Octave 3.2.4, Thu Feb 07 08:49:11 2013 EST <rbom@zaphod>
# name: small_First_Fit
# type: matrix
# ndims: 3
 1 10 30
 1.157238696584609e-07
 1.720943309188817e-08
 6.171143332103229e-11
 2.56398938454586e-10
 4.465707540012942e-08
 2.185645821816248e-07
 1.463382410371173e-05
 8.205322379461637e-07
 2.829949640145751e-09
 8.079324596905107e-05
 8.313891569357138e-06
 6.059115995524558e-06
 2.654299865828521e-08
 1.668177879802912e-06
 9.868105528732214e-06
 0.002076144643891947
 0.0004611841774081649
 5.893017768392817e-05
 7.449808480580293e-07
 0.004454756396192955
 0.0003654693509264427
 0.0002405842546272562
 2.541200801400226e-05
 0.0006451355988034264
 0.0003523831784528671
 0.008233172314368426
 0.008570225220584236
 0.00089509790452347
 0.0001152650638974596
 0.01291921101368032
 0.006418449912024636
 0.01179346432439441
 0.0007599623123860069
 0.01709041795976459
 0.008159815297996786
 0.008233172314368426
 0.07518830172584633
 0.001996955140484177
 0.005352036427368841
 0.03831828247089069
 0.07518830172584633
 0.01179346432439441
 0.00470320467246221
 0.05848911735350083
 0.07518830172584633
 0.05797865897288038
 0.07518830172584633
 0.00693829712807005
 0.04359626179106848
 0.03831828247089069
 0.07518830172584633
 0.01179346432439441
 0.00713986667806332
 0.05848911735350083
 0.07518830172584633
 0.05797865897288038
 0.07518830172584633
 0.01443162321463293
 0.04731430078464482
 0.03831828247089069
 0.07518830172584633
 0.04359626179106848
 0.0213867218602596
 0.1092265879933113
 0.07518830172584633
 0.05797865897288038
 0.07518830172584633
 0.01443162321463293
 0.04731430078464482
 0.04965307803921742
 0.07518830172584633
 0.04359626179106848
 0.05082621082933817
 0.1092265879933113
 0.07518830172584633
 0.05797865897288038
 0.07518830172584633
 0.03827094005225792
 0.07518830172584633
 0.05848911735350083
 0.07518830172584633
 0.07518830172584633
 0.07518830172584633
 0.1092265879933113
 0.07518830172584633
 0.05797865897288038
 0.07518830172584633
 0.07518830172584633
 0.1092265879933113
 0.102203857708744
 0.07518830172584633
 0.07518830172584633
 0.07518830172584633
 0.1092265879933113
 0.1092265879933113
 0.05797865897288038
 0.07518830172584633
 0.1092265879933113
 0.1092265879933113
 0.05797865897288038
 0.07518830172584633
 0.05797865897288038
 0.07518830172584633
 0.1092265879933113
 0.1092265879933113
 0.05797865897288038
 0
 0.1092265879933113
 0.1092265879933113
 0.06976681409136706
 0
 0.04359626179106848
 0.07518830172584633
 0.1092265879933113
 0.07518830172584633
 0
 0
 0.1092265879933113
 0.1092265879933113
 0.06976681409136706
 0
 0.05797865897288038
 0.07518830172584633
 0.1092265879933113
 0.07518830172584633
 0
 0
 0.1092265879933113
 0.1092265879933113
 0.102203857708744
 0
 0.04359626179106848
 0.1092265879933113
 0
 0.102203857708744
 0
 0
 0.1092265879933113
 0.1092265879933113
 0.102203857708744
 0
 0.04359626179106848
 0.1092265879933113
 0
 0.102203857708744
 0
 0
 0.1092265879933113
 0.1092265879933113
 0.102203857708744
 0
 0.05797865897288038
 0.07518830172584633
 0
 0.1092265879933113
 0
 0
 0.1092265879933113
 0
 0.1092265879933113
 0
 0.07518830172584633
 0.07518830172584633
 0
 0.1092265879933113
 0
 0
 0
 0
 0.1092265879933113
 0
 0.05797865897288038
 0.07518830172584633
 0
 0.1092265879933113
 0
 0
 0
 0
 0.1092265879933113
 0
 0.05797865897288038
 0.07518830172584633
 0
 0.07518830172584633
 0
 0
 0
 0
 0.1092265879933113
 0
 0.07518830172584633
 0.07518830172584633
 0
 0.07518830172584633
 0
 0
 0
 0
 0.102203857708744
 0
 0.07518830172584633
 0
 0
 0.07518830172584633
 0
 0
 0
 0
 0.102203857708744
 0
 0.07518830172584633
 0
 0
 0.07518830172584633
 0
 0
 0
 0
 0.102203857708744
 0
 0.07518830172584633
 0
 0
 0
 0
 0
 0
 0
 0
 0
 0.07518830172584633
 0
 0
 0
 0
 0
 0
 0
 0
 0
 0.07518830172584633
 0
 0
 0
 0
 0
 0
 0
 0
 0
 0.07518830172584633
 0
 0
 0
 0
 0
 0
 0
 0
 0
 0
 0
 0
 0
 0
 0
 0
 0
 0
 0
 0
 0
 0
 0
 0
 0
 0
 0
 0
 0
 0
 0
 0
 0
 0
 0
 0
 0
 0
 0
 0
 0
 0
 0
 0
 0
 0
 0
 0
