# Created by Octave 3.2.4, Mon Feb 04 00:07:23 2013 EST <rbom@zaphod>
# name: small_First_Fit
# type: matrix
# ndims: 3
 1 10 30
 4.863452965259773e-13
 1.365803806065839e-17
 5.226519278728513e-18
 1.467587087591932e-15
 7.420561295922193e-15
 2.077718603330606e-10
 3.997595250908205e-17
 1.511173128040735e-09
 9.96057519494956e-16
 3.902130945366772e-20
 4.371093733501555e-09
 4.44673562214568e-10
 7.810740080728998e-12
 1.636176512350309e-10
 1.297629525628156e-10
 1.512974120638393e-07
 3.695666439260545e-13
 8.677699037216104e-07
 4.04660030266745e-10
 2.43246049190233e-13
 2.384225708040874e-06
 1.376468622546009e-06
 2.384225708040874e-06
 4.485840965419798e-08
 1.349863709378528e-07
 1.858510844075195e-05
 6.045393833584602e-07
 0.002067051063938125
 1.065724775984516e-07
 1.495163036226595e-08
 0.002946163399145814
 0.0001181858194106995
 0.0001078377845035584
 2.734224296599261e-06
 3.690066204624836e-05
 0.001701008171893714
 5.610763541648389e-05
 0.01923458965452591
 9.393698646356134e-07
 8.196001021727158e-07
 0.002946163399145814
 0.001143428991154893
 0.0001078377845035584
 0.0001252656714157816
 3.690066204624836e-05
 0.02783916000868132
 0.002067051063938125
 0.01923458965452591
 9.797707016334401e-07
 1.5898989128566e-05
 0.002946163399145814
 0.01923458965452591
 0.002946163399145814
 0.0001252656714157816
 3.690066204624836e-05
 0.02783916000868132
 0.02783916000868132
 0.01923458965452591
 2.979800516849609e-05
 0.002785719661890531
 0.002946163399145814
 0.01923458965452591
 0.002946163399145814
 0.002785719661890531
 0.0003233354392398147
 0.02783916000868132
 0.02783916000868132
 0.01923458965452591
 0.001701008171893714
 0.002785719661890531
 0.002946163399145814
 0.01923458965452591
 0.002946163399145814
 0.002785719661890531
 0.0003233354392398147
 0.02783916000868132
 0.02783916000868132
 0.01923458965452591
 0.02783916000868132
 0.002785719661890531
 0.002946163399145814
 0.01923458965452591
 0.002946163399145814
 0.002785719661890531
 0.0004094790527236031
 0.02783916000868132
 0.02783916000868132
 0.01923458965452591
 0.02783916000868132
 0.002785719661890531
 0.002946163399145814
 0.01923458965452591
 0.002946163399145814
 0.002785719661890531
 0.0003233354392398147
 0.02783916000868132
 0.02783916000868132
 0.01923458965452591
 0.02783916000868132
 0.002785719661890531
 0.002946163399145814
 0.01923458965452591
 0.01923458965452591
 0.002785719661890531
 0.0004094790527236031
 0.02783916000868132
 0.02783916000868132
 0.01923458965452591
 0.02783916000868132
 0.002785719661890531
 0.002946163399145814
 0.01923458965452591
 0.01923458965452591
 0.002785719661890531
 0.0004094790527236031
 0.02783916000868132
 0.02783916000868132
 0.01923458965452591
 0.02783916000868132
 0.002785719661890531
 0.002946163399145814
 0.01923458965452591
 0.01923458965452591
 0.002785719661890531
 0.0004094790527236031
 0.02783916000868132
 0.02783916000868132
 0.01923458965452591
 0.02783916000868132
 0.002785719661890531
 0.02783916000868132
 0.01923458965452591
 0.01923458965452591
 0.002785719661890531
 0.0004094790527236031
 0.02783916000868132
 0.02783916000868132
 0.01923458965452591
 0.02783916000868132
 0.002785719661890531
 0.02783916000868132
 0.01923458965452591
 0.01923458965452591
 0.002785719661890531
 0.02783916000868132
 0.02783916000868132
 0.02783916000868132
 0.01923458965452591
 0.02783916000868132
 0.002785719661890531
 0.02783916000868132
 0.01923458965452591
 0.01923458965452591
 0.002785719661890531
 0.02783916000868132
 0.02783916000868132
 0.02783916000868132
 0.01923458965452591
 0.02783916000868132
 0.002785719661890531
 0.02783916000868132
 0.01923458965452591
 0.01923458965452591
 0.002785719661890531
 0.02783916000868132
 0.02783916000868132
 0.02783916000868132
 0.01923458965452591
 0.02783916000868132
 0.002785719661890531
 0.02783916000868132
 0.01923458965452591
 0.02783916000868132
 0.002785719661890531
 0.02783916000868132
 0.02783916000868132
 0.02783916000868132
 0.01923458965452591
 0.02783916000868132
 0.002785719661890531
 0.02783916000868132
 0.01923458965452591
 0.02783916000868132
 0.02783916000868132
 0.02783916000868132
 0.02783916000868132
 0.02783916000868132
 0.01923458965452591
 0.02783916000868132
 0.002785719661890531
 0.02783916000868132
 0.01923458965452591
 0.01923458965452591
 0.002785719661890531
 0.02783916000868132
 0.02783916000868132
 0.02783916000868132
 0.01923458965452591
 0.02783916000868132
 0.002785719661890531
 0.02783916000868132
 0.01923458965452591
 0.01923458965452591
 0.002785719661890531
 0.02783916000868132
 0.02783916000868132
 0.02783916000868132
 0.01923458965452591
 0.02783916000868132
 0.002785719661890531
 0.02783916000868132
 0.02783916000868132
 0.01923458965452591
 0.002785719661890531
 0.02783916000868132
 0.02783916000868132
 0.02783916000868132
 0.01923458965452591
 0.02783916000868132
 0.002785719661890531
 0.02783916000868132
 0.01923458965452591
 0.01923458965452591
 0.002785719661890531
 0.02783916000868132
 0.02783916000868132
 0.02783916000868132
 0.01923458965452591
 0.02783916000868132
 0.01923458965452591
 0.02783916000868132
 0.01923458965452591
 0.01923458965452591
 0.002785719661890531
 0.02783916000868132
 0.02783916000868132
 0.02783916000868132
 0.01923458965452591
 0.02783916000868132
 0.01923458965452591
 0.02783916000868132
 0.01923458965452591
 0.01923458965452591
 0.01923458965452591
 0.02783916000868132
 0.02783916000868132
 0.02783916000868132
 0.01923458965452591
 0.02783916000868132
 0.01923458965452591
 0.02783916000868132
 0.02783916000868132
 0.01923458965452591
 0.01923458965452591
 0.02783916000868132
 0.02783916000868132
 0.02783916000868132
 0.02783916000868132
 0.02783916000868132
 0.01923458965452591
 0.02783916000868132
 0.02783916000868132
 0.01923458965452591
 0.01923458965452591
 0.02783916000868132
 0.02783916000868132
 0.02783916000868132
 0.02783916000868132
 0.02783916000868132
 0.01923458965452591
 0.02783916000868132
 0.01923458965452591
 0.01923458965452591
 0.01923458965452591
 0.02783916000868132
 0.02783916000868132
 0.02783916000868132
 0.02783916000868132
 0.02783916000868132
 0.01923458965452591
 0.02783916000868132
 0.01923458965452591
 0.01923458965452591
 0.01923458965452591
 0.02783916000868132
 0.02783916000868132
 0.02783916000868132
 0.02783916000868132
 0.02783916000868132
 0.01923458965452591
 0.02783916000868132
 0.01923458965452591
 0.01923458965452591
 0.01923458965452591
 0.02783916000868132
 0.02783916000868132
 0.02783916000868132
 0.02783916000868132
 0.02783916000868132
 0.01923458965452591
