# Created by Octave 3.2.4, Mon Feb 04 04:30:15 2013 EST <rbom@zaphod>
# name: small_First_Fit
# type: matrix
# ndims: 3
 1 10 30
 7.10010669471386e-10
 2.470946654988016e-15
 1.658271615328688e-11
 3.083909941470308e-13
 4.05487286800358e-15
 4.109184951857469e-12
 1.482227164083129e-15
 7.303354173630424e-13
 1.757425493922942e-17
 1.291830579831162e-10
 2.883971087928206e-07
 2.942796866447334e-11
 2.758342801917581e-09
 7.728724276807236e-10
 3.027286717866097e-11
 3.106899425236935e-07
 2.185193658609186e-10
 2.560510233929961e-10
 1.916235776804563e-12
 2.492817673560384e-08
 7.908108399704792e-05
 5.306845225642448e-07
 7.040286712488879e-08
 1.160981549697497e-06
 4.035957835398777e-08
 0.0001356294116765935
 1.00741670486595e-05
 3.145007137086479e-07
 2.698242069687349e-08
 4.175215250696637e-06
 0.002768884614814403
 0.0001074018754962298
 1.136987878164434e-05
 2.771224025740733e-05
 1.103189338696988e-05
 0.01984733352951378
 0.0003602457528623941
 4.567726627362972e-05
 4.750834620781079e-06
 0.0001113382716498854
 0.01507225996616151
 0.002873877246203042
 0.0005758034660332036
 0.0004613874377451145
 0.000778760756371801
 0.04533653508572302
 0.003489069478409224
 0.001467517884985417
 0.0007101925816728104
 0.002785887967156299
 0.01507225996616151
 0.002873877246203042
 0.005614661977200431
 0.005614661977200431
 0.00172063519695406
 0.04533653508572302
 0.00564837897123426
 0.04533653508572302
 0.01507225996616151
 0.01984733352951378
 0.01507225996616151
 0.005614661977200431
 0.005614661977200431
 0.005614661977200431
 0.00172063519695406
 0.04533653508572302
 0.04533653508572302
 0.04533653508572302
 0.01507225996616151
 0.01984733352951378
 0.01507225996616151
 0.002873877246203042
 0.005614661977200431
 0.005614661977200431
 0.01507225996616151
 0.04533653508572302
 0.04533653508572302
 0.04533653508572302
 0.01507225996616151
 0.01984733352951378
 0.01507225996616151
 0.002873877246203042
 0.01984733352951378
 0.006868975010115134
 0.01507225996616151
 0.04533653508572302
 0.04533653508572302
 0.04533653508572302
 0.01507225996616151
 0.01984733352951378
 0.01507225996616151
 0.002873877246203042
 0.01984733352951378
 0.005614661977200431
 0.01507225996616151
 0.04533653508572302
 0.04533653508572302
 0.04533653508572302
 0.01507225996616151
 0.04533653508572302
 0.01507225996616151
 0.01984733352951378
 0.01984733352951378
 0.005614661977200431
 0.01507225996616151
 0.04533653508572302
 0.04533653508572302
 0.04533653508572302
 0.01507225996616151
 0.04533653508572302
 0.01507225996616151
 0.01984733352951378
 0.04533653508572302
 0.005614661977200431
 0.01507225996616151
 0.04533653508572302
 0.04533653508572302
 0.04533653508572302
 0.01507225996616151
 0.04533653508572302
 0.01507225996616151
 0.01984733352951378
 0.04533653508572302
 0.005614661977200431
 0.01507225996616151
 0.04533653508572302
 0.04533653508572302
 0.04533653508572302
 0.01507225996616151
 0.01984733352951378
 0.01507225996616151
 0.04533653508572302
 0.04533653508572302
 0.005614661977200431
 0.01507225996616151
 0.04533653508572302
 0.04533653508572302
 0.04533653508572302
 0.01507225996616151
 0.04533653508572302
 0.01507225996616151
 0.04533653508572302
 0.04533653508572302
 0.006868975010115134
 0.01507225996616151
 0.04533653508572302
 0.04533653508572302
 0.04533653508572302
 0.01507225996616151
 0.04533653508572302
 0.01507225996616151
 0.04533653508572302
 0.04533653508572302
 0.005614661977200431
 0.01507225996616151
 0.04533653508572302
 0.04533653508572302
 0.04533653508572302
 0.01507225996616151
 0.04533653508572302
 0.01507225996616151
 0.04533653508572302
 0.04533653508572302
 0.005614661977200431
 0.01507225996616151
 0.04533653508572302
 0.04533653508572302
 0.04533653508572302
 0.04533653508572302
 0.04533653508572302
 0.04533653508572302
 0.04533653508572302
 0.04533653508572302
 0.005614661977200431
 0.01507225996616151
 0.04533653508572302
 0.04533653508572302
 0.04533653508572302
 0.04533653508572302
 0.04533653508572302
 0.04533653508572302
 0.04533653508572302
 0.04533653508572302
 0.005614661977200431
 0.01507225996616151
 0.04533653508572302
 0.04533653508572302
 0.04533653508572302
 0.04533653508572302
 0.04533653508572302
 0.01507225996616151
 0.04533653508572302
 0.04533653508572302
 0.005614661977200431
 0.01507225996616151
 0.04533653508572302
 0.04533653508572302
 0.04533653508572302
 0.04533653508572302
 0.04533653508572302
 0.01507225996616151
 0.04533653508572302
 0.04533653508572302
 0.005614661977200431
 0.01507225996616151
 0.04533653508572302
 0.04533653508572302
 0.04533653508572302
 0.04533653508572302
 0.04533653508572302
 0.01507225996616151
 0.04533653508572302
 0.04533653508572302
 0.005614661977200431
 0.01507225996616151
 0.04533653508572302
 0.04533653508572302
 0.04533653508572302
 0.04533653508572302
 0.04533653508572302
 0.01507225996616151
 0.04533653508572302
 0.04533653508572302
 0.005614661977200431
 0.01507225996616151
 0.04533653508572302
 0.04533653508572302
 0.04533653508572302
 0.04533653508572302
 0.04533653508572302
 0.01507225996616151
 0.04533653508572302
 0.04533653508572302
 0.005614661977200431
 0.01507225996616151
 0.04533653508572302
 0.04533653508572302
 0.04533653508572302
 0.04533653508572302
 0.04533653508572302
 0.01507225996616151
 0.04533653508572302
 0.04533653508572302
 0.005614661977200431
 0.01507225996616151
 0.04533653508572302
 0.04533653508572302
 0.04533653508572302
 0.04533653508572302
 0.04533653508572302
 0.01507225996616151
 0.04533653508572302
 0.04533653508572302
 0.005614661977200431
 0.01507225996616151
 0.04533653508572302
 0.04533653508572302
 0.04533653508572302
 0.04533653508572302
 0.04533653508572302
 0.01507225996616151
 0.04533653508572302
 0.04533653508572302
 0.005614661977200431
 0.01507225996616151
 0.04533653508572302
 0.04533653508572302
 0.04533653508572302
 0.04533653508572302
 0.04533653508572302
 0.01507225996616151
 0.04533653508572302
 0.04533653508572302
 0.005614661977200431
 0.01507225996616151
 0.04533653508572302
 0.04533653508572302
 0.04533653508572302
 0.04533653508572302
 0.04533653508572302
 0.01507225996616151
 0.04533653508572302
 0.04533653508572302
 0.005614661977200431
 0.01507225996616151
 0.04533653508572302
 0.04533653508572302
 0.04533653508572302
 0.04533653508572302
 0.04533653508572302
 0.01507225996616151
 0.04533653508572302
 0.04533653508572302
 0.005614661977200431
 0.01507225996616151
 0.04533653508572302
 0.04533653508572302
 0.04533653508572302
 0.04533653508572302
 0.04533653508572302
