# Created by Octave 3.2.4, Wed Feb 06 22:13:04 2013 EST <rbom@zaphod>
# name: small_First_Fit
# type: matrix
# ndims: 3
 1 10 30
 1.052024263890275e-08
 1.584210988168718e-12
 1.394050015359169e-11
 1.23576366797506e-11
 9.28719680815533e-11
 3.223917271380543e-12
 6.742397755722135e-11
 3.254122308938387e-11
 5.927306677803459e-11
 7.250890338617231e-12
 1.085582000443753e-06
 1.429761786856164e-09
 1.038741655149509e-08
 4.430074737199423e-07
 4.184813595773859e-06
 1.063865247404783e-09
 2.933821121379193e-08
 2.081454774491055e-09
 3.252355109686055e-08
 3.742662636821729e-09
 8.933132407244935e-05
 1.957426454370474e-07
 3.770656914273213e-07
 0.0001765175063334904
 0.0003954216292678793
 1.187345441002822e-07
 1.675506151597538e-06
 8.906702907962794e-08
 0.001541186497093373
 3.615521126522605e-07
 0.002282413527068688
 1.668531845403002e-05
 1.115063355298272e-05
 0.000994587092292789
 0.0005546922167597184
 6.716521740163413e-06
 0.002241974199709275
 1.313682441974538e-05
 0.002451834807647689
 3.321783719998167e-05
 0.01227308518912333
 0.0002894592727936842
 0.0008079195252352143
 0.001214671650565013
 0.0007209475235816485
 2.533389957381093e-05
 0.002241974199709275
 9.409754531065414e-05
 0.002451834807647689
 0.0004897501604352238
 0.01227308518912333
 0.0004763446494870547
 0.002438555214177879
 0.01227308518912333
 0.0007209475235816485
 0.0001406492868398573
 0.002241974199709275
 0.0005004404933198242
 0.01227308518912333
 0.0008869724125356393
 0.01227308518912333
 0.002435353100807135
 0.002438555214177879
 0.01227308518912333
 0.003534321430067107
 0.000924767758603167
 0.002435353100807135
 0.001425654827552642
 0.002451834807647689
 0.0008869724125356393
 0.01227308518912333
 0.002435353100807135
 0.002438555214177879
 0.01227308518912333
 0.003534321430067107
 0.00180758506117282
 0.002241974199709275
 0.001425654827552642
 0.002451834807647689
 0.002435353100807135
 0.01227308518912333
 0.002435353100807135
 0.01227308518912333
 0.01227308518912333
 0.003534321430067107
 0.001249249827466091
 0.01227308518912333
 0.001479684764863609
 0.002451834807647689
 0.002435353100807135
 0.01227308518912333
 0.01227308518912333
 0.01227308518912333
 0.01227308518912333
 0.01227308518912333
 0.002438555214177879
 0.002451834807647689
 0.01227308518912333
 0.002451834807647689
 0.002435353100807135
 0.01227308518912333
 0.01227308518912333
 0.01227308518912333
 0.01227308518912333
 0.01227308518912333
 0.001249249827466091
 0.01227308518912333
 0.01227308518912333
 0.01227308518912333
 0.002435353100807135
 0
 0.01227308518912333
 0.01227308518912333
 0.01227308518912333
 0.01227308518912333
 0.003534321430067107
 0.002241974199709275
 0.01227308518912333
 0.01227308518912333
 0.003534321430067107
 0
 0.01227308518912333
 0.01227308518912333
 0
 0.01227308518912333
 0.003534321430067107
 0.003534321430067107
 0.01227308518912333
 0.01227308518912333
 0.003534321430067107
 0
 0.01227308518912333
 0.01227308518912333
 0
 0.01227308518912333
 0.003534321430067107
 0.00246987152424847
 0.01227308518912333
 0.01227308518912333
 0.003534321430067107
 0
 0.01227308518912333
 0.01227308518912333
 0
 0.01227308518912333
 0.003534321430067107
 0.003534321430067107
 0.01227308518912333
 0.01227308518912333
 0.003534321430067107
 0
 0.01227308518912333
 0
 0
 0.01227308518912333
 0.01227308518912333
 0.002241974199709275
 0.01227308518912333
 0.01227308518912333
 0.003534321430067107
 0
 0
 0
 0
 0
 0.003534321430067107
 0.01227308518912333
 0
 0.01227308518912333
 0.003534321430067107
 0
 0
 0
 0
 0
 0.01227308518912333
 0.01227308518912333
 0
 0
 0.003534321430067107
 0
 0
 0
 0
 0
 0.01227308518912333
 0.01227308518912333
 0
 0
 0
 0
 0
 0
 0
 0
 0.01227308518912333
 0.01227308518912333
 0
 0
 0
 0
 0
 0
 0
 0
 0.01227308518912333
 0.01227308518912333
 0
 0
 0
 0
 0
 0
 0
 0
 0.01227308518912333
 0.01227308518912333
 0
 0
 0
 0
 0
 0
 0
 0
 0.01227308518912333
 0.01227308518912333
 0
 0
 0
 0
 0
 0
 0
 0
 0.01227308518912333
 0
 0
 0
 0
 0
 0
 0
 0
 0
 0
 0
 0
 0
 0
 0
 0
 0
 0
 0
 0
 0
 0
 0
 0
 0
 0
 0
 0
 0
 0
 0
 0
 0
 0
 0
 0
 0
 0
 0
 0
 0
 0
 0
 0
 0
 0
 0
 0
 0
 0
 0
 0
 0
 0
 0
 0
 0
 0
 0
 0
 0
 0
 0
 0
