# Created by Octave 3.2.4, Wed Feb 06 03:26:18 2013 EST <rbom@zaphod>
# name: small_First_Fit
# type: matrix
# ndims: 3
 1 10 30
 3.521346604891282e-14
 1.055654620976082e-12
 1.258702144945951e-14
 2.027956937376739e-14
 5.975135941457533e-14
 1.160458831361253e-08
 1.007327187005792e-12
 3.584868340892386e-11
 1.445957945839486e-11
 2.049935271797696e-14
 1.184644689595467e-08
 1.479570706190737e-09
 7.249911083846109e-09
 5.930763228801455e-12
 2.347451200580286e-10
 5.43989488538419e-07
 1.979060504537701e-08
 6.720668870737384e-08
 1.620913856436451e-08
 6.833733124872605e-12
 1.142129296218183e-06
 1.966648057194968e-06
 6.848384392370195e-07
 5.800889484892227e-08
 1.088720526651543e-07
 1.24913944904776e-05
 9.131747461207217e-06
 2.863077047418125e-05
 4.869878886020623e-06
 1.600883207521122e-08
 2.317428015211506e-05
 8.634504618070413e-05
 2.350373527113774e-05
 3.316081650867962e-05
 7.833773357242145e-06
 0.0001984243204214271
 9.633659635239883e-05
 5.255114563255695e-05
 3.210881677930835e-05
 8.972389757213867e-06
 0.0001984243204214271
 8.634504618070413e-05
 0.0001945362152323057
 8.43325632358519e-05
 0.0002910692586296108
 0.0008737091666381177
 9.633659635239883e-05
 0.0001984243204214271
 6.735491004624608e-05
 7.263956404381401e-05
 0.0001984243204214271
 8.634504618070413e-05
 0.0005925830356083285
 0.0002550315923125587
 0.0002910692586296108
 0.001084208004978777
 0.0002550315923125587
 0.0002550315923125587
 0.0001633900164484471
 7.263956404381401e-05
 0.0008737091666381177
 0.0001787870022061203
 0.0005925830356083285
 0.0002550315923125587
 0.0008737091666381177
 0.001084208004978777
 0.0002942782206425557
 0.001770336341522324
 0.0001901653372267678
 9.778184301009259e-05
 0.001084208004978777
 0.0001787870022061203
 0.001084208004978777
 0.0002942782206425557
 0.0008737091666381177
 0.001084208004978777
 0.0002550315923125587
 0.0002942782206425557
 0.000403803798456976
 0.0001787870022061203
 0.001084208004978777
 0.0001787870022061203
 0.001770336341522324
 0.001770336341522324
 0.0008737091666381177
 0.001084208004978777
 0.0002942782206425557
 0.0002942782206425557
 0.000403803798456976
 9.778184301009259e-05
 0.001084208004978777
 0.0001787870022061203
 0.001770336341522324
 0.001770336341522324
 0.001084208004978777
 0.001084208004978777
 0.0002942782206425557
 0.000403803798456976
 0.0008737091666381177
 0.0001997500715074269
 0.001084208004978777
 0.0001787870022061203
 0.001770336341522324
 0.001770336341522324
 0.0008737091666381177
 0.001084208004978777
 0.0002942782206425557
 0.000403803798456976
 0.001084208004978777
 0.0001839658425271332
 0.001084208004978777
 0.0001787870022061203
 0.001770336341522324
 0.001770336341522324
 0.001084208004978777
 0.001084208004978777
 0.0002942782206425557
 0.001770336341522324
 0.001084208004978777
 0.0009691341322128474
 0.001084208004978777
 0.001770336341522324
 0.001770336341522324
 0.001770336341522324
 0.001084208004978777
 0
 0.0002942782206425557
 0.001770336341522324
 0.001084208004978777
 0.0009691341322128474
 0.001770336341522324
 0.001770336341522324
 0.001770336341522324
 0.001770336341522324
 0.001084208004978777
 0
 0.001770336341522324
 0.001770336341522324
 0.001084208004978777
 0.0009691341322128474
 0.001084208004978777
 0.001770336341522324
 0.001770336341522324
 0.001770336341522324
 0.001084208004978777
 0
 0.001770336341522324
 0.001770336341522324
 0.001084208004978777
 0.0009691341322128474
 0.001084208004978777
 0.001770336341522324
 0
 0
 0.001084208004978777
 0
 0.001770336341522324
 0.001770336341522324
 0.001084208004978777
 0.0009691341322128474
 0.001084208004978777
 0.001770336341522324
 0
 0
 0.001084208004978777
 0
 0.001770336341522324
 0.001770336341522324
 0.001084208004978777
 0.001770336341522324
 0.001084208004978777
 0.001770336341522324
 0
 0
 0.001084208004978777
 0
 0.001770336341522324
 0.001770336341522324
 0
 0.001770336341522324
 0.001084208004978777
 0.001770336341522324
 0
 0
 0
 0
 0.001770336341522324
 0
 0
 0.0009691341322128474
 0.001084208004978777
 0
 0
 0
 0
 0
 0.001770336341522324
 0
 0
 0.0009691341322128474
 0
 0
 0
 0
 0
 0
 0
 0
 0
 0.0009691341322128474
 0
 0
 0
 0
 0
 0
 0
 0
 0
 0.001084208004978777
 0
 0
 0
 0
 0
 0
 0
 0
 0
 0.0009714446390186443
 0
 0
 0
 0
 0
 0
 0
 0
 0
 0.0009714446390186443
 0
 0
 0
 0
 0
 0
 0
 0
 0
 0.0009691341322128474
 0
 0
 0
 0
 0
 0
 0
 0
 0
 0.0009714446390186443
 0
 0
 0
 0
 0
 0
 0
 0
 0
 0.0009714446390186443
 0
 0
 0
 0
 0
 0
 0
 0
 0
 0.001770336341522324
 0
 0
 0
 0
 0
 0
 0
 0
 0
 0.001770336341522324
 0
 0
 0
 0
 0
 0
 0
 0
 0
 0.001770336341522324
