# Created by Octave 3.2.4, Wed Feb 06 05:38:40 2013 EST <rbom@zaphod>
# name: small_First_Fit
# type: matrix
# ndims: 3
 1 10 30
 1.079589385240748e-13
 3.563407908342927e-10
 3.684703293463779e-13
 6.147868603651538e-09
 7.897635003052735e-13
 2.640763205984823e-12
 1.138208346572988e-11
 2.24433530038918e-13
 1.015413200643025e-16
 3.797874629275616e-11
 1.967677094034366e-09
 2.565360360563085e-08
 1.077995925630041e-07
 2.296464205480209e-07
 2.364313005989913e-09
 2.820552830715757e-10
 4.739555736167224e-07
 7.138826975723341e-09
 2.341763252685495e-11
 4.71351483351334e-08
 2.769241949242274e-07
 4.508876041422728e-07
 2.305947216693804e-05
 3.134552628639834e-05
 6.08345281944533e-08
 3.306152793802916e-07
 8.986688510936654e-06
 1.396544439407399e-06
 1.083528909961355e-07
 1.241541473798769e-06
 5.177849791583728e-06
 9.939811739575128e-06
 0.0002142027233561675
 0.000517396201677528
 9.08144888794486e-07
 8.29851022970475e-06
 0.0001246257745801115
 5.823556830061115e-06
 9.611155697681099e-05
 2.543911394992945e-05
 4.845857768729644e-05
 7.121101788732653e-05
 0.001539272318395946
 0.001064038412597154
 5.236107467574243e-06
 0.0004335974758106707
 0.0002157851810922689
 3.27593845411479e-05
 0.001126805859302188
 0.0001005645372235658
 7.946818394372571e-05
 0.0001926485739301686
 0.0053779394604867
 0.002933253271793023
 1.155207140102342e-05
 0.009004437780094535
 0.0002157851810922689
 0.0001246257745801115
 0.001470134417458712
 0.00121902061412164
 8.249698693199887e-05
 0.0001398651848075808
 0.0053779394604867
 0.009004437780094535
 0.001219022039435231
 0.009004437780094535
 0.0002126890767101086
 0.0001246257745801115
 0.009004437780094535
 0.00121902061412164
 0.002933253271793023
 0.0001640865325288962
 0.009004437780094535
 0.009004437780094535
 0.002933253271793023
 0.009004437780094535
 0.0002126890767101086
 0.0002126890767101086
 0.009004437780094535
 0.00121902061412164
 0.002933253271793023
 6.192413207825935e-05
 0.009004437780094535
 0.009004437780094535
 0.009004437780094535
 0.009004437780094535
 0.0053779394604867
 0.0002126890767101086
 0.009004437780094535
 0.00121902061412164
 0.0053779394604867
 0.0001926485739301686
 0.009004437780094535
 0.009004437780094535
 0.009004437780094535
 0.009004437780094535
 0.0053779394604867
 0.0002126890767101086
 0.009004437780094535
 0.009004437780094535
 0.0053779394604867
 0.0001926485739301686
 0.009004437780094535
 0.009004437780094535
 0.009004437780094535
 0.009004437780094535
 0.0053779394604867
 0.0004128322843952235
 0.009004437780094535
 0.009004437780094535
 0.0053779394604867
 0.001470134417458712
 0.009004437780094535
 0.009004437780094535
 0.009004437780094535
 0.009004437780094535
 0.009004437780094535
 0.0053779394604867
 0.009004437780094535
 0.009004437780094535
 0.0053779394604867
 0.002933253271793023
 0.009004437780094535
 0.009004437780094535
 0.009004437780094535
 0
 0.009004437780094535
 0.0053779394604867
 0.009004437780094535
 0.009004437780094535
 0.0053779394604867
 0.002933253271793023
 0.009004437780094535
 0
 0.009004437780094535
 0
 0.009004437780094535
 0.0053779394604867
 0
 0.009004437780094535
 0.0053779394604867
 0.002933253271793023
 0
 0
 0.009004437780094535
 0
 0.009004437780094535
 0.0053779394604867
 0
 0.009004437780094535
 0.0053779394604867
 0.002933253271793023
 0
 0
 0
 0
 0.009004437780094535
 0.009004437780094535
 0
 0.009004437780094535
 0
 0.009004437780094535
 0
 0
 0
 0
 0.009004437780094535
 0.0053779394604867
 0
 0
 0
 0.009004437780094535
 0
 0
 0
 0
 0.009004437780094535
 0.0053779394604867
 0
 0
 0
 0.009004437780094535
 0
 0
 0
 0
 0
 0.0053779394604867
 0
 0
 0
 0.009004437780094535
 0
 0
 0
 0
 0
 0.0053779394604867
 0
 0
 0
 0.009004437780094535
 0
 0
 0
 0
 0
 0.0053779394604867
 0
 0
 0
 0.009004437780094535
 0
 0
 0
 0
 0
 0.0053779394604867
 0
 0
 0
 0.009004437780094535
 0
 0
 0
 0
 0
 0
 0
 0
 0
 0
 0
 0
 0
 0
 0
 0
 0
 0
 0
 0
 0
 0
 0
 0
 0
 0
 0
 0
 0
 0
 0
 0
 0
 0
 0
 0
 0
 0
 0
 0
 0
 0
 0
 0
 0
 0
 0
 0
 0
 0
 0
 0
 0
 0
 0
 0
 0
 0
 0
 0
 0
 0
 0
 0
 0
 0
 0
 0
 0
 0
 0
 0
 0
 0
 0
 0
 0
 0
