# Created by Octave 3.2.4, Mon Feb 04 05:18:16 2013 EST <rbom@zaphod>
# name: small_First_Fit
# type: matrix
# ndims: 3
 1 10 30
 5.335592768823034e-19
 1.874702970896377e-11
 3.46719537378266e-11
 1.961397150705606e-11
 1.834153759650615e-21
 5.417109041772385e-17
 3.709622843849942e-17
 2.022370702083823e-17
 4.575349559433982e-19
 7.209279042334201e-18
 2.063291330578106e-13
 8.198996910443256e-08
 1.824494672237027e-08
 5.212924290873578e-08
 2.079135098288661e-14
 1.694587297450161e-13
 5.533546294381368e-14
 9.213347854499118e-11
 2.543664714882288e-11
 9.664686795350965e-15
 7.927005361337931e-08
 0.03545537524495548
 9.820741588837192e-06
 0.001381428403094649
 2.957745468605646e-12
 1.908319228144147e-10
 9.450980864961897e-09
 7.158858808029694e-06
 5.974315062990882e-07
 8.13673099577614e-11
 7.09335915374908e-05
 0.03545537524495548
 0.0003246630103830483
 0.001381428403094649
 2.60578683438628e-06
 1.305010565743503e-07
 6.066349517865714e-05
 0.0002812415066073139
 1.297944225851331e-05
 2.540815577408308e-08
 0.0007082347096028693
 0.03545537524495548
 0.01370427910889709
 0.001381428403094649
 0.01370427910889709
 4.185390754502701e-06
 0.0007082347096028693
 0.0002812415066073139
 1.297944225851331e-05
 1.806110810287086e-05
 0.01370427910889709
 0.03545537524495548
 0.01370427910889709
 0.03545537524495548
 0.01370427910889709
 0.0002812415066073139
 0.03545537524495548
 0.0002812415066073139
 0.0001842387561074215
 0.001120410503281977
 0.03545537524495548
 0.03545537524495548
 0.01370427910889709
 0.03545537524495548
 0.01370427910889709
 0.0002812415066073139
 0.03545537524495548
 0.0002812415066073139
 0.0001842387561074215
 0.01370427910889709
 0.03545537524495548
 0.03545537524495548
 0.01370427910889709
 0.03545537524495548
 0.03545537524495548
 0.0002812415066073139
 0.03545537524495548
 0.0002812415066073139
 0.000197017910713442
 0.03545537524495548
 0.03545537524495548
 0.03545537524495548
 0.01370427910889709
 0.03545537524495548
 0.03545537524495548
 0.0002812415066073139
 0.03545537524495548
 0.0002812415066073139
 0.006966464732109075
 0.03545537524495548
 0.03545537524495548
 0.03545537524495548
 0.01370427910889709
 0.03545537524495548
 0.03545537524495548
 0.0002812415066073139
 0.03545537524495548
 0.0002812415066073139
 0.006966464732109075
 0.03545537524495548
 0.03545537524495548
 0.03545537524495548
 0.01370427910889709
 0.03545537524495548
 0.03545537524495548
 0.0002812415066073139
 0.03545537524495548
 0.03545537524495548
 0.006966464732109075
 0.03545537524495548
 0.03545537524495548
 0.03545537524495548
 0.01370427910889709
 0.03545537524495548
 0.03545537524495548
 0.0002812415066073139
 0.03545537524495548
 0.03545537524495548
 0.006966464732109075
 0.03545537524495548
 0.03545537524495548
 0.03545537524495548
 0.01370427910889709
 0.03545537524495548
 0.03545537524495548
 0.03545537524495548
 0.03545537524495548
 0.03545537524495548
 0.006966464732109075
 0.03545537524495548
 0.03545537524495548
 0.03545537524495548
 0.01370427910889709
 0.03545537524495548
 0.03545537524495548
 0.03545537524495548
 0.03545537524495548
 0.03545537524495548
 0.006966464732109075
 0.03545537524495548
 0.03545537524495548
 0.03545537524495548
 0.01370427910889709
 0.03545537524495548
 0.03545537524495548
 0.03545537524495548
 0.03545537524495548
 0.03545537524495548
 0.03545537524495548
 0.03545537524495548
 0.03545537524495548
 0.03545537524495548
 0.01370427910889709
 0.03545537524495548
 0.03545537524495548
 0.03545537524495548
 0.03545537524495548
 0.03545537524495548
 0.03545537524495548
 0.03545537524495548
 0.03545537524495548
 0.03545537524495548
 0.01370427910889709
 0.03545537524495548
 0.03545537524495548
 0.03545537524495548
 0.03545537524495548
 0.03545537524495548
 0.03545537524495548
 0.03545537524495548
 0.03545537524495548
 0.03545537524495548
 0.03545537524495548
 0.03545537524495548
 0.03545537524495548
 0.03545537524495548
 0.03545537524495548
 0.03545537524495548
 0.03545537524495548
 0.03545537524495548
 0.03545537524495548
 0.03545537524495548
 0.03545537524495548
 0.03545537524495548
 0.03545537524495548
 0.03545537524495548
 0.03545537524495548
 0.03545537524495548
 0.03545537524495548
 0.03545537524495548
 0.03545537524495548
 0.03545537524495548
 0.03545537524495548
 0.03545537524495548
 0.03545537524495548
 0.03545537524495548
 0.03545537524495548
 0.03545537524495548
 0.03545537524495548
 0.03545537524495548
 0.03545537524495548
 0.03545537524495548
 0.03545537524495548
 0.03545537524495548
 0.03545537524495548
 0.03545537524495548
 0.03545537524495548
 0.03545537524495548
 0.03545537524495548
 0.03545537524495548
 0.03545537524495548
 0.03545537524495548
 0.03545537524495548
 0.03545537524495548
 0.03545537524495548
 0.03545537524495548
 0.03545537524495548
 0.03545537524495548
 0.03545537524495548
 0.03545537524495548
 0.03545537524495548
 0.03545537524495548
 0.03545537524495548
 0.03545537524495548
 0.03545537524495548
 0.03545537524495548
 0.03545537524495548
 0.03545537524495548
 0.03545537524495548
 0.03545537524495548
 0.03545537524495548
 0.03545537524495548
 0.03545537524495548
 0.03545537524495548
 0.03545537524495548
 0.03545537524495548
 0.03545537524495548
 0.03545537524495548
 0.03545537524495548
 0.03545537524495548
 0.03545537524495548
 0.03545537524495548
 0.03545537524495548
 0.03545537524495548
 0.03545537524495548
 0.03545537524495548
 0.03545537524495548
 0.03545537524495548
 0.03545537524495548
 0.03545537524495548
 0.03545537524495548
 0.03545537524495548
 0.03545537524495548
 0.03545537524495548
 0.03545537524495548
 0.03545537524495548
 0.03545537524495548
 0.03545537524495548
 0.03545537524495548
 0.03545537524495548
 0.03545537524495548
 0.03545537524495548
 0.03545537524495548
 0.03545537524495548
 0.03545537524495548
 0.03545537524495548
 0.03545537524495548
 0.03545537524495548
 0.03545537524495548
 0.03545537524495548
 0.03545537524495548
 0.03545537524495548
 0.03545537524495548
 0.03545537524495548
 0.03545537524495548
 0.03545537524495548
 0.03545537524495548
 0.03545537524495548
 0.03545537524495548
 0.03545537524495548
 0.03545537524495548
 0.03545537524495548
 0.03545537524495548
 0.03545537524495548
 0.03545537524495548
 0.03545537524495548
 0.03545537524495548
 0.03545537524495548
 0.03545537524495548
 0.03545537524495548
 0.03545537524495548
 0.03545537524495548
 0.03545537524495548
 0.03545537524495548
 0.03545537524495548
 0.03545537524495548
 0.03545537524495548
 0.03545537524495548
 0.03545537524495548
 0.03545537524495548
