# Created by Octave 3.2.4, Mon Feb 04 06:25:17 2013 EST <rbom@zaphod>
# name: small_First_Fit
# type: matrix
# ndims: 3
 1 10 30
 3.023203757091587e-16
 5.358051018703127e-16
 2.73015520408755e-17
 5.691016501316013e-14
 3.784196642860282e-15
 1.105205677025533e-13
 1.118949926898828e-15
 5.279900299917694e-12
 1.072231566784502e-14
 6.987805654975668e-13
 5.164598961986818e-11
 1.342481467269771e-08
 8.192255274302852e-14
 2.72705928807319e-09
 6.001425305632787e-10
 1.388776904320703e-10
 2.654833510588637e-12
 1.593415057761906e-08
 2.000391733209495e-09
 1.943127894483741e-09
 5.822862082445443e-08
 3.786037204575762e-05
 7.106036828725079e-09
 6.93322476325006e-07
 7.135980709308143e-07
 1.450702808809958e-05
 3.177471097488383e-07
 7.400985422429115e-07
 3.182916690352112e-06
 2.188436485949823e-07
 8.221822247587907e-06
 0.0004298632894569674
 2.773852101585713e-07
 7.087521569478486e-06
 2.894078221335536e-05
 2.462288789992182e-05
 1.450702808809958e-05
 2.894078221335536e-05
 0.0001552881057574299
 0.0002210197010657982
 0.0002430722538816314
 0.0004298632894569674
 6.761330556553563e-06
 7.087521569478486e-06
 0.001120831931858146
 0.0009826292958106551
 0.0009826292958106551
 0.0004745728996859235
 0.001865786768648854
 0.0002210197010657982
 0.001120831931858146
 0.0004298632894569674
 0.0001552881057574299
 0.001019597401764993
 0.001120831931858146
 0.0009826292958106551
 0.0009826292958106551
 0.0004745728996859235
 0.001865786768648854
 0.0002210197010657982
 0.001120831931858146
 0.0004298632894569674
 0.001865786768648854
 0.004122405797502043
 0.0004745728996859235
 0.001865786768648854
 0.0009826292958106551
 0.0004745728996859235
 0.001865786768648854
 0.0002210197010657982
 0.001120831931858146
 0.000474237997084976
 0.001865786768648854
 0.004122405797502043
 0.0004745728996859235
 0.001624715159465205
 0.0009826292958106551
 0.0004745728996859235
 0.001865786768648854
 0.0002210197010657982
 0.001120831931858146
 0.0004298632894569674
 0.001865786768648854
 0.004122405797502043
 0.0004745728996859235
 0.001624715159465205
 0.0009826292958106551
 0.0004745728996859235
 0.001865786768648854
 0.0004745728996859235
 0.001120831931858146
 0.0004298632894569674
 0.001865786768648854
 0.004122405797502043
 0.0004745728996859235
 0.001624715159465205
 0.0009826292958106551
 0.0004745728996859235
 0.001865786768648854
 0.0004745728996859235
 0.001120831931858146
 0.0004298632894569674
 0.001865786768648854
 0.004122405797502043
 0.0004745728996859235
 0.0009826292958106551
 0.0009826292958106551
 0.0004745728996859235
 0.001865786768648854
 0.0004745728996859235
 0.001120831931858146
 0.001624715159465205
 0.001865786768648854
 0.004122405797502043
 0.0004745728996859235
 0.001865786768648854
 0.0009826292958106551
 0.0004745728996859235
 0.001865786768648854
 0.0004745728996859235
 0.001120831931858146
 0.001624715159465205
 0.001865786768648854
 0.004122405797502043
 0.0004745728996859235
 0.001865786768648854
 0.0009826292958106551
 0.0004745728996859235
 0.001865786768648854
 0.0009826292958106551
 0.001120831931858146
 0.001624715159465205
 0.001865786768648854
 0.004122405797502043
 0.0004745728996859235
 0.001019597401764993
 0.0009826292958106551
 0.0004745728996859235
 0.001865786768648854
 0.0009826292958106551
 0.001120831931858146
 0.001624715159465205
 0.001865786768648854
 0.004122405797502043
 0.0004745728996859235
 0.0009826292958106551
 0.0009826292958106551
 0.0004745728996859235
 0.001865786768648854
 0.0004745728996859235
 0.001120831931858146
 0.001865786768648854
 0.001865786768648854
 0.004122405797502043
 0.0004745728996859235
 0.0009826292958106551
 0.0009826292958106551
 0.0004745728996859235
 0.001865786768648854
 0.0004745728996859235
 0.001120831931858146
 0.004122405797502043
 0.001865786768648854
 0.004122405797502043
 0.0004745728996859235
 0.0009826292958106551
 0.0009826292958106551
 0.0004745728996859235
 0.001865786768648854
 0.0004745728996859235
 0.001120831931858146
 0.004122405797502043
 0.001865786768648854
 0.004122405797502043
 0.0004745728996859235
 0.0009826292958106551
 0.0009826292958106551
 0.0004745728996859235
 0.001865786768648854
 0.0004745728996859235
 0.001120831931858146
 0.001624715159465205
 0.001865786768648854
 0.004122405797502043
 0.0004745728996859235
 0.0009826292958106551
 0.001019597401764993
 0.0004745728996859235
 0.001865786768648854
 0.0004745728996859235
 0.001120831931858146
 0.001624715159465205
 0.001865786768648854
 0.004122405797502043
 0.0004745728996859235
 0.0009826292958106551
 0.001019597401764993
 0.0004745728996859235
 0.001865786768648854
 0.0004745728996859235
 0.001120831931858146
 0.001624715159465205
 0.001865786768648854
 0.004122405797502043
 0.0004745728996859235
 0.0009826292958106551
 0.001019597401764993
 0.0004745728996859235
 0.001865786768648854
 0.0004745728996859235
 0.001120831931858146
 0.001624715159465205
 0.001865786768648854
 0.004122405797502043
 0.0004745728996859235
 0.0009826292958106551
 0.001120831931858146
 0.0004745728996859235
 0.001865786768648854
 0.001865786768648854
 0.001120831931858146
 0.001624715159465205
 0.001865786768648854
 0.004122405797502043
 0.0004745728996859235
 0.0009826292958106551
 0.0009826292958106551
 0.0004745728996859235
 0.001865786768648854
 0.001865786768648854
 0.001120831931858146
 0.001624715159465205
 0.001865786768648854
 0.004122405797502043
 0.0004745728996859235
 0.0009826292958106551
 0.0009826292958106551
 0.0004745728996859235
 0.001865786768648854
 0.001865786768648854
 0.001120831931858146
 0.001624715159465205
 0.001865786768648854
 0.004122405797502043
 0.001865786768648854
 0.001865786768648854
 0.004122405797502043
 0.0004745728996859235
 0.001865786768648854
 0.001865786768648854
 0.001120831931858146
 0.001624715159465205
 0.001865786768648854
 0.004122405797502043
 0.001865786768648854
 0.001865786768648854
 0.0009826292958106551
 0.0004745728996859235
 0.001865786768648854
 0.004122405797502043
 0.001120831931858146
 0.001624715159465205
 0.001865786768648854
 0.004122405797502043
 0.001865786768648854
 0.001865786768648854
 0.0009826292958106551
 0.0004745728996859235
 0.001865786768648854
 0.004122405797502043
 0.001120831931858146
 0.001624715159465205
 0.001865786768648854
 0.004122405797502043
 0.001865786768648854
 0.001865786768648854
 0.0009826292958106551
 0.0004745728996859235
 0.001865786768648854
 0.004122405797502043
 0.001120831931858146
 0.004122405797502043
 0.001865786768648854
 0.004122405797502043
 0.001865786768648854
 0.001865786768648854
 0.0009826292958106551
 0.0004745728996859235
 0.001865786768648854
 0.004122405797502043
 0.001120831931858146
 0.001624715159465205
 0.001865786768648854
 0.004122405797502043
 0.001865786768648854
 0.001865786768648854
 0.0009826292958106551
 0.000626779065731344
 0.001865786768648854
 0.004122405797502043
