# Created by Octave 3.2.4, Mon Feb 04 02:03:03 2013 EST <rbom@zaphod>
# name: small_First_Fit
# type: matrix
# ndims: 3
 1 10 30
 6.101017292605133e-14
 5.769471947920619e-13
 1.766818920432279e-15
 2.946342891704477e-22
 4.29584325953868e-20
 1.172600480626073e-20
 4.324620748564363e-18
 1.117052166746717e-20
 2.635541978257794e-19
 4.449718469322986e-18
 3.798083872755274e-11
 2.352531118756322e-09
 1.776558801416944e-11
 2.119431232536674e-14
 2.226987720155489e-13
 7.429882895456231e-13
 6.65572927883123e-14
 9.441281296145884e-16
 8.570922101951033e-12
 1.42483712353209e-11
 8.890916411260619e-08
 3.054465191653393e-06
 4.298517226178386e-08
 3.688187589461135e-10
 1.83368434751206e-08
 1.521369324391519e-07
 2.076984414061258e-10
 8.821568791630649e-12
 7.936648824320749e-08
 4.885373769556836e-08
 1.648437835169373e-05
 3.054465191653393e-06
 4.298517226178386e-08
 8.020910176885726e-06
 0.0001168184007878942
 2.641550093710665e-05
 8.921028133905591e-07
 2.261028440388497e-09
 2.431684126554642e-05
 0.0003525556798567377
 0.000137313324428735
 3.891092736152003e-05
 1.904555130326603e-05
 0.0008584810591108006
 0.0001596292848070841
 2.641550093710665e-05
 9.579837731336985e-05
 1.470006928368591e-05
 0.0008584810591108006
 0.0126832321876546
 0.000137313324428735
 3.891092736152003e-05
 0.001671997023168571
 0.0008584810591108006
 0.0001168184007878942
 0.0002921216592493059
 0.0006266743562714732
 0.001671997023168571
 0.0126832321876546
 0.0126832321876546
 0.0126832321876546
 3.891092736152003e-05
 0.0126832321876546
 0.0008584810591108006
 0.0001168184007878942
 0.0002921216592493059
 0.0006266743562714732
 0.001671997023168571
 0.0008584810591108006
 0.0126832321876546
 0.0126832321876546
 3.891092736152003e-05
 0.0126832321876546
 0.0008584810591108006
 0.0005346832934874245
 0.0002921216592493059
 0.0006266743562714732
 0.001671997023168571
 0.0008584810591108006
 0.0126832321876546
 0.0126832321876546
 5.461315013389051e-05
 0.0126832321876546
 0.0008584810591108006
 0.0005346832934874245
 0.0002921216592493059
 0.0006266743562714732
 0.001671997023168571
 0.0008584810591108006
 0.0126832321876546
 0.0126832321876546
 0.0002921216592493059
 0.0126832321876546
 0.0008584810591108006
 0.0005346832934874245
 0.0126832321876546
 0.0006266743562714732
 0.001671997023168571
 0.0008584810591108006
 0.0126832321876546
 0.0126832321876546
 0.0126832321876546
 0.0126832321876546
 0.0008584810591108006
 0.0005346832934874245
 0.0126832321876546
 0.0006266743562714732
 0.001671997023168571
 0.0008584810591108006
 0.0126832321876546
 0.0126832321876546
 0.0126832321876546
 0.0126832321876546
 0.0008584810591108006
 0.0126832321876546
 0.0126832321876546
 0.0006266743562714732
 0.0126832321876546
 0.0008584810591108006
 0.0126832321876546
 0.0126832321876546
 0.0126832321876546
 0.0126832321876546
 0.0008584810591108006
 0.0126832321876546
 0.0126832321876546
 0.001671997023168571
 0.0126832321876546
 0.0008584810591108006
 0.0126832321876546
 0.0126832321876546
 0.0126832321876546
 0.0126832321876546
 0.0008584810591108006
 0.0126832321876546
 0.0126832321876546
 0.001671997023168571
 0.0126832321876546
 0.001671997023168571
 0.0126832321876546
 0.0126832321876546
 0.0126832321876546
 0.0126832321876546
 0.0008584810591108006
 0.0126832321876546
 0.0126832321876546
 0.001671997023168571
 0.0126832321876546
 0.001671997023168571
 0.0126832321876546
 0.0126832321876546
 0.0126832321876546
 0.0126832321876546
 0.0008584810591108006
 0.0126832321876546
 0.0126832321876546
 0.0126832321876546
 0.0126832321876546
 0.001671997023168571
 0.0126832321876546
 0.0126832321876546
 0.0126832321876546
 0.0126832321876546
 0.0008584810591108006
 0.0126832321876546
 0.0126832321876546
 0.0126832321876546
 0.0126832321876546
 0.001671997023168571
 0.0126832321876546
 0.0126832321876546
 0.0126832321876546
 0.0126832321876546
 0.0008584810591108006
 0.0126832321876546
 0.0126832321876546
 0.0126832321876546
 0.0126832321876546
 0.001671997023168571
 0.0126832321876546
 0.0126832321876546
 0.0126832321876546
 0.0126832321876546
 0.0008584810591108006
 0.0126832321876546
 0.0126832321876546
 0.0126832321876546
 0.0126832321876546
 0.0008584810591108006
 0.0126832321876546
 0.0126832321876546
 0.0126832321876546
 0.0126832321876546
 0.0008584810591108006
 0.0126832321876546
 0.0126832321876546
 0.0126832321876546
 0.0126832321876546
 0.0008584810591108006
 0.0126832321876546
 0.0126832321876546
 0.0126832321876546
 0.0126832321876546
 0.001671997023168571
 0.0126832321876546
 0.0126832321876546
 0.0126832321876546
 0.0126832321876546
 0.0008584810591108006
 0.0126832321876546
 0.0126832321876546
 0.0126832321876546
 0.0126832321876546
 0.0008584810591108006
 0.0126832321876546
 0.0126832321876546
 0.0126832321876546
 0.0126832321876546
 0.0008584810591108006
 0.0126832321876546
 0.0126832321876546
 0.0126832321876546
 0.0126832321876546
 0.0008584810591108006
 0.0126832321876546
 0.0126832321876546
 0.0126832321876546
 0.0126832321876546
 0.0008584810591108006
 0.0126832321876546
 0.0126832321876546
 0.0126832321876546
 0.0126832321876546
 0.0008584810591108006
 0.0126832321876546
 0.0126832321876546
 0.0126832321876546
 0.0126832321876546
 0.0008584810591108006
 0.0126832321876546
 0.0126832321876546
 0.0126832321876546
 0.0126832321876546
 0.0008584810591108006
 0.0126832321876546
 0.0126832321876546
 0.0126832321876546
 0.0126832321876546
 0.0008584810591108006
 0.0126832321876546
 0.0126832321876546
 0.0126832321876546
 0.0126832321876546
 0.0008584810591108006
 0.0126832321876546
 0.0126832321876546
 0.0126832321876546
 0.0126832321876546
 0.0008584810591108006
 0.0126832321876546
 0.0126832321876546
 0.0126832321876546
 0.0126832321876546
 0.001671997023168571
 0.0126832321876546
 0.0126832321876546
 0.0126832321876546
 0.0126832321876546
 0.0126832321876546
 0.0126832321876546
 0.0126832321876546
 0.0126832321876546
 0.0126832321876546
 0.0126832321876546
 0.0126832321876546
 0.0126832321876546
 0.0126832321876546
 0.0126832321876546
 0.0126832321876546
 0.0126832321876546
 0.0126832321876546
 0.0126832321876546
 0.0126832321876546
 0.0126832321876546
 0.0126832321876546
 0.0126832321876546
 0.0126832321876546
 0.0126832321876546
 0.0126832321876546
 0.0126832321876546
 0.0126832321876546
 0.0126832321876546
 0.0126832321876546
 0.0126832321876546
 0.0126832321876546
 0.0126832321876546
 0.0126832321876546
 0.0126832321876546
 0.0126832321876546
 0.0126832321876546
