# Created by Octave 3.2.4, Mon Feb 04 03:24:45 2013 EST <rbom@zaphod>
# name: small_First_Fit
# type: matrix
# ndims: 3
 1 10 30
 9.198469085613748e-19
 1.26071947362415e-17
 6.755555778683215e-14
 2.564738091912547e-17
 6.62076186039597e-19
 1.63157486809131e-09
 3.587055196920242e-15
 5.115500911859773e-17
 1.044149477863751e-12
 1.2174379369203e-18
 4.143495266274622e-09
 2.039468994188294e-07
 1.060606161972668e-10
 1.80987452662444e-12
 8.86267622334031e-16
 4.158676154305452e-08
 1.253853190897405e-10
 3.344924105090643e-12
 6.813721565967192e-10
 1.543107849096289e-12
 2.417549204265445e-06
 8.258499844251464e-05
 3.227927815068392e-06
 2.432248518400816e-08
 3.658434139199594e-11
 2.953044570774372e-06
 1.143276634053447e-06
 1.270685368232964e-08
 1.191271918323467e-06
 3.156114212476216e-09
 0.001769060646108059
 0.02168346383209675
 0.0002681915447912645
 1.134984530732192e-05
 3.678320389377059e-06
 0.002475303724872584
 0.0001824598472517046
 3.04643573796883e-06
 0.0001442129681642273
 2.602031373188525e-06
 0.001769060646108059
 0.02168346383209675
 0.02168346383209675
 0.001073928767649708
 4.139954226570685e-05
 0.002475303724872584
 0.01059562758215824
 0.0002165010051299959
 0.008020395438279093
 0.0002165010051299959
 0.006108970477768036
 0.02168346383209675
 0.02168346383209675
 0.008020395438279093
 0.0002681915447912645
 0.002475303724872584
 0.01059562758215824
 0.00173442790149101
 0.008020395438279093
 0.000526530442464181
 0.001769060646108059
 0.02168346383209675
 0.02168346383209675
 0.008020395438279093
 0.0004557856947225084
 0.02168346383209675
 0.01059562758215824
 0.02168346383209675
 0.008020395438279093
 0.000526530442464181
 0.001769060646108059
 0.02168346383209675
 0.02168346383209675
 0.008020395438279093
 0.0004557856947225084
 0.02168346383209675
 0.01059562758215824
 0.02168346383209675
 0.01395467940870404
 0.0005809097722340903
 0.001769060646108059
 0.02168346383209675
 0.02168346383209675
 0.008020395438279093
 0.02168346383209675
 0.02168346383209675
 0.01059562758215824
 0.02168346383209675
 0.008020395438279093
 0.0005809097722340903
 0.001769060646108059
 0.02168346383209675
 0.02168346383209675
 0.008020395438279093
 0.02168346383209675
 0.02168346383209675
 0.01059562758215824
 0.02168346383209675
 0.01395467940870404
 0.008020395438279093
 0.001769060646108059
 0.02168346383209675
 0.02168346383209675
 0.01395467940870404
 0.02168346383209675
 0.02168346383209675
 0.01059562758215824
 0.02168346383209675
 0.01395467940870404
 0.008020395438279093
 0.001769060646108059
 0.02168346383209675
 0.02168346383209675
 0.008020395438279093
 0.02168346383209675
 0.02168346383209675
 0.01059562758215824
 0.02168346383209675
 0.008020395438279093
 0.008020395438279093
 0.001769060646108059
 0.02168346383209675
 0.02168346383209675
 0.008020395438279093
 0.02168346383209675
 0.02168346383209675
 0.01059562758215824
 0.02168346383209675
 0.008020395438279093
 0.008020395438279093
 0.001769060646108059
 0.02168346383209675
 0.02168346383209675
 0.008020395438279093
 0.02168346383209675
 0.02168346383209675
 0.01059562758215824
 0.02168346383209675
 0.02168346383209675
 0.008020395438279093
 0.001769060646108059
 0.02168346383209675
 0.02168346383209675
 0.008020395438279093
 0.02168346383209675
 0.02168346383209675
 0.01059562758215824
 0.02168346383209675
 0.02168346383209675
 0.02168346383209675
 0.001769060646108059
 0.02168346383209675
 0.02168346383209675
 0.01395467940870404
 0.02168346383209675
 0.02168346383209675
 0.01059562758215824
 0.02168346383209675
 0.02168346383209675
 0.02168346383209675
 0.001769060646108059
 0.02168346383209675
 0.02168346383209675
 0.01395467940870404
 0.02168346383209675
 0.02168346383209675
 0.01059562758215824
 0.02168346383209675
 0.02168346383209675
 0.02168346383209675
 0.001769060646108059
 0.02168346383209675
 0.02168346383209675
 0.008020395438279093
 0.02168346383209675
 0.02168346383209675
 0.01059562758215824
 0.02168346383209675
 0.02168346383209675
 0.02168346383209675
 0.001769060646108059
 0.02168346383209675
 0.02168346383209675
 0.02168346383209675
 0.02168346383209675
 0.02168346383209675
 0.01059562758215824
 0.02168346383209675
 0.02168346383209675
 0.02168346383209675
 0.01059562758215824
 0.02168346383209675
 0.02168346383209675
 0.02168346383209675
 0.02168346383209675
 0.02168346383209675
 0.01059562758215824
 0.02168346383209675
 0.02168346383209675
 0.02168346383209675
 0.01395467940870404
 0.02168346383209675
 0.02168346383209675
 0.02168346383209675
 0.02168346383209675
 0.02168346383209675
 0.01059562758215824
 0.02168346383209675
 0.02168346383209675
 0.02168346383209675
 0.01395467940870404
 0.02168346383209675
 0.02168346383209675
 0.02168346383209675
 0.02168346383209675
 0.02168346383209675
 0.01059562758215824
 0.02168346383209675
 0.02168346383209675
 0.02168346383209675
 0.01395467940870404
 0.02168346383209675
 0.02168346383209675
 0.02168346383209675
 0.02168346383209675
 0.02168346383209675
 0.01059562758215824
 0.02168346383209675
 0.02168346383209675
 0.02168346383209675
 0.01395467940870404
 0.02168346383209675
 0.02168346383209675
 0.02168346383209675
 0.02168346383209675
 0.02168346383209675
 0.01059562758215824
 0.02168346383209675
 0.02168346383209675
 0.02168346383209675
 0.01059562758215824
 0.02168346383209675
 0.02168346383209675
 0.02168346383209675
 0.02168346383209675
 0.02168346383209675
 0.01059562758215824
 0.02168346383209675
 0.02168346383209675
 0.02168346383209675
 0.01059562758215824
 0.02168346383209675
 0.02168346383209675
 0.02168346383209675
 0.02168346383209675
 0.02168346383209675
 0.01059562758215824
 0.02168346383209675
 0.02168346383209675
 0.02168346383209675
 0.01059562758215824
 0.02168346383209675
 0.02168346383209675
 0.02168346383209675
 0.02168346383209675
 0.02168346383209675
 0.01059562758215824
 0.02168346383209675
 0.02168346383209675
 0.02168346383209675
 0.01059562758215824
 0.02168346383209675
 0.02168346383209675
 0.02168346383209675
 0.02168346383209675
 0.02168346383209675
 0.01059562758215824
 0.02168346383209675
 0.02168346383209675
 0.02168346383209675
 0.01059562758215824
 0.02168346383209675
 0.02168346383209675
 0.02168346383209675
 0.02168346383209675
 0.02168346383209675
 0.01059562758215824
 0.02168346383209675
 0.02168346383209675
 0.02168346383209675
 0.01059562758215824
 0.02168346383209675
 0.02168346383209675
 0.02168346383209675
 0.02168346383209675
 0.02168346383209675
 0.01059562758215824
 0.02168346383209675
 0.02168346383209675
 0.02168346383209675
