# Created by Octave 3.2.4, Mon Feb 04 18:07:20 2013 EST <rbom@zaphod>
# name: small_First_Fit
# type: matrix
# ndims: 3
 1 10 30
 1.680545827043604e-19
 8.124710796166746e-13
 2.237844489707726e-13
 9.979160171922902e-18
 1.273847033541572e-15
 7.166439287557541e-17
 1.325454416596263e-17
 5.572691918672474e-13
 4.740739664900179e-18
 2.621802821768028e-19
 7.501513039276241e-14
 5.236928530701476e-09
 1.028683685697838e-10
 3.57829079739556e-12
 8.066219965970535e-11
 1.556839287513195e-12
 6.949378475638924e-13
 6.017912445734241e-09
 2.399524113764538e-15
 1.233277120257769e-16
 2.168383690067623e-09
 1.199119747022077e-07
 4.672909981190153e-07
 5.363699691300504e-10
 3.246786186518671e-08
 3.14341255256604e-09
 6.300629485832573e-10
 5.645908634694544e-07
 9.810554755826501e-13
 2.014566992675487e-11
 9.99204787483858e-07
 7.18221507133833e-06
 2.976956828547841e-05
 1.379386990914608e-08
 1.611105292161693e-06
 5.659469725102678e-07
 7.945304842548395e-08
 7.029437864335271e-06
 1.196929705972672e-09
 3.339291571884291e-09
 0.0002849854019896485
 7.18221507133833e-06
 2.976956828547841e-05
 2.521990005034017e-05
 0.0001436575403029016
 8.728194802885009e-05
 3.387110473806622e-06
 2.521990005034017e-05
 4.409000547917074e-08
 6.073204798800878e-06
 0.006833488150171826
 8.072249963065802e-05
 4.372466396912351e-05
 2.521990005034017e-05
 0.0008242325551538228
 8.728194802885009e-05
 0.0002099983875856243
 2.521990005034017e-05
 7.037423599903699e-06
 0.0002849854019896485
 0.006833488150171826
 8.072249963065802e-05
 4.372466396912351e-05
 0.000424751681883858
 0.0008242325551538228
 0.006833488150171826
 0.0002099983875856243
 0.0008242325551538228
 0.0002099983875856243
 0.006833488150171826
 0.006833488150171826
 0.0008242325551538228
 3.988103529119764e-05
 0.000424751681883858
 0.0008242325551538228
 0.006833488150171826
 0.0002315489481807285
 0.0008242325551538228
 0.0002099983875856243
 0.006833488150171826
 0.006833488150171826
 0.0008242325551538228
 0.0008242325551538228
 0.006833488150171826
 0.0008242325551538228
 0.006833488150171826
 0.0002315489481807285
 0.0008242325551538228
 0.0002315489481807285
 0.006833488150171826
 0.006833488150171826
 0.006833488150171826
 0.0008242325551538228
 0.006833488150171826
 0.0008242325551538228
 0.006833488150171826
 0.0002315489481807285
 0.0008242325551538228
 0.0002315489481807285
 0.006833488150171826
 0.006833488150171826
 0.0008242325551538228
 0.006833488150171826
 0.006833488150171826
 0.006833488150171826
 0.006833488150171826
 0.0002315489481807285
 0.0008242325551538228
 0.006833488150171826
 0.006833488150171826
 0.006833488150171826
 0.0008242325551538228
 0.006833488150171826
 0.006833488150171826
 0.0008242325551538228
 0.006833488150171826
 0.0002315489481807285
 0.0008242325551538228
 0.006833488150171826
 0.006833488150171826
 0
 0.0008242325551538228
 0.006833488150171826
 0.006833488150171826
 0.0008242325551538228
 0.006833488150171826
 0.0002315489481807285
 0.0008242325551538228
 0.006833488150171826
 0.006833488150171826
 0
 0.0008242325551538228
 0.006833488150171826
 0.006833488150171826
 0.0008242325551538228
 0
 0.0002315489481807285
 0
 0.006833488150171826
 0
 0
 0.0008242325551538228
 0.006833488150171826
 0.006833488150171826
 0.0008242325551538228
 0
 0
 0
 0.006833488150171826
 0
 0
 0.0008242325551538228
 0.006833488150171826
 0
 0.006833488150171826
 0
 0
 0
 0.006833488150171826
 0
 0
 0
 0.006833488150171826
 0
 0.006833488150171826
 0
 0
 0
 0.006833488150171826
 0
 0
 0
 0
 0
 0.006833488150171826
 0
 0
 0
 0
 0
 0
 0
 0
 0
 0.006833488150171826
 0
 0
 0
 0
 0
 0
 0
 0
 0
 0.006833488150171826
 0
 0
 0
 0
 0
 0
 0
 0
 0
 0.006833488150171826
 0
 0
 0
 0
 0
 0
 0
 0
 0
 0.006833488150171826
 0
 0
 0
 0
 0
 0
 0
 0
 0
 0
 0
 0
 0
 0
 0
 0
 0
 0
 0
 0
 0
 0
 0
 0
 0
 0
 0
 0
 0
 0
 0
 0
 0
 0
 0
 0
 0
 0
 0
 0
 0
 0
 0
 0
 0
 0
 0
 0
 0
 0
 0
 0
 0
 0
 0
 0
 0
 0
 0
 0
 0
 0
 0
 0
 0
 0
 0
 0
 0
 0
 0
 0
 0
 0
 0
 0
 0
 0
 0
 0
 0
 0
 0
 0
 0
