# Created by Octave 3.2.4, Sun Feb 03 23:14:29 2013 EST <rbom@zaphod>
# name: small_First_Fit
# type: matrix
# ndims: 3
 1 10 30
 1.028595723144234e-18
 1.303482274694319e-21
 1.369088979226933e-15
 6.574856982223934e-22
 5.246919680394501e-23
 2.662967538910964e-22
 1.518261587280113e-19
 5.083671563624885e-22
 2.850979512425507e-23
 4.181364562731408e-17
 3.219052241525811e-15
 1.565353201716617e-15
 1.907927093285394e-11
 1.406793349167884e-12
 3.546416183988757e-18
 3.718897800726252e-18
 7.895418927724715e-15
 4.222092148346594e-16
 7.758825373568056e-18
 2.715114897817818e-12
 5.618121392170897e-10
 1.862464454223018e-10
 2.491012703086182e-07
 8.522465084604112e-06
 4.073726440871544e-15
 3.489225048674321e-12
 1.811661744718031e-11
 1.009830016767453e-07
 6.138788769059892e-12
 3.393499359382207e-09
 8.007363001271635e-06
 1.277349129209309e-07
 4.116166675373042e-05
 0.003588896527925293
 1.817317333916093e-11
 1.070143868750853e-07
 3.162551495906583e-07
 0.005492965942315882
 1.759605286171058e-08
 1.063838254538932e-05
 0.0005499146637034561
 2.050669766459571e-05
 0.005492965942315882
 0.003588896527925293
 5.671112007868578e-08
 7.936838433400783e-05
 0.003588896527925293
 0.005492965942315882
 7.936838433400783e-05
 0.007490314285678234
 0.0005499146637034561
 0.007490314285678234
 0.005492965942315882
 0.003588896527925293
 4.087829115831385e-05
 0.007490314285678234
 0.003588896527925293
 0.005492965942315882
 0.007490314285678234
 0.007490314285678234
 0.0005499146637034561
 0.007490314285678234
 0.005492965942315882
 0.003588896527925293
 0.003588896527925293
 0.007490314285678234
 0.003588896527925293
 0.005492965942315882
 0.007490314285678234
 0.007490314285678234
 0.0005499146637034561
 0.007490314285678234
 0.005492965942315882
 0.003588896527925293
 0.003588896527925293
 0.007490314285678234
 0.003588896527925293
 0.005492965942315882
 0.007490314285678234
 0.007490314285678234
 0.001124880001790315
 0.007490314285678234
 0.005492965942315882
 0.003588896527925293
 0.003588896527925293
 0.007490314285678234
 0.003588896527925293
 0.007490314285678234
 0.007490314285678234
 0.007490314285678234
 0.001124880001790315
 0.007490314285678234
 0.005492965942315882
 0.003588896527925293
 0.003588896527925293
 0.007490314285678234
 0.003588896527925293
 0.005492965942315882
 0.007490314285678234
 0.007490314285678234
 0.001124880001790315
 0.007490314285678234
 0.005492965942315882
 0.003588896527925293
 0.003588896527925293
 0.007490314285678234
 0.003588896527925293
 0.005492965942315882
 0.007490314285678234
 0.007490314285678234
 0.001124880001790315
 0.007490314285678234
 0.005492965942315882
 0.003588896527925293
 0.003588896527925293
 0.007490314285678234
 0.003588896527925293
 0.005492965942315882
 0.007490314285678234
 0.007490314285678234
 0.001124880001790315
 0.007490314285678234
 0.005492965942315882
 0.003588896527925293
 0.003588896527925293
 0.007490314285678234
 0.003588896527925293
 0.005492965942315882
 0.007490314285678234
 0.007490314285678234
 0.001124880001790315
 0.007490314285678234
 0.005492965942315882
 0.003588896527925293
 0.005492965942315882
 0.007490314285678234
 0.003588896527925293
 0.005492965942315882
 0.007490314285678234
 0.007490314285678234
 0.001124880001790315
 0.007490314285678234
 0.005492965942315882
 0.003588896527925293
 0.007490314285678234
 0.007490314285678234
 0.003588896527925293
 0.005492965942315882
 0.007490314285678234
 0.007490314285678234
 0.001124880001790315
 0.007490314285678234
 0.005492965942315882
 0.003588896527925293
 0.003588896527925293
 0.007490314285678234
 0.005492965942315882
 0.005492965942315882
 0.007490314285678234
 0.007490314285678234
 0.005492965942315882
 0.007490314285678234
 0.005492965942315882
 0.003588896527925293
 0.003588896527925293
 0.007490314285678234
 0.003588896527925293
 0.005492965942315882
 0.007490314285678234
 0.007490314285678234
 0.005492965942315882
 0.007490314285678234
 0.005492965942315882
 0.003588896527925293
 0.003588896527925293
 0.007490314285678234
 0.003588896527925293
 0.005492965942315882
 0.007490314285678234
 0.007490314285678234
 0.005492965942315882
 0.007490314285678234
 0.005492965942315882
 0.003588896527925293
 0.003588896527925293
 0.007490314285678234
 0.003588896527925293
 0.005492965942315882
 0.007490314285678234
 0.007490314285678234
 0.005492965942315882
 0.007490314285678234
 0.005492965942315882
 0.003588896527925293
 0.003588896527925293
 0.007490314285678234
 0.003588896527925293
 0.005492965942315882
 0.007490314285678234
 0.007490314285678234
 0.007490314285678234
 0.007490314285678234
 0.005492965942315882
 0.003588896527925293
 0.003588896527925293
 0.007490314285678234
 0.003588896527925293
 0.005492965942315882
 0.007490314285678234
 0.007490314285678234
 0.005492965942315882
 0.007490314285678234
 0.005492965942315882
 0.003588896527925293
 0.003588896527925293
 0.007490314285678234
 0.003588896527925293
 0.005492965942315882
 0.007490314285678234
 0.007490314285678234
 0.005492965942315882
 0.007490314285678234
 0.005492965942315882
 0.005492965942315882
 0.003588896527925293
 0.007490314285678234
 0.003588896527925293
 0.005492965942315882
 0.007490314285678234
 0.007490314285678234
 0.005492965942315882
 0.007490314285678234
 0.005492965942315882
 0.005492965942315882
 0.003588896527925293
 0.007490314285678234
 0.003588896527925293
 0.005492965942315882
 0.007490314285678234
 0.007490314285678234
 0.005492965942315882
 0.007490314285678234
 0.005492965942315882
 0.005492965942315882
 0.003588896527925293
 0.007490314285678234
 0.003588896527925293
 0.005492965942315882
 0.007490314285678234
 0.007490314285678234
 0.005492965942315882
 0.007490314285678234
 0.005492965942315882
 0.005492965942315882
 0.003588896527925293
 0.007490314285678234
 0.003588896527925293
 0.005492965942315882
 0.007490314285678234
 0.007490314285678234
 0.005492965942315882
 0.007490314285678234
 0.005492965942315882
 0.003588896527925293
 0.005492965942315882
 0.007490314285678234
 0.003588896527925293
 0.005492965942315882
 0.007490314285678234
 0.007490314285678234
 0.005492965942315882
 0.007490314285678234
 0.005492965942315882
 0.003588896527925293
 0.003588896527925293
 0.007490314285678234
 0.003588896527925293
 0.005492965942315882
 0.007490314285678234
 0.007490314285678234
 0.005492965942315882
 0.007490314285678234
 0.005492965942315882
 0.003588896527925293
 0.003588896527925293
 0.007490314285678234
 0.003588896527925293
 0.005492965942315882
 0.007490314285678234
 0.007490314285678234
 0.005492965942315882
 0.007490314285678234
 0.005492965942315882
 0.003588896527925293
 0.003588896527925293
 0.007490314285678234
 0.007490314285678234
 0.005492965942315882
 0.007490314285678234
 0.007490314285678234
