# Created by Octave 3.2.4, Wed Feb 06 12:48:04 2013 EST <rbom@zaphod>
# name: small_First_Fit
# type: matrix
# ndims: 3
 1 10 30
 1.129468572182938e-15
 1.012932148036744e-17
 2.67550428581628e-14
 9.341784780848623e-20
 5.932875496007059e-15
 1.572876561963743e-13
 3.356686106282978e-14
 1.093920295175676e-17
 4.916450491648662e-20
 1.091278777156703e-15
 1.178227024921311e-10
 1.080688077917677e-11
 1.998344684956301e-09
 8.958986676940385e-13
 1.462475471417682e-11
 3.082400840527684e-10
 8.319538291528437e-08
 2.689606044933947e-13
 2.509647929446906e-14
 2.76471191159984e-11
 1.417557166929196e-07
 1.400755741533848e-07
 7.149400550629274e-07
 3.059751069412136e-10
 2.352226177602886e-08
 7.84226603155696e-08
 1.032203025954944e-05
 1.662453762650402e-09
 1.289085020741986e-10
 1.710699543120106e-08
 1.456008597446826e-05
 2.259224092250243e-05
 3.745629255169901e-05
 5.911143514707907e-08
 3.248104883161784e-05
 1.789941673214958e-05
 0.0003524132288466281
 3.3717702644217e-06
 8.65592503939488e-08
 0.0007775259705245935
 0.0003570271333898489
 0.0003570271333898489
 3.745629255169901e-05
 3.3717702644217e-06
 0.001697531386854212
 0.0003237792205907673
 0.003576203497283232
 0.00014194209094782
 0.001697531386854212
 0.0007775259705245935
 0.001926571845846876
 0.001926571845846876
 0.001325099398384564
 1.657530566729614e-05
 0.003576203497283232
 0.0003237792205907673
 0.003576203497283232
 0.00014194209094782
 0.001697531386854212
 0.0007775259705245935
 0.001926571845846876
 0.001926571845846876
 0.003576203497283232
 0.0002254218659333469
 0.003576203497283232
 0.0003237792205907673
 0.003576203497283232
 0.00014194209094782
 0.003576203497283232
 0.001926571845846876
 0.003576203497283232
 0.001926571845846876
 0.003576203497283232
 0.0002254218659333469
 0.003576203497283232
 0.0003237792205907673
 0.003576203497283232
 0.00014194209094782
 0.003576203497283232
 0.003576203497283232
 0.003576203497283232
 0.001926571845846876
 0.003576203497283232
 0.0004660654996459271
 0.003576203497283232
 0.0003237792205907673
 0.003576203497283232
 0.00014194209094782
 0.003576203497283232
 0.003576203497283232
 0.003576203497283232
 0.001926571845846876
 0.003576203497283232
 0.0004660654996459271
 0.003576203497283232
 0.0003237792205907673
 0.003576203497283232
 0.00014194209094782
 0.003576203497283232
 0.003576203497283232
 0.003576203497283232
 0.001926571845846876
 0.003576203497283232
 0.0002254218659333469
 0.003576203497283232
 0.0003524132288466281
 0.003576203497283232
 0.001697531386854212
 0.003576203497283232
 0.003576203497283232
 0.001926571845846876
 0.003576203497283232
 0.003576203497283232
 0.0002254218659333469
 0.003576203497283232
 0.0003524132288466281
 0
 0.003576203497283232
 0.003576203497283232
 0.003576203497283232
 0.003576203497283232
 0.001926571845846876
 0.003576203497283232
 0.0002476040475743961
 0
 0.0003524132288466281
 0
 0.003576203497283232
 0.003576203497283232
 0.003576203497283232
 0.003576203497283232
 0.001926571845846876
 0
 0.0002254218659333469
 0
 0.0003524132288466281
 0
 0.003576203497283232
 0
 0.003576203497283232
 0.003576203497283232
 0.003576203497283232
 0
 0.0002254218659333469
 0
 0.0004660654996459271
 0
 0.003576203497283232
 0
 0
 0.003576203497283232
 0.003576203497283232
 0
 0.0004660654996459271
 0
 0.0003237792205907673
 0
 0.003576203497283232
 0
 0
 0.003576203497283232
 0.003576203497283232
 0
 0.0002254218659333469
 0
 0.0003570271333898489
 0
 0.003576203497283232
 0
 0
 0.003576203497283232
 0.003576203497283232
 0
 0.0002254218659333469
 0
 0.0003237792205907673
 0
 0.003576203497283232
 0
 0
 0.003576203497283232
 0.003576203497283232
 0
 0.0002254218659333469
 0
 0.0003237792205907673
 0
 0
 0
 0
 0
 0.003576203497283232
 0
 0.0002254218659333469
 0
 0.0003237792205907673
 0
 0
 0
 0
 0
 0.003576203497283232
 0
 0.0002254218659333469
 0
 0.0003237792205907673
 0
 0
 0
 0
 0
 0
 0
 0.0002254218659333469
 0
 0.0003237792205907673
 0
 0
 0
 0
 0
 0
 0
 0
 0
 0.0003237792205907673
 0
 0
 0
 0
 0
 0
 0
 0
 0
 0
 0
 0
 0
 0
 0
 0
 0
 0
 0
 0
 0
 0
 0
 0
 0
 0
 0
 0
 0
 0
 0
 0
 0
 0
 0
 0
 0
 0
 0
 0
 0
 0
 0
 0
 0
 0
 0
 0
 0
 0
 0
 0
 0
 0
 0
 0
 0
 0
 0
 0
 0
 0
 0
 0
 0
 0
 0
 0
 0
 0
 0
 0
 0
 0
