# Created by Octave 3.2.4, Wed Feb 06 20:25:07 2013 EST <rbom@zaphod>
# name: small_First_Fit
# type: matrix
# ndims: 3
 1 10 30
 3.792512376548895e-15
 1.521268986871113e-14
 1.895972705004481e-12
 7.898846914489759e-17
 6.494085015355178e-13
 6.611059556214919e-12
 2.270922778052029e-12
 6.573447002011802e-12
 2.100930579737745e-15
 1.536882689345885e-16
 2.712269987596441e-09
 2.33384804655637e-10
 1.549897488173203e-09
 2.775198058747199e-12
 2.2575035101273e-10
 7.865303224538753e-09
 2.069530413799294e-08
 6.892450469047401e-09
 1.643773907659793e-09
 7.708055895174438e-11
 8.914679522839963e-07
 3.577647722989482e-07
 1.962229776423279e-06
 2.940770325484452e-09
 9.523748117544807e-08
 4.171103322657226e-06
 1.048259326210744e-06
 2.872839928001781e-06
 7.433170222537052e-07
 4.592580808686909e-08
 6.696503824929916e-05
 0.0006022765325474292
 3.348904806052408e-05
 4.182094033575064e-06
 9.049351050095369e-06
 6.234797454592642e-05
 8.70475059829998e-05
 0.0002034285416350738
 0.0003115942928220621
 2.930236270714746e-06
 0.001896436334837495
 0.001344025350812374
 0.0004489664151105536
 8.519847981345273e-05
 7.639257612113845e-05
 0.0004626050643013504
 0.001344025350812374
 0.0002034285416350738
 0.001233222700779882
 8.394957587379064e-06
 0.001896436334837495
 0.002549778454291104
 0.0007209185820724619
 0.001233222700779882
 0.0003832101197161161
 0.004029110608443677
 0.001344025350812374
 0.0004345531884456216
 0.001233222700779882
 6.581720022803989e-05
 0.001896436334837495
 0.004029110608443677
 0.002549778454291104
 0.001233222700779882
 0.001233222700779882
 0.004029110608443677
 0.004029110608443677
 0.0004345531884456216
 0.001233222700779882
 0.0001776933997144348
 0.001896436334837495
 0.004029110608443677
 0.002549778454291104
 0.002549778454291104
 0.001233222700779882
 0.004029110608443677
 0.004029110608443677
 0.0004345531884456216
 0.001233222700779882
 0.001990879320970744
 0.004029110608443677
 0.004029110608443677
 0.002549778454291104
 0.002549778454291104
 0.002990515068727395
 0.004029110608443677
 0.004029110608443677
 0.0004345531884456216
 0.001233222700779882
 0.001990879320970744
 0.001896436334837495
 0.004029110608443677
 0.002549778454291104
 0.002549778454291104
 0.002990515068727395
 0.004029110608443677
 0.004029110608443677
 0.002990515068727395
 0.001233222700779882
 0.001990879320970744
 0.002990515068727395
 0.004029110608443677
 0.002549778454291104
 0.002549778454291104
 0.0006591803510244299
 0.004029110608443677
 0.004029110608443677
 0.002990515068727395
 0.001233222700779882
 0.001990879320970744
 0.002549778454291104
 0.004029110608443677
 0.002549778454291104
 0.002990515068727395
 0.002990515068727395
 0.004029110608443677
 0.004029110608443677
 0.002990515068727395
 0
 0.001990879320970744
 0.001896436334837495
 0.004029110608443677
 0.002549778454291104
 0.002549778454291104
 0.002990515068727395
 0
 0.004029110608443677
 0.002990515068727395
 0
 0.001990879320970744
 0.001896436334837495
 0
 0
 0.002549778454291104
 0.002990515068727395
 0
 0
 0.002990515068727395
 0
 0.001990879320970744
 0.001896436334837495
 0
 0
 0.002549778454291104
 0.002990515068727395
 0
 0
 0.004029110608443677
 0
 0
 0.001896436334837495
 0
 0
 0.002549778454291104
 0.002990515068727395
 0
 0
 0.004029110608443677
 0
 0
 0.001896436334837495
 0
 0
 0.002549778454291104
 0.004029110608443677
 0
 0
 0.004029110608443677
 0
 0
 0
 0
 0
 0.002549778454291104
 0.004029110608443677
 0
 0
 0.002990515068727395
 0
 0
 0
 0
 0
 0
 0.004029110608443677
 0
 0
 0.002990515068727395
 0
 0
 0
 0
 0
 0
 0.002990515068727395
 0
 0
 0.002990515068727395
 0
 0
 0
 0
 0
 0
 0.002990515068727395
 0
 0
 0.002990515068727395
 0
 0
 0
 0
 0
 0
 0.002990515068727395
 0
 0
 0
 0
 0
 0
 0
 0
 0
 0.002990515068727395
 0
 0
 0
 0
 0
 0
 0
 0
 0
 0
 0
 0
 0
 0
 0
 0
 0
 0
 0
 0
 0
 0
 0
 0
 0
 0
 0
 0
 0
 0
 0
 0
 0
 0
 0
 0
 0
 0
 0
 0
 0
 0
 0
 0
 0
 0
 0
 0
 0
 0
 0
 0
 0
 0
 0
 0
 0
 0
 0
 0
 0
 0
 0
 0
 0
 0
 0
 0
 0
 0
 0
 0
 0
 0
 0
