# Created by Octave 3.2.4, Mon Feb 04 09:29:43 2013 EST <rbom@zaphod>
# name: small_First_Fit
# type: matrix
# ndims: 3
 1 10 30
 2.054399011454179e-18
 3.087189690026339e-21
 4.440004201100874e-19
 1.359670152045536e-18
 2.602307071844356e-17
 3.475935348113933e-16
 2.968304915448199e-18
 4.048887758063875e-17
 1.172836545600109e-19
 1.133496820063359e-18
 4.360535525106354e-06
 4.429689877312015e-17
 6.464831986009868e-14
 5.743146052191149e-13
 2.852639374210425e-12
 1.83975758984531e-11
 4.486476700312825e-14
 6.437100365921838e-12
 1.649993608369219e-12
 3.641856897482353e-13
 0.0004468741011782419
 2.449261763779615e-12
 4.601891827559918e-09
 2.402253023208838e-08
 2.26521640988866e-08
 2.274089430211528e-06
 8.884146399366886e-11
 8.261576739659969e-10
 1.977298807747041e-09
 3.328933463382795e-08
 0.0004468741011782419
 7.177767322394901e-09
 1.455660545350695e-06
 0.001491662060932504
 7.245948285553476e-07
 0.0001031042864869049
 1.062293887612589e-06
 2.435262852043549e-06
 1.546867288079894e-06
 1.833369385805402e-06
 0.0004468741011782419
 9.710359710454292e-07
 1.455660545350695e-06
 0.01066803926492944
 5.033570403917787e-05
 0.0001031042864869049
 3.737422715938626e-05
 0.000240033015161199
 8.065590107672743e-05
 3.787365731670483e-06
 0.0004468741011782419
 0.0001248849233073164
 1.92590799383788e-05
 0.01066803926492944
 0.0002714648278768964
 0.0007368276378697466
 3.737422715938626e-05
 0.01066803926492944
 0.002384254011812774
 0.0001818755832263033
 0.0004468741011782419
 0.01066803926492944
 0.0002714648278768964
 0.01066803926492944
 0.001482859544567263
 0.0007368276378697466
 0.0006092849514182263
 0.01066803926492944
 0.002384254011812774
 0.0006092849514182263
 0.0004468741011782419
 0.01066803926492944
 0.0006092849514182263
 0.01066803926492944
 0.001482859544567263
 0.01066803926492944
 0.0006092849514182263
 0.01066803926492944
 0.002384254011812774
 0.0007368276378697466
 0.0004468741011782419
 0.01066803926492944
 0.001482859544567263
 0.01066803926492944
 0.001482859544567263
 0.01066803926492944
 0.0006092849514182263
 0.01066803926492944
 0.002384254011812774
 0.001391536704443701
 0.0004468741011782419
 0.01066803926492944
 0.001491662060932504
 0.01066803926492944
 0.001482859544567263
 0.01066803926492944
 0.0006092849514182263
 0.01066803926492944
 0.01066803926492944
 0.002384254011812774
 0.0004468741011782419
 0.01066803926492944
 0.01066803926492944
 0.01066803926492944
 0.001482859544567263
 0.01066803926492944
 0.0006092849514182263
 0.01066803926492944
 0.002384254011812774
 0.002384254011812774
 0.0004468741011782419
 0.01066803926492944
 0.01066803926492944
 0.01066803926492944
 0.001482859544567263
 0.01066803926492944
 0.001391536704443701
 0.01066803926492944
 0.002384254011812774
 0.001491662060932504
 0.0004468741011782419
 0.01066803926492944
 0.01066803926492944
 0.01066803926492944
 0.001482859544567263
 0.01066803926492944
 0.0006092849514182263
 0.01066803926492944
 0.002384254011812774
 0.001491662060932504
 0.0004468741011782419
 0.01066803926492944
 0.01066803926492944
 0.01066803926492944
 0.001482859544567263
 0.01066803926492944
 0.0009588321071694372
 0.01066803926492944
 0.002384254011812774
 0.001482859544567263
 0.0004468741011782419
 0.01066803926492944
 0.01066803926492944
 0.01066803926492944
 0.001482859544567263
 0.01066803926492944
 0.001491662060932504
 0.01066803926492944
 0.003051422015195861
 0.001482859544567263
 0.0004468741011782419
 0.01066803926492944
 0.01066803926492944
 0.01066803926492944
 0.001482859544567263
 0.01066803926492944
 0.001491662060932504
 0.01066803926492944
 0.002384254011812774
 0.001482859544567263
 0.0004468741011782419
 0.01066803926492944
 0.01066803926492944
 0.01066803926492944
 0.001482859544567263
 0.01066803926492944
 0.0009588321071694372
 0.01066803926492944
 0.002384254011812774
 0.001482859544567263
 0.0004468741011782419
 0.01066803926492944
 0.01066803926492944
 0.01066803926492944
 0.001482859544567263
 0.01066803926492944
 0.0009588321071694372
 0.01066803926492944
 0.002384254011812774
 0.001482859544567263
 0.0004468741011782419
 0.01066803926492944
 0.01066803926492944
 0.01066803926492944
 0.003051422015195861
 0.01066803926492944
 0.0006092849514182263
 0.01066803926492944
 0.002384254011812774
 0.001491662060932504
 0.0004468741011782419
 0.01066803926492944
 0.01066803926492944
 0.01066803926492944
 0.001482859544567263
 0.01066803926492944
 0.0006092849514182263
 0.01066803926492944
 0.002384254011812774
 0.001491662060932504
 0.0004468741011782419
 0.01066803926492944
 0.01066803926492944
 0.01066803926492944
 0.001482859544567263
 0.01066803926492944
 0.0006092849514182263
 0.01066803926492944
 0.002384254011812774
 0.001482859544567263
 0.0009588321071694372
 0.01066803926492944
 0.01066803926492944
 0.01066803926492944
 0.001482859544567263
 0.01066803926492944
 0.001491662060932504
 0.01066803926492944
 0.002384254011812774
 0.001482859544567263
 0.0009588321071694372
 0.01066803926492944
 0.01066803926492944
 0.01066803926492944
 0.001482859544567263
 0.01066803926492944
 0.0006092849514182263
 0.01066803926492944
 0.002384254011812774
 0.001482859544567263
 0.001491662060932504
 0.01066803926492944
 0.01066803926492944
 0.01066803926492944
 0.001482859544567263
 0.01066803926492944
 0.0006092849514182263
 0.01066803926492944
 0.002384254011812774
 0.001482859544567263
 0.0009588321071694372
 0.01066803926492944
 0.01066803926492944
 0.01066803926492944
 0.001482859544567263
 0.01066803926492944
 0.0006092849514182263
 0.01066803926492944
 0.002384254011812774
 0.001482859544567263
 0.001491662060932504
 0.01066803926492944
 0.01066803926492944
 0.01066803926492944
 0.001482859544567263
 0.01066803926492944
 0.0006092849514182263
 0.01066803926492944
 0.002384254011812774
 0.001482859544567263
 0.002384254011812774
 0.01066803926492944
 0.01066803926492944
 0.01066803926492944
 0.001482859544567263
 0.01066803926492944
 0.0009588321071694372
 0.01066803926492944
 0.002384254011812774
 0.001482859544567263
 0.002384254011812774
 0.01066803926492944
 0.01066803926492944
 0.01066803926492944
 0.001482859544567263
 0.01066803926492944
 0.001391536704443701
 0.01066803926492944
 0.002384254011812774
 0.001482859544567263
 0.002384254011812774
 0.01066803926492944
 0.01066803926492944
 0.01066803926492944
 0.001482859544567263
 0.01066803926492944
 0.001391536704443701
 0.01066803926492944
 0.002384254011812774
 0.003051422015195861
 0.01066803926492944
 0.01066803926492944
 0.01066803926492944
 0.01066803926492944
 0.001482859544567263
 0.01066803926492944
 0.001391536704443701
 0.01066803926492944
 0.002384254011812774
 0.003051422015195861
