# Created by Octave 3.2.4, Wed Feb 06 06:18:01 2013 EST <rbom@zaphod>
# name: small_First_Fit
# type: matrix
# ndims: 3
 1 10 30
 8.633133548788306e-07
 8.900873324934979e-07
 6.20207363611062e-07
 1.494457072046329e-07
 0.0002794344688161132
 3.656083980163783e-06
 2.084640681199524e-07
 2.654078000430932e-08
 6.66201197245218e-08
 1.842059400453663e-05
 2.352162776619468e-05
 0.0005916846358800009
 8.641504497608944e-05
 9.844185517054782e-05
 0.0005765912756089458
 0.0006311790412300661
 4.054969044676449e-05
 2.962868235184154e-05
 8.54427252515787e-05
 0.0006778993054930851
 0.0001901767791476175
 0.0221339524951305
 0.005326797790307865
 0.0126464821948624
 0.0007290501359122998
 0.04859229786439694
 0.0007910199393802933
 0.0004606063747710836
 0.00312485748018765
 0.008399417314052257
 0.01116984573867053
 0.09876850910497527
 0.03964041204041486
 0.09876850910497527
 0.02901557193313004
 0.06535313811428048
 0.001866055772015586
 0.001024569243486332
 0.008311609188726836
 0.008399417314052257
 0.05802036367373123
 0.06217757560613898
 0.05802036367373123
 0.108975856900272
 0.03356911949426486
 0.08622154794187571
 0.004608965494971582
 0.004742811502549663
 0.02077748559360525
 0.05690521592670787
 0.05802036367373123
 0.09876850910497527
 0.0930482771038319
 0.108975856900272
 0.05650610013782547
 0.108975856900272
 0.014488380190856
 0.051439124851826
 0.0409459620342788
 0.08622154794187571
 0.05802036367373123
 0.09876850910497527
 0.07436797596081592
 0.2111699905169451
 0.05650610013782547
 0.1369179590110844
 0.04040280728724636
 0.05650610013782547
 0.05246209570057696
 0.08622154794187571
 0.0930482771038319
 0.09876850910497527
 0.1089271435156277
 0.2111699905169451
 0.05650610013782547
 0.1369179590110844
 0.09876850910497527
 0.0930482771038319
 0.1089271435156277
 0.1369179590110844
 0.0930482771038319
 0.2111699905169451
 0.1089271435156277
 0.2111699905169451
 0.1369179590110844
 0.1369179590110844
 0.09876850910497527
 0.0930482771038319
 0.1089271435156277
 0.1369179590110844
 0.0930482771038319
 0.2111699905169451
 0.2111699905169451
 0.2111699905169451
 0.2111699905169451
 0.2111699905169451
 0.2111699905169451
 0.1167981386138154
 0.1167981386138154
 0.1369179590110844
 0.2111699905169451
 0.2111699905169451
 0.2111699905169451
 0.2111699905169451
 0.2111699905169451
 0.2111699905169451
 0.2111699905169451
 0.1369179590110844
 0.1167981386138154
 0.1369179590110844
 0.2111699905169451
 0.2111699905169451
 0.2111699905169451
 0.2111699905169451
 0.2111699905169451
 0.2111699905169451
 0.2111699905169451
 0.1369179590110844
 0.1167981386138154
 0.1369179590110844
 0.2111699905169451
 0.2111699905169451
 0.2111699905169451
 0.2111699905169451
 0.2111699905169451
 0.2111699905169451
 0.2111699905169451
 0.2111699905169451
 0.1369179590110844
 0.2111699905169451
 0.2111699905169451
 0.2111699905169451
 0.2111699905169451
 0
 0.2111699905169451
 0.2111699905169451
 0.2111699905169451
 0.1369179590110844
 0.1369179590110844
 0.2111699905169451
 0.2111699905169451
 0.2111699905169451
 0.2111699905169451
 0
 0.2111699905169451
 0.2111699905169451
 0.2111699905169451
 0.2111699905169451
 0.2111699905169451
 0.2111699905169451
 0.2111699905169451
 0
 0.2111699905169451
 0
 0.2111699905169451
 0.2111699905169451
 0.2111699905169451
 0.1369179590110844
 0.2111699905169451
 0.2111699905169451
 0.2111699905169451
 0
 0
 0
 0
 0
 0
 0.2111699905169451
 0.2111699905169451
 0.1369179590110844
 0
 0
 0
 0
 0
 0
 0
 0.2111699905169451
 0.2111699905169451
 0.2111699905169451
 0
 0
 0
 0
 0
 0
 0
 0.2111699905169451
 0.2111699905169451
 0.2111699905169451
 0
 0
 0
 0
 0
 0
 0
 0.2111699905169451
 0.2111699905169451
 0.2111699905169451
 0
 0
 0
 0
 0
 0
 0
 0.2111699905169451
 0.2111699905169451
 0.2111699905169451
 0
 0
 0
 0
 0
 0
 0
 0.2111699905169451
 0
 0.2111699905169451
 0
 0
 0
 0
 0
 0
 0
 0.2111699905169451
 0
 0.2111699905169451
 0
 0
 0
 0
 0
 0
 0
 0
 0
 0.2111699905169451
 0
 0
 0
 0
 0
 0
 0
 0
 0
 0
 0
 0
 0
 0
 0
 0
 0
 0
 0
 0
 0
 0
 0
 0
 0
 0
 0
 0
 0
 0
 0
 0
 0
 0
 0
 0
 0
 0
 0
 0
 0
 0
 0
 0
 0
 0
 0
 0
 0
 0
 0
 0
 0
 0
 0
 0
 0
 0
 0
 0
