# Created by Octave 3.2.4, Sun Feb 03 22:30:07 2013 EST <rbom@zaphod>
# name: small_First_Fit
# type: matrix
# ndims: 3
 1 10 30
 3.724626966505158e-23
 3.606546168707472e-16
 8.511601566627267e-25
 1.004361162625736e-22
 8.320682565669269e-22
 1.38203483534385e-18
 7.37984724786993e-20
 4.183531467278215e-21
 2.066593583586864e-24
 1.650362357662619e-24
 2.175446211302769e-13
 1.839828039857224e-08
 1.041264306411102e-16
 6.202686791609908e-17
 1.70532287052873e-16
 8.864253285114522e-12
 1.838852071804103e-15
 2.149065305941752e-14
 1.032443416673948e-15
 3.867760247128645e-21
 1.315633455550759e-08
 7.16082511928693e-07
 2.840583702105446e-10
 6.772428083238561e-11
 1.712292364139328e-12
 4.605417733932323e-08
 1.489553961102731e-10
 3.214185985651723e-09
 3.467180257257113e-11
 5.327233558655969e-16
 0.0002732032643038374
 0.006193797277782967
 5.668942796398868e-07
 6.090077638638308e-07
 8.707588599683123e-06
 0.0001050319545585158
 1.339476519000871e-06
 1.593458126708212e-06
 1.339476519000871e-06
 1.657538629777355e-10
 0.0002732032643038374
 0.006193797277782967
 5.995893414338269e-05
 0.0008353494623945407
 0.01876275098153895
 0.007213283427920648
 0.007213283427920648
 0.0001685338101714365
 1.974827208766901e-05
 1.022313927281784e-07
 0.01876275098153895
 0.007213283427920648
 0.004117780637610887
 0.0008353494623945407
 0.01876275098153895
 0.007213283427920648
 0.007213283427920648
 0.0001685338101714365
 0.007213283427920648
 5.995893414338269e-05
 0.01876275098153895
 0.006193797277782967
 0.004117780637610887
 0.0008353494623945407
 0.01876275098153895
 0.007213283427920648
 0.007213283427920648
 0.007213283427920648
 0.007213283427920648
 0.004117780637610887
 0.01876275098153895
 0.006193797277782967
 0.004117780637610887
 0.0008353494623945407
 0.01876275098153895
 0.007213283427920648
 0.007213283427920648
 0.007213283427920648
 0.007213283427920648
 0.004117780637610887
 0.01876275098153895
 0.006193797277782967
 0.004117780637610887
 0.0008353494623945407
 0.01876275098153895
 0.007213283427920648
 0.007213283427920648
 0.007213283427920648
 0.007213283427920648
 0.004117780637610887
 0.01876275098153895
 0.006193797277782967
 0.006193797277782967
 0.0008353494623945407
 0.01876275098153895
 0.007213283427920648
 0.007213283427920648
 0.007213283427920648
 0.007213283427920648
 0.004117780637610887
 0.01876275098153895
 0.006193797277782967
 0.006193797277782967
 0.0008353494623945407
 0.01876275098153895
 0.007213283427920648
 0.01876275098153895
 0.007213283427920648
 0.007213283427920648
 0.004117780637610887
 0.01876275098153895
 0.006193797277782967
 0.006193797277782967
 0.0008353494623945407
 0.01876275098153895
 0.007213283427920648
 0.01876275098153895
 0.007213283427920648
 0.007213283427920648
 0.004117780637610887
 0.01876275098153895
 0.006193797277782967
 0.006193797277782967
 0.007213283427920648
 0.01876275098153895
 0.007213283427920648
 0.007213283427920648
 0.007213283427920648
 0.007213283427920648
 0.004117780637610887
 0.01876275098153895
 0.006193797277782967
 0.006193797277782967
 0.01876275098153895
 0.01876275098153895
 0.007213283427920648
 0.007213283427920648
 0.007213283427920648
 0.007213283427920648
 0.006193797277782967
 0.01876275098153895
 0.01876275098153895
 0.007213283427920648
 0.01876275098153895
 0.01876275098153895
 0.01876275098153895
 0.007213283427920648
 0.007213283427920648
 0.007213283427920648
 0.006193797277782967
 0.01876275098153895
 0.01876275098153895
 0.007213283427920648
 0.01876275098153895
 0.01876275098153895
 0.01876275098153895
 0.007213283427920648
 0.007213283427920648
 0.007213283427920648
 0.004117780637610887
 0.01876275098153895
 0.01876275098153895
 0.007213283427920648
 0.01876275098153895
 0.01876275098153895
 0.01876275098153895
 0.01876275098153895
 0.007213283427920648
 0.007213283427920648
 0.004117780637610887
 0.01876275098153895
 0.01876275098153895
 0.007213283427920648
 0.01876275098153895
 0.01876275098153895
 0.01876275098153895
 0.01876275098153895
 0.007213283427920648
 0.007213283427920648
 0.004117780637610887
 0.01876275098153895
 0.01876275098153895
 0.007213283427920648
 0.01876275098153895
 0.01876275098153895
 0.01876275098153895
 0.01876275098153895
 0.007213283427920648
 0.007213283427920648
 0.006193797277782967
 0.01876275098153895
 0.01876275098153895
 0.01876275098153895
 0.01876275098153895
 0.01876275098153895
 0.01876275098153895
 0.01876275098153895
 0.007213283427920648
 0.007213283427920648
 0.004117780637610887
 0.01876275098153895
 0.01876275098153895
 0.01876275098153895
 0.01876275098153895
 0.01876275098153895
 0.01876275098153895
 0.01876275098153895
 0.007213283427920648
 0.007213283427920648
 0.004117780637610887
 0.01876275098153895
 0.01876275098153895
 0.01876275098153895
 0.01876275098153895
 0.01876275098153895
 0.01876275098153895
 0.01876275098153895
 0.007213283427920648
 0.007213283427920648
 0.004117780637610887
 0.01876275098153895
 0.01876275098153895
 0.01876275098153895
 0.01876275098153895
 0.01876275098153895
 0.01876275098153895
 0.01876275098153895
 0.007213283427920648
 0.007213283427920648
 0.004117780637610887
 0.01876275098153895
 0.01876275098153895
 0.01876275098153895
 0.01876275098153895
 0.01876275098153895
 0.01876275098153895
 0.01876275098153895
 0.01876275098153895
 0.007213283427920648
 0.004117780637610887
 0.01876275098153895
 0.01876275098153895
 0.01876275098153895
 0.01876275098153895
 0.01876275098153895
 0.01876275098153895
 0.01876275098153895
 0.01876275098153895
 0.007213283427920648
 0.004117780637610887
 0.01876275098153895
 0.01876275098153895
 0.01876275098153895
 0.01876275098153895
 0.01876275098153895
 0.01876275098153895
 0.01876275098153895
 0.01876275098153895
 0.007213283427920648
 0.004117780637610887
 0.01876275098153895
 0.01876275098153895
 0.01876275098153895
 0.01876275098153895
 0.01876275098153895
 0.01876275098153895
 0.01876275098153895
 0.01876275098153895
 0.007213283427920648
 0.01876275098153895
 0.01876275098153895
 0.01876275098153895
 0.01876275098153895
 0.01876275098153895
 0.01876275098153895
 0.01876275098153895
 0.01876275098153895
 0.01876275098153895
 0.007213283427920648
 0.01876275098153895
 0.01876275098153895
 0.01876275098153895
 0.01876275098153895
 0.01876275098153895
 0.01876275098153895
 0.01876275098153895
 0.01876275098153895
 0.01876275098153895
 0.007213283427920648
 0.01876275098153895
 0.01876275098153895
 0.01876275098153895
 0.01876275098153895
 0.01876275098153895
 0.01876275098153895
 0.01876275098153895
 0.01876275098153895
 0.01876275098153895
 0.007213283427920648
 0.01876275098153895
