# Created by Octave 3.2.4, Wed Feb 06 04:38:52 2013 EST <rbom@zaphod>
# name: small_First_Fit
# type: matrix
# ndims: 3
 1 10 30
 6.550555899473949e-08
 1.803352253868683e-09
 6.387301054306258e-07
 1.617765079401506e-07
 8.583272766745404e-08
 1.179618189143298e-07
 3.235797883175969e-09
 7.031688150706445e-07
 5.190617617937194e-09
 8.277320175791969e-11
 1.694560047443869e-06
 6.499887701244562e-07
 1.583051463256736e-05
 1.180402510672743e-05
 0.0005024199218509226
 1.934455331818687e-05
 2.095937880237177e-06
 2.165624539182186e-05
 3.459800293565281e-06
 5.976368889317057e-07
 5.02563896460902e-05
 0.0002381323391007619
 0.0007395422262001584
 8.351372545883955e-05
 0.00672908368011925
 0.0005024199218509226
 4.893563515125619e-05
 0.0004358838126621844
 9.224041244519026e-05
 0.0003884003431475423
 0.0004727935273284852
 0.00197182212865934
 0.0007395422262001584
 0.001793986167086291
 0.0072213410373491
 0.003158087067162709
 0.00116581751610253
 0.002182947959471344
 0.00116581751610253
 0.0072213410373491
 0.002119053284772312
 0.01536231719247164
 0.0007395422262001584
 0.002104542879777844
 0.0072213410373491
 0.003158087067162709
 0.006238638109950381
 0.004875721302448667
 0.005897019091893952
 0.01545951845339137
 0.003045644285219954
 0.01536231719247164
 0.0007395422262001584
 0.002018529021359153
 0.01420803262926886
 0.01420803262926886
 0.01047922147720127
 0.008421356345816432
 0.01536231719247164
 0.01545951845339137
 0.004505694397567078
 0.01536231719247164
 0.01182674854172919
 0.01485152405780445
 0.01420803262926886
 0.01420803262926886
 0.01047922147720127
 0.008421356345816432
 0.01536231719247164
 0.02464972811624117
 0.004875721302448667
 0.01536231719247164
 0.01382302204080272
 0.02316887757054921
 0.01420803262926886
 0.01565447546593301
 0.01545951845339137
 0.008421356345816432
 0.02316887757054921
 0.02464972811624117
 0.01545951845339137
 0.02316887757054921
 0.01485152405780445
 0.02316887757054921
 0.01420803262926886
 0.01565447546593301
 0.01545951845339137
 0.008421356345816432
 0.02464972811624117
 0.02464972811624117
 0.01565447546593301
 0.02464972811624117
 0.01485152405780445
 0.02316887757054921
 0.01565447546593301
 0.01565447546593301
 0.01545951845339137
 0.008421356345816432
 0.02316887757054921
 0.02464972811624117
 0.01545951845339137
 0.02464972811624117
 0.01485152405780445
 0.02464972811624117
 0.01565447546593301
 0.01420803262926886
 0.02464972811624117
 0.01420803262926886
 0.02316887757054921
 0.02464972811624117
 0.01545951845339137
 0.02464972811624117
 0.01485152405780445
 0.02464972811624117
 0.01565447546593301
 0.01565447546593301
 0.02464972811624117
 0.01420803262926886
 0.02316887757054921
 0.02464972811624117
 0.02464972811624117
 0.02464972811624117
 0.01427153947128437
 0.02316887757054921
 0.01565447546593301
 0.01565447546593301
 0.02464972811624117
 0.01420803262926886
 0.02464972811624117
 0.02464972811624117
 0.02464972811624117
 0.02464972811624117
 0.01485152405780445
 0.02464972811624117
 0.01565447546593301
 0.01565447546593301
 0.02464972811624117
 0.01420803262926886
 0.02316887757054921
 0
 0.02464972811624117
 0.02464972811624117
 0.01485152405780445
 0.02464972811624117
 0.01565447546593301
 0.01565447546593301
 0.02464972811624117
 0.01565447546593301
 0.02316887757054921
 0
 0.02464972811624117
 0.02464972811624117
 0.01485152405780445
 0.02464972811624117
 0.01565447546593301
 0.01565447546593301
 0.02464972811624117
 0.01565447546593301
 0.02464972811624117
 0
 0.02464972811624117
 0
 0.01485152405780445
 0.02464972811624117
 0
 0.01565447546593301
 0.02464972811624117
 0.01565447546593301
 0.02464972811624117
 0
 0.02464972811624117
 0
 0.02464972811624117
 0.02464972811624117
 0
 0.02464972811624117
 0
 0.01565447546593301
 0.02464972811624117
 0
 0.02464972811624117
 0
 0.02464972811624117
 0.02464972811624117
 0
 0.02464972811624117
 0
 0.01565447546593301
 0.02464972811624117
 0
 0
 0
 0.02464972811624117
 0.02464972811624117
 0
 0.02464972811624117
 0
 0.01565447546593301
 0.02464972811624117
 0
 0
 0
 0.02464972811624117
 0
 0
 0.02464972811624117
 0
 0.01565447546593301
 0.02464972811624117
 0
 0
 0
 0.02464972811624117
 0
 0
 0.02464972811624117
 0
 0
 0.02464972811624117
 0
 0
 0
 0.02464972811624117
 0
 0
 0.02464972811624117
 0
 0
 0
 0
 0
 0
 0.02464972811624117
 0
 0
 0.02464972811624117
 0
 0
 0
 0
 0
 0
 0
 0
 0
 0
 0
 0
 0
 0
 0
 0
 0
 0
 0
 0
 0
 0
 0
 0
 0
 0
 0
 0
 0
 0
 0
 0
 0
 0
 0
 0
 0
 0
 0
 0
 0
 0
 0
 0
 0
 0
 0
 0
 0
 0
 0
 0
 0
 0
 0
 0
 0
 0
 0
 0
 0
 0
 0
 0
