# Created by Octave 3.2.4, Tue Feb 05 12:15:43 2013 EST <rbom@zaphod>
# name: small_First_Fit
# type: matrix
# ndims: 3
 1 10 30
 2.998950830121511e-15
 1.527158971603608e-12
 2.585814807194631e-08
 1.354287146015628e-14
 2.472615993864198e-15
 1.656923798388598e-13
 1.123064018429064e-12
 8.115651585878178e-12
 2.105683196045734e-11
 4.08283666576582e-12
 6.797809052197632e-11
 1.952883706690634e-08
 2.868108297327748e-06
 4.769786804780075e-11
 4.581771746181444e-08
 9.332020854844881e-09
 6.607129196610463e-10
 3.71509241351216e-08
 1.224789237195714e-07
 9.018915103367591e-10
 4.026905356687581e-07
 1.108073239999176e-06
 3.441696934461606e-05
 5.97500480832385e-06
 4.005926062600176e-06
 4.479824078971737e-07
 3.250306136916242e-07
 4.85865676281741e-06
 2.052815845794658e-05
 6.106568236508431e-08
 4.815341902159972e-05
 0.001029463787610127
 0.002456845524941001
 0.0001097272130476308
 7.038763864897528e-06
 1.666294566306549e-05
 6.502612397886318e-05
 0.0001700626966296143
 0.0005260807778972291
 2.384773514732888e-06
 0.0004476208910060003
 0.008292870567392356
 0.002456845524941001
 0.0001080089447219193
 8.410098634951717e-05
 0.0003309793518126483
 0.0001981701451245225
 0.0006247166537443211
 0.0006247166537443211
 0.0003876612832826873
 0.004426396784722777
 0.008292870567392356
 0.002456845524941001
 0.0001097272130476308
 0.0002835249377025586
 0.001897651653337645
 0.001182436256223193
 0.004008599120446412
 0.009543593933009731
 0.004158630525088246
 0.004426396784722777
 0.01145256669864612
 0.004158630525088246
 0.0001097272130476308
 0.002456845524941001
 0.001897651653337645
 0.001439893496744678
 0.01145256669864612
 0.009543593933009731
 0.004158630525088246
 0.004426396784722777
 0.01145256669864612
 0.003469409830166914
 0.0001239415785863804
 0.002456845524941001
 0.003469409830166914
 0.001439893496744678
 0.01145256669864612
 0.009543593933009731
 0.004158630525088246
 0.004426396784722777
 0.01145256669864612
 0.008292870567392356
 0.0005260807778972291
 0.002456845524941001
 0.004158630525088246
 0.001439893496744678
 0.01145256669864612
 0.009543593933009731
 0.004158630525088246
 0.004426396784722777
 0.01145256669864612
 0.008292870567392356
 0.0002851036446842703
 0.004008599120446412
 0.008292870567392356
 0.001706208568981454
 0.01145256669864612
 0.009543593933009731
 0.004158630525088246
 0.004426396784722777
 0.01145256669864612
 0.008292870567392356
 0.0005260807778972291
 0.004008599120446412
 0.008292870567392356
 0.004008599120446412
 0.01145256669864612
 0.009543593933009731
 0.004158630525088246
 0.004426396784722777
 0.01145256669864612
 0.008292870567392356
 0.001579499283446278
 0.004008599120446412
 0.008292870567392356
 0.006857376549811788
 0.01145256669864612
 0.009543593933009731
 0.009543593933009731
 0
 0.01145256669864612
 0.008292870567392356
 0.01145256669864612
 0.004008599120446412
 0.01145256669864612
 0.01145256669864612
 0.01145256669864612
 0
 0.009543593933009731
 0
 0
 0.008292870567392356
 0.01145256669864612
 0.01145256669864612
 0.01145256669864612
 0.01145256669864612
 0
 0
 0.009543593933009731
 0
 0
 0.01145256669864612
 0.01145256669864612
 0.01145256669864612
 0.01145256669864612
 0.01145256669864612
 0
 0
 0.009543593933009731
 0
 0
 0.01145256669864612
 0.01145256669864612
 0.01145256669864612
 0.01145256669864612
 0.01145256669864612
 0
 0
 0.009543593933009731
 0
 0
 0.01145256669864612
 0.01145256669864612
 0.01145256669864612
 0.01145256669864612
 0.01145256669864612
 0
 0
 0.009543593933009731
 0
 0
 0.01145256669864612
 0.01145256669864612
 0.01145256669864612
 0.01145256669864612
 0.01145256669864612
 0
 0
 0.009543593933009731
 0
 0
 0.01145256669864612
 0.01145256669864612
 0.01145256669864612
 0.01145256669864612
 0.01145256669864612
 0
 0
 0
 0
 0
 0.01145256669864612
 0
 0.01145256669864612
 0
 0
 0
 0
 0
 0
 0
 0.01145256669864612
 0
 0
 0
 0
 0
 0
 0
 0
 0
 0
 0
 0
 0
 0
 0
 0
 0
 0
 0
 0
 0
 0
 0
 0
 0
 0
 0
 0
 0
 0
 0
 0
 0
 0
 0
 0
 0
 0
 0
 0
 0
 0
 0
 0
 0
 0
 0
 0
 0
 0
 0
 0
 0
 0
 0
 0
 0
 0
 0
 0
 0
 0
 0
 0
 0
 0
 0
 0
 0
 0
 0
 0
 0
 0
 0
 0
 0
 0
 0
 0
 0
 0
 0
 0
 0
 0
 0
 0
 0
 0
 0
 0
 0
 0
 0
 0
 0
