# Created by Octave 3.2.4, Mon Feb 04 17:54:50 2013 EST <rbom@zaphod>
# name: small_First_Fit
# type: matrix
# ndims: 3
 1 10 30
 3.886238581572803e-18
 4.337695908318771e-11
 1.173181054803969e-17
 6.425050274516933e-12
 1.398228590078603e-13
 1.200849271291167e-13
 7.043679297091642e-19
 3.970198236428933e-15
 7.548548762309278e-17
 7.350414278469706e-19
 3.864722712914795e-12
 6.172330947323155e-08
 1.123655669089442e-13
 1.977278312992013e-09
 9.715383714016521e-10
 1.948746702537133e-10
 4.436144994872858e-14
 1.767571857551104e-10
 1.177962440995606e-13
 3.513928027654389e-15
 2.675378100696933e-09
 6.023378518151865e-06
 2.324471345930757e-10
 6.251643027951409e-06
 2.952495378126972e-07
 8.636743750593666e-08
 1.461374645941374e-08
 5.644987242630362e-08
 2.881318313578329e-09
 3.851733176218285e-08
 8.502930176295659e-07
 0.0005658257830143579
 1.259643285423295e-07
 0.0001399835609374236
 2.090283655699018e-05
 8.29927959631176e-06
 1.1431063736105e-06
 4.278783963683116e-06
 1.077456786502956e-08
 6.213846284935712e-07
 6.384539103179212e-05
 0.0005658257830143579
 1.188718999906407e-05
 0.0002299268724025512
 2.736426105670631e-05
 0.0002299268724025512
 1.1431063736105e-06
 7.382741582779812e-05
 3.91750750778345e-07
 7.460647940436707e-06
 0.0005658257830143579
 0.0005658257830143579
 8.069011121447416e-05
 0.0002299268724025512
 4.658755606381641e-05
 0.0002299268724025512
 5.156835939508489e-05
 7.382741582779812e-05
 3.91750750778345e-07
 6.384539103179212e-05
 0.0005658257830143579
 0.0005658257830143579
 8.069011121447416e-05
 0.0005418267938626675
 2.736426105670631e-05
 0.0002299268724025512
 5.156835939508489e-05
 0.0001399835609374236
 6.59038266713046e-06
 0.0002840249393989347
 0.0005658257830143579
 0.0005658257830143579
 8.069011121447416e-05
 0.0005418267938626675
 9.0946716139292e-05
 0.0002299268724025512
 5.156835939508489e-05
 0.0005658257830143579
 6.59038266713046e-06
 0.0002840249393989347
 0.0005658257830143579
 0.0005658257830143579
 0.0001085776183947047
 0.0005418267938626675
 9.0946716139292e-05
 0.0002299268724025512
 5.21439132474712e-05
 0.0005658257830143579
 6.59038266713046e-06
 0.0002840249393989347
 0.0005658257830143579
 0.0005658257830143579
 0.0005658257830143579
 0.0005418267938626675
 9.0946716139292e-05
 0.0002299268724025512
 5.156835939508489e-05
 0.0005658257830143579
 6.59038266713046e-06
 0.0002840249393989347
 0.0005658257830143579
 0
 0.0005658257830143579
 0.0005418267938626675
 0.0005418267938626675
 0.0002299268724025512
 0.0001135154805610646
 0.0005658257830143579
 1.678275923496955e-05
 0.0002840249393989347
 0.0005658257830143579
 0
 0.0005658257830143579
 0.0005418267938626675
 0.0005418267938626675
 0
 5.156835939508489e-05
 0.0005658257830143579
 1.678275923496955e-05
 0.0002840249393989347
 0
 0
 0.0005658257830143579
 0.0002299268724025512
 0.0005418267938626675
 0
 0.0001135154805610646
 0.0005658257830143579
 0.0001150170501558192
 0.0002840249393989347
 0
 0
 0.0005658257830143579
 0
 0.0005658257830143579
 0
 0.0001135154805610646
 0.0005658257830143579
 0.0001150170501558192
 0
 0
 0
 0.0005658257830143579
 0
 0.0005418267938626675
 0
 0.0001135154805610646
 0
 0.0001150170501558192
 0
 0
 0
 0.0005658257830143579
 0
 0.0005418267938626675
 0
 0.0001135154805610646
 0
 0.0001150170501558192
 0
 0
 0
 0
 0
 0.0005418267938626675
 0
 0.0001135154805610646
 0
 0.0001150170501558192
 0
 0
 0
 0
 0
 0.0005418267938626675
 0
 0.0001135154805610646
 0
 0.0001150170501558192
 0
 0
 0
 0
 0
 0.0005418267938626675
 0
 0.0002479771230826882
 0
 0.0001150170501558192
 0
 0
 0
 0
 0
 0.0005418267938626675
 0
 0.0002479771230826882
 0
 0
 0
 0
 0
 0
 0
 0
 0
 0.0001135154805610646
 0
 0
 0
 0
 0
 0
 0
 0
 0
 0.0001135154805610646
 0
 0
 0
 0
 0
 0
 0
 0
 0
 0.0001135154805610646
 0
 0
 0
 0
 0
 0
 0
 0
 0
 0.0001135154805610646
 0
 0
 0
 0
 0
 0
 0
 0
 0
 0.0001135154805610646
 0
 0
 0
 0
 0
 0
 0
 0
 0
 0
 0
 0
 0
 0
 0
 0
 0
 0
 0
 0
 0
 0
 0
 0
 0
 0
 0
 0
 0
 0
 0
 0
 0
 0
 0
 0
 0
 0
 0
 0
 0
 0
 0
 0
 0
 0
 0
 0
 0
 0
 0
 0
 0
