# Created by Octave 3.2.4, Tue Feb 05 02:11:49 2013 EST <rbom@zaphod>
# name: small_First_Fit
# type: matrix
# ndims: 3
 1 10 30
 1.251617420499471e-19
 2.182276301777138e-13
 2.966928171394913e-16
 3.060680456628451e-16
 7.92208983269021e-15
 3.363240331806754e-19
 4.094387326811911e-19
 2.052524233286407e-20
 3.955090518950947e-14
 6.163546659863594e-15
 3.818327078371257e-15
 1.331119063964868e-09
 1.876455742642236e-10
 7.39610716789724e-12
 1.430301489873312e-11
 5.319399013088415e-12
 1.693970757332052e-13
 1.447296498430079e-14
 7.639748882503157e-11
 8.44650799929983e-11
 1.128280678566685e-09
 1.520794440043672e-06
 3.929818452829236e-05
 3.481091675671699e-07
 1.048478953772314e-07
 1.142016786224131e-08
 1.097198771530511e-07
 4.22716882569726e-10
 2.446353574390691e-06
 5.54291087750892e-08
 4.895194442235302e-07
 2.695668727726157e-05
 0.0007143925996665407
 4.981401191297781e-05
 6.942185706456859e-05
 7.110640521727024e-05
 0.0001129175408714954
 3.265465083971784e-07
 0.005334277670890796
 2.785406952670245e-06
 8.164198344585246e-05
 0.0002239670614508542
 0.0007143925996665407
 0.001821276360902759
 0.006808846684082406
 7.110640521727024e-05
 0.001483508641650902
 1.42065904427421e-05
 0.006808846684082406
 0.0008352210092267226
 0.005334277670890796
 0.001761115907360572
 0.001112976647905604
 0.002204714180448303
 0.008816685399974733
 0.008816685399974733
 0.001483508641650902
 0.001821276360902759
 0.006808846684082406
 0.008816685399974733
 0.006808846684082406
 0.00187009140658685
 0.001112976647905604
 0.002204714180448303
 0.008816685399974733
 0.008816685399974733
 0.005334277670890796
 0.002204714180448303
 0.008816685399974733
 0.001906828619201823
 0.005334277670890796
 0.00187009140658685
 0.001112976647905604
 0.005334277670890796
 0.008816685399974733
 0.008816685399974733
 0.006808846684082406
 0.002204714180448303
 0.008816685399974733
 0.001906828619201823
 0.006808846684082406
 0.00187009140658685
 0.001112976647905604
 0.005334277670890796
 0.008816685399974733
 0.008816685399974733
 0.006808846684082406
 0.002204714180448303
 0.008816685399974733
 0.001906828619201823
 0.006808846684082406
 0.00187009140658685
 0.001112976647905604
 0.005334277670890796
 0.008816685399974733
 0.008816685399974733
 0.008816685399974733
 0.002204714180448303
 0.008816685399974733
 0.002204714180448303
 0.006808846684082406
 0.00187009140658685
 0.005334277670890796
 0.006808846684082406
 0.008816685399974733
 0.008816685399974733
 0.008816685399974733
 0.002204714180448303
 0.008816685399974733
 0.002204714180448303
 0.006808846684082406
 0.005334277670890796
 0.005334277670890796
 0.006808846684082406
 0.008816685399974733
 0.008816685399974733
 0.006808846684082406
 0.002204714180448303
 0.008816685399974733
 0.008816685399974733
 0.008816685399974733
 0.00187009140658685
 0.001112976647905604
 0.006808846684082406
 0
 0
 0.008816685399974733
 0.002204714180448303
 0.008816685399974733
 0.008816685399974733
 0.006808846684082406
 0.00187009140658685
 0.005334277670890796
 0.008816685399974733
 0
 0
 0.008816685399974733
 0
 0
 0.008816685399974733
 0.006808846684082406
 0.00187009140658685
 0.008816685399974733
 0.008816685399974733
 0
 0
 0.008816685399974733
 0
 0
 0.008816685399974733
 0.006808846684082406
 0.00187009140658685
 0.008816685399974733
 0.006808846684082406
 0
 0
 0.008816685399974733
 0
 0
 0.008816685399974733
 0.006808846684082406
 0.00187009140658685
 0.008816685399974733
 0.006808846684082406
 0
 0
 0.008816685399974733
 0
 0
 0.008816685399974733
 0.006808846684082406
 0.00187009140658685
 0.008816685399974733
 0.006808846684082406
 0
 0
 0.006808846684082406
 0
 0
 0.008816685399974733
 0.008816685399974733
 0
 0.008816685399974733
 0.006808846684082406
 0
 0
 0.006808846684082406
 0
 0
 0
 0.008816685399974733
 0
 0.008816685399974733
 0.006808846684082406
 0
 0
 0
 0
 0
 0
 0.008816685399974733
 0
 0.008816685399974733
 0
 0
 0
 0
 0
 0
 0
 0.008816685399974733
 0
 0
 0
 0
 0
 0
 0
 0
 0
 0.006808846684082406
 0
 0
 0
 0
 0
 0
 0
 0
 0
 0.008816685399974733
 0
 0
 0
 0
 0
 0
 0
 0
 0
 0.008816685399974733
 0
 0
 0
 0
 0
 0
 0
 0
 0
 0.008816685399974733
 0
 0
 0
 0
 0
 0
 0
 0
 0
 0.008816685399974733
 0
 0
 0
 0
 0
 0
 0
 0
 0
 0.008816685399974733
 0
 0
 0
 0
 0
 0
 0
 0
 0
 0.008816685399974733
 0
 0
 0
 0
 0
 0
 0
 0
 0
 0.008816685399974733
 0
 0
 0
 0
 0
 0
 0
 0
 0
