# Created by Octave 3.2.4, Tue Feb 05 13:59:14 2013 EST <rbom@zaphod>
# name: small_First_Fit
# type: matrix
# ndims: 3
 1 10 30
 3.148704434575393e-13
 8.355993072251599e-19
 3.839257157892038e-17
 3.899846318294705e-14
 7.01781228617416e-11
 2.680730406616235e-17
 6.314285138642915e-16
 1.033660879666681e-12
 9.306062200700825e-14
 6.378501506561767e-14
 1.656161895335386e-10
 1.020981975669697e-12
 7.590251830958046e-10
 1.134645306406438e-10
 1.18850596013287e-06
 1.05309954633334e-12
 4.603035826750907e-13
 3.501959548750073e-09
 1.342048061618416e-11
 1.383843626305881e-11
 4.251207544131628e-07
 7.339444665761006e-10
 3.280198524446223e-06
 6.736918811949302e-07
 3.098405286956837e-06
 2.734373392812057e-07
 1.087811631379621e-09
 3.066295137507569e-07
 1.479172169390455e-09
 3.966566084143042e-08
 5.378151682388187e-05
 1.573077768203473e-07
 5.835907016488102e-05
 3.438336519255273e-05
 8.988473808015692e-05
 2.527424201686855e-05
 1.395226807295867e-06
 1.800620282626521e-05
 8.462861114353142e-07
 0.0002279686779703082
 6.993602076032531e-05
 4.96144758968858e-06
 0.0001274064470427558
 0.0002988017647099707
 0.0002880470358317755
 0.0002575602792764339
 0.0001136208951776413
 0.0002988017647099707
 2.113347129115715e-05
 0.0003652783531233223
 9.990021882310829e-05
 2.463939990801164e-05
 5.835907016488102e-05
 0.001176360526568606
 0.0002880470358317755
 0.0002575602792764339
 0.0001136208951776413
 0.0002988017647099707
 4.619425586874923e-05
 0.0003652783531233223
 9.990021882310829e-05
 7.203709846497569e-05
 0.00031130253184562
 0.001176360526568606
 0.0002880470358317755
 0.0002575602792764339
 0.0001136208951776413
 0.0005288861535379824
 0.0001092889276458516
 0.0003652783531233223
 9.990021882310829e-05
 7.203709846497569e-05
 0.00031130253184562
 0.001176360526568606
 0.0002880470358317755
 0.0002575602792764339
 0.0001136208951776413
 0.0002988017647099707
 0.0002575602792764339
 0.0005288861535379824
 9.990021882310829e-05
 7.203709846497569e-05
 0.00031130253184562
 0.001176360526568606
 0.0003652783531233223
 0.0002575602792764339
 0.0001136208951776413
 0.0002988017647099707
 0.0002575602792764339
 0.0003652783531233223
 0.00031130253184562
 0.0001136208951776413
 0.001176360526568606
 0.001176360526568606
 0.0002880470358317755
 0.0002575602792764339
 0.000134530522640375
 0.0002988017647099707
 0.0002575602792764339
 0.00031130253184562
 9.990021882310829e-05
 0.0001136208951776413
 0.001176360526568606
 0.001176360526568606
 0.001176360526568606
 0.0002575602792764339
 0.0001136208951776413
 0.00031130253184562
 0.0002279686779703082
 0.00031130253184562
 0.00031130253184562
 7.203709846497569e-05
 0.001176360526568606
 0.001176360526568606
 0.0005288861535379824
 0
 0.0001136208951776413
 0.0002988017647099707
 0.001176360526568606
 0.0005288861535379824
 6.993602076032531e-05
 7.203709846497569e-05
 0.001176360526568606
 0
 0.0005288861535379824
 0
 0.0001136208951776413
 0.0002988017647099707
 0.001176360526568606
 0.0005288861535379824
 0.00031130253184562
 7.203709846497569e-05
 0.001176360526568606
 0
 0.0002880470358317755
 0
 0.0001136208951776413
 0.0002988017647099707
 0.001176360526568606
 0.00031130253184562
 0.00031130253184562
 7.203709846497569e-05
 0.001176360526568606
 0
 0.0002880470358317755
 0
 0.0001136208951776413
 0.0002988017647099707
 0.001176360526568606
 0.00031130253184562
 0.00031130253184562
 7.203709846497569e-05
 0.001176360526568606
 0
 0.0002880470358317755
 0
 0.0001136208951776413
 0.0002988017647099707
 0.001176360526568606
 0.00031130253184562
 0.00031130253184562
 0
 0
 0
 0.0002880470358317755
 0
 0
 0.0002988017647099707
 0.001176360526568606
 0.001176360526568606
 0.0003652783531233223
 0
 0
 0
 0
 0
 0
 0
 0.001176360526568606
 0.001176360526568606
 0.0003652783531233223
 0
 0
 0
 0
 0
 0
 0
 0
 0.001176360526568606
 0.0003652783531233223
 0
 0
 0
 0
 0
 0
 0
 0
 0.001176360526568606
 0.0003652783531233223
 0
 0
 0
 0
 0
 0
 0
 0
 0.001176360526568606
 0.0003652783531233223
 0
 0
 0
 0
 0
 0
 0
 0
 0.001176360526568606
 0.0003652783531233223
 0
 0
 0
 0
 0
 0
 0
 0
 0.001176360526568606
 0.001176360526568606
 0
 0
 0
 0
 0
 0
 0
 0
 0
 0.0003652783531233223
 0
 0
 0
 0
 0
 0
 0
 0
 0
 0.0003652783531233223
 0
 0
 0
 0
 0
 0
 0
 0
 0
 0.0003652783531233223
 0
 0
 0
 0
 0
 0
 0
 0
 0
 0.0003652783531233223
 0
 0
 0
 0
 0
 0
 0
 0
 0
 0.001176360526568606
 0
 0
 0
 0
 0
 0
 0
 0
 0
 0.001176360526568606
 0
 0
 0
 0
 0
 0
 0
 0
 0
