# Created by Octave 3.2.4, Thu Feb 07 02:35:32 2013 EST <rbom@zaphod>
# name: small_First_Fit
# type: matrix
# ndims: 3
 1 10 30
 2.619129877275238e-10
 5.248338029122983e-08
 3.058657796834506e-10
 1.985211966396027e-06
 7.413404204225875e-07
 2.304036346016673e-07
 1.559430017481922e-07
 1.015339580737647e-08
 3.525011055819508e-09
 5.660113938125647e-06
 3.244401453824269e-07
 1.900142596606732e-05
 0.0001083224606199486
 6.103431520491333e-05
 1.435444157507141e-05
 3.833080283034957e-05
 1.533750742735516e-05
 0.0002684522457220014
 1.563754765568128e-05
 0.0008543669959071081
 1.054325239806622e-05
 0.0006478269410091952
 0.0002170837066229663
 0.0001566429552665649
 0.0002149861115547252
 0.004318540997194096
 0.0004869317392870998
 0.001597770695577649
 0.000574528743540579
 0.001846718412886892
 0.0003453721866890426
 0.006640632700388503
 0.001143991615547879
 0.002994964237488561
 0.005012371376052274
 0.009341750696610971
 0.001804457286663893
 0.003674719765578373
 0.00646782799668397
 0.007773423448271659
 0.001497265290995524
 0.01539223469319022
 0.001143991615547879
 0.01437743116478891
 0.009341750696610971
 0.01448284765038793
 0.005571592863983216
 0.020240915489011
 0.00646782799668397
 0.01470470496190266
 0.01022921723725925
 0.01539223469319022
 0.002645462871486755
 0.01539223469319022
 0.01307573422288299
 0.01448284765038793
 0.006589524408544654
 0.02792925108203594
 0.03188131642733102
 0.01470470496190266
 0.01107213708903416
 0.01539223469319022
 0.00312198483378269
 0.01539223469319022
 0.01307573422288299
 0.020240915489011
 0.005571592863983216
 0.03188131642733102
 0.03188131642733102
 0.02792925108203594
 0.01248331693309143
 0.01539223469319022
 0.01248331693309143
 0.02792925108203594
 0.01315483740568216
 0.020240915489011
 0.006589524408544654
 0.02792925108203594
 0.03188131642733102
 0.01539223469319022
 0.01248331693309143
 0.03188131642733102
 0.01437743116478891
 0.02792925108203594
 0.01470470496190266
 0.020240915489011
 0.01470470496190266
 0.03188131642733102
 0.03189093477113999
 0.02792925108203594
 0.01437743116478891
 0.03188131642733102
 0.01437743116478891
 0.02792925108203594
 0.01470470496190266
 0.020240915489011
 0.01470470496190266
 0.03188131642733102
 0.03189093477113999
 0.03189093477113999
 0.01448284765038793
 0.03188131642733102
 0.01437743116478891
 0.03188131642733102
 0.01373596199577849
 0.01448284765038793
 0.03189093477113999
 0.03188131642733102
 0.03189093477113999
 0.03189093477113999
 0.01448284765038793
 0.02792925108203594
 0.02864519352135493
 0.03188131642733102
 0.03188131642733102
 0.01373596199577849
 0.03189093477113999
 0.03189093477113999
 0.03189093477113999
 0.03189093477113999
 0.01470470496190266
 0.02792925108203594
 0.02864519352135493
 0.03188131642733102
 0.03188131642733102
 0.020240915489011
 0.03189093477113999
 0.03188131642733102
 0.03189093477113999
 0.03189093477113999
 0.02864519352135493
 0.02792925108203594
 0.02864519352135493
 0.03188131642733102
 0.03189093477113999
 0.020240915489011
 0.03189093477113999
 0.03189093477113999
 0.03189093477113999
 0.03189093477113999
 0.02864519352135493
 0.02792925108203594
 0.02864519352135493
 0.03188131642733102
 0.03189093477113999
 0.020240915489011
 0.03189093477113999
 0.03189093477113999
 0.03189093477113999
 0.03189093477113999
 0.02864519352135493
 0
 0.02864519352135493
 0.02792925108203594
 0.03189093477113999
 0.020240915489011
 0.03189093477113999
 0.03189093477113999
 0
 0.03189093477113999
 0.020240915489011
 0
 0.02864519352135493
 0.03188131642733102
 0.03189093477113999
 0.03188131642733102
 0.03189093477113999
 0.03189093477113999
 0
 0
 0.020240915489011
 0
 0.03188131642733102
 0.03188131642733102
 0.03188131642733102
 0.03188131642733102
 0
 0.03189093477113999
 0
 0
 0.020240915489011
 0
 0.03188131642733102
 0.02792925108203594
 0.03189093477113999
 0.03188131642733102
 0
 0.03189093477113999
 0
 0
 0.020240915489011
 0
 0.03188131642733102
 0.03188131642733102
 0.03189093477113999
 0.03188131642733102
 0
 0.03189093477113999
 0
 0
 0
 0
 0.03188131642733102
 0.03188131642733102
 0.03189093477113999
 0.03189093477113999
 0
 0
 0
 0
 0
 0
 0.03188131642733102
 0.03188131642733102
 0.03189093477113999
 0.03188131642733102
 0
 0
 0
 0
 0
 0
 0.03188131642733102
 0.03189093477113999
 0.03189093477113999
 0.03189093477113999
 0
 0
 0
 0
 0
 0
 0.03188131642733102
 0.03189093477113999
 0.03189093477113999
 0.03188131642733102
 0
 0
 0
 0
 0
 0
 0
 0.03189093477113999
 0.03189093477113999
 0.03189093477113999
 0
 0
 0
 0
 0
 0
 0
 0.03189093477113999
 0
 0.03189093477113999
 0
 0
 0
 0
 0
 0
 0
 0.03189093477113999
 0
 0.03189093477113999
 0
 0
 0
 0
 0
 0
 0
 0.03188131642733102
 0
 0.03189093477113999
 0
 0
 0
 0
 0
 0
 0
 0.03189093477113999
 0
 0.03189093477113999
 0
 0
 0
 0
 0
 0
 0
 0.03189093477113999
 0
 0.03189093477113999
 0
 0
 0
 0
