# Created by Octave 3.2.4, Mon Feb 04 08:02:14 2013 EST <rbom@zaphod>
# name: small_First_Fit
# type: matrix
# ndims: 3
 1 10 30
 9.206553497911064e-18
 6.797565807029973e-15
 2.885041774258345e-22
 4.700041370479383e-25
 1.143676311861247e-14
 9.794377336844313e-21
 1.679316540623713e-14
 6.618519218976719e-18
 5.357794591503141e-21
 9.330724856916656e-22
 1.245234236662495e-11
 3.268508572626246e-06
 1.450573674375158e-12
 1.620917407177044e-18
 3.454156372824235e-08
 6.361175192913276e-16
 8.689268533907179e-11
 3.739467029640486e-13
 1.009918048034386e-14
 1.850209904296367e-18
 7.874899607360573e-09
 0.0002244607599993841
 4.793525181410859e-08
 1.77335503423556e-13
 0.0003191521999510659
 1.790535618059799e-12
 4.554990478676278e-08
 5.607460261129716e-09
 2.482700412106701e-12
 8.880334684583808e-16
 9.7886863446566e-06
 0.0002244607599993841
 1.924862615605336e-05
 8.63924073693805e-07
 0.02191803869996451
 8.505339171431691e-09
 1.050492385086236e-05
 1.250357292378519e-06
 3.599700817668767e-09
 1.115356064076684e-11
 0.0004025317673894565
 0.0002244607599993841
 0.02191803869996451
 0.0001669096468482075
 0.02191803869996451
 0.0001238313561847317
 0.003464094573930884
 0.001430292692562676
 6.867249328359342e-07
 4.341350489405587e-07
 0.003464094573930884
 0.0002244607599993841
 0.02191803869996451
 0.02191803869996451
 0.02191803869996451
 0.02191803869996451
 0.003464094573930884
 0.02191803869996451
 8.228308177235288e-05
 0.00100064141814624
 0.003464094573930884
 0.0002244607599993841
 0.02191803869996451
 0.02191803869996451
 0.02191803869996451
 0.02191803869996451
 0.003464094573930884
 0.02191803869996451
 0.00100064141814624
 0.00100064141814624
 0.003464094573930884
 0.0002244607599993841
 0.02191803869996451
 0.02191803869996451
 0.02191803869996451
 0.02191803869996451
 0.003464094573930884
 0.02191803869996451
 0.00100064141814624
 0.00100064141814624
 0.003464094573930884
 0.0002244607599993841
 0.02191803869996451
 0.02191803869996451
 0.02191803869996451
 0.02191803869996451
 0.003464094573930884
 0.02191803869996451
 0.00100064141814624
 0.00100064141814624
 0.003464094573930884
 0.0002244607599993841
 0.02191803869996451
 0.02191803869996451
 0.02191803869996451
 0.02191803869996451
 0.003464094573930884
 0.02191803869996451
 0.00100064141814624
 0.00100064141814624
 0.003464094573930884
 0.0002244607599993841
 0.02191803869996451
 0.02191803869996451
 0.02191803869996451
 0.02191803869996451
 0.003464094573930884
 0.02191803869996451
 0.001430292692562676
 0.00100064141814624
 0.003464094573930884
 0.0002244607599993841
 0.02191803869996451
 0.02191803869996451
 0.02191803869996451
 0.02191803869996451
 0.003464094573930884
 0.02191803869996451
 0.00100064141814624
 0.00100064141814624
 0.003464094573930884
 0.00100064141814624
 0.02191803869996451
 0.02191803869996451
 0.02191803869996451
 0.02191803869996451
 0.003464094573930884
 0.02191803869996451
 0.003464094573930884
 0.00100064141814624
 0.003464094573930884
 0.00100064141814624
 0.02191803869996451
 0.02191803869996451
 0.02191803869996451
 0.02191803869996451
 0.003464094573930884
 0.02191803869996451
 0.003464094573930884
 0.00100064141814624
 0.003464094573930884
 0.00100064141814624
 0.02191803869996451
 0.02191803869996451
 0.02191803869996451
 0.02191803869996451
 0.003464094573930884
 0.02191803869996451
 0.00100064141814624
 0.00100064141814624
 0.003464094573930884
 0.00100064141814624
 0.02191803869996451
 0.02191803869996451
 0.02191803869996451
 0.02191803869996451
 0.003464094573930884
 0.02191803869996451
 0.00100064141814624
 0.00100064141814624
 0.003464094573930884
 0.00100064141814624
 0.02191803869996451
 0.02191803869996451
 0.02191803869996451
 0.02191803869996451
 0.003464094573930884
 0.02191803869996451
 0.002253021323131407
 0.003464094573930884
 0.003464094573930884
 0.003464094573930884
 0.02191803869996451
 0.02191803869996451
 0.02191803869996451
 0.02191803869996451
 0.003464094573930884
 0.02191803869996451
 0.02191803869996451
 0.003464094573930884
 0.003464094573930884
 0.003464094573930884
 0.02191803869996451
 0.02191803869996451
 0.02191803869996451
 0.02191803869996451
 0.003464094573930884
 0.02191803869996451
 0.02191803869996451
 0.003464094573930884
 0.003464094573930884
 0.003464094573930884
 0.02191803869996451
 0.02191803869996451
 0.02191803869996451
 0.02191803869996451
 0.003464094573930884
 0.02191803869996451
 0.02191803869996451
 0.003464094573930884
 0.003464094573930884
 0.003464094573930884
 0.02191803869996451
 0.02191803869996451
 0.02191803869996451
 0.02191803869996451
 0.003464094573930884
 0.02191803869996451
 0.02191803869996451
 0.003464094573930884
 0.003464094573930884
 0.003464094573930884
 0.02191803869996451
 0.02191803869996451
 0.02191803869996451
 0.02191803869996451
 0.003464094573930884
 0.02191803869996451
 0.02191803869996451
 0.003464094573930884
 0.003464094573930884
 0.003464094573930884
 0.02191803869996451
 0.02191803869996451
 0.02191803869996451
 0.02191803869996451
 0.003464094573930884
 0.02191803869996451
 0.02191803869996451
 0.003464094573930884
 0.003464094573930884
 0.003464094573930884
 0.02191803869996451
 0.02191803869996451
 0.02191803869996451
 0.02191803869996451
 0.003464094573930884
 0.02191803869996451
 0.02191803869996451
 0.003464094573930884
 0.02191803869996451
 0.003464094573930884
 0.02191803869996451
 0.02191803869996451
 0.02191803869996451
 0.02191803869996451
 0.003464094573930884
 0.02191803869996451
 0.02191803869996451
 0.003464094573930884
 0.02191803869996451
 0.003464094573930884
 0.02191803869996451
 0.02191803869996451
 0.02191803869996451
 0.02191803869996451
 0.003464094573930884
 0.02191803869996451
 0.02191803869996451
 0.003464094573930884
 0.02191803869996451
 0.003464094573930884
 0.02191803869996451
 0.02191803869996451
 0.02191803869996451
 0.02191803869996451
 0.003464094573930884
 0.02191803869996451
 0.02191803869996451
 0.003464094573930884
 0.02191803869996451
 0.003464094573930884
 0.02191803869996451
 0.02191803869996451
 0.02191803869996451
 0.02191803869996451
 0.003464094573930884
 0.02191803869996451
 0.02191803869996451
 0.003464094573930884
 0.02191803869996451
 0.003464094573930884
 0.02191803869996451
 0.02191803869996451
 0.02191803869996451
 0.02191803869996451
 0.003464094573930884
 0.02191803869996451
 0.02191803869996451
 0.003464094573930884
 0.02191803869996451
 0.003464094573930884
 0.02191803869996451
 0.02191803869996451
 0.02191803869996451
 0.02191803869996451
 0.003464094573930884
 0.02191803869996451
 0.02191803869996451
 0.003464094573930884
