# Created by Octave 3.2.4, Tue Feb 05 18:24:44 2013 EST <rbom@zaphod>
# name: small_First_Fit
# type: matrix
# ndims: 3
 1 10 30
 3.424832383539271e-14
 4.373072865371605e-10
 2.328617139222666e-15
 8.155568744663246e-16
 7.606989445779505e-16
 1.470818570920813e-15
 1.143710176034201e-15
 1.08686580434752e-14
 2.029798917402302e-17
 5.915075969616986e-13
 1.776264767223369e-10
 2.762311683362847e-07
 1.165331373105285e-11
 6.381833163002612e-10
 9.435193266682319e-14
 1.565190217057944e-10
 1.407295309943899e-08
 3.105898588734509e-11
 3.043683904076431e-12
 7.69003311002285e-09
 5.522090670096045e-07
 3.895921341933772e-05
 4.64153721034899e-08
 9.084531224454734e-08
 7.505045995572147e-11
 1.103869883232654e-08
 1.047449109340341e-05
 4.850852035585244e-09
 5.788537267816871e-09
 1.101494886126898e-07
 4.086337027853189e-05
 0.002275380941674376
 3.207900274781738e-05
 3.260208518274926e-06
 3.785327860750502e-08
 3.502717305910009e-07
 0.002275380941674376
 1.907404198913581e-06
 1.73224323522693e-06
 6.102275829572761e-05
 0.002275380941674376
 0.002275380941674376
 0.0003604627924377143
 0.0001146696605309267
 1.308977023731293e-06
 8.415483148181895e-06
 0.002275380941674376
 0.0001975175520227414
 0.0003604627924377143
 6.102275829572761e-05
 0.01145070137561203
 0.01145070137561203
 0.001677575388250337
 0.01145070137561203
 2.894377475520569e-05
 1.752353751294972e-05
 0.01145070137561203
 0.0003604627924377143
 0.000504407190109639
 0.0001448991050449124
 0.01145070137561203
 0.01145070137561203
 0.001677575388250337
 0.01145070137561203
 3.895921341933772e-05
 0.0002051403472977044
 0.01145070137561203
 0.001677575388250337
 0.001677575388250337
 0.0002840841643262848
 0.01145070137561203
 0.01145070137561203
 0.001677575388250337
 0.01145070137561203
 0.0003604627924377143
 0.0002051403472977044
 0.01145070137561203
 0.001677575388250337
 0.001677575388250337
 0.0003604627924377143
 0.01145070137561203
 0.01145070137561203
 0.01145070137561203
 0.01145070137561203
 0.001677575388250337
 0.0002051403472977044
 0.01145070137561203
 0.001677575388250337
 0.001677575388250337
 0.001619816187506236
 0.01145070137561203
 0.01145070137561203
 0.01145070137561203
 0.01145070137561203
 0.001677575388250337
 0.0006852689302821103
 0.01145070137561203
 0.01145070137561203
 0.001677575388250337
 0.01145070137561203
 0.01145070137561203
 0.01145070137561203
 0.01145070137561203
 0.01145070137561203
 0.001677575388250337
 0.0006852689302821103
 0.01145070137561203
 0.001677575388250337
 0.01145070137561203
 0.01145070137561203
 0.01145070137561203
 0.01145070137561203
 0.01145070137561203
 0.01145070137561203
 0.001677575388250337
 0.0002051403472977044
 0.01145070137561203
 0.01145070137561203
 0.01145070137561203
 0.01145070137561203
 0
 0
 0.01145070137561203
 0
 0.01145070137561203
 0.0002159683439636442
 0
 0.01145070137561203
 0.01145070137561203
 0.01145070137561203
 0
 0
 0.01145070137561203
 0
 0.01145070137561203
 0.0006852689302821103
 0
 0.01145070137561203
 0.01145070137561203
 0.01145070137561203
 0
 0
 0.01145070137561203
 0
 0.01145070137561203
 0.0006852689302821103
 0
 0.01145070137561203
 0.01145070137561203
 0.01145070137561203
 0
 0
 0
 0
 0.01145070137561203
 0.0007534049241506287
 0
 0.01145070137561203
 0.01145070137561203
 0.01145070137561203
 0
 0
 0
 0
 0.01145070137561203
 0.0007534049241506287
 0
 0.01145070137561203
 0.01145070137561203
 0
 0
 0
 0
 0
 0.01145070137561203
 0.0006852689302821103
 0
 0.01145070137561203
 0
 0
 0
 0
 0
 0
 0.01145070137561203
 0.0007534049241506287
 0
 0
 0
 0
 0
 0
 0
 0
 0
 0.01145070137561203
 0
 0
 0
 0
 0
 0
 0
 0
 0
 0.01145070137561203
 0
 0
 0
 0
 0
 0
 0
 0
 0
 0.01145070137561203
 0
 0
 0
 0
 0
 0
 0
 0
 0
 0.01145070137561203
 0
 0
 0
 0
 0
 0
 0
 0
 0
 0.01145070137561203
 0
 0
 0
 0
 0
 0
 0
 0
 0
 0.01145070137561203
 0
 0
 0
 0
 0
 0
 0
 0
 0
 0.01145070137561203
 0
 0
 0
 0
 0
 0
 0
 0
 0
 0
 0
 0
 0
 0
 0
 0
 0
 0
 0
 0
 0
 0
 0
 0
 0
 0
 0
 0
 0
 0
 0
 0
 0
 0
 0
 0
 0
 0
 0
 0
 0
 0
 0
 0
