# Created by Octave 3.2.4, Tue Feb 05 18:56:06 2013 EST <rbom@zaphod>
# name: small_First_Fit
# type: matrix
# ndims: 3
 1 10 30
 1.244796164843453e-15
 4.406111050228065e-12
 2.45771375530772e-13
 1.111030960257477e-12
 6.686117184914473e-13
 3.803590342125896e-09
 2.676962097082437e-11
 1.382729047508385e-14
 1.567847455699269e-13
 7.154366202965321e-14
 2.917632539088002e-12
 4.164668050980603e-09
 4.743882431564658e-10
 1.208177410507321e-10
 3.942903674247874e-11
 1.262266028063037e-05
 6.134232040250337e-07
 2.827365198746288e-08
 3.318341857750203e-10
 1.368995198392641e-10
 3.333168162659749e-08
 1.230584958833719e-06
 1.643363738990495e-07
 1.300181658023389e-08
 5.175383875121904e-09
 0.0002518277527641608
 1.521733891257439e-06
 4.54719913764614e-07
 6.121452528390238e-08
 2.905771132552677e-06
 4.323367273313017e-05
 3.36538107496468e-05
 9.594985579999159e-07
 8.890922377247575e-06
 2.097667878354219e-06
 0.0002518277527641608
 5.706753454558895e-05
 2.792227663144115e-05
 1.713707213195566e-06
 3.963658314788153e-06
 0.001614248222756551
 0.0003933990405044426
 7.94906941812713e-06
 0.0001333466566613833
 1.43366401739037e-05
 0.0002551347603881694
 6.905314754289961e-05
 0.0003933990405044426
 2.792227663144115e-05
 3.963658314788153e-06
 0.001614248222756551
 0.0003933990405044426
 0.0002271757634654349
 0.0001333466566613833
 0.0001873528832697127
 0.0002518277527641608
 0.0001333466566613833
 0.0003933990405044426
 2.792227663144115e-05
 3.963658314788153e-06
 0.001614248222756551
 0.0003933990405044426
 0.0002312796093283723
 0.0001333466566613833
 0.0001873528832697127
 0.0002518277527641608
 0.0001333466566613833
 0.0003933990405044426
 2.792227663144115e-05
 3.963658314788153e-06
 0.001614248222756551
 0.0003933990405044426
 0.0002312796093283723
 0.0002312796093283723
 0.0001873528832697127
 0.0002518277527641608
 0.0001333466566613833
 0.0003933990405044426
 2.792227663144115e-05
 5.609489546985232e-05
 0.001614248222756551
 0.0003933990405044426
 0.0002271757634654349
 0.0002312796093283723
 0.0002515897965590448
 0.0002518277527641608
 0.0001333466566613833
 0.0003933990405044426
 0.0001582277187092089
 0.0005194012911232686
 0.001614248222756551
 0.0003933990405044426
 0.0006401791310806415
 0.0001333466566613833
 0.0002515897965590448
 0.0002518277527641608
 0.0001333466566613833
 0.0003933990405044426
 0.0001582277187092089
 0.0005194012911232686
 0.001614248222756551
 0.0003933990405044426
 0.0002271757634654349
 0.001149423941199622
 0.001614248222756551
 0.0002518277527641608
 0.0001333466566613833
 0.0003933990405044426
 0.0001582277187092089
 0.0006401791310806415
 0
 0
 0.0002271757634654349
 0.001149423941199622
 0.001614248222756551
 0
 0.0001333466566613833
 0
 0.0001582277187092089
 0.0006401791310806415
 0
 0
 0.0003933990405044426
 0.001149423941199622
 0.001614248222756551
 0
 0
 0
 0.0001582277187092089
 0.0006401791310806415
 0
 0
 0.0002271757634654349
 0.001149423941199622
 0.001614248222756551
 0
 0
 0
 0.001614248222756551
 0.0005194012911232686
 0
 0
 0.0006401791310806415
 0.001149423941199622
 0.001614248222756551
 0
 0
 0
 0.001614248222756551
 0.0005194012911232686
 0
 0
 0.0002271757634654349
 0.001614248222756551
 0.001614248222756551
 0
 0
 0
 0.001614248222756551
 0.0005194012911232686
 0
 0
 0.0003933990405044426
 0.001149423941199622
 0.001614248222756551
 0
 0
 0
 0.001614248222756551
 0.0005194012911232686
 0
 0
 0.0003933990405044426
 0.001149423941199622
 0
 0
 0
 0
 0.001614248222756551
 0
 0
 0
 0.0006401791310806415
 0.001149423941199622
 0
 0
 0
 0
 0.001614248222756551
 0
 0
 0
 0.0006401791310806415
 0.001149423941199622
 0
 0
 0
 0
 0.001614248222756551
 0
 0
 0
 0.0002271757634654349
 0.001149423941199622
 0
 0
 0
 0
 0
 0
 0
 0
 0.0002271757634654349
 0.001149423941199622
 0
 0
 0
 0
 0
 0
 0
 0
 0.0002271757634654349
 0
 0
 0
 0
 0
 0
 0
 0
 0
 0.0002312796093283723
 0
 0
 0
 0
 0
 0
 0
 0
 0
 0.0002271757634654349
 0
 0
 0
 0
 0
 0
 0
 0
 0
 0.0002271757634654349
 0
 0
 0
 0
 0
 0
 0
 0
 0
 0.0002271757634654349
 0
 0
 0
 0
 0
 0
 0
 0
 0
 0.0002271757634654349
 0
 0
 0
 0
 0
 0
 0
 0
 0
 0.0002271757634654349
 0
 0
 0
 0
 0
 0
 0
 0
 0
 0.0002271757634654349
 0
 0
 0
 0
 0
 0
 0
