# Created by Octave 3.2.4, Thu Feb 07 04:28:00 2013 EST <rbom@zaphod>
# name: small_First_Fit
# type: matrix
# ndims: 3
 1 10 30
 1.455916948787557e-10
 1.957492507939481e-10
 3.916768661653131e-10
 9.199600443555218e-12
 1.997918863551888e-11
 2.853978085516899e-08
 7.856407704185394e-08
 6.17065197532447e-13
 3.166942030699721e-09
 1.772824138544053e-10
 1.451160570948512e-07
 9.330860376560613e-09
 1.380151454450953e-06
 1.916809704328458e-09
 8.485653146890205e-09
 2.666136644347885e-05
 1.034195074900381e-06
 7.080500314667269e-09
 2.138003781359034e-06
 1.367056433201168e-07
 3.760183658559045e-05
 2.756882581234475e-07
 3.389799024829176e-05
 2.619816565179485e-07
 3.261663098602393e-06
 0.004104223638116867
 1.235646303542111e-05
 5.304241473923878e-07
 5.319432400062934e-05
 1.999091033791304e-06
 3.760183658559045e-05
 3.812353333066633e-05
 0.0001557229874522233
 3.176692412456781e-07
 0.0002611154720989464
 0.004104223638116867
 4.676790435312098e-05
 0.0002365845358498745
 0.004740440177366266
 5.9522015464962e-06
 0.0003066436184191471
 0.0003843148279788208
 0.0005275735127096947
 0.0001203964334688171
 0.002588322543888324
 0.004104223638116867
 0.001628420847123523
 0.001228352573472949
 0.004740440177366266
 0.0001141395584239485
 0.001605689962389033
 0.0006129199770782943
 0.00200842982184774
 0.001150271457456686
 0.004104223638116867
 0.004104223638116867
 0.001628420847123523
 0.004740440177366266
 0.004740440177366266
 0.000962324945875221
 0.001881914027361796
 0.004599003615178398
 0.005354180185555461
 0.001150271457456686
 0.004104223638116867
 0.004104223638116867
 0.002807398671677402
 0.004740440177366266
 0.004740440177366266
 0.000962324945875221
 0.005354180185555461
 0.004740440177366266
 0.005354180185555461
 0.001150271457456686
 0.004104223638116867
 0.004104223638116867
 0.004599003615178398
 0.005354180185555461
 0.004740440177366266
 0.001809733891537235
 0.005354180185555461
 0.004599003615178398
 0.005354180185555461
 0.002807398671677402
 0.004104223638116867
 0.004488524492879127
 0.004740440177366266
 0.005354180185555461
 0.004740440177366266
 0.001809733891537235
 0.005354180185555461
 0.004599003615178398
 0.005354180185555461
 0.002028535713303508
 0.004104223638116867
 0.004488524492879127
 0.004599003615178398
 0.005354180185555461
 0.004740440177366266
 0.00200842982184774
 0.003679790861569508
 0.004599003615178398
 0.005354180185555461
 0.002807398671677402
 0.004104223638116867
 0.004104223638116867
 0.004599003615178398
 0.004740440177366266
 0
 0.002060352720846767
 0.005354180185555461
 0.004599003615178398
 0.005354180185555461
 0.002060352720846767
 0.004104223638116867
 0.004104223638116867
 0.004599003615178398
 0.005354180185555461
 0
 0.003112009944848811
 0.005354180185555461
 0.004599003615178398
 0.005354180185555461
 0.002946417443764717
 0
 0.004104223638116867
 0.005354180185555461
 0.004740440177366266
 0
 0.002588322543888324
 0.005354180185555461
 0.005354180185555461
 0
 0.002946417443764717
 0
 0.004488524492879127
 0.005354180185555461
 0.004740440177366266
 0
 0.003112009944848811
 0.005354180185555461
 0.005354180185555461
 0
 0.002946417443764717
 0
 0.004104223638116867
 0.004599003615178398
 0.004740440177366266
 0
 0.003112009944848811
 0.005354180185555461
 0.005354180185555461
 0
 0.004488524492879127
 0
 0.004104223638116867
 0.004740440177366266
 0.004740440177366266
 0
 0.005354180185555461
 0.005354180185555461
 0.005354180185555461
 0
 0.004488524492879127
 0
 0.004104223638116867
 0.004599003615178398
 0.004740440177366266
 0
 0.005354180185555461
 0.005354180185555461
 0.004599003615178398
 0
 0.002060352720846767
 0
 0.004104223638116867
 0.004599003615178398
 0.004740440177366266
 0
 0.005354180185555461
 0
 0.004599003615178398
 0
 0.002028535713303508
 0
 0.004740440177366266
 0.004599003615178398
 0
 0
 0.005354180185555461
 0
 0.004599003615178398
 0
 0.002028535713303508
 0
 0.004104223638116867
 0.004599003615178398
 0
 0
 0.005354180185555461
 0
 0
 0
 0.005354180185555461
 0
 0.004104223638116867
 0.004599003615178398
 0
 0
 0.005354180185555461
 0
 0
 0
 0.005354180185555461
 0
 0.004104223638116867
 0.004599003615178398
 0
 0
 0.005354180185555461
 0
 0
 0
 0.002946417443764717
 0
 0.004488524492879127
 0
 0
 0
 0
 0
 0
 0
 0.004599003615178398
 0
 0.004104223638116867
 0
 0
 0
 0
 0
 0
 0
 0.004599003615178398
 0
 0.004104223638116867
 0
 0
 0
 0
 0
 0
 0
 0.004599003615178398
 0
 0.004104223638116867
 0
 0
 0
 0
 0
 0
 0
 0.004599003615178398
 0
 0.004740440177366266
 0
 0
 0
 0
 0
 0
 0
 0.004599003615178398
 0
 0.004488524492879127
 0
 0
 0
 0
 0
 0
 0
 0.005354180185555461
 0
 0.004488524492879127
 0
 0
 0
 0
 0
 0
 0
 0.005354180185555461
 0
 0.004104223638116867
 0
 0
 0
 0
