# Created by Octave 3.2.4, Wed Feb 06 13:08:31 2013 EST <rbom@zaphod>
# name: small_First_Fit
# type: matrix
# ndims: 3
 1 10 30
 6.00031344018941e-13
 5.860722770418384e-13
 2.492339426193766e-15
 2.228608467252371e-15
 3.497960094425409e-14
 5.929270524754713e-18
 5.232858490157671e-14
 2.165999044094025e-14
 6.1923230663849e-13
 3.701682987156625e-14
 4.72035658147454e-08
 4.535289535260868e-09
 2.85909925108835e-08
 3.142095423477469e-11
 5.177429398226645e-11
 2.277908578015311e-15
 2.427619161845932e-10
 4.989844120124319e-10
 8.83697602861723e-08
 1.357528250489546e-11
 1.947045118160991e-06
 3.073445457167456e-06
 2.77370876628388e-05
 5.011304942696396e-08
 8.539099079958342e-08
 1.317427751239789e-09
 8.137034673012996e-07
 1.756469870719676e-07
 3.627559412173944e-06
 2.076898755335189e-08
 0.0002034641962503704
 6.625094411802527e-05
 0.001565510923696822
 1.475384100936709e-05
 1.311757193275525e-06
 2.602116889339029e-07
 5.435800601916434e-05
 9.323440212256577e-06
 0.0006641629403641268
 8.286604062556331e-06
 0.001461695006258042
 0.0007290323342121921
 0.001565510923696822
 0.002702291415721851
 1.077256544306374e-05
 2.810804383658786e-05
 5.435800601916434e-05
 0.0007290323342121921
 0.0007290323342121921
 0.002055039830447457
 0.001461695006258042
 0.0002852619499562472
 0.002055039830447457
 0.002702291415721851
 3.481580479052693e-05
 0.0002852619499562472
 5.435800601916434e-05
 0.0007290323342121921
 0.0007290323342121921
 0.002055039830447457
 0.001461695006258042
 0.001478846004182912
 0.001565510923696822
 0.002702291415721851
 0.0002242360191601956
 0.0002852619499562472
 5.435800601916434e-05
 0.0007290323342121921
 0.0007290323342121921
 0.002055039830447457
 0.001461695006258042
 0.002702291415721851
 0.001589253145912214
 0.002702291415721851
 0.001589253145912214
 0.0002852619499562472
 0.0002852619499562472
 0.0007290323342121921
 0.0007290323342121921
 0.002055039830447457
 0.001461695006258042
 0.002702291415721851
 0.001565510923696822
 0.002702291415721851
 0.00163694257252549
 0.002055039830447457
 0.0002852619499562472
 0.0007290323342121921
 0.0007290323342121921
 0.002055039830447457
 0.001461695006258042
 0.002702291415721851
 0.001565510923696822
 0.002702291415721851
 0.002281031885453488
 0.002055039830447457
 0.001478846004182912
 0.0007290323342121921
 0.0007290323342121921
 0.002055039830447457
 0.001461695006258042
 0.002702291415721851
 0.001565510923696822
 0.002702291415721851
 0.002281031885453488
 0.002055039830447457
 0.001478846004182912
 0.0007290323342121921
 0.00163694257252549
 0.002055039830447457
 0
 0.002702291415721851
 0.001565510923696822
 0
 0.002702291415721851
 0.002055039830447457
 0.001478846004182912
 0
 0.00163694257252549
 0
 0
 0.002702291415721851
 0.001565510923696822
 0
 0.002702291415721851
 0.002055039830447457
 0.001883049435087775
 0
 0.0007290323342121921
 0
 0
 0.002702291415721851
 0.002702291415721851
 0
 0.002702291415721851
 0.002055039830447457
 0.001883049435087775
 0
 0.0007290323342121921
 0
 0
 0
 0.001565510923696822
 0
 0.002702291415721851
 0.002055039830447457
 0.001883049435087775
 0
 0.0007290323342121921
 0
 0
 0
 0.001565510923696822
 0
 0.002702291415721851
 0
 0.001883049435087775
 0
 0.0007290323342121921
 0
 0
 0
 0.001565510923696822
 0
 0.002702291415721851
 0
 0.001883049435087775
 0
 0.0007290323342121921
 0
 0
 0
 0.001565510923696822
 0
 0.002702291415721851
 0
 0.001883049435087775
 0
 0
 0
 0
 0
 0.001565510923696822
 0
 0
 0
 0.001883049435087775
 0
 0
 0
 0
 0
 0.002055039830447457
 0
 0
 0
 0
 0
 0
 0
 0
 0
 0.001565510923696822
 0
 0
 0
 0
 0
 0
 0
 0
 0
 0.002702291415721851
 0
 0
 0
 0
 0
 0
 0
 0
 0
 0.001565510923696822
 0
 0
 0
 0
 0
 0
 0
 0
 0
 0.002702291415721851
 0
 0
 0
 0
 0
 0
 0
 0
 0
 0.001565510923696822
 0
 0
 0
 0
 0
 0
 0
 0
 0
 0.002055039830447457
 0
 0
 0
 0
 0
 0
 0
 0
 0
 0.001565510923696822
 0
 0
 0
 0
 0
 0
 0
 0
 0
 0.001565510923696822
 0
 0
 0
 0
 0
 0
 0
 0
 0
 0.001565510923696822
 0
 0
 0
 0
 0
 0
 0
 0
 0
 0.00163694257252549
 0
 0
 0
 0
 0
 0
 0
