# Created by Octave 3.2.4, Tue Feb 05 03:07:12 2013 EST <rbom@zaphod>
# name: small_First_Fit
# type: matrix
# ndims: 3
 1 10 30
 9.939907187996961e-10
 3.488705821603405e-09
 4.773449127668203e-12
 7.827826059111324e-12
 1.665034888509707e-13
 1.310362185036183e-10
 9.541930846885373e-10
 1.93005833228307e-13
 3.448526902646483e-11
 2.924723260215481e-09
 0.0001236670949763291
 1.637765702261604e-07
 1.158084590728651e-08
 6.101127242623357e-08
 4.244914701017183e-09
 3.317768880644141e-06
 1.311500029237806e-06
 2.537422496107002e-10
 1.029041761484218e-06
 9.937517083186412e-07
 0.003706657237314156
 8.330104706688844e-06
 1.39965117802268e-06
 2.344257381883982e-06
 9.753103476256646e-06
 0.0005414564009580665
 2.029446505941364e-05
 1.356656693410163e-08
 3.898510410593598e-05
 0.0001035640749749121
 0.01433986884704522
 0.0007905914586213529
 3.285619770358131e-05
 7.292888117717636e-05
 3.526074292472687e-05
 0.01433986884704522
 2.029446505941364e-05
 1.568722482210592e-05
 0.0003517266884851246
 0.003086812663596455
 0.01433986884704522
 0.002892015395615802
 0.002388022988840335
 0.0002018780568416488
 0.0003844860171117669
 0.01433986884704522
 0.0002271065805260413
 0.0006086865200178124
 0.0006834079552014856
 0.006660082160913657
 0.01433986884704522
 0.00832283951448909
 0.008855800209067838
 0.0006753923007580151
 0.00374881477413664
 0.01433986884704522
 0.0001796121225976689
 0.00832283951448909
 0.001164643070003513
 0.006660082160913657
 0.01433986884704522
 0.00832283951448909
 0.03031268248750087
 0.03031268248750087
 0.01433986884704522
 0.01433986884704522
 0.001848882538541142
 0.03031268248750087
 0.001352695438784992
 0.01154583100863178
 0.01433986884704522
 0.03031268248750087
 0.03031268248750087
 0.03031268248750087
 0.01433986884704522
 0.01433986884704522
 0.001848882538541142
 0.03031268248750087
 0.001352695438784992
 0.01154583100863178
 0.03031268248750087
 0.03031268248750087
 0.03031268248750087
 0.03031268248750087
 0.01433986884704522
 0.01433986884704522
 0.001848882538541142
 0.03031268248750087
 0.002825817901940825
 0.01433986884704522
 0.03031268248750087
 0.03031268248750087
 0.03031268248750087
 0.03031268248750087
 0.01433986884704522
 0.01433986884704522
 0.005420285380395122
 0.03031268248750087
 0.007072455336856361
 0.01433986884704522
 0.03031268248750087
 0.03031268248750087
 0.03031268248750087
 0.03031268248750087
 0.03031268248750087
 0
 0.005420285380395122
 0.03031268248750087
 0.007072455336856361
 0.01433986884704522
 0.03031268248750087
 0.03031268248750087
 0.03031268248750087
 0.03031268248750087
 0.01433986884704522
 0
 0.03031268248750087
 0.03031268248750087
 0.007172142386759728
 0.01433986884704522
 0.03031268248750087
 0.03031268248750087
 0.03031268248750087
 0.03031268248750087
 0.01433986884704522
 0
 0.03031268248750087
 0.03031268248750087
 0.01433986884704522
 0.01433986884704522
 0.03031268248750087
 0.03031268248750087
 0
 0
 0.01433986884704522
 0
 0.03031268248750087
 0
 0.01433986884704522
 0.03031268248750087
 0.03031268248750087
 0
 0
 0
 0.01433986884704522
 0
 0.03031268248750087
 0
 0.01433986884704522
 0.03031268248750087
 0
 0
 0
 0
 0.03031268248750087
 0
 0.03031268248750087
 0
 0.01433986884704522
 0.03031268248750087
 0
 0
 0
 0
 0.03031268248750087
 0
 0.03031268248750087
 0
 0.03031268248750087
 0.03031268248750087
 0
 0
 0
 0
 0.01433986884704522
 0
 0.03031268248750087
 0
 0.03031268248750087
 0.03031268248750087
 0
 0
 0
 0
 0.03031268248750087
 0
 0
 0
 0.03031268248750087
 0.03031268248750087
 0
 0
 0
 0
 0.03031268248750087
 0
 0
 0
 0.03031268248750087
 0.03031268248750087
 0
 0
 0
 0
 0.03031268248750087
 0
 0
 0
 0.03031268248750087
 0
 0
 0
 0
 0
 0.01433986884704522
 0
 0
 0
 0.03031268248750087
 0
 0
 0
 0
 0
 0.01433986884704522
 0
 0
 0
 0.03031268248750087
 0
 0
 0
 0
 0
 0.01433986884704522
 0
 0
 0
 0
 0
 0
 0
 0
 0
 0.01433986884704522
 0
 0
 0
 0
 0
 0
 0
 0
 0
 0
 0
 0
 0
 0
 0
 0
 0
 0
 0
 0
 0
 0
 0
 0
 0
 0
 0
 0
 0
 0
 0
 0
 0
 0
 0
 0
 0
 0
 0
 0
 0
 0
 0
 0
 0
 0
 0
 0
 0
 0
 0
 0
 0
 0
 0
