# Created by Octave 3.2.4, Tue Feb 05 08:13:17 2013 EST <rbom@zaphod>
# name: small_First_Fit
# type: matrix
# ndims: 3
 1 10 30
 5.223376858282299e-15
 7.804318071113412e-12
 5.37265199551327e-11
 2.371328220150016e-11
 2.099171427672816e-13
 5.890158619149278e-17
 1.969637542075878e-12
 1.044958433115522e-12
 4.484455094778827e-15
 5.138594398337648e-12
 1.016283507377079e-10
 4.155946921176691e-09
 3.505221913875003e-07
 1.551499799497655e-08
 1.771194728659565e-10
 2.899455631910592e-12
 1.382323870000904e-09
 6.126590280654852e-10
 3.084061567410902e-11
 1.205145655283949e-07
 5.511324888631494e-08
 1.186593000075195e-06
 6.735530586013206e-05
 0.0009883366447462846
 6.763250658197309e-06
 4.944387066258385e-07
 2.12930855381832e-05
 3.078934685401373e-08
 1.161916619260421e-08
 2.673561409518312e-05
 4.997640218965597e-05
 5.318476179554315e-06
 0.0009321755767428271
 0.0009883366447462846
 0.0001401635112849675
 1.407976817749368e-05
 0.0001800241595770702
 8.818849788939657e-07
 1.995842355368005e-06
 0.000790341531968686
 0.0003731721693993218
 4.447804201036316e-05
 0.001139519870634247
 0.0009883366447462846
 0.0007195119205415305
 0.0003027914204805317
 0.0001800241595770702
 1.267341095665296e-05
 5.523722301262494e-05
 0.000790341531968686
 0.007243382308540349
 0.001052494506147689
 0.001139519870634247
 0.0009883366447462846
 0.0007195119205415305
 0.0003027914204805317
 0.0001800241595770702
 0.0006137530647065551
 0.0004149950646964017
 0.000790341531968686
 0.007243382308540349
 0.001917485846602017
 0.007243382308540349
 0.0009883366447462846
 0.007243382308540349
 0.0003027914204805317
 0.000790341531968686
 0.0006137530647065551
 0.0004149950646964017
 0.0008537019594308737
 0.007243382308540349
 0.007243382308540349
 0.007243382308540349
 0.0009883366447462846
 0.007243382308540349
 0.0009321755767428271
 0.0004745425756287201
 0.007243382308540349
 0.001139519870634247
 0.0008537019594308737
 0.007243382308540349
 0.007243382308540349
 0.007243382308540349
 0.007243382308540349
 0.007243382308540349
 0.0009321755767428271
 0.000790341531968686
 0.007243382308540349
 0.001300253000840841
 0.0008820800819218863
 0.007243382308540349
 0.007243382308540349
 0.007243382308540349
 0.007243382308540349
 0.007243382308540349
 0.0009883366447462846
 0.000790341531968686
 0.007243382308540349
 0.001300253000840841
 0.0008537019594308737
 0.007243382308540349
 0.007243382308540349
 0.007243382308540349
 0.007243382308540349
 0.007243382308540349
 0.001139519870634247
 0.000790341531968686
 0.007243382308540349
 0.001300253000840841
 0.0008537019594308737
 0.007243382308540349
 0.007243382308540349
 0.007243382308540349
 0.007243382308540349
 0.007243382308540349
 0.001139519870634247
 0.000790341531968686
 0.007243382308540349
 0.001300253000840841
 0.0008537019594308737
 0
 0.007243382308540349
 0.007243382308540349
 0.007243382308540349
 0.007243382308540349
 0.001139519870634247
 0.000790341531968686
 0.007243382308540349
 0.001300253000840841
 0.0008537019594308737
 0
 0.007243382308540349
 0
 0.007243382308540349
 0
 0.001139519870634247
 0.0008537019594308737
 0.007243382308540349
 0.001300253000840841
 0.0008537019594308737
 0
 0
 0
 0.007243382308540349
 0
 0.001300253000840841
 0.0008537019594308737
 0
 0.001300253000840841
 0.0008537019594308737
 0
 0
 0
 0
 0
 0.001139519870634247
 0.0008537019594308737
 0
 0
 0
 0
 0
 0
 0
 0
 0.001139519870634247
 0.0008537019594308737
 0
 0
 0
 0
 0
 0
 0
 0
 0.001139519870634247
 0.001052494506147689
 0
 0
 0
 0
 0
 0
 0
 0
 0.001139519870634247
 0.0008537019594308737
 0
 0
 0
 0
 0
 0
 0
 0
 0.001139519870634247
 0.0008537019594308737
 0
 0
 0
 0
 0
 0
 0
 0
 0.001139519870634247
 0.007243382308540349
 0
 0
 0
 0
 0
 0
 0
 0
 0
 0.007243382308540349
 0
 0
 0
 0
 0
 0
 0
 0
 0
 0.007243382308540349
 0
 0
 0
 0
 0
 0
 0
 0
 0
 0.007243382308540349
 0
 0
 0
 0
 0
 0
 0
 0
 0
 0.007243382308540349
 0
 0
 0
 0
 0
 0
 0
 0
 0
 0.007243382308540349
 0
 0
 0
 0
 0
 0
 0
 0
 0
 0.007243382308540349
 0
 0
 0
 0
 0
 0
 0
 0
 0
 0
 0
 0
 0
 0
 0
 0
 0
 0
 0
 0
 0
 0
 0
 0
 0
 0
 0
 0
 0
 0
 0
 0
 0
