# Created by Octave 3.2.4, Mon Feb 04 05:02:18 2013 EST <rbom@zaphod>
# name: small_First_Fit
# type: matrix
# ndims: 3
 1 10 30
 1.778154685309091e-17
 4.882142388425075e-19
 1.272076723392169e-13
 7.123315915371835e-19
 1.734647600098072e-08
 6.666092797789566e-17
 1.311391236064996e-18
 6.745536883794552e-17
 5.151244463886244e-21
 9.107073540557021e-17
 1.152223180298471e-10
 4.814477583838332e-14
 6.11008300975693e-09
 6.801137723257007e-08
 1.23676322827231e-05
 2.284544403225408e-11
 6.093999136710382e-13
 1.412434820537438e-11
 5.181015904577669e-14
 2.096408811222507e-12
 1.386525391262354e-07
 1.22708309118151e-10
 1.417841395904356e-05
 1.23676322827231e-05
 0.0005397783275898737
 4.466094215171497e-07
 1.477120670102942e-08
 1.361119335031736e-08
 1.929604081869718e-07
 2.014427762734381e-09
 0.0001268286843249997
 1.069945957431181e-06
 0.0004201473139102835
 0.0005397783275898737
 0.0005397783275898737
 8.47814412878973e-05
 1.578720235779544e-05
 9.831562243148838e-06
 1.964818319618416e-07
 2.763626105747516e-06
 0.0001268286843249997
 0.0007499624626945892
 0.0004201473139102835
 0.0005397783275898737
 0.005883874457379761
 0.005883874457379761
 7.760413077271359e-05
 0.0001268286843249997
 0.0008413131626136125
 4.166732801042138e-05
 0.0001268286843249997
 0.005883874457379761
 0.0004201473139102835
 0.0005397783275898737
 0.005883874457379761
 0.005883874457379761
 7.760413077271359e-05
 0.0001268286843249997
 0.0008413131626136125
 0.0001048185956970522
 0.0001268286843249997
 0.005883874457379761
 0.0004201473139102835
 0.0005397783275898737
 0.005883874457379761
 0.005883874457379761
 0.0001788474610876224
 0.0001268286843249997
 0.0008413131626136125
 0.00021425364023682
 0.0001268286843249997
 0.005883874457379761
 0.0004201473139102835
 0.0007877306096786399
 0.005883874457379761
 0.005883874457379761
 0.0002254571594683514
 0.0001268286843249997
 0.0008413131626136125
 0.001490274420617667
 0.0001268286843249997
 0.005883874457379761
 0.0004201473139102835
 0.0005397783275898737
 0.005883874457379761
 0.005883874457379761
 0.000350097518394234
 0.0001779074428765264
 0.0008413131626136125
 0.001490274420617667
 0.0001268286843249997
 0.005883874457379761
 0.0004201473139102835
 0.005109618015201108
 0.005883874457379761
 0.005883874457379761
 0.000350097518394234
 0.0001268286843249997
 0.0008413131626136125
 0.001490274420617667
 0.0001268286843249997
 0.005883874457379761
 0.0004201473139102835
 0.0007877306096786399
 0.005883874457379761
 0.005883874457379761
 0.001490274420617667
 0.0001284038715546513
 0.0008413131626136125
 0.001490274420617667
 0.0001268286843249997
 0.005883874457379761
 0.0004201473139102835
 0.0007877306096786399
 0.005883874457379761
 0.005883874457379761
 0.005109618015201108
 0.0001268286843249997
 0.0008413131626136125
 0.005109618015201108
 0.0001268286843249997
 0.005883874457379761
 0.0004201473139102835
 0.0007877306096786399
 0.005883874457379761
 0.005883874457379761
 0.005109618015201108
 0.0001268286843249997
 0.0008413131626136125
 0.005109618015201108
 0.0008413131626136125
 0.005883874457379761
 0.0008413131626136125
 0.0005397783275898737
 0.005883874457379761
 0.005883874457379761
 0.005109618015201108
 0.0001268286843249997
 0.0008413131626136125
 0.005109618015201108
 0.0001268286843249997
 0.005883874457379761
 0.0008413131626136125
 0.0005397783275898737
 0.005883874457379761
 0.005883874457379761
 0.005109618015201108
 0.0001268286843249997
 0.0008413131626136125
 0.005109618015201108
 0.0001268286843249997
 0.005883874457379761
 0.0008413131626136125
 0.0005397783275898737
 0.005883874457379761
 0.005883874457379761
 0.005109618015201108
 0.0001268286843249997
 0.0008413131626136125
 0.005109618015201108
 0.0001268286843249997
 0.005883874457379761
 0.005109618015201108
 0.0005397783275898737
 0.005883874457379761
 0.005883874457379761
 0.005109618015201108
 0.0001779074428765264
 0.0008539428255114556
 0.005109618015201108
 0.0001268286843249997
 0.005883874457379761
 0.005109618015201108
 0.0005397783275898737
 0.005883874457379761
 0.005883874457379761
 0.005109618015201108
 0.0001268286843249997
 0.0008539428255114556
 0.005109618015201108
 0.0001268286843249997
 0.005883874457379761
 0.005109618015201108
 0.0005397783275898737
 0.005883874457379761
 0.005883874457379761
 0.005109618015201108
 0.0001268286843249997
 0.0008539428255114556
 0.005109618015201108
 0.0001268286843249997
 0.005883874457379761
 0.005109618015201108
 0.0005397783275898737
 0.005883874457379761
 0.005883874457379761
 0.005883874457379761
 0.0001268286843249997
 0.0008413131626136125
 0.005109618015201108
 0.0001268286843249997
 0.005883874457379761
 0.005109618015201108
 0.0005397783275898737
 0.005883874457379761
 0.005883874457379761
 0.005883874457379761
 0.0001268286843249997
 0.0008413131626136125
 0.005109618015201108
 0.0001268286843249997
 0.005883874457379761
 0.005109618015201108
 0.0005397783275898737
 0.005883874457379761
 0.005883874457379761
 0.005109618015201108
 0.0001268286843249997
 0.0008413131626136125
 0.005109618015201108
 0.0001268286843249997
 0.005883874457379761
 0.005109618015201108
 0.0005397783275898737
 0.005883874457379761
 0.005883874457379761
 0.005109618015201108
 0.0001268286843249997
 0.0008413131626136125
 0.005109618015201108
 0.0001284038715546513
 0.005883874457379761
 0.005109618015201108
 0.0005397783275898737
 0.005883874457379761
 0.005883874457379761
 0.005109618015201108
 0.0001268286843249997
 0.0008413131626136125
 0.005109618015201108
 0.0001284038715546513
 0.005883874457379761
 0.005109618015201108
 0.0005397783275898737
 0.005883874457379761
 0.005883874457379761
 0.005109618015201108
 0.0001268286843249997
 0.0008413131626136125
 0.005109618015201108
 0.0001284038715546513
 0.005883874457379761
 0.005109618015201108
 0.0005397783275898737
 0.005883874457379761
 0.005883874457379761
 0.005109618015201108
 0.0001268286843249997
 0.0008413131626136125
 0.005109618015201108
 0.0001284038715546513
 0.005883874457379761
 0.005109618015201108
 0.005109618015201108
 0.005883874457379761
 0.005883874457379761
 0.005109618015201108
 0.0001268286843249997
 0.0008413131626136125
 0.005109618015201108
 0.0004201473139102835
 0.005883874457379761
 0.005109618015201108
 0.005109618015201108
 0.005883874457379761
 0.005883874457379761
 0.005883874457379761
 0.0001268286843249997
 0.0008413131626136125
 0.005109618015201108
 0.0004201473139102835
 0.005883874457379761
 0.005109618015201108
 0.005883874457379761
 0.005883874457379761
 0.005883874457379761
 0.005109618015201108
 0.0001268286843249997
 0.0008413131626136125
 0.005109618015201108
 0.0004201473139102835
 0.005883874457379761
 0.005883874457379761
 0.005883874457379761
 0.005883874457379761
 0.005883874457379761
 0.005109618015201108
 0.0001268286843249997
 0.0008413131626136125
 0.005109618015201108
