# Created by Octave 3.2.4, Wed Feb 06 17:55:25 2013 EST <rbom@zaphod>
# name: small_First_Fit
# type: matrix
# ndims: 3
 1 10 30
 1.889557804198757e-09
 2.919758655501486e-12
 1.231419863107592e-10
 5.605348237595895e-11
 3.821049671026662e-08
 3.373987303031751e-10
 7.702252832344558e-10
 4.425840629367894e-06
 1.969216397516956e-11
 2.47773689830121e-11
 8.376281295375685e-08
 5.172582047748693e-09
 2.345392090958315e-07
 1.666624831621313e-07
 1.284279404725758e-05
 7.159269644270425e-07
 2.260920199782745e-07
 0.0006793113396856512
 1.79033884951174e-07
 1.44743987473173e-07
 0.0003927433438273932
 3.227337751675475e-05
 1.199638700466473e-05
 7.121337845065836e-06
 0.0003803484359115344
 3.011746687064035e-05
 1.518902429296135e-05
 0.005164053739369207
 8.981342754112361e-05
 2.093391237082326e-05
 0.001081257521644057
 0.009347375888016464
 0.0004831133642168463
 0.0002823878988883658
 0.006852246685537536
 0.0003549634295192151
 0.0007147924819494814
 0.005164053739369207
 0.001570849414311832
 0.0005426865603134839
 0.005188424404771025
 0.01260257346485499
 0.001671079495152129
 0.001570849414311832
 0.02076925068367598
 0.0005629471320620238
 0.01416994155784091
 0.009256118630333255
 0.005517505810577465
 0.02361346952960447
 0.005188424404771025
 0.0354188385030588
 0.008035485002088885
 0.003983181601357037
 0.03436170691409235
 0.001035369488657913
 0.02361346952960447
 0.009256118630333255
 0.005517505810577465
 0.03436170691409235
 0.01062970574865961
 0.0354188385030588
 0.02529369396047507
 0.004020760798758885
 0.03436170691409235
 0.002196216126055687
 0.03436170691409235
 0.009256118630333255
 0.005517505810577465
 0.03436170691409235
 0.0354188385030588
 0.04328238468920761
 0.0354188385030588
 0.009666735110100317
 0.03436170691409235
 0.002196216126055687
 0.03436170691409235
 0.01903466984470911
 0.02529369396047507
 0.04328238468920761
 0.04328238468920761
 0.04328238468920761
 0.02529369396047507
 0.009666735110100317
 0.04328238468920761
 0.007078505757462084
 0.02361346952960447
 0.04328238468920761
 0.02529369396047507
 0.04328238468920761
 0.04328238468920761
 0.04328238468920761
 0.03316091552795863
 0.04328238468920761
 0.04328238468920761
 0.01416994155784091
 0.03436170691409235
 0.04328238468920761
 0.04328238468920761
 0.04328238468920761
 0.04328238468920761
 0.04328238468920761
 0.03316091552795863
 0.04328238468920761
 0.04328238468920761
 0.01416994155784091
 0.02361346952960447
 0.04328238468920761
 0.04328238468920761
 0.04328238468920761
 0.04328238468920761
 0.04328238468920761
 0.03316091552795863
 0.04328238468920761
 0.04328238468920761
 0.01903466984470911
 0.03436170691409235
 0.0354188385030588
 0.04328238468920761
 0.04328238468920761
 0.04328238468920761
 0.04328238468920761
 0.03316091552795863
 0.04328238468920761
 0.04328238468920761
 0.03436170691409235
 0.03436170691409235
 0.04328238468920761
 0.04328238468920761
 0.04328238468920761
 0.04328238468920761
 0.04328238468920761
 0.03316091552795863
 0.04328238468920761
 0.04328238468920761
 0.03144803842781616
 0.03436170691409235
 0.04328238468920761
 0.04328238468920761
 0.04328238468920761
 0.04328238468920761
 0
 0.0354188385030588
 0.04328238468920761
 0.04328238468920761
 0.03436170691409235
 0.03436170691409235
 0.04328238468920761
 0.04328238468920761
 0
 0
 0
 0.0354188385030588
 0.04328238468920761
 0
 0.03144803842781616
 0.03436170691409235
 0.04328238468920761
 0.04328238468920761
 0
 0
 0
 0.03316091552795863
 0
 0
 0.03436170691409235
 0.03436170691409235
 0.04328238468920761
 0
 0
 0
 0
 0.03316091552795863
 0
 0
 0.02361346952960447
 0.03436170691409235
 0.04328238468920761
 0
 0
 0
 0
 0.03316091552795863
 0
 0
 0.03436170691409235
 0
 0.04328238468920761
 0
 0
 0
 0
 0.03316091552795863
 0
 0
 0.03436170691409235
 0
 0
 0
 0
 0
 0
 0.03316091552795863
 0
 0
 0.03436170691409235
 0
 0
 0
 0
 0
 0
 0
 0
 0
 0.04328238468920761
 0
 0
 0
 0
 0
 0
 0
 0
 0
 0.04328238468920761
 0
 0
 0
 0
 0
 0
 0
 0
 0
 0.04328238468920761
 0
 0
 0
 0
 0
 0
 0
 0
 0
 0.04328238468920761
 0
 0
 0
 0
 0
 0
 0
 0
 0
 0.04328238468920761
 0
 0
 0
 0
 0
 0
 0
 0
 0
 0.04328238468920761
 0
 0
 0
 0
 0
 0
 0
 0
 0
 0.03436170691409235
 0
 0
 0
 0
 0
 0
 0
 0
 0
 0
 0
 0
 0
 0
 0
 0
 0
 0
 0
 0
 0
 0
 0
 0
