# Created by Octave 3.2.4, Thu Feb 07 00:51:51 2013 EST <rbom@zaphod>
# name: small_First_Fit
# type: matrix
# ndims: 3
 1 10 30
 1.985151488323911e-12
 3.806164717474094e-11
 1.079000003646132e-14
 7.407430327587054e-13
 5.510507354503208e-13
 3.455823870794263e-13
 6.394896981464141e-11
 2.621701597130255e-13
 1.185166791356967e-11
 5.072705415912035e-12
 5.068424266480872e-07
 2.667174318136045e-08
 1.190462524106185e-10
 7.592861238874833e-06
 6.914523581619136e-11
 6.844998327680046e-10
 3.165468902308256e-08
 1.90400781879567e-09
 7.386107112091156e-09
 2.911853533081274e-07
 5.352764862261505e-05
 0.0007795406954030272
 3.495642800849357e-08
 0.0004266793584941529
 5.786347768295188e-09
 1.961861581327514e-08
 2.343659846203798e-05
 1.154019043092077e-06
 2.197271366599249e-06
 1.46737562321603e-05
 0.002398798656004879
 0.006446518509297568
 9.897392421421201e-07
 0.006446518509297568
 3.527171522194242e-07
 5.603673245245462e-06
 0.0001480820894500152
 0.0002146472619702082
 0.000238027560171718
 0.001012181277625818
 0.006446518509297568
 0.006446518509297568
 1.05107095275243e-05
 0.006446518509297568
 5.864646654479803e-05
 0.001311330854021246
 0.0003588757475957824
 0.001648150340007379
 0.005744883359352035
 0.001012181277625818
 0.006446518509297568
 0.006446518509297568
 7.722695943253015e-05
 0.006446518509297568
 0.002398798656004879
 0.002398798656004879
 0.0008750523883546786
 0.005744883359352035
 0.005744883359352035
 0.001023992541235806
 0.006446518509297568
 0.006446518509297568
 7.722695943253015e-05
 0.006446518509297568
 0.006446518509297568
 0.006446518509297568
 0.002922829344618257
 0.006446518509297568
 0.002922829344618257
 0.001023992541235806
 0.006446518509297568
 0.006446518509297568
 0.0003588757475957824
 0.006446518509297568
 0.006446518509297568
 0.002398798656004879
 0.002922829344618257
 0.006446518509297568
 0.002922829344618257
 0.001023992541235806
 0.006446518509297568
 0.006446518509297568
 0.0008750523883546786
 0.006446518509297568
 0.006446518509297568
 0.006446518509297568
 0.002922829344618257
 0.006446518509297568
 0.002922829344618257
 0.001023992541235806
 0.006446518509297568
 0.006446518509297568
 0.002398798656004879
 0.006446518509297568
 0.006446518509297568
 0.006446518509297568
 0.005744883359352035
 0.005744883359352035
 0.002922829344618257
 0.001012181277625818
 0.006446518509297568
 0
 0.005744883359352035
 0
 0.005744883359352035
 0.006446518509297568
 0.005744883359352035
 0.005744883359352035
 0.002922829344618257
 0.001012181277625818
 0
 0
 0.005744883359352035
 0
 0.006446518509297568
 0.006446518509297568
 0.005744883359352035
 0.006446518509297568
 0
 0.001023992541235806
 0
 0
 0.005744883359352035
 0
 0.005744883359352035
 0.006446518509297568
 0.005744883359352035
 0.005744883359352035
 0
 0.001023992541235806
 0
 0
 0.005744883359352035
 0
 0.005744883359352035
 0.006446518509297568
 0.005744883359352035
 0.005744883359352035
 0
 0.005744883359352035
 0
 0
 0.005744883359352035
 0
 0.005744883359352035
 0.006446518509297568
 0.006446518509297568
 0.005744883359352035
 0
 0.005744883359352035
 0
 0
 0.005744883359352035
 0
 0.005744883359352035
 0
 0.006446518509297568
 0.005744883359352035
 0
 0.005744883359352035
 0
 0
 0.005744883359352035
 0
 0.005744883359352035
 0
 0.005744883359352035
 0.005744883359352035
 0
 0.005744883359352035
 0
 0
 0
 0
 0.005744883359352035
 0
 0.005744883359352035
 0.005744883359352035
 0
 0.005744883359352035
 0
 0
 0
 0
 0
 0
 0.005744883359352035
 0
 0
 0.006446518509297568
 0
 0
 0
 0
 0
 0
 0.006446518509297568
 0
 0
 0.006446518509297568
 0
 0
 0
 0
 0
 0
 0.006446518509297568
 0
 0
 0.006446518509297568
 0
 0
 0
 0
 0
 0
 0.005744883359352035
 0
 0
 0.006446518509297568
 0
 0
 0
 0
 0
 0
 0.005744883359352035
 0
 0
 0.006446518509297568
 0
 0
 0
 0
 0
 0
 0.006446518509297568
 0
 0
 0.005744883359352035
 0
 0
 0
 0
 0
 0
 0.006446518509297568
 0
 0
 0.006446518509297568
 0
 0
 0
 0
 0
 0
 0.005744883359352035
 0
 0
 0.005744883359352035
 0
 0
 0
 0
 0
 0
 0.005744883359352035
 0
 0
 0.006446518509297568
 0
 0
 0
 0
 0
 0
 0.005744883359352035
 0
 0
 0.005744883359352035
 0
 0
 0
 0
 0
 0
 0.006446518509297568
 0
 0
 0.005744883359352035
 0
 0
 0
 0
 0
 0
 0.006446518509297568
 0
 0
 0.005744883359352035
