# Created by Octave 3.2.4, Tue Feb 05 20:58:14 2013 EST <rbom@zaphod>
# name: small_First_Fit
# type: matrix
# ndims: 3
 1 10 30
 5.810340093638394e-13
 7.482690903777697e-15
 1.168684239291213e-10
 1.085557037744079e-13
 3.599253575003392e-10
 1.233120624127305e-11
 2.909259444938261e-13
 6.378746989456606e-16
 1.914503399260021e-15
 1.147926944043834e-12
 3.774318573026431e-10
 2.848072681619346e-11
 1.318802784326109e-08
 3.877913880545782e-10
 2.471287731019105e-08
 3.034449395312244e-09
 1.060999220388558e-09
 4.140637546711047e-12
 2.632074508631277e-12
 1.499855868427738e-07
 6.808170669588741e-08
 1.932875836699581e-08
 4.155358388099788e-06
 1.374170324353e-06
 9.91229003094312e-07
 8.174355442004651e-08
 6.521265447272988e-07
 1.859511117369424e-09
 3.96081981460917e-08
 1.706031409102942e-06
 7.556096403666334e-06
 9.595909512656596e-07
 9.94777763268739e-05
 2.561942021916318e-05
 3.932082694013592e-05
 0.0001182872382663085
 9.859826934648912e-05
 3.671204745702385e-07
 1.292235560929277e-05
 7.148276810196069e-05
 9.160866742646825e-05
 2.552272135425971e-05
 0.0001452752552749949
 8.48008635486992e-05
 0.0009549320114801378
 0.001069964416530923
 9.859826934648912e-05
 0.0001395877114057717
 0.0001411588784539319
 8.48008635486992e-05
 0.0001182872382663085
 0.00025886385073523
 0.0001452752552749949
 0.0003603934449302965
 0.001009145532947696
 0.001069964416530923
 9.859826934648912e-05
 0.001069964416530923
 0.0002012311240691612
 8.48008635486992e-05
 0.0001182872382663085
 0.001009145532947696
 0.0001452752552749949
 0.0003603934449302965
 0.001009145532947696
 0.001069964416530923
 0.0002012311240691612
 0.001233634025399874
 0.001069964416530923
 9.160866742646825e-05
 0.0001182872382663085
 0.001233634025399874
 0.001233634025399874
 0.0003603934449302965
 0.001009145532947696
 0.001069964416530923
 0.0002012311240691612
 0.001233634025399874
 0.001069964416530923
 0.0008107414624173614
 0.0003603934449302965
 0.001233634025399874
 0.001233634025399874
 0.001009145532947696
 0.001233634025399874
 0.001069964416530923
 0.0002012311240691612
 0.001233634025399874
 0.001069964416530923
 0.001009145532947696
 0.001009145532947696
 0.001233634025399874
 0.001233634025399874
 0.0003603934449302965
 0.001233634025399874
 0.001069964416530923
 0.0002012311240691612
 0.001233634025399874
 0.001069964416530923
 0.001009145532947696
 0.001009145532947696
 0.001233634025399874
 0.001233634025399874
 0.001009145532947696
 0.001233634025399874
 0.001069964416530923
 0.0002012311240691612
 0.001233634025399874
 0.001069964416530923
 0.001009145532947696
 0.001069964416530923
 0.001233634025399874
 0.001233634025399874
 0.001009145532947696
 0.001233634025399874
 0
 0.0002012311240691612
 0.001233634025399874
 0.001069964416530923
 0.001069964416530923
 0.001069964416530923
 0.001233634025399874
 0.001233634025399874
 0.001009145532947696
 0.001233634025399874
 0
 0.0008107414624173614
 0.001233634025399874
 0.001069964416530923
 0.001009145532947696
 0.001069964416530923
 0.001233634025399874
 0.001233634025399874
 0.001009145532947696
 0.001069964416530923
 0
 0.0008107414624173614
 0
 0
 0.001009145532947696
 0.001069964416530923
 0
 0
 0.001009145532947696
 0.001069964416530923
 0
 0.0008107414624173614
 0
 0
 0.001233634025399874
 0.001069964416530923
 0
 0
 0.001233634025399874
 0
 0
 0.001069964416530923
 0
 0
 0.001009145532947696
 0.001069964416530923
 0
 0
 0.001069964416530923
 0
 0
 0.001069964416530923
 0
 0
 0.001069964416530923
 0.001233634025399874
 0
 0
 0.001233634025399874
 0
 0
 0.001009145532947696
 0
 0
 0.001233634025399874
 0.001233634025399874
 0
 0
 0.001233634025399874
 0
 0
 0.001233634025399874
 0
 0
 0.001069964416530923
 0.001233634025399874
 0
 0
 0.001233634025399874
 0
 0
 0.001233634025399874
 0
 0
 0.001069964416530923
 0.001233634025399874
 0
 0
 0.001233634025399874
 0
 0
 0.001233634025399874
 0
 0
 0.001069964416530923
 0.001233634025399874
 0
 0
 0.001233634025399874
 0
 0
 0.001233634025399874
 0
 0
 0.001069964416530923
 0.001233634025399874
 0
 0
 0.001233634025399874
 0
 0
 0.001233634025399874
 0
 0
 0.001233634025399874
 0.001233634025399874
 0
 0
 0.001233634025399874
 0
 0
 0.001233634025399874
 0
 0
 0.001233634025399874
 0
 0
 0
 0
 0
 0
 0.001233634025399874
 0
 0
 0.001233634025399874
 0
 0
 0
 0
 0
 0
 0
 0
 0
 0.001233634025399874
 0
 0
 0
 0
 0
 0
 0
 0
 0
 0.001069964416530923
 0
 0
 0
 0
 0
 0
 0
 0
 0
 0.001009145532947696
 0
 0
 0
 0
 0
 0
 0
 0
 0
 0.001233634025399874
 0
 0
 0
 0
 0
 0
 0
 0
 0
 0.001009145532947696
