# Created by Octave 3.2.4, Wed Feb 06 15:54:34 2013 EST <rbom@zaphod>
# name: small_First_Fit
# type: matrix
# ndims: 3
 1 10 30
 1.92203095041643e-15
 4.150750240060047e-13
 5.271416886203765e-12
 9.60909937423538e-14
 7.709046886248481e-14
 2.206714860566696e-16
 1.608842269757944e-16
 1.40126636946248e-14
 1.177069361885307e-11
 3.909599457843027e-13
 9.816349382989683e-12
 3.133668758981779e-08
 6.876667636094102e-09
 3.855282677996851e-09
 3.969940514013035e-06
 7.845427755521284e-13
 3.510662755570422e-13
 4.718638136819113e-09
 2.404409691106723e-08
 2.508093617626861e-08
 5.765714452721878e-07
 5.49743098332992e-08
 1.129593031208962e-06
 7.931780292111451e-06
 6.484336960618137e-05
 1.572121767031838e-06
 2.441824334757446e-08
 1.206361933050778e-07
 9.405575177369928e-06
 1.017187110707452e-06
 0.0003149020215659218
 1.13407686401464e-06
 4.848883929317225e-05
 0.0008847762857354966
 0.001605019751780384
 6.5966189852618e-05
 9.183538979349829e-05
 3.168002163127192e-05
 0.0003738958599872244
 0.001645341015639037
 0.07468151105696734
 8.876602156240825e-06
 0.001092686580813712
 0.01542489974904866
 0.001605019751780384
 0.001570096458365004
 0.001605019751780384
 0.0005606212979249371
 0.004018902378918903
 0.004286877697937188
 0.07468151105696734
 5.637765172228628e-05
 0.005073252511056664
 0.07468151105696734
 0.004286877697937188
 0.008253883498027159
 0.001645341015639037
 0.001645341015639037
 0.004286877697937188
 0.004546857095145799
 0.07468151105696734
 0.002076223933895467
 0.03786046405150188
 0.07468151105696734
 0.01165991119623929
 0.008253883498027159
 0.004286877697937188
 0.004018902378918903
 0.004286877697937188
 0.008034578426552905
 0.07468151105696734
 0.07468151105696734
 0.005073252511056664
 0.07468151105696734
 0.01165991119623929
 0.008253883498027159
 0.004286877697937188
 0.004018902378918903
 0.004286877697937188
 0.008034578426552905
 0.07468151105696734
 0.07468151105696734
 0.01165991119623929
 0.07468151105696734
 0.07468151105696734
 0.008253883498027159
 0.004286877697937188
 0.004286877697937188
 0.004286877697937188
 0.07468151105696734
 0.07468151105696734
 0.07468151105696734
 0.005073252511056664
 0.07468151105696734
 0.07468151105696734
 0.07468151105696734
 0.008034578426552905
 0.03786046405150188
 0.004018902378918903
 0.07468151105696734
 0.07468151105696734
 0.07468151105696734
 0.005073252511056664
 0.07468151105696734
 0.07468151105696734
 0.07468151105696734
 0.01165991119623929
 0.07468151105696734
 0.004286877697937188
 0.07468151105696734
 0
 0.07468151105696734
 0.005073252511056664
 0.07468151105696734
 0.07468151105696734
 0.07468151105696734
 0.008034578426552905
 0.07468151105696734
 0.004018902378918903
 0.07468151105696734
 0
 0.07468151105696734
 0.005073252511056664
 0
 0.07468151105696734
 0.07468151105696734
 0.008034578426552905
 0.07468151105696734
 0.004286877697937188
 0.07468151105696734
 0
 0.07468151105696734
 0.03786046405150188
 0
 0.07468151105696734
 0.07468151105696734
 0.07468151105696734
 0.07468151105696734
 0.004286877697937188
 0.07468151105696734
 0
 0
 0.03786046405150188
 0
 0.07468151105696734
 0.07468151105696734
 0.07468151105696734
 0.07468151105696734
 0.004286877697937188
 0.07468151105696734
 0
 0
 0.07468151105696734
 0
 0
 0.07468151105696734
 0.07468151105696734
 0.07468151105696734
 0.004286877697937188
 0
 0
 0
 0.07468151105696734
 0
 0
 0
 0.07468151105696734
 0.07468151105696734
 0.03786046405150188
 0
 0
 0
 0.07468151105696734
 0
 0
 0
 0.07468151105696734
 0
 0.07468151105696734
 0
 0
 0
 0.07468151105696734
 0
 0
 0
 0.07468151105696734
 0
 0.07468151105696734
 0
 0
 0
 0.07468151105696734
 0
 0
 0
 0.07468151105696734
 0
 0.07468151105696734
 0
 0
 0
 0.07468151105696734
 0
 0
 0
 0
 0
 0.07468151105696734
 0
 0
 0
 0.07468151105696734
 0
 0
 0
 0
 0
 0.07468151105696734
 0
 0
 0
 0
 0
 0
 0
 0
 0
 0.07468151105696734
 0
 0
 0
 0
 0
 0
 0
 0
 0
 0.07468151105696734
 0
 0
 0
 0
 0
 0
 0
 0
 0
 0
 0
 0
 0
 0
 0
 0
 0
 0
 0
 0
 0
 0
 0
 0
 0
 0
 0
 0
 0
 0
 0
 0
 0
 0
 0
 0
 0
 0
 0
 0
 0
 0
 0
 0
 0
 0
 0
 0
 0
 0
 0
 0
 0
 0
 0
 0
 0
 0
 0
 0
 0
