# Created by Octave 3.2.4, Thu Feb 07 03:55:15 2013 EST <rbom@zaphod>
# name: small_First_Fit
# type: matrix
# ndims: 3
 1 10 30
 3.236348063608804e-15
 8.620964811718385e-18
 7.799828134583833e-11
 2.725038275797986e-11
 1.061470796744067e-12
 1.269459870319729e-11
 2.760651876260866e-14
 9.385748274466174e-15
 5.801699052625017e-11
 2.585197547150903e-13
 8.865277661899787e-10
 3.765483019286395e-13
 7.226622843848888e-09
 1.1254647360979e-06
 3.028519351490968e-10
 1.317349918209528e-08
 1.213388106244971e-07
 4.204154068997668e-12
 7.388956313282169e-08
 2.771539784567727e-07
 4.409880862054223e-08
 3.682139944566982e-09
 6.660272554916988e-05
 0.0001097708011763621
 9.029549605404105e-06
 1.501741224702655e-06
 3.377430266625479e-07
 1.442168110586089e-07
 1.611364590442583e-06
 3.602183325309694e-05
 1.4879994504364e-06
 4.076993063381641e-07
 0.000851771193559482
 0.000926470999272274
 0.0004232512554423037
 2.600514088203098e-05
 6.042094356783137e-06
 2.530667706797969e-06
 3.051841664212422e-05
 0.0002366149141771737
 9.866730808952531e-05
 1.265404237194825e-05
 0.000851771193559482
 0.001308009418345339
 0.0004232512554423037
 0.0005681576626502244
 0.0002274349757281812
 6.044749992100167e-05
 0.0002953705793813287
 0.0002368655206275652
 0.0005681576626502244
 0.0002929932212834015
 0.002087091298185581
 0.002087091298185581
 0.0004232512554423037
 0.002087091298185581
 0.0005681576626502244
 6.044749992100167e-05
 0.002212750206283
 0.0004232512554423037
 0.0005681576626502244
 0.0005891859888983636
 0.002087091298185581
 0.002212750206283
 0.0004232512554423037
 0.002087091298185581
 0.0005681576626502244
 6.044749992100167e-05
 0.002212750206283
 0.0004232512554423037
 0.0005681576626502244
 0.0005891859888983636
 0.002087091298185581
 0.002212750206283
 0.0004232512554423037
 0.002087091298185581
 0.0003639942430483631
 0.0002056644071861283
 0.002212750206283
 0.001519393215414731
 0.0005681576626502244
 0.0005891859888983636
 0.002212750206283
 0.002212750206283
 0.0005681576626502244
 0.002087091298185581
 0.0002274349757281812
 6.044749992100167e-05
 0.002212750206283
 0.001519393215414731
 0.0005681576626502244
 0.002212750206283
 0.002087091298185581
 0.002212750206283
 0.0005681576626502244
 0.002087091298185581
 0.0002274349757281812
 6.044749992100167e-05
 0.002212750206283
 0.001519393215414731
 0.0005681576626502244
 0.002212750206283
 0.002087091298185581
 0.002212750206283
 0.0005681576626502244
 0.002087091298185581
 0.0002274349757281812
 0.0006610591286474202
 0.002212750206283
 0.001519393215414731
 0.0005681576626502244
 0.002212750206283
 0.002212750206283
 0.002212750206283
 0.001519393215414731
 0.002087091298185581
 0.0002274349757281812
 0.0006610591286474202
 0.002212750206283
 0.001519393215414731
 0
 0.002212750206283
 0.002087091298185581
 0.002212750206283
 0.001519393215414731
 0
 0
 0.002087091298185581
 0
 0.001519393215414731
 0
 0.002212750206283
 0.002087091298185581
 0
 0.002087091298185581
 0
 0
 0.002087091298185581
 0
 0.001519393215414731
 0
 0.002212750206283
 0.002087091298185581
 0
 0.002087091298185581
 0
 0
 0.002212750206283
 0
 0
 0
 0.002212750206283
 0.002212750206283
 0
 0.002087091298185581
 0
 0
 0.002212750206283
 0
 0
 0
 0
 0.002087091298185581
 0
 0.001519393215414731
 0
 0
 0.002212750206283
 0
 0
 0
 0
 0.002087091298185581
 0
 0.001519393215414731
 0
 0
 0.002212750206283
 0
 0
 0
 0
 0.002087091298185581
 0
 0.001519393215414731
 0
 0
 0.002212750206283
 0
 0
 0
 0
 0.002087091298185581
 0
 0.001519393215414731
 0
 0
 0.002212750206283
 0
 0
 0
 0
 0.002212750206283
 0
 0
 0
 0
 0.002212750206283
 0
 0
 0
 0
 0.002212750206283
 0
 0
 0
 0
 0
 0
 0
 0
 0
 0.002087091298185581
 0
 0
 0
 0
 0
 0
 0
 0
 0
 0.002087091298185581
 0
 0
 0
 0
 0
 0
 0
 0
 0
 0.002087091298185581
 0
 0
 0
 0
 0
 0
 0
 0
 0
 0.002087091298185581
 0
 0
 0
 0
 0
 0
 0
 0
 0
 0.002087091298185581
 0
 0
 0
 0
 0
 0
 0
 0
 0
 0
 0
 0
 0
 0
 0
 0
 0
 0
 0
 0
 0
 0
 0
 0
 0
 0
 0
 0
 0
 0
 0
 0
 0
 0
 0
 0
 0
