# Created by Octave 3.2.4, Wed Feb 06 19:00:39 2013 EST <rbom@zaphod>
# name: small_First_Fit
# type: matrix
# ndims: 3
 1 10 30
 9.559050391772866e-08
 7.799892283188881e-05
 5.039782775746212e-06
 6.204938394735445e-07
 0.0005907921695053939
 2.511978172972396e-07
 3.356988085204424e-09
 7.00598411177246e-09
 1.054001001568651e-05
 4.1075692668443e-08
 0.0006799476763084118
 0.01238863271335719
 0.0002498217737004871
 4.771273442456331e-05
 0.004094080308405101
 7.987787787782326e-05
 0.0006406048278538262
 9.136965668214162e-07
 0.0004841405621388118
 9.652980943496889e-05
 0.008379416818257848
 0.05065845929204669
 0.002344836382258613
 0.005023756171473206
 0.009071613249504999
 0.004229993180054526
 0.0103756747614096
 2.418562587800074e-05
 0.01987782366059905
 0.05325215654151532
 0.03116175598915834
 0.0534144964889521
 0.040537340418428
 0.0450514103605754
 0.05683999757206058
 0.04191733861185549
 0.02923322321635225
 0.000547151856304013
 0.07603366434820316
 0.1280574175848336
 0.06007822634227189
 0.09492396102684079
 0.1176733145685277
 0.0450514103605754
 0.1132009828359748
 0.1107134480521499
 0.06678125711011691
 0.00130039045126167
 0.08029638151372827
 0.1280574175848336
 0.09492396102684079
 0.09411456934834188
 0.1176733145685277
 0.05683999757206058
 0.1132009828359748
 0.09492396102684079
 0.0801651096020231
 0.01192829043898838
 0.1964322960797157
 0.3123822921531456
 0.1372453309451346
 0.09411456934834188
 0.143796793518079
 0.1374924423215502
 0.3123822921531456
 0.09492396102684079
 0.0801651096020231
 0.02904838942703725
 0.1218657891637031
 0.3123822921531456
 0.1452865163379313
 0.09492396102684079
 0.1452865163379313
 0.3123822921531456
 0.3123822921531456
 0.1176733145685277
 0.143247494248898
 0.03278453996831607
 0.09411456934834188
 0.3123822921531456
 0.1964322960797157
 0.09411456934834188
 0.3123822921531456
 0.3123822921531456
 0.3123822921531456
 0.1372453309451346
 0.1452865163379313
 0.06678125711011691
 0.1218657891637031
 0.3123822921531456
 0.3123822921531456
 0.1964322960797157
 0.1452865163379313
 0.1620037306272958
 0.3123822921531456
 0.143247494248898
 0.1453015244010082
 0.1132009828359748
 0.1964322960797157
 0.3123822921531456
 0.1964322960797157
 0.1964322960797157
 0.3123822921531456
 0.1620037306272958
 0.3123822921531456
 0.1452865163379313
 0.1453015244010082
 0.1453015244010082
 0.1964322960797157
 0.3123822921531456
 0.1964322960797157
 0.1964322960797157
 0.3123822921531456
 0.3123822921531456
 0.3123822921531456
 0.143247494248898
 0.1453015244010082
 0.1453015244010082
 0.1964322960797157
 0.3123822921531456
 0.3123822921531456
 0.1964322960797157
 0.3123822921531456
 0.3123822921531456
 0.3123822921531456
 0.143247494248898
 0.3123822921531456
 0.1453015244010082
 0.1964322960797157
 0
 0.1964322960797157
 0.1964322960797157
 0.3123822921531456
 0.3123822921531456
 0
 0.1964322960797157
 0.3123822921531456
 0.3123822921531456
 0.1964322960797157
 0
 0.1964322960797157
 0.1964322960797157
 0.3123822921531456
 0.3123822921531456
 0
 0.1964322960797157
 0.3123822921531456
 0.3123822921531456
 0.1964322960797157
 0
 0.3123822921531456
 0.1964322960797157
 0.3123822921531456
 0.3123822921531456
 0
 0.1964322960797157
 0.3123822921531456
 0.3123822921531456
 0.1964322960797157
 0
 0.3123822921531456
 0
 0.3123822921531456
 0.3123822921531456
 0
 0.1964322960797157
 0.3123822921531456
 0.3123822921531456
 0
 0
 0.1964322960797157
 0
 0
 0.3123822921531456
 0
 0.1964322960797157
 0.3123822921531456
 0.3123822921531456
 0
 0
 0.1964322960797157
 0
 0
 0
 0
 0.1964322960797157
 0.3123822921531456
 0.3123822921531456
 0
 0
 0.1964322960797157
 0
 0
 0
 0
 0.1964322960797157
 0
 0.3123822921531456
 0
 0
 0.1964322960797157
 0
 0
 0
 0
 0
 0
 0
 0
 0
 0.3123822921531456
 0
 0
 0
 0
 0
 0
 0
 0
 0
 0.1964322960797157
 0
 0
 0
 0
 0
 0
 0
 0
 0
 0.1964322960797157
 0
 0
 0
 0
 0
 0
 0
 0
 0
 0.3123822921531456
 0
 0
 0
 0
 0
 0
 0
 0
 0
 0.3123822921531456
 0
 0
 0
 0
 0
 0
 0
 0
 0
 0.3123822921531456
 0
 0
 0
 0
 0
 0
 0
 0
 0
 0.1964322960797157
 0
 0
 0
 0
 0
 0
 0
 0
 0
 0.3123822921531456
 0
 0
 0
 0
 0
 0
 0
 0
 0
 0.3123822921531456
 0
 0
 0
 0
 0
 0
 0
 0
 0
