# Created by Octave 3.2.4, Mon Feb 04 17:44:29 2013 EST <rbom@zaphod>
# name: small_First_Fit
# type: matrix
# ndims: 3
 1 10 30
 2.900563986586794e-18
 1.280532756409821e-21
 1.955875430819793e-19
 2.343874405920441e-13
 2.759379107187219e-19
 6.730815682887467e-23
 7.312815387793426e-19
 6.321217763446518e-23
 2.745866063125011e-19
 4.100939589557759e-19
 1.991651988538131e-15
 1.237059441808442e-13
 3.187077289519092e-13
 1.440324524113302e-08
 1.321766090614251e-15
 1.349077204791438e-17
 3.463376842690244e-13
 7.698364765091916e-15
 2.56583502467623e-16
 4.149223721447126e-13
 4.251533056001004e-11
 1.234299383468081e-09
 4.106582468928636e-07
 4.743302271262718e-06
 2.657205912365595e-10
 1.012578532343109e-14
 7.44990268342521e-09
 1.341303938648312e-11
 2.031726068137605e-12
 2.510448144096254e-10
 4.336914115893951e-05
 2.236848178352279e-07
 4.053254421498463e-05
 2.209453913253917e-05
 2.199157931559145e-06
 7.405290627135537e-11
 5.706477991249103e-06
 8.808966440537765e-08
 1.898077100556191e-09
 1.098887764912354e-05
 0.002663771367167281
 4.511739718300286e-06
 0.001094202775871787
 4.743302271262718e-06
 2.199157931559145e-06
 2.813117242626044e-08
 0.002663771367167281
 4.053254421498463e-05
 0.0003783170227943291
 0.001094202775871787
 0.002663771367167281
 3.001136139221534e-06
 0.001094202775871787
 2.209453913253917e-05
 2.199157931559145e-06
 1.098887764912354e-05
 0.002663771367167281
 0.0001071178146787009
 0.0003783170227943291
 0.001094202775871787
 0.002663771367167281
 3.001136139221534e-06
 0.001094202775871787
 0.0003783170227943291
 2.199157931559145e-06
 0.001094202775871787
 0.002663771367167281
 0.0001071178146787009
 0.0003783170227943291
 0.001094202775871787
 0.002663771367167281
 0.0002253601560860089
 0.001094202775871787
 0.0003783170227943291
 6.723842897024881e-06
 0.001094202775871787
 0.002663771367167281
 0.001094202775871787
 0.0003783170227943291
 0.001094202775871787
 0.002663771367167281
 0.0002253601560860089
 0.001094202775871787
 0.0003783170227943291
 4.511739718300286e-06
 0.001094202775871787
 0.002663771367167281
 0.001094202775871787
 0.0003783170227943291
 0.001094202775871787
 0.002663771367167281
 0.0002253601560860089
 0.001094202775871787
 0.0003783170227943291
 4.511739718300286e-06
 0.001094202775871787
 0.002663771367167281
 0.001094202775871787
 0.001094202775871787
 0.001094202775871787
 0.002663771367167281
 0.0002253601560860089
 0.001094202775871787
 0.0003783170227943291
 8.134281526053148e-06
 0.001094202775871787
 0.002663771367167281
 0.001094202775871787
 0.001094202775871787
 0.001094202775871787
 0
 0.0002253601560860089
 0
 0.0003783170227943291
 4.511739718300286e-06
 0.001094202775871787
 0
 0.002663771367167281
 0.001094202775871787
 0
 0
 0.0002253601560860089
 0
 0.0003783170227943291
 8.393726764256854e-06
 0.001094202775871787
 0
 0.002663771367167281
 0.001094202775871787
 0
 0
 0.001094202775871787
 0
 0
 8.393726764256854e-06
 0
 0
 0.001094202775871787
 0.001094202775871787
 0
 0
 0.001094202775871787
 0
 0
 8.393726764256854e-06
 0
 0
 0.001094202775871787
 0.002663771367167281
 0
 0
 0.002663771367167281
 0
 0
 4.053254421498463e-05
 0
 0
 0.001094202775871787
 0.002663771367167281
 0
 0
 0.002663771367167281
 0
 0
 0.0003783170227943291
 0
 0
 0.001094202775871787
 0.002663771367167281
 0
 0
 0.001094202775871787
 0
 0
 0.0003783170227943291
 0
 0
 0.001094202775871787
 0.002663771367167281
 0
 0
 0.001094202775871787
 0
 0
 0.0003783170227943291
 0
 0
 0
 0.002663771367167281
 0
 0
 0.001094202775871787
 0
 0
 0.0003783170227943291
 0
 0
 0
 0.002663771367167281
 0
 0
 0.001094202775871787
 0
 0
 0.0003783170227943291
 0
 0
 0
 0.002663771367167281
 0
 0
 0.001094202775871787
 0
 0
 0.0003783170227943291
 0
 0
 0
 0
 0
 0
 0
 0
 0
 0.0003783170227943291
 0
 0
 0
 0
 0
 0
 0
 0
 0
 0
 0
 0
 0
 0
 0
 0
 0
 0
 0
 0
 0
 0
 0
 0
 0
 0
 0
 0
 0
 0
 0
 0
 0
 0
 0
 0
 0
 0
 0
 0
 0
 0
 0
 0
 0
 0
 0
 0
 0
 0
 0
 0
 0
 0
 0
 0
 0
 0
 0
 0
 0
 0
 0
 0
 0
 0
 0
 0
 0
 0
 0
 0
 0
 0
 0
