# Created by Octave 3.2.4, Tue Feb 05 21:46:02 2013 EST <rbom@zaphod>
# name: small_First_Fit
# type: matrix
# ndims: 3
 1 10 30
 1.728633274667182e-15
 6.175988202277071e-17
 2.125482787579305e-14
 2.119113826792838e-15
 5.262740590392114e-18
 5.127590811492456e-20
 8.918742711260548e-18
 5.0832292530292e-18
 2.579792453408497e-16
 1.207636550991615e-13
 5.139567426471908e-11
 4.710449406684728e-13
 1.95111834746429e-08
 2.406799455226753e-09
 1.075620552154797e-12
 1.711556744904662e-14
 5.6483092933874e-12
 1.701941936732646e-11
 3.507688853168775e-11
 8.639381699548135e-10
 4.911297426291902e-08
 1.247887066594937e-09
 1.571407051868726e-06
 5.923475825748539e-06
 5.076548405854032e-09
 8.243728405531938e-10
 2.284604484047709e-08
 3.495546835714347e-08
 3.944711380698278e-08
 1.286113584930769e-06
 5.294531963479302e-06
 1.598902510139442e-07
 1.079941711523883e-05
 0.0003284536555694907
 3.593673826270707e-06
 2.085602866249513e-06
 7.634857471546185e-06
 1.687654132252406e-06
 9.781512340134749e-06
 0.0003428748971967182
 3.381566445342749e-05
 1.211117253717558e-05
 6.726592310082352e-05
 0.0003284536555694907
 1.079941711523883e-05
 5.59093180212641e-06
 0.0007438660932623688
 1.687654132252406e-06
 0.0004839385300537623
 0.0003428748971967182
 0.0001476230376120134
 0.0004839385300537623
 0.0001529464892050063
 0.0003284536555694907
 6.478464022979513e-05
 8.862356900640568e-06
 0.0007438660932623688
 1.687654132252406e-06
 0.001801800221719647
 0.0003284536555694907
 0.0007438660932623688
 0.0004839385300537623
 0.0007438660932623688
 0.0003284536555694907
 0.001801800221719647
 0.000102322241903128
 0.0007438660932623688
 0.0004839385300537623
 0.001801800221719647
 0.0003284536555694907
 0.0007438660932623688
 0.001801800221719647
 0.0007438660932623688
 0.0003284536555694907
 0.001801800221719647
 0.001899280626585846
 0.0007438660932623688
 0.001801800221719647
 0.001801800221719647
 0.0003284536555694907
 0.0007438660932623688
 0.001801800221719647
 0.0007438660932623688
 0.0003284536555694907
 0.001801800221719647
 0.001899280626585846
 0.0007438660932623688
 0.001801800221719647
 0.001801800221719647
 0.0003284536555694907
 0.0007438660932623688
 0.001801800221719647
 0.0007438660932623688
 0.0003284536555694907
 0.001801800221719647
 0.001899280626585846
 0.0007438660932623688
 0.001801800221719647
 0.001801800221719647
 0.0003284536555694907
 0.0007438660932623688
 0.001801800221719647
 0.0007438660932623688
 0
 0.001801800221719647
 0.001899280626585846
 0.0007438660932623688
 0.001801800221719647
 0.001801800221719647
 0
 0.0007438660932623688
 0.001801800221719647
 0.001899280626585846
 0
 0.001899280626585846
 0.001899280626585846
 0
 0.001801800221719647
 0.001801800221719647
 0
 0.001801800221719647
 0.001801800221719647
 0.0007438660932623688
 0
 0.001801800221719647
 0.001899280626585846
 0
 0.001801800221719647
 0
 0
 0.001801800221719647
 0.001801800221719647
 0.001899280626585846
 0
 0.001801800221719647
 0.001899280626585846
 0
 0.001801800221719647
 0
 0
 0.001801800221719647
 0
 0.0007438660932623688
 0
 0.001801800221719647
 0
 0
 0
 0
 0
 0.001801800221719647
 0
 0.001801800221719647
 0
 0.001801800221719647
 0
 0
 0
 0
 0
 0.001801800221719647
 0
 0.0007438660932623688
 0
 0.001801800221719647
 0
 0
 0
 0
 0
 0.001899280626585846
 0
 0.0007438660932623688
 0
 0.001801800221719647
 0
 0
 0
 0
 0
 0.001899280626585846
 0
 0.0007438660932623688
 0
 0
 0
 0
 0
 0
 0
 0.001899280626585846
 0
 0.0007438660932623688
 0
 0
 0
 0
 0
 0
 0
 0.001899280626585846
 0
 0.001899280626585846
 0
 0
 0
 0
 0
 0
 0
 0.001899280626585846
 0
 0.001899280626585846
 0
 0
 0
 0
 0
 0
 0
 0.001899280626585846
 0
 0.001899280626585846
 0
 0
 0
 0
 0
 0
 0
 0.001899280626585846
 0
 0.001899280626585846
 0
 0
 0
 0
 0
 0
 0
 0
 0
 0.001899280626585846
 0
 0
 0
 0
 0
 0
 0
 0
 0
 0.001899280626585846
 0
 0
 0
 0
 0
 0
 0
 0
 0
 0.001899280626585846
 0
 0
 0
 0
 0
 0
 0
 0
 0
 0
 0
 0
 0
 0
 0
 0
 0
 0
 0
 0
 0
 0
 0
 0
 0
 0
 0
 0
 0
 0
 0
 0
 0
 0
 0
 0
 0
