# Created by Octave 3.2.4, Mon Feb 04 06:58:57 2013 EST <rbom@zaphod>
# name: small_First_Fit
# type: matrix
# ndims: 3
 1 10 30
 3.830099006785372e-23
 1.188834404638862e-17
 2.028166487717793e-25
 1.021407419205676e-21
 2.62168889159185e-18
 1.402423977886015e-23
 4.716636446286196e-17
 1.287648549602022e-21
 5.604203798719457e-18
 2.994631364554909e-17
 1.165884877004606e-16
 4.343057713572775e-11
 2.772580811938226e-20
 2.186458990638883e-13
 6.537428307762894e-15
 2.181070379715429e-19
 2.337650795126883e-10
 8.033129404888438e-15
 2.658457586109599e-14
 1.866418522861486e-12
 1.175667419730276e-09
 0.0001224633765142325
 2.677421567721537e-15
 1.802628006984879e-09
 8.265550578208639e-12
 2.011543704759999e-14
 2.720578644624954e-07
 2.81152981993475e-08
 4.495003995915272e-08
 7.884898125946619e-07
 3.287536418033098e-06
 0.00841033662143407
 2.267472173413653e-12
 0.0001224633765142325
 3.814381575338766e-09
 6.650023646801937e-10
 3.541491989363964e-05
 8.291369549580586e-05
 1.963218493768335e-05
 8.335990945443472e-05
 3.14145908143923e-05
 0.00841033662143407
 6.636716401795364e-09
 0.00841033662143407
 1.540805002816768e-06
 1.371117666607705e-07
 0.00841033662143407
 8.291369549580586e-05
 0.001343366580918154
 0.001928834985826112
 0.002157436030934706
 0.00841033662143407
 5.556579928495504e-06
 0.01579780183560691
 0.0003039815310171546
 1.960476892755225e-05
 0.00841033662143407
 0.01579780183560691
 0.001343366580918154
 0.001928834985826112
 0.002157436030934706
 0.00841033662143407
 0.001605715645132208
 0.01579780183560691
 0.01579780183560691
 0.002157436030934706
 0.00841033662143407
 0.01579780183560691
 0.001343366580918154
 0.001928834985826112
 0.002157436030934706
 0.00841033662143407
 0.001605715645132208
 0.00841033662143407
 0.01579780183560691
 0.00841033662143407
 0.00841033662143407
 0.01579780183560691
 0.001343366580918154
 0.002157436030934706
 0.002157436030934706
 0.00841033662143407
 0.001605715645132208
 0.00841033662143407
 0.01579780183560691
 0.002157436030934706
 0.00841033662143407
 0.01579780183560691
 0.001343366580918154
 0.002157436030934706
 0.002157436030934706
 0.00841033662143407
 0.001605715645132208
 0.00841033662143407
 0.01579780183560691
 0.002157436030934706
 0.00841033662143407
 0.01579780183560691
 0.002157436030934706
 0.002157436030934706
 0.002157436030934706
 0.00841033662143407
 0.001605715645132208
 0.00841033662143407
 0.01579780183560691
 0.002157436030934706
 0.00841033662143407
 0.01579780183560691
 0.01579780183560691
 0.001928834985826112
 0.002157436030934706
 0.00841033662143407
 0.001605715645132208
 0.00841033662143407
 0.01579780183560691
 0.002157436030934706
 0.00841033662143407
 0.01579780183560691
 0.01579780183560691
 0.001928834985826112
 0.002157436030934706
 0.00841033662143407
 0.002157436030934706
 0.00841033662143407
 0.01579780183560691
 0.01579780183560691
 0.01579780183560691
 0.01579780183560691
 0.01579780183560691
 0.001928834985826112
 0.002157436030934706
 0.00841033662143407
 0.002157436030934706
 0.00841033662143407
 0.01579780183560691
 0.01579780183560691
 0.00841033662143407
 0.01579780183560691
 0.01579780183560691
 0.001928834985826112
 0.002157436030934706
 0.01579780183560691
 0.01579780183560691
 0.01579780183560691
 0.01579780183560691
 0.01579780183560691
 0.00841033662143407
 0.01579780183560691
 0.01579780183560691
 0.001928834985826112
 0.002157436030934706
 0.01579780183560691
 0.01579780183560691
 0.01579780183560691
 0.01579780183560691
 0.01579780183560691
 0.00841033662143407
 0.01579780183560691
 0.01579780183560691
 0.001928834985826112
 0.002157436030934706
 0.01579780183560691
 0.01579780183560691
 0.00841033662143407
 0.01579780183560691
 0.01579780183560691
 0.00841033662143407
 0.01579780183560691
 0.01579780183560691
 0.001928834985826112
 0.002157436030934706
 0.00841033662143407
 0.01579780183560691
 0.00841033662143407
 0.01579780183560691
 0.01579780183560691
 0.00841033662143407
 0.01579780183560691
 0.01579780183560691
 0.001928834985826112
 0.002157436030934706
 0.00841033662143407
 0.01579780183560691
 0.00841033662143407
 0.01579780183560691
 0.01579780183560691
 0.00841033662143407
 0.01579780183560691
 0.01579780183560691
 0.001928834985826112
 0.002157436030934706
 0.00841033662143407
 0.01579780183560691
 0.00841033662143407
 0.01579780183560691
 0.01579780183560691
 0.00841033662143407
 0.01579780183560691
 0.01579780183560691
 0.001928834985826112
 0.002157436030934706
 0.01579780183560691
 0.01579780183560691
 0.00841033662143407
 0.01579780183560691
 0.01579780183560691
 0.00841033662143407
 0.01579780183560691
 0.01579780183560691
 0.001928834985826112
 0.002157436030934706
 0.01579780183560691
 0.01579780183560691
 0.00841033662143407
 0.01579780183560691
 0.01579780183560691
 0.00841033662143407
 0.01579780183560691
 0.01579780183560691
 0.001928834985826112
 0.002157436030934706
 0.01579780183560691
 0.01579780183560691
 0.00841033662143407
 0.01579780183560691
 0.01579780183560691
 0.00841033662143407
 0.01579780183560691
 0.01579780183560691
 0.00841033662143407
 0.002157436030934706
 0.00841033662143407
 0.01579780183560691
 0.00841033662143407
 0.01579780183560691
 0.01579780183560691
 0.00841033662143407
 0.01579780183560691
 0.01579780183560691
 0.01579780183560691
 0.002157436030934706
 0.00841033662143407
 0.01579780183560691
 0.00841033662143407
 0.01579780183560691
 0.01579780183560691
 0.00841033662143407
 0.01579780183560691
 0.01579780183560691
 0.01579780183560691
 0.002157436030934706
 0.01579780183560691
 0.01579780183560691
 0.00841033662143407
 0.01579780183560691
 0.01579780183560691
 0.00841033662143407
 0.01579780183560691
 0.01579780183560691
 0.01579780183560691
 0.002157436030934706
 0.00841033662143407
 0.01579780183560691
 0.00841033662143407
 0.01579780183560691
 0.01579780183560691
 0.00841033662143407
 0.01579780183560691
 0.01579780183560691
 0.01579780183560691
 0.002157436030934706
 0.00841033662143407
 0.01579780183560691
 0.00841033662143407
 0.01579780183560691
 0.01579780183560691
 0.00841033662143407
 0.01579780183560691
 0.01579780183560691
 0.01579780183560691
 0.002157436030934706
 0.00841033662143407
 0.01579780183560691
 0.00841033662143407
 0.01579780183560691
 0.01579780183560691
 0.00841033662143407
 0.01579780183560691
 0.01579780183560691
 0.01579780183560691
 0.002157436030934706
 0.01579780183560691
 0.01579780183560691
 0.00841033662143407
 0.01579780183560691
 0.01579780183560691
 0.00841033662143407
 0.01579780183560691
 0.01579780183560691
 0.01579780183560691
