# Created by Octave 3.2.4, Mon Feb 04 06:43:19 2013 EST <rbom@zaphod>
# name: small_First_Fit
# type: matrix
# ndims: 3
 1 10 30
 3.803661251768246e-15
 1.368166003914052e-11
 4.97101150163842e-11
 5.787277163351139e-14
 6.352113530974595e-15
 6.697627657371061e-12
 3.052154533683125e-15
 2.624738470946016e-11
 1.02117709041246e-11
 1.856884643759826e-09
 3.338645822389782e-10
 2.365299955383632e-08
 6.339942259051595e-08
 8.326376534792739e-08
 2.238185932172186e-09
 1.969855124950382e-08
 3.259867687009214e-06
 2.334758516833692e-08
 1.466388070744098e-07
 2.256277360530921e-07
 3.663514979183187e-08
 0.0001664007142412348
 2.800210527714328e-06
 1.495449269997854e-06
 3.08296738533612e-07
 1.437497480734949e-06
 0.0005070285919200653
 1.933785229412158e-05
 2.904295663922618e-05
 9.996294865484877e-05
 0.0005176725854596672
 0.004874124553610853
 7.828816914344935e-05
 9.976843450977202e-05
 2.104302210020684e-05
 0.001903632915890635
 0.004864750618314125
 9.247625358254865e-05
 0.0009687698132943303
 0.0002279213277568596
 0.001903632915890635
 0.0112187287531808
 0.004864750618314125
 0.0006963512581169985
 0.0003072147396865566
 0.001903632915890635
 0.004864750618314125
 0.001582223105099623
 0.02372139306716586
 0.0005067468614231985
 0.001903632915890635
 0.0112187287531808
 0.004874124553610853
 0.0006963512581169985
 0.002229813954566381
 0.001903632915890635
 0.004874124553610853
 0.002124382069619866
 0.02372139306716586
 0.0005067468614231985
 0.0002762499018934863
 0.02372139306716586
 0.004874124553610853
 0.0006963512581169985
 0.002229813954566381
 0.001903632915890635
 0.004874124553610853
 0.02372139306716586
 0.02372139306716586
 0.001851592948547377
 0.0002762499018934863
 0.02372139306716586
 0.004874124553610853
 0.003089567631740116
 0.02372139306716586
 0.001903632915890635
 0.004874124553610853
 0.02372139306716586
 0.02372139306716586
 0.001838419884607418
 0.001683644323200956
 0.02372139306716586
 0.0112187287531808
 0.003089567631740116
 0.02372139306716586
 0.001903632915890635
 0.004864750618314125
 0.02372139306716586
 0.02372139306716586
 0.02372139306716586
 0.001683644323200956
 0.02372139306716586
 0.02372139306716586
 0.003089567631740116
 0.02372139306716586
 0.001903632915890635
 0.004874124553610853
 0.02372139306716586
 0.02372139306716586
 0.02372139306716586
 0.001698477040710513
 0.02372139306716586
 0.02372139306716586
 0.007024537335341456
 0.02372139306716586
 0.001903632915890635
 0.004874124553610853
 0.02372139306716586
 0.02372139306716586
 0.02372139306716586
 0.003238273797295596
 0.02372139306716586
 0.02372139306716586
 0.003089567631740116
 0.02372139306716586
 0.001903632915890635
 0.0112187287531808
 0.02372139306716586
 0.02372139306716586
 0.02372139306716586
 0.003238273797295596
 0.02372139306716586
 0.02372139306716586
 0.003089567631740116
 0.02372139306716586
 0.001903632915890635
 0.0112187287531808
 0.02372139306716586
 0.02372139306716586
 0.02372139306716586
 0.003238273797295596
 0.02372139306716586
 0.02372139306716586
 0.003089567631740116
 0.02372139306716586
 0.001903632915890635
 0.0112187287531808
 0.02372139306716586
 0.02372139306716586
 0.02372139306716586
 0.00618916523749798
 0.02372139306716586
 0.02372139306716586
 0.003089567631740116
 0.02372139306716586
 0.001903632915890635
 0.0112187287531808
 0.02372139306716586
 0.02372139306716586
 0.02372139306716586
 0.00618916523749798
 0.02372139306716586
 0.02372139306716586
 0.003089567631740116
 0.02372139306716586
 0.001903632915890635
 0.0112187287531808
 0.02372139306716586
 0.02372139306716586
 0.02372139306716586
 0.00618916523749798
 0.02372139306716586
 0.02372139306716586
 0.003089567631740116
 0.02372139306716586
 0.001903632915890635
 0.0112187287531808
 0.02372139306716586
 0.02372139306716586
 0.02372139306716586
 0.02372139306716586
 0.02372139306716586
 0.02372139306716586
 0.003089567631740116
 0.02372139306716586
 0.001903632915890635
 0.0112187287531808
 0.02372139306716586
 0.02372139306716586
 0.02372139306716586
 0.02372139306716586
 0.02372139306716586
 0.02372139306716586
 0.003089567631740116
 0.02372139306716586
 0.001903632915890635
 0.0112187287531808
 0.02372139306716586
 0.02372139306716586
 0.02372139306716586
 0.02372139306716586
 0.02372139306716586
 0.02372139306716586
 0.003089567631740116
 0.02372139306716586
 0.001903632915890635
 0.0112187287531808
 0.02372139306716586
 0.02372139306716586
 0.02372139306716586
 0.02372139306716586
 0.02372139306716586
 0.02372139306716586
 0.003089567631740116
 0.02372139306716586
 0.001903632915890635
 0.0112187287531808
 0.02372139306716586
 0.02372139306716586
 0.02372139306716586
 0.02372139306716586
 0.02372139306716586
 0.02372139306716586
 0.003089567631740116
 0.02372139306716586
 0.001903632915890635
 0.0112187287531808
 0.02372139306716586
 0.02372139306716586
 0.02372139306716586
 0.02372139306716586
 0.02372139306716586
 0.02372139306716586
 0.003089567631740116
 0.02372139306716586
 0.001903632915890635
 0.0112187287531808
 0.02372139306716586
 0.02372139306716586
 0.02372139306716586
 0.02372139306716586
 0.02372139306716586
 0.02372139306716586
 0.003089567631740116
 0.02372139306716586
 0.02372139306716586
 0.0112187287531808
 0.02372139306716586
 0.02372139306716586
 0.02372139306716586
 0.02372139306716586
 0.02372139306716586
 0.02372139306716586
 0.007024537335341456
 0.02372139306716586
 0.001903632915890635
 0.0112187287531808
 0.02372139306716586
 0.02372139306716586
 0.02372139306716586
 0.02372139306716586
 0.02372139306716586
 0.02372139306716586
 0.003089567631740116
 0.02372139306716586
 0.001903632915890635
 0.0112187287531808
 0.02372139306716586
 0.02372139306716586
 0.02372139306716586
 0.02372139306716586
 0.02372139306716586
 0.02372139306716586
 0.0112187287531808
 0.02372139306716586
 0.001903632915890635
 0.0112187287531808
 0.02372139306716586
 0.02372139306716586
 0.02372139306716586
 0.02372139306716586
 0.02372139306716586
 0.02372139306716586
 0.0112187287531808
 0.02372139306716586
 0.001903632915890635
 0.0112187287531808
 0.02372139306716586
 0.02372139306716586
 0.02372139306716586
 0.02372139306716586
 0.02372139306716586
 0.02372139306716586
 0.0112187287531808
 0.02372139306716586
 0.001903632915890635
 0.0112187287531808
 0.02372139306716586
 0.02372139306716586
 0.02372139306716586
 0.02372139306716586
 0.02372139306716586
 0.02372139306716586
 0.0112187287531808
 0.02372139306716586
 0.001903632915890635
 0.0112187287531808
 0.02372139306716586
 0.02372139306716586
 0.02372139306716586
