# Created by Octave 3.2.4, Tue Feb 05 16:22:00 2013 EST <rbom@zaphod>
# name: small_First_Fit
# type: matrix
# ndims: 3
 1 10 30
 4.128226457546467e-14
 1.008346233975106e-08
 1.437484847248188e-14
 5.376006012896569e-17
 8.518246119267348e-15
 2.52311240134283e-17
 9.528719446530228e-14
 7.665610991318439e-16
 1.927451429569912e-12
 2.894285971866844e-11
 1.685796824477271e-12
 5.031883824288034e-07
 4.278869541336016e-08
 2.795015570457555e-09
 1.645975655895039e-13
 4.850216809170992e-13
 1.009134910874588e-11
 3.938712100917811e-11
 1.927451429569912e-12
 2.894285971866844e-11
 1.704700793622936e-10
 5.031883824288034e-07
 4.278869541336016e-08
 7.583946886302229e-08
 6.457445911191944e-10
 5.100209859187625e-11
 1.009134910874588e-11
 5.094976788618355e-08
 8.448607590392872e-11
 1.581510331563177e-09
 9.460936815394622e-08
 6.558016565962695e-05
 5.220249095711634e-05
 7.583946886302229e-08
 3.471372777736848e-08
 4.774010747876635e-09
 1.751344975763536e-10
 7.112382109252387e-07
 8.448607590392872e-11
 1.858806162962636e-06
 9.460936815394622e-08
 0.003823622237097958
 5.220249095711634e-05
 1.868903299485949e-06
 3.471372777736848e-08
 4.774010747876635e-09
 1.171876734074643e-06
 1.272287691984811e-06
 1.040415458105808e-07
 0.0002167156695128747
 7.05974533160612e-06
 0.003823622237097958
 5.220249095711634e-05
 1.868903299485949e-06
 3.471372777736848e-08
 4.774010747876635e-09
 1.171876734074643e-06
 1.272287691984811e-06
 3.783709232029809e-07
 0.0002167156695128747
 7.05974533160612e-06
 0.003823622237097958
 0.00174368234231522
 1.868903299485949e-06
 3.471372777736848e-08
 1.260091192720912e-07
 1.171876734074643e-06
 1.536480843131277e-06
 0.0007372426468291098
 0.0002167156695128747
 0.0002867072930298365
 0.003823622237097958
 0.00174368234231522
 1.868903299485949e-06
 4.332779322631947e-05
 1.260091192720912e-07
 1.171876734074643e-06
 0.0001378615075525458
 0.001823111493961188
 0.0002167156695128747
 0.0002867072930298365
 0.003823622237097958
 0.00174368234231522
 4.12553276497294e-06
 4.332779322631947e-05
 1.260091192720912e-07
 4.904271356856287e-05
 0.0007337063902561888
 0.001823111493961188
 0.0002167156695128747
 0.002161540831268676
 0.003823622237097958
 0.00174368234231522
 0.001869145663239505
 4.332779322631947e-05
 1.260091192720912e-07
 4.904271356856287e-05
 0.0007337063902561888
 0.001823111493961188
 0.0002167156695128747
 0.002161540831268676
 0.003823622237097958
 0.00174368234231522
 0.001869145663239505
 4.332779322631947e-05
 1.435403646994102e-07
 0.000502826425266323
 0.0007337063902561888
 0.01412452551395465
 0.0002167156695128747
 0.002161540831268676
 0
 0.00174368234231522
 0.001869145663239505
 0.00196699954138475
 1.260091192720912e-07
 0.000502826425266323
 0.001235667929902123
 0.01412452551395465
 0
 0.002161540831268676
 0
 0.00174368234231522
 0.001869145663239505
 0.00196699954138475
 1.260091192720912e-07
 0.000502826425266323
 0.001235667929902123
 0.01412452551395465
 0
 0.002161540831268676
 0
 0
 0.001869145663239505
 0.00196699954138475
 1.435403646994102e-07
 0.000502826425266323
 0.0009423073833149242
 0.01412452551395465
 0
 0.01412452551395465
 0
 0
 0.001869145663239505
 0.00196699954138475
 1.435403646994102e-07
 0.000502826425266323
 0.0009423073833149242
 0.01412452551395465
 0
 0.01412452551395465
 0
 0
 0.001869145663239505
 0.002161540831268676
 1.435403646994102e-07
 0.000502826425266323
 0.001235667929902123
 0.01412452551395465
 0
 0.01412452551395465
 0
 0
 0
 0.002161540831268676
 1.435403646994102e-07
 0.000502826425266323
 0.001235667929902123
 0.01412452551395465
 0
 0.01412452551395465
 0
 0
 0
 0.002161540831268676
 1.435403646994102e-07
 0
 0.0007337063902561888
 0
 0
 0.01412452551395465
 0
 0
 0
 0.00196699954138475
 1.435403646994102e-07
 0
 0.0007337063902561888
 0
 0
 0.01412452551395465
 0
 0
 0
 0.00196699954138475
 1.435403646994102e-07
 0
 0.0007337063902561888
 0
 0
 0.01412452551395465
 0
 0
 0
 0.00196699954138475
 0
 0
 0.001235667929902123
 0
 0
 0
 0
 0
 0
 0.00196699954138475
 0
 0
 0.001235667929902123
 0
 0
 0
 0
 0
 0
 0
 0
 0
 0.001235667929902123
 0
 0
 0
 0
 0
 0
 0
 0
 0
 0.001235667929902123
 0
 0
 0
 0
 0
 0
 0
 0
 0
 0.001235667929902123
 0
 0
 0
 0
 0
 0
 0
 0
 0
 0.001235667929902123
 0
 0
 0
 0
 0
 0
 0
 0
 0
 0.001235667929902123
 0
 0
 0
 0
 0
 0
 0
 0
 0
 0
 0
 0
 0
 0
 0
 0
 0
 0
 0
 0
 0
 0
 0
 0
 0
 0
 0
 0
 0
 0
 0
 0
