# Created by Octave 3.2.4, Mon Feb 04 16:56:19 2013 EST <rbom@zaphod>
# name: small_First_Fit
# type: matrix
# ndims: 3
 1 10 30
 3.341924835956334e-14
 3.976537107681442e-14
 1.107579719014757e-13
 5.399348669962547e-16
 1.010710270040363e-09
 1.943226489011589e-15
 4.786977210433996e-11
 1.071072261017648e-13
 6.886597722671375e-13
 1.481198604502895e-16
 3.341924835956334e-14
 2.505114539253434e-11
 9.720203562848422e-10
 3.657649361106774e-11
 1.010710270040363e-09
 4.052374507421702e-13
 3.808217366861383e-08
 8.073313264470867e-08
 1.28046107592721e-08
 1.604487412185545e-13
 4.51446160480689e-11
 4.462251272773038e-09
 1.737853687434246e-09
 9.977491168185471e-10
 1.729287014447137e-07
 5.246777118868951e-11
 2.021591011050998e-06
 1.717067773095475e-06
 1.28046107592721e-08
 1.264110055240284e-09
 1.804283526090802e-08
 4.111146828803767e-06
 1.55455142654417e-07
 9.977491168185471e-10
 1.780779675226578e-07
 3.067426019747969e-09
 1.281430008734519e-06
 1.717067773095475e-06
 2.922473205499518e-07
 3.444924261494445e-07
 7.662770996817996e-07
 4.374302476603366e-05
 4.055341759342956e-06
 9.977491168185471e-10
 1.947418472062339e-05
 1.206187302766502e-07
 6.01191254131247e-05
 5.932076118165171e-05
 4.022616435404966e-06
 8.760852466976529e-05
 7.662770996817996e-07
 4.374302476603366e-05
 4.055341759342956e-06
 5.478120678869341e-08
 0.00104156897329405
 1.206187302766502e-07
 6.01191254131247e-05
 5.932076118165171e-05
 2.04209931042613e-05
 0.001885637716027976
 9.840871075114177e-07
 4.374302476603366e-05
 6.967831287321455e-05
 9.96988805992631e-08
 0.00104156897329405
 1.206187302766502e-07
 6.01191254131247e-05
 5.932076118165171e-05
 2.04209931042613e-05
 8.867080248594868e-05
 6.829415423886968e-05
 4.374302476603366e-05
 6.967831287321455e-05
 5.373886693421964e-06
 0.00104156897329405
 1.206187302766502e-07
 0.000114672185914363
 0.0002881400533551299
 2.04209931042613e-05
 8.760852466976529e-05
 6.829415423886968e-05
 4.374302476603366e-05
 6.967831287321455e-05
 0.0004272698201055975
 0.00104156897329405
 1.858578904836967e-06
 0.000114672185914363
 0.0002881400533551299
 5.760074817771015e-05
 8.867080248594868e-05
 6.829415423886968e-05
 4.374302476603366e-05
 6.967831287321455e-05
 0.001885637716027976
 0.00104156897329405
 1.858578904836967e-06
 0.000114672185914363
 0.0002881400533551299
 5.760074817771015e-05
 0.001885637716027976
 0.0001659864838772967
 4.374302476603366e-05
 6.967831287321455e-05
 0.001885637716027976
 0.00104156897329405
 1.858578904836967e-06
 0.000114672185914363
 0.0002881400533551299
 0.0001469362613814538
 0.001885637716027976
 0.0001659864838772967
 0
 6.967831287321455e-05
 0.001885637716027976
 0.00104156897329405
 1.858578904836967e-06
 0.000114672185914363
 0.004639167934967622
 0.0004193456027842184
 0.001885637716027976
 6.829415423886968e-05
 0
 0.00104156897329405
 0.004567498272960921
 0
 1.858578904836967e-06
 0.000114672185914363
 0.004639167934967622
 0.0004193456027842184
 0.001885637716027976
 6.829415423886968e-05
 0
 0.00104156897329405
 0.004567498272960921
 0
 5.343207598287178e-06
 0.000114672185914363
 0.004639167934967622
 0.0004193456027842184
 0.001885637716027976
 6.829415423886968e-05
 0
 0.00104156897329405
 0.004567498272960921
 0
 5.760074817771015e-05
 0
 0.004639167934967622
 0.0004193456027842184
 0.001885637716027976
 0.0001659864838772967
 0
 0.00104156897329405
 0.004567498272960921
 0
 0.0004193456027842184
 0
 0.004639167934967622
 0.0004193456027842184
 0.001885637716027976
 0.0001659864838772967
 0
 0.00104156897329405
 0.004567498272960921
 0
 0.0004193456027842184
 0
 0.004639167934967622
 0.0004193456027842184
 0
 0.0001659864838772967
 0
 0.00104156897329405
 0.004567498272960921
 0
 0.0004193456027842184
 0
 0.004639167934967622
 0.0004193456027842184
 0
 0.0001659864838772967
 0
 0.00104156897329405
 0.004567498272960921
 0
 0.0004193456027842184
 0
 0
 0
 0
 0.0001659864838772967
 0
 0
 0
 0
 0.0004193456027842184
 0
 0
 0
 0
 0.0004193456027842184
 0
 0
 0
 0
 0.0004193456027842184
 0
 0
 0
 0
 0.0004193456027842184
 0
 0
 0
 0
 0.0004193456027842184
 0
 0
 0
 0
 0.0001659864838772967
 0
 0
 0
 0
 0
 0
 0
 0
 0
 0.0001659864838772967
 0
 0
 0
 0
 0
 0
 0
 0
 0
 0.004639167934967622
 0
 0
 0
 0
 0
 0
 0
 0
 0
 0.004639167934967622
 0
 0
 0
 0
 0
 0
 0
 0
 0
 0.004639167934967622
 0
 0
 0
 0
 0
 0
 0
 0
 0
 0.004639167934967622
 0
 0
 0
 0
 0
 0
 0
 0
 0
 0.004639167934967622
 0
 0
 0
 0
 0
 0
 0
 0
 0
 0.004639167934967622
 0
 0
 0
 0
 0
 0
 0
 0
 0
