# Created by Octave 3.2.4, Mon Feb 04 17:57:06 2013 EST <rbom@zaphod>
# name: small_First_Fit
# type: matrix
# ndims: 3
 1 10 30
 6.504048418394663e-13
 2.50786176770943e-09
 1.006313908085065e-18
 6.944853266272938e-19
 5.177129282621261e-14
 2.57255869318119e-13
 3.04552874159146e-17
 3.885128381339404e-12
 1.532299198631134e-11
 6.010955315518062e-18
 5.459077361030344e-11
 2.163637793990124e-07
 4.085694511966295e-17
 1.418611824425459e-13
 8.677536001219345e-11
 3.603215137095021e-10
 1.074028749909553e-09
 4.368594538644672e-10
 1.109698600431081e-09
 1.082153996784835e-13
 3.752973202843215e-09
 2.163637793990124e-07
 3.500549263193552e-15
 8.011675870589467e-12
 4.851167545710838e-09
 3.599587166916217e-08
 5.180828223292537e-08
 1.804594239177739e-08
 7.415311794023194e-09
 5.120751335324033e-10
 4.567747065953345e-08
 2.163637793990124e-07
 7.683516960229122e-14
 2.505706511924771e-08
 2.814474393054998e-08
 2.585225819787749e-06
 5.180828223292537e-08
 5.404469375764645e-07
 7.415311794023194e-09
 3.993209196474697e-08
 1.531514873837367e-06
 0.0003290083522174875
 7.683516960229122e-14
 6.885859083842248e-08
 7.374961242372998e-07
 8.812931467022965e-05
 5.180828223292537e-08
 5.404469375764645e-07
 9.688260816188193e-08
 6.537909042782085e-07
 1.531514873837367e-06
 0.0003290083522174875
 1.090778874889475e-10
 2.219093529704138e-05
 7.247194318590391e-06
 0.001314732739212775
 1.778268720228442e-06
 3.552827760021623e-06
 0.0003290083522174875
 6.537909042782085e-07
 1.531514873837367e-06
 0.0003290083522174875
 1.090778874889475e-10
 3.273586093172572e-05
 7.247194318590391e-06
 0.001314732739212775
 1.778268720228442e-06
 3.552827760021623e-06
 0.0003290083522174875
 6.537909042782085e-07
 2.507470499859029e-05
 0.0003290083522174875
 2.332642957440574e-08
 0.0002137861129824291
 7.247194318590391e-06
 0.001314732739212775
 1.778268720228442e-06
 1.479446097835144e-05
 0.0003290083522174875
 1.812398462441501e-06
 2.507470499859029e-05
 0.0003290083522174875
 2.332642957440574e-08
 0.0002137861129824291
 7.247194318590391e-06
 0.001314732739212775
 1.778268720228442e-06
 1.479446097835144e-05
 0.0003290083522174875
 2.507470499859029e-05
 2.507470499859029e-05
 0.001314732739212775
 2.332642957440574e-08
 0.0002137861129824291
 7.247194318590391e-06
 0.001314732739212775
 1.778268720228442e-06
 1.479446097835144e-05
 0.0003290083522174875
 2.507470499859029e-05
 2.507470499859029e-05
 0.001314732739212775
 2.332642957440574e-08
 0.0002137861129824291
 7.247194318590391e-06
 0.001314732739212775
 1.778268720228442e-06
 1.479446097835144e-05
 0.0003290083522174875
 2.507470499859029e-05
 4.883200544720091e-05
 0.001314732739212775
 1.038455919663427e-05
 0.0002137861129824291
 7.247194318590391e-06
 0.001314732739212775
 1.778268720228442e-06
 1.479446097835144e-05
 0.0003290083522174875
 2.507470499859029e-05
 4.883200544720091e-05
 0.001314732739212775
 1.038455919663427e-05
 0.0002137861129824291
 0
 0
 0
 1.479446097835144e-05
 0
 2.507470499859029e-05
 4.883200544720091e-05
 0.001314732739212775
 1.038455919663427e-05
 0.0002137861129824291
 0
 0
 0
 1.479446097835144e-05
 0
 2.507470499859029e-05
 4.883200544720091e-05
 0.001314732739212775
 1.038455919663427e-05
 0
 0
 0
 0
 0
 0
 2.507470499859029e-05
 4.883200544720091e-05
 0.001314732739212775
 1.038455919663427e-05
 0
 0
 0
 0
 0
 0
 0
 4.883200544720091e-05
 0
 4.883200544720091e-05
 0
 0
 0
 0
 0
 0
 0
 4.883200544720091e-05
 0
 4.883200544720091e-05
 0
 0
 0
 0
 0
 0
 0
 0
 0
 4.883200544720091e-05
 0
 0
 0
 0
 0
 0
 0
 0
 0
 6.95501378121637e-05
 0
 0
 0
 0
 0
 0
 0
 0
 0
 4.883200544720091e-05
 0
 0
 0
 0
 0
 0
 0
 0
 0
 6.95501378121637e-05
 0
 0
 0
 0
 0
 0
 0
 0
 0
 4.883200544720091e-05
 0
 0
 0
 0
 0
 0
 0
 0
 0
 6.95501378121637e-05
 0
 0
 0
 0
 0
 0
 0
 0
 0
 5.738045591180535e-05
 0
 0
 0
 0
 0
 0
 0
 0
 0
 6.95501378121637e-05
 0
 0
 0
 0
 0
 0
 0
 0
 0
 5.991503993560151e-05
 0
 0
 0
 0
 0
 0
 0
 0
 0
 4.883200544720091e-05
 0
 0
 0
 0
 0
 0
 0
 0
 0
 4.883200544720091e-05
 0
 0
 0
 0
 0
 0
 0
 0
 0
 6.339339804833249e-05
 0
 0
 0
 0
 0
 0
 0
