# Created by Octave 3.2.4, Wed Feb 06 12:09:21 2013 EST <rbom@zaphod>
# name: small_First_Fit
# type: matrix
# ndims: 3
 1 10 30
 9.243091815334395e-14
 1.084335951370251e-13
 5.667964475302343e-14
 2.172332194118257e-13
 4.030454998960079e-16
 1.119303176475743e-10
 6.928366846569869e-14
 6.336100606672767e-10
 2.801037008642596e-13
 7.400347709840431e-17
 1.902897581859444e-09
 4.13210244650946e-11
 1.900496428612811e-11
 4.374324592264951e-11
 7.16795068513564e-12
 1.119303176475743e-10
 2.302123081620535e-11
 2.55013658730623e-07
 1.353712836609028e-09
 2.342532936169355e-12
 4.756955857406815e-08
 3.033867761102472e-08
 5.641675722095224e-10
 4.858832877725956e-07
 9.142695436017315e-12
 1.078810743095503e-07
 5.377107139540198e-11
 7.315086245545461e-06
 5.315184287780085e-07
 5.193069684190934e-08
 4.756955857406815e-08
 3.033867761102472e-08
 5.641675722095224e-10
 1.470974969691511e-05
 7.16795068513564e-12
 1.078810743095503e-07
 3.038347201480463e-10
 7.315086245545461e-06
 1.470974969691511e-05
 5.586962274157856e-07
 2.373369592835054e-07
 3.033867761102472e-08
 1.77072539021575e-07
 1.470974969691511e-05
 4.069632215513052e-09
 1.772857884013313e-05
 6.498461246947644e-10
 7.315086245545461e-06
 0.0009647772503902044
 3.073334729069383e-06
 2.373369592835054e-07
 1.033659693914356e-05
 1.77072539021575e-07
 0.0003405635167193041
 5.000552778663733e-08
 8.998465809665028e-05
 2.66816905801402e-06
 3.21028160381645e-05
 0.01943236594412196
 3.445086476413069e-05
 2.373369592835054e-07
 0.00223204506766461
 2.621394699747524e-07
 0.0003405635167193041
 5.000552778663733e-08
 0.0001193878184559025
 1.668072685881744e-05
 0.0001972786343539498
 0.01943236594412196
 0.0005395246500291834
 7.216662818825926e-06
 0.00223204506766461
 2.621394699747524e-07
 0.001229427874322636
 6.397357011092549e-08
 0.0003597371223727945
 1.668072685881744e-05
 0.0006953920521107446
 0.01943236594412196
 0.0006337277118136458
 2.959597191875814e-05
 0.006211343402334578
 0.0002662782727002125
 0.01943236594412196
 5.000552778663733e-08
 0.0004089881810207353
 0.0001926575641143742
 0.0006953920521107446
 0.02379399464272573
 0.0006337277118136458
 7.216662818825926e-06
 0.006211343402334578
 0.01943236594412196
 0.01943236594412196
 4.310684781990321e-07
 0.0004089881810207353
 0.001760778527496286
 0.0006953920521107446
 0.01943236594412196
 0.0006337277118136458
 7.216662818825926e-06
 0.006211343402334578
 0.01943236594412196
 0.01943236594412196
 8.470699600155343e-06
 0.0003597371223727945
 0.001760778527496286
 0.02379399464272573
 0.01943236594412196
 0.0006995773141689511
 7.216662818825926e-06
 0.006211343402334578
 0.02379399464272573
 0.01943236594412196
 8.470699600155343e-06
 0.0003597371223727945
 0.001760778527496286
 0.02379399464272573
 0.01943236594412196
 0.007289456403945627
 0.0008712826705801085
 0.006211343402334578
 0.01943236594412196
 0.01943236594412196
 0.007289456403945627
 0.0003597371223727945
 0.001760778527496286
 0.02379399464272573
 0.02379399464272573
 0.007289456403945627
 0.04554283555697562
 0.04554283555697562
 0.01943236594412196
 0.02379399464272573
 0.007289456403945627
 0.002041540622215656
 0.001760778527496286
 0.02379399464272573
 0.02379399464272573
 0.007289456403945627
 0.04554283555697562
 0.006211343402334578
 0.01943236594412196
 0.02379399464272573
 0.007289456403945627
 0.002041540622215656
 0.001760778527496286
 0.02379399464272573
 0.01943236594412196
 0.02379399464272573
 0.04554283555697562
 0.006211343402334578
 0.01943236594412196
 0.02379399464272573
 0.007289456403945627
 0.002041540622215656
 0.001760778527496286
 0.02379399464272573
 0.01943236594412196
 0.02379399464272573
 0.04554283555697562
 0.006211343402334578
 0.01943236594412196
 0.02379399464272573
 0.007289456403945627
 0.002041540622215656
 0
 0.04554283555697562
 0.01943236594412196
 0.02379399464272573
 0.04554283555697562
 0.006211343402334578
 0.01943236594412196
 0.02379399464272573
 0.007289456403945627
 0.002041540622215656
 0
 0.02379399464272573
 0.01943236594412196
 0.04554283555697562
 0.04554283555697562
 0.006211343402334578
 0
 0.02379399464272573
 0.02379399464272573
 0.002041540622215656
 0
 0.04554283555697562
 0.01943236594412196
 0.04554283555697562
 0.04554283555697562
 0.006211343402334578
 0
 0.02379399464272573
 0.007289456403945627
 0.002041540622215656
 0
 0.02379399464272573
 0
 0.04554283555697562
 0
 0
 0
 0
 0.007289456403945627
 0
 0
 0.02379399464272573
 0
 0.04554283555697562
 0
 0
 0
 0
 0.02379399464272573
 0
 0
 0.02379399464272573
 0
 0.04554283555697562
 0
 0
 0
 0
 0.02379399464272573
 0
 0
 0.02379399464272573
 0
 0.04554283555697562
 0
 0
 0
 0
 0.02379399464272573
 0
 0
 0.04554283555697562
 0
 0.04554283555697562
 0
 0
 0
 0
 0.04554283555697562
 0
 0
 0.04554283555697562
 0
 0
 0
 0
 0
 0
 0.04554283555697562
 0
 0
 0.04554283555697562
 0
 0
 0
 0
 0
 0
 0.04554283555697562
 0
 0
 0.04554283555697562
 0
 0
 0
 0
 0
 0
 0.04554283555697562
 0
 0
 0.04554283555697562
 0
 0
 0
 0
 0
 0
 0.04554283555697562
 0
 0
 0.04554283555697562
 0
 0
 0
 0
 0
 0
 0.04554283555697562
 0
 0
 0.04554283555697562
 0
 0
