# Created by Octave 3.2.4, Tue Feb 05 12:04:40 2013 EST <rbom@zaphod>
# name: small_First_Fit
# type: matrix
# ndims: 3
 1 10 30
 7.985122942071841e-19
 1.291425094932514e-18
 2.000690730228873e-15
 2.731637618651322e-16
 1.108587625038653e-16
 1.79646707220769e-17
 8.216588512891822e-18
 1.371048902996513e-17
 1.847244689549984e-14
 2.484934999463683e-20
 4.580210976211428e-16
 8.180537643982014e-12
 3.72063477785078e-15
 5.939115902361413e-09
 1.108587625038653e-16
 7.105961354917682e-15
 1.391748547908171e-16
 8.906877473797347e-15
 1.852985781449194e-11
 6.324327994597995e-17
 1.211003525183341e-12
 1.737129412247618e-08
 2.369691412175884e-11
 5.860163509054347e-06
 1.113304651749337e-12
 7.51568398041493e-13
 1.010049193380452e-14
 8.391044686939909e-13
 1.852985781449194e-11
 2.521851445982974e-15
 1.139398054321314e-09
 5.910987231454949e-06
 1.7047693917005e-09
 1.688771914237967e-05
 1.113304651749337e-12
 2.777109867624394e-11
 8.552236276831752e-12
 8.391044686939909e-13
 1.852985781449194e-11
 2.063582042686694e-13
 7.140500175206873e-07
 5.910987231454949e-06
 1.947419495801759e-08
 1.688771914237967e-05
 4.049350966429165e-11
 2.777109867624394e-11
 8.552236276831752e-12
 8.67576911962425e-10
 1.852985781449194e-11
 1.333564856401169e-07
 7.140500175206873e-07
 0.001475321405058992
 2.086139431616318e-06
 1.688771914237967e-05
 3.930723450886526e-08
 2.782862957398345e-08
 1.746466760182523e-08
 7.18756642722125e-08
 1.215746939934638e-09
 2.655903706776747e-06
 4.574927518034787e-05
 0.001475321405058992
 1.262806854512386e-05
 0.001786083103783233
 3.930723450886526e-08
 4.487856313983159e-07
 1.746466760182523e-08
 7.18756642722125e-08
 2.062038015434926e-08
 1.093174588076218e-05
 0.000742690010935732
 0.001475321405058992
 0.001204717685100422
 0.001786083103783233
 4.15731149449942e-06
 1.669497723543306e-06
 4.116976923299433e-07
 0.001024713039553498
 1.09344197367965e-06
 0.0002125278561061141
 0.000742690010935732
 0.001475321405058992
 0.001204717685100422
 0.001786083103783233
 0.0001156728906805872
 2.564358073182156e-05
 9.974830377694313e-07
 0.001024713039553498
 1.09344197367965e-06
 0.001786083103783233
 0.001808270419615333
 0.001475321405058992
 0.001204717685100422
 0.001786083103783233
 0.0001156728906805872
 0.0001168154006992927
 5.827598514233917e-06
 0.001024713039553498
 1.09344197367965e-06
 0.001786083103783233
 0.000742690010935732
 0.001475321405058992
 0.001808270419615333
 0.001786083103783233
 0.0001156728906805872
 0.0001168154006992927
 5.827598514233917e-06
 0.001024713039553498
 1.09344197367965e-06
 0.001786083103783233
 0.000742690010935732
 0.001475321405058992
 0.001808270419615333
 0.001786083103783233
 0.0001156728906805872
 3.493238774027099e-05
 5.827598514233917e-06
 0.001024713039553498
 1.09344197367965e-06
 0.001786083103783233
 0.000742690010935732
 0
 0.001808270419615333
 0.001786083103783233
 0.0001156728906805872
 3.112713786708401e-05
 0.001504392367165182
 0.001475321405058992
 0.0006029483245698808
 0.001786083103783233
 0.000742690010935732
 0
 0.001808270419615333
 0
 0.001786083103783233
 3.112713786708401e-05
 0.001504392367165182
 0.001475321405058992
 0.0006029483245698808
 0.001786083103783233
 0.000742690010935732
 0
 0.001808270419615333
 0
 0.0001156728906805872
 3.112713786708401e-05
 0.001504392367165182
 0.001475321405058992
 0.0006029483245698808
 0.001786083103783233
 0.000742690010935732
 0
 0.001808270419615333
 0
 0.001786083103783233
 3.112713786708401e-05
 0.001504392367165182
 0.001475321405058992
 0.0006029483245698808
 0
 0
 0
 0.001808270419615333
 0
 0.001786083103783233
 0
 0.001504392367165182
 0.001475321405058992
 0.0006029483245698808
 0
 0
 0
 0
 0
 0.001786083103783233
 0
 0.001504392367165182
 0.001475321405058992
 0.0006029483245698808
 0
 0
 0
 0
 0
 0.001786083103783233
 0
 0.001504392367165182
 0.001475321405058992
 0.0006029483245698808
 0
 0
 0
 0
 0
 0.001786083103783233
 0
 0
 0
 0
 0
 0
 0
 0
 0
 0.001786083103783233
 0
 0
 0
 0
 0
 0
 0
 0
 0
 0.001786083103783233
 0
 0
 0
 0
 0
 0
 0
 0
 0
 0
 0
 0
 0
 0
 0
 0
 0
 0
 0
 0
 0
 0
 0
 0
 0
 0
 0
 0
 0
 0
 0
 0
 0
 0
 0
 0
 0
 0
 0
 0
 0
 0
 0
 0
 0
 0
 0
 0
 0
 0
 0
 0
 0
 0
 0
 0
 0
 0
 0
 0
 0
 0
 0
 0
 0
 0
 0
 0
 0
 0
 0
 0
 0
 0
 0
 0
 0
 0
 0
 0
 0
 0
 0
 0
 0
