# Created by Octave 3.2.4, Thu Feb 07 08:54:06 2013 EST <rbom@zaphod>
# name: small_First_Fit
# type: matrix
# ndims: 3
 1 10 30
 1.124062588485087e-15
 7.566135205786935e-18
 1.522010324726379e-15
 6.668317388342259e-17
 4.148768727358405e-17
 7.028191527915553e-19
 2.296906749973395e-17
 2.409588817021242e-14
 1.710426014644357e-11
 1.869365530282423e-16
 1.124062588485087e-15
 4.059148266147155e-16
 1.522010324726379e-15
 7.482193201287452e-15
 9.245623001983962e-15
 5.480584584238181e-17
 5.344732821361699e-14
 2.540979594990241e-12
 8.925191551511811e-11
 2.082786975956286e-12
 6.569855447114921e-13
 1.58834743375741e-14
 9.32714983684187e-13
 2.693300843387678e-13
 1.904004026098548e-12
 4.027532460405347e-16
 8.421811162607584e-11
 6.20081014475927e-10
 8.925191551511811e-11
 2.91503173381027e-08
 3.937731073760173e-11
 2.868847206752598e-14
 5.313721855762403e-10
 2.721581655407675e-10
 4.676816630619402e-11
 2.61921577467172e-14
 3.674575628687369e-09
 2.394098627175826e-08
 7.436017196114078e-10
 7.757638192703701e-08
 2.105789180089941e-09
 2.868847206752598e-14
 4.057003420148648e-08
 2.721581655407675e-10
 1.208417773558597e-09
 2.293106336251082e-12
 7.619248896088181e-08
 1.008326068990076e-07
 3.693157737150679e-09
 2.91503173381027e-08
 1.522797597482245e-06
 7.981303438012945e-12
 4.057003420148648e-08
 5.391075720823388e-08
 1.208417773558597e-09
 1.76144906053478e-10
 7.619248896088181e-08
 1.008326068990076e-07
 6.159758410793932e-08
 2.141943303471649e-06
 1.522797597482245e-06
 3.484580460465233e-10
 4.057003420148648e-08
 2.740277561563736e-06
 1.405080654822972e-07
 1.136117554635741e-09
 7.619248896088181e-08
 7.478609863914446e-05
 6.159758410793932e-08
 2.141943303471649e-06
 1.522797597482245e-06
 2.847989724912393e-07
 2.423517487637771e-05
 2.740277561563736e-06
 1.405080654822972e-07
 3.128631309938515e-08
 7.619248896088181e-08
 7.478609863914446e-05
 1.170122726110704e-05
 2.141943303471649e-06
 1.543119158559692e-06
 2.847989724912393e-07
 0.0004877937354346641
 2.740277561563736e-06
 7.325020318618393e-06
 1.722843805812997e-06
 4.170129395650011e-06
 7.478609863914446e-05
 1.170122726110704e-05
 2.141943303471649e-06
 1.543119158559692e-06
 2.847989724912393e-07
 0.0008220132546779151
 1.386569761139004e-05
 7.325020318618393e-06
 1.722843805812997e-06
 4.170129395650011e-06
 0.003989841944978891
 1.170122726110704e-05
 2.141943303471649e-06
 1.543119158559692e-06
 1.55353138499839e-06
 0.003989841944978891
 1.386569761139004e-05
 7.325020318618393e-06
 2.340469653298598e-05
 4.170129395650011e-06
 0.003989841944978891
 1.170122726110704e-05
 2.141943303471649e-06
 1.543119158559692e-06
 1.55353138499839e-06
 0.003989841944978891
 1.386569761139004e-05
 7.325020318618393e-06
 0.003989841944978891
 4.170129395650011e-06
 0.003989841944978891
 0.0004186255087084411
 3.596700638827592e-05
 1.543119158559692e-06
 1.55353138499839e-06
 0.003989841944978891
 1.386569761139004e-05
 7.325020318618393e-06
 0.003989841944978891
 4.170129395650011e-06
 0.003989841944978891
 0.003989841944978891
 3.596700638827592e-05
 1.543119158559692e-06
 1.55353138499839e-06
 0.003989841944978891
 1.386569761139004e-05
 7.325020318618393e-06
 0.003989841944978891
 4.170129395650011e-06
 0.003989841944978891
 0.003989841944978891
 3.596700638827592e-05
 0.0002726088442654085
 2.340469653298598e-05
 0.003989841944978891
 1.386569761139004e-05
 7.325020318618393e-06
 0.003989841944978891
 7.251330534074725e-06
 0.003989841944978891
 0.003989841944978891
 3.596700638827592e-05
 0.0002726088442654085
 2.340469653298598e-05
 0.003989841944978891
 1.386569761139004e-05
 0
 0.003989841944978891
 7.251330534074725e-06
 0.003989841944978891
 0.003989841944978891
 3.596700638827592e-05
 0.0002726088442654085
 2.340469653298598e-05
 0.003989841944978891
 0
 0
 0.003989841944978891
 7.251330534074725e-06
 0
 0.003989841944978891
 3.596700638827592e-05
 0.003989841944978891
 2.340469653298598e-05
 0
 0
 0
 0.003989841944978891
 7.251330534074725e-06
 0
 0.003989841944978891
 7.51340469020478e-05
 0.003989841944978891
 2.340469653298598e-05
 0
 0
 0
 0
 0.0002678673795548372
 0
 0.003989841944978891
 7.51340469020478e-05
 0.003989841944978891
 2.340469653298598e-05
 0
 0
 0
 0
 0.0002678673795548372
 0
 0
 3.596700638827592e-05
 0.003989841944978891
 0.003989841944978891
 0
 0
 0
 0
 0.0002678673795548372
 0
 0
 3.596700638827592e-05
 0.003989841944978891
 0.003989841944978891
 0
 0
 0
 0
 0.0002678673795548372
 0
 0
 3.596700638827592e-05
 0.003989841944978891
 0.003989841944978891
 0
 0
 0
 0
 0.003989841944978891
 0
 0
 3.596700638827592e-05
 0.003989841944978891
 0.003989841944978891
 0
 0
 0
 0
 0.003989841944978891
 0
 0
 3.596700638827592e-05
 0
 0.003989841944978891
 0
 0
 0
 0
 0.003989841944978891
 0
 0
 0
 0
 0.003989841944978891
 0
 0
 0
 0
 0.003989841944978891
 0
 0
 0
 0
 0.003989841944978891
 0
 0
 0
 0
 0.003989841944978891
 0
 0
 0
 0
 0
 0
 0
 0
 0
 0.003989841944978891
 0
 0
 0
 0
 0
 0
 0
 0
 0
 0.003989841944978891
 0
 0
 0
 0
 0
 0
 0
 0
 0
 0
 0
 0
 0
