# Created by Octave 3.2.4, Wed Feb 06 20:13:04 2013 EST <rbom@zaphod>
# name: small_First_Fit
# type: matrix
# ndims: 3
 1 10 30
 1.246113663664552e-11
 5.094019163095398e-11
 1.011017716670049e-11
 2.019970667271367e-12
 1.106987834170209e-13
 2.343152816936975e-11
 2.643311721733394e-09
 9.540093407103882e-15
 1.715208965490356e-08
 5.33578039094635e-10
 2.145102267165741e-07
 1.103937560377078e-09
 2.319106250096008e-10
 6.83501485957549e-11
 4.184631850913415e-09
 2.006812326716005e-09
 3.168687970853639e-08
 1.128597272676404e-05
 3.880411540795194e-06
 1.508233008099235e-08
 3.815446616403437e-06
 4.375310471017543e-07
 2.319106250096008e-10
 6.83501485957549e-11
 2.300869295624656e-08
 1.031194027838519e-06
 3.168687970853639e-08
 5.380460466664185e-05
 3.880411540795194e-06
 4.574536588224217e-08
 2.016833505006395e-05
 1.223353220809001e-05
 2.319106250096008e-10
 1.864911407084096e-09
 1.145340118593278e-07
 8.418994839089785e-05
 3.168687970853639e-08
 0.0001344600382476218
 3.880411540795194e-06
 3.891476951291127e-07
 2.016833505006395e-05
 1.223353220809001e-05
 4.947649872542526e-09
 3.847097835184593e-08
 9.070629357928368e-06
 8.418994839089785e-05
 3.168687970853639e-08
 0.0001344600382476218
 2.149486977966375e-05
 3.891476951291127e-07
 3.032785868051342e-05
 0.0005018943987708069
 5.703443426855228e-09
 1.731708131355562e-07
 3.455563044400166e-05
 8.418994839089785e-05
 1.148529433403816e-07
 0.0005067481994136941
 0.0006292671593081654
 2.601233161469247e-06
 7.388361054078756e-05
 0.0005507311123916902
 1.38191169739296e-07
 3.32706958160904e-06
 0.0005067481994136941
 8.418994839089785e-05
 6.10764445625044e-05
 0.0005067481994136941
 0.0006292671593081654
 3.250438094318508e-05
 7.388361054078756e-05
 0.001330453963573597
 1.38191169739296e-07
 3.32706958160904e-06
 0.002984438864267544
 8.418994839089785e-05
 6.10764445625044e-05
 0.0005067481994136941
 0.0006292671593081654
 3.250438094318508e-05
 7.388361054078756e-05
 0.003565795304013409
 3.201623552106593e-06
 0.0001814947371351484
 0.002984438864267544
 8.418994839089785e-05
 0.003565795304013409
 0.0005021850958500711
 0.0006292671593081654
 4.533104436336685e-05
 7.388361054078756e-05
 0.003565795304013409
 4.691683776405721e-05
 0.002984438864267544
 0.002984438864267544
 0.0008784662385758023
 0.003565795304013409
 0.00394885158263739
 0.0006292671593081654
 0.0004211300141122418
 0.0004505066087312758
 0.003565795304013409
 0.0006988010864210119
 0.002984438864267544
 0.002984438864267544
 0.0008784662385758023
 0.003826708833209785
 0.00394885158263739
 0.0006292671593081654
 0.0004211300141122418
 0.0004505066087312758
 0.003826708833209785
 0.0006988010864210119
 0.002984438864267544
 0.002984438864267544
 0.0008784662385758023
 0.00394885158263739
 0.00394885158263739
 0.0006292671593081654
 0.0004211300141122418
 0.003826708833209785
 0.003826708833209785
 0.0006988010864210119
 0.002984438864267544
 0.002984438864267544
 0.0008784662385758023
 0.003826708833209785
 0.00394885158263739
 0
 0.0004211300141122418
 0.003826708833209785
 0.003826708833209785
 0.0006988010864210119
 0.002984438864267544
 0.002984438864267544
 0.0008784662385758023
 0.00394885158263739
 0.00394885158263739
 0
 0.0004535291545561932
 0.003826708833209785
 0.003826708833209785
 0.0006988010864210119
 0.002984438864267544
 0
 0.0008784662385758023
 0.00394885158263739
 0.00394885158263739
 0
 0.0004535291545561932
 0.003826708833209785
 0.003826708833209785
 0.0006988010864210119
 0.002984438864267544
 0
 0.0008784662385758023
 0.003826708833209785
 0.00394885158263739
 0
 0.0004535291545561932
 0.003826708833209785
 0.003826708833209785
 0.0006988010864210119
 0
 0
 0
 0.003565795304013409
 0
 0
 0.0004535291545561932
 0.003826708833209785
 0.003826708833209785
 0
 0
 0
 0
 0.00394885158263739
 0
 0
 0.0004535291545561932
 0.003826708833209785
 0
 0
 0
 0
 0
 0.003565795304013409
 0
 0
 0.0004535291545561932
 0
 0
 0
 0
 0
 0
 0.003565795304013409
 0
 0
 0.0004535291545561932
 0
 0
 0
 0
 0
 0
 0.003565795304013409
 0
 0
 0
 0
 0
 0
 0
 0
 0
 0.00394885158263739
 0
 0
 0
 0
 0
 0
 0
 0
 0
 0.003565795304013409
 0
 0
 0
 0
 0
 0
 0
 0
 0
 0.003826708833209785
 0
 0
 0
 0
 0
 0
 0
 0
 0
 0.003826708833209785
 0
 0
 0
 0
 0
 0
 0
 0
 0
 0.003565795304013409
 0
 0
 0
 0
 0
 0
 0
 0
 0
 0.003826708833209785
 0
 0
 0
 0
 0
 0
 0
 0
 0
 0.003826708833209785
 0
 0
 0
 0
 0
 0
 0
 0
 0
 0.003826708833209785
 0
 0
 0
 0
 0
 0
 0
 0
 0
 0.003565795304013409
 0
 0
 0
