# Created by Octave 3.2.4, Tue Feb 05 11:06:13 2013 EST <rbom@zaphod>
# name: small_First_Fit
# type: matrix
# ndims: 3
 1 10 30
 2.351219314030046e-09
 1.263712208407761e-09
 7.189430139545941e-12
 3.69564112719328e-10
 1.516882013925358e-08
 2.910474745829773e-09
 1.565145766211456e-07
 6.791177093043084e-05
 7.729489010594173e-11
 9.685420453522352e-11
 9.359014626128131e-08
 4.310022905204628e-08
 1.532933686973402e-07
 1.436980814777663e-09
 2.72752100325654e-06
 2.102011792685298e-06
 9.355415811597958e-05
 0.001970394044990141
 9.252950809872353e-08
 4.706040534503033e-06
 4.713860508530804e-06
 3.92336499137604e-07
 0.0001747352638594891
 1.436980814777663e-09
 2.72752100325654e-06
 2.369239411160316e-05
 9.355415811597958e-05
 0.001970394044990141
 4.741335570865066e-06
 4.706040534503033e-06
 0.0001128997012861217
 3.92336499137604e-07
 0.0002347419447352157
 9.014865727668151e-09
 1.569313516551993e-05
 2.369239411160316e-05
 0.0006116149496575189
 0.001970394044990141
 1.339031492546575e-05
 3.892549601787344e-05
 0.0007968953419696176
 8.476470096890607e-06
 0.02187034314414657
 1.771831052499952e-06
 1.569313516551993e-05
 0.0001113229719426675
 0.0006116149496575189
 0.001970394044990141
 6.456607806324463e-05
 3.892549601787344e-05
 0.001103371243221858
 7.150569386917261e-05
 0.02187034314414657
 5.028805568190661e-05
 0.0009271050168745982
 0.001246883760637633
 0.0002368352889338889
 0.001970394044990141
 0.0007795084306563956
 0.0007201779845362381
 0.007244278783000165
 7.150569386917261e-05
 0.02187034314414657
 0.0006905423346632209
 0.0009271050168745982
 0.003166340769916184
 0.0002368352889338889
 0.001970394044990141
 0.007520373404397195
 0.005275453373949623
 0.007244278783000165
 7.150569386917261e-05
 0.02187034314414657
 0.00318366412347446
 0.004522003032924039
 0.003166340769916184
 0.0006116149496575189
 0.001970394044990141
 0.007520373404397195
 0.005275453373949623
 0.01314894479504015
 0.005734701361651269
 0.03834122103726178
 0.00318366412347446
 0.004522003032924039
 0.003166340769916184
 0.001426266067909705
 0.002376472994703011
 0.01244306906032544
 0.005275453373949623
 0.01314894479504015
 0.007591601615388717
 0.02187034314414657
 0.01920777716519074
 0.007053501496940484
 0.003166340769916184
 0.001426266067909705
 0.002918927300273193
 0.01244306906032544
 0.0068217295446455
 0.01314894479504015
 0.007591601615388717
 0.02187034314414657
 0.01920777716519074
 0.007053501496940484
 0.01232488719140416
 0.001426266067909705
 0.002376472994703011
 0.01232488719140416
 0.005275453373949623
 0.01314894479504015
 0.007591601615388717
 0.02187034314414657
 0.01920777716519074
 0.007053501496940484
 0.01266424227448726
 0.003533403218258277
 0.001970394044990141
 0.01232488719140416
 0.0068217295446455
 0.01314894479504015
 0.007591601615388717
 0.02187034314414657
 0.06502003953150844
 0.007053501496940484
 0.01266424227448726
 0.001641193597033771
 0.001970394044990141
 0.01232488719140416
 0.0068217295446455
 0.01314894479504015
 0.02187034314414657
 0.02187034314414657
 0.06502003953150844
 0.02255654192734366
 0.01266424227448726
 0.001641193597033771
 0.002918927300273193
 0.01232488719140416
 0.0068217295446455
 0.01314894479504015
 0.02187034314414657
 0.02187034314414657
 0.06502003953150844
 0.02255654192734366
 0.01266424227448726
 0.003533403218258277
 0.002376472994703011
 0.01232488719140416
 0.0068217295446455
 0
 0.02187034314414657
 0
 0.06502003953150844
 0.02255654192734366
 0.01266424227448726
 0.005385445950968823
 0.002376472994703011
 0
 0.0068217295446455
 0
 0.02187034314414657
 0
 0.06502003953150844
 0.05420488011613547
 0.01266424227448726
 0.005385445950968823
 0.001970394044990141
 0
 0.0068217295446455
 0
 0.02187034314414657
 0
 0.06502003953150844
 0.05420488011613547
 0.01266424227448726
 0.01266424227448726
 0.001970394044990141
 0
 0.02610213343912274
 0
 0.03834122103726178
 0
 0.06502003953150844
 0.05420488011613547
 0
 0.01266424227448726
 0.002918927300273193
 0
 0.02610213343912274
 0
 0.03834122103726178
 0
 0
 0.06502003953150844
 0
 0.01266424227448726
 0.002918927300273193
 0
 0.02610213343912274
 0
 0.03834122103726178
 0
 0
 0.06502003953150844
 0
 0.01266424227448726
 0.002918927300273193
 0
 0.02610213343912274
 0
 0.03834122103726178
 0
 0
 0.05420488011613547
 0
 0.01266424227448726
 0.002918927300273193
 0
 0.02610213343912274
 0
 0.03834122103726178
 0
 0
 0.05420488011613547
 0
 0.01266424227448726
 0.002918927300273193
 0
 0.02610213343912274
 0
 0.03834122103726178
 0
 0
 0.05420488011613547
 0
 0.01266424227448726
 0.002918927300273193
 0
 0.02610213343912274
 0
 0.03834122103726178
 0
 0
 0.05420488011613547
 0
 0
 0.002918927300273193
 0
 0
 0
 0
 0
 0
 0.05420488011613547
 0
 0
 0
 0
 0
 0
 0
 0
 0
 0
 0
 0
 0
 0
 0
 0
 0
 0
 0
 0
 0
 0
 0
 0
 0
 0
 0
 0
 0
 0
 0
 0
 0
 0
 0
 0
 0
 0
 0
 0
 0
 0
 0
 0
 0
