# Created by Octave 3.2.4, Thu Feb 07 00:26:43 2013 EST <rbom@zaphod>
# name: small_First_Fit
# type: matrix
# ndims: 3
 1 10 30
 7.541503426966877e-15
 1.724910053235961e-14
 1.840359492748124e-15
 1.484301441368372e-14
 3.453344163968567e-16
 1.648983103743485e-13
 2.080544049989239e-17
 1.067061364234369e-16
 1.722248223652634e-11
 2.028006011286317e-13
 1.741736577743341e-13
 4.471755979622524e-12
 1.39389171860654e-12
 3.808208806330653e-13
 3.895376663605132e-10
 1.556130645021e-11
 1.682255263873186e-13
 4.280100834623358e-11
 1.722248223652634e-11
 4.504144878002535e-10
 8.073967550364032e-10
 3.513878031124795e-10
 1.299705096540404e-10
 6.204215323985902e-08
 3.895376663605132e-10
 1.556130645021e-11
 7.596753240234089e-10
 4.808376910003762e-10
 1.722248223652634e-11
 1.159202380702438e-06
 5.056537765808485e-07
 3.316405263668523e-08
 6.491177297737089e-07
 1.139294729634784e-06
 2.788491152646277e-08
 3.424567449905484e-08
 3.652085313070948e-08
 4.808376910003762e-10
 1.352096470493982e-09
 5.878188869894864e-05
 5.056537765808485e-07
 4.207439162553523e-08
 6.654998988337768e-06
 1.139294729634784e-06
 1.464135484941207e-06
 1.357207933371114e-05
 3.652085313070948e-08
 3.380827122852949e-09
 4.005472969331803e-08
 5.878188869894864e-05
 2.083093190249544e-06
 4.207439162553523e-08
 6.654998988337768e-06
 1.139294729634784e-06
 3.090845593920094e-05
 0.0003159083581238565
 1.943886651627092e-06
 6.108243978119937e-08
 4.005472969331803e-08
 5.878188869894864e-05
 2.083093190249544e-06
 3.970881431093633e-06
 5.43885367085835e-05
 8.025158123880157e-05
 3.492455305825489e-05
 0.004531285495017356
 0.0001124102462054184
 3.35087723980568e-07
 1.117892817906604e-07
 0.00154536813080789
 0.0001223016241825485
 3.970881431093633e-06
 8.493476763423922e-05
 8.025158123880157e-05
 0.002912517052992952
 0.004531285495017356
 0.0001124102462054184
 1.124744867712236e-06
 1.015639191950548e-05
 0.00154536813080789
 0.0001223016241825485
 3.970881431093633e-06
 8.493476763423922e-05
 8.025158123880157e-05
 0.002912517052992952
 0.004531285495017356
 0.0001124102462054184
 1.015639191950548e-05
 1.015639191950548e-05
 0.00154536813080789
 0.0001223016241825485
 3.970881431093633e-06
 8.493476763423922e-05
 8.025158123880157e-05
 0.003288451068090134
 0.004531285495017356
 0.003288451068090134
 7.532586634977926e-05
 1.015639191950548e-05
 0.00154536813080789
 0.0001223016241825485
 3.970881431093633e-06
 8.493476763423922e-05
 9.23488259515813e-05
 0.003288451068090134
 0.004531285495017356
 0.003288451068090134
 7.532586634977926e-05
 7.532586634977926e-05
 0.00154536813080789
 0.0001223016241825485
 3.970881431093633e-06
 8.493476763423922e-05
 8.025158123880157e-05
 0.003288451068090134
 0.004531285495017356
 0.003288451068090134
 7.532586634977926e-05
 7.532586634977926e-05
 0.00154536813080789
 0.0001223016241825485
 3.970881431093633e-06
 8.493476763423922e-05
 8.025158123880157e-05
 0.002912517052992952
 0.004531285495017356
 0.003288451068090134
 7.532586634977926e-05
 7.532586634977926e-05
 0.00154536813080789
 0.0001223016241825485
 0
 0.002912517052992952
 8.025158123880157e-05
 0.002912517052992952
 0
 0.003288451068090134
 7.532586634977926e-05
 7.532586634977926e-05
 0
 0
 0
 0.004531285495017356
 8.025158123880157e-05
 0.002912517052992952
 0
 0.003288451068090134
 0.004531285495017356
 0.004531285495017356
 0
 0
 0
 0.004531285495017356
 0.0004176148985897384
 0.003288451068090134
 0
 0.003288451068090134
 0.004531285495017356
 0.004531285495017356
 0
 0
 0
 0.004531285495017356
 0.0004176148985897384
 0.003288451068090134
 0
 0
 0.004531285495017356
 0.004531285495017356
 0
 0
 0
 0.004531285495017356
 0.0004176148985897384
 0.003288451068090134
 0
 0
 0.004531285495017356
 0.004531285495017356
 0
 0
 0
 0.004531285495017356
 0.0004176148985897384
 0.002912517052992952
 0
 0
 0.004531285495017356
 0.004531285495017356
 0
 0
 0
 0.004531285495017356
 0.0004176148985897384
 0.002912517052992952
 0
 0
 0.004531285495017356
 0.004531285495017356
 0
 0
 0
 0.004531285495017356
 0.0004176148985897384
 0.002912517052992952
 0
 0
 0.004531285495017356
 0.004531285495017356
 0
 0
 0
 0
 0.004531285495017356
 0.003288451068090134
 0
 0
 0
 0
 0
 0
 0
 0
 0.004531285495017356
 0.003288451068090134
 0
 0
 0
 0
 0
 0
 0
 0
 0.004531285495017356
 0.003288451068090134
 0
 0
 0
 0
 0
 0
 0
 0
 0.004531285495017356
 0.002912517052992952
 0
 0
 0
 0
 0
 0
 0
 0
 0.004531285495017356
 0.002912517052992952
 0
 0
 0
 0
 0
 0
 0
 0
 0.004531285495017356
 0.002912517052992952
 0
 0
 0
 0
 0
 0
 0
 0
 0.004531285495017356
 0.003288451068090134
 0
 0
 0
 0
 0
 0
 0
 0
 0
 0.003288451068090134
 0
 0
 0
 0
 0
 0
 0
 0
 0
 0.002912517052992952
 0
 0
 0
 0
 0
