# Created by Octave 3.2.4, Wed Feb 06 17:24:05 2013 EST <rbom@zaphod>
# name: small_First_Fit
# type: matrix
# ndims: 3
 1 10 30
 2.647615560923078e-14
 1.331446102961116e-11
 5.360268935411649e-13
 2.064417545598799e-12
 1.580185713919427e-13
 4.769562674496008e-12
 1.679322098435771e-11
 4.111271963221416e-17
 3.044288787214172e-16
 1.855820963501569e-15
 3.178253360650251e-13
 1.331446102961116e-11
 5.360268935411649e-13
 4.953452902896801e-10
 6.130907550367712e-11
 5.407028544099693e-10
 1.849679093664406e-09
 3.118811716390649e-07
 8.099714500138367e-13
 1.209978705828638e-11
 3.360511791696016e-11
 3.761215026916966e-10
 5.689572969893922e-11
 5.00836558130023e-07
 1.089754777574464e-08
 5.407028544099693e-10
 5.842980102283811e-08
 3.118811716390649e-07
 7.627626392848122e-12
 1.16725416543626e-05
 8.590364825009338e-09
 1.703098492216793e-09
 5.521636859675267e-09
 5.00836558130023e-07
 1.67074011589934e-05
 2.772959330438109e-08
 5.177301257955394e-06
 3.118811716390649e-07
 5.067523327633198e-10
 6.107057634969491e-05
 8.590364825009338e-09
 1.31710681315477e-07
 4.730258533761914e-06
 1.332068125908343e-06
 0.001070742036929908
 7.895224678836836e-07
 1.065560026278374e-05
 5.727962876873806e-07
 5.067523327633198e-10
 1.16725416543626e-05
 8.590364825009338e-09
 3.136287951535491e-06
 4.730258533761914e-06
 1.332068125908343e-06
 0.001070742036929908
 5.233024721537316e-06
 2.913076802607691e-05
 5.727962876873806e-07
 5.443348957421779e-08
 0.00131114204129859
 8.652304031969038e-08
 1.429758210539564e-05
 4.730258533761914e-06
 1.332068125908343e-06
 0.001070742036929908
 1.883955733861805e-05
 2.913076802607691e-05
 5.727962876873806e-07
 3.227217440805491e-06
 0.003824299719040524
 8.652304031969038e-08
 1.429758210539564e-05
 0.000119174247780297
 0.0001053464779279633
 0.001070742036929908
 0.0001134662288227438
 0.0003900447522369158
 5.727962876873806e-07
 0.0001155740830797962
 0.003824299719040524
 7.137651984137325e-06
 1.429758210539564e-05
 0.000119174247780297
 0.0001053464779279633
 0.001070742036929908
 0.0001134662288227438
 0.0003900447522369158
 5.727962876873806e-07
 0.0001155740830797962
 0.003824299719040524
 7.137651984137325e-06
 0.000467405448288939
 0.000119174247780297
 0.0001053464779279633
 0.001070742036929908
 0.0001134662288227438
 0.003824299719040524
 5.727962876873806e-07
 0.0001155740830797962
 0.003824299719040524
 7.137651984137325e-06
 0.000467405448288939
 0.000119174247780297
 0.0002702592588095917
 0.003824299719040524
 0.0001134662288227438
 0.003824299719040524
 5.727962876873806e-07
 0.0001155740830797962
 0.003824299719040524
 7.137651984137325e-06
 0.003824299719040524
 0.000119174247780297
 0.0001053464779279633
 0.003824299719040524
 0.0003284395137080102
 0.003824299719040524
 0
 0.0001155740830797962
 0.003824299719040524
 7.137651984137325e-06
 0.003824299719040524
 0.000119174247780297
 0.0002702592588095917
 0.003824299719040524
 0.0003284395137080102
 0.003824299719040524
 0
 0.0001155740830797962
 0.003824299719040524
 7.137651984137325e-06
 0.003824299719040524
 0.000119174247780297
 0.0002702592588095917
 0.003824299719040524
 0.0003284395137080102
 0.003824299719040524
 0
 0.0001378713364270405
 0
 7.137651984137325e-06
 0.003824299719040524
 0
 0.0002702592588095917
 0.003824299719040524
 0.0003284395137080102
 0.003824299719040524
 0
 0.0001155740830797962
 0
 0
 0.003824299719040524
 0
 0.0009246427934990527
 0.003824299719040524
 0.0003284395137080102
 0.003824299719040524
 0
 0.0001155740830797962
 0
 0
 0.003824299719040524
 0
 0.0009246427934990527
 0.003824299719040524
 0.003824299719040524
 0
 0
 0.0001378713364270405
 0
 0
 0.003824299719040524
 0
 0.0009246427934990527
 0
 0.003824299719040524
 0
 0
 0.0001378713364270405
 0
 0
 0
 0
 0.003824299719040524
 0
 0.003824299719040524
 0
 0
 0.0001378713364270405
 0
 0
 0
 0
 0.003824299719040524
 0
 0.003824299719040524
 0
 0
 0.0001378713364270405
 0
 0
 0
 0
 0.003824299719040524
 0
 0.003824299719040524
 0
 0
 0.0001378713364270405
 0
 0
 0
 0
 0.003824299719040524
 0
 0.003824299719040524
 0
 0
 0.0001378713364270405
 0
 0
 0
 0
 0.003824299719040524
 0
 0.003824299719040524
 0
 0
 0.0001378713364270405
 0
 0
 0
 0
 0.003824299719040524
 0
 0
 0
 0
 0
 0
 0
 0
 0
 0.003824299719040524
 0
 0
 0
 0
 0
 0
 0
 0
 0
 0
 0
 0
 0
 0
 0
 0
 0
 0
 0
 0
 0
 0
 0
 0
 0
 0
 0
 0
 0
 0
 0
 0
 0
 0
 0
 0
 0
 0
 0
 0
 0
 0
 0
 0
 0
 0
 0
 0
 0
 0
 0
 0
 0
 0
 0
 0
