# Created by Octave 3.2.4, Mon Feb 04 08:12:04 2013 EST <rbom@zaphod>
# name: small_First_Fit
# type: matrix
# ndims: 3
 1 10 30
 9.440371643082936e-14
 3.583833088980699e-14
 7.065718422236624e-15
 1.712766003051462e-14
 8.495024356158861e-14
 1.115726888561048e-15
 1.809213911885123e-13
 4.32526419340953e-16
 1.288845906709675e-17
 6.168415431707031e-15
 4.042040464901091e-05
 6.442684834285792e-11
 1.438658191276812e-12
 2.206830437092474e-11
 2.735737134246431e-11
 1.369910782743881e-08
 1.809213911885123e-13
 1.831587696731844e-14
 6.425115935535399e-14
 1.305380747354665e-11
 4.042040464901091e-05
 4.262780238791153e-09
 1.198976521176291e-10
 2.206830437092474e-11
 1.226980853796034e-08
 1.403402090335495e-05
 1.354917262810327e-09
 2.900262882610189e-11
 6.425115935535399e-14
 1.305380747354665e-11
 0.0001376771199258222
 8.740598097945872e-06
 1.324188479406891e-07
 1.112409389793256e-09
 2.225786464327213e-05
 0.0005423350028063406
 1.354917262810327e-09
 2.182240551108654e-10
 6.036266197250637e-12
 1.259388127532647e-09
 0.0001376771199258222
 0.0001857882852839197
 0.0001066482967876029
 1.112409389793256e-09
 0.0002544629290270866
 0.0005423350028063406
 1.127724375136415e-08
 2.182240551108654e-10
 6.753024298131177e-11
 1.259388127532647e-09
 0.0001376771199258222
 0.0001857882852839197
 0.0001066482967876029
 3.742443736026015e-08
 0.0002544629290270866
 0.0005423350028063406
 4.847895414223827e-09
 1.210419049831463e-09
 1.170396067495652e-09
 3.89241045144306e-08
 0.0001376771199258222
 0.0005826106568042642
 0.003132527122151861
 1.367966224692117e-06
 0.0007823273138040548
 0.0005423350028063406
 4.847895414223827e-09
 2.159497040755862e-07
 4.763325662723884e-07
 1.84112592623782e-06
 0.0001376771199258222
 0.0005826106568042642
 0.003132527122151861
 4.996186430405341e-05
 0.0007823273138040548
 0.0005423350028063406
 4.847895414223827e-09
 7.008288768611186e-06
 7.962839195055966e-05
 1.84112592623782e-06
 0.0001376771199258222
 0.0005826106568042642
 0.003132527122151861
 4.996186430405341e-05
 0.0007823273138040548
 0.0005423350028063406
 2.023642376266444e-07
 0.0003317916333018004
 0.0001721754746133155
 1.84112592623782e-06
 0.001130788997477993
 0.0005826106568042642
 0.003132527122151861
 4.996186430405341e-05
 0.0007823273138040548
 0.0005423350028063406
 2.023642376266444e-07
 0.0003317916333018004
 7.962839195055966e-05
 9.930589133727613e-06
 0.001130788997477993
 0.0005826106568042642
 0.003132527122151861
 0.0006633558861269158
 0.0007823273138040548
 0.0005423350028063406
 2.023642376266444e-07
 0.0003317916333018004
 7.962839195055966e-05
 9.930589133727613e-06
 0.001217207062795695
 0.0005826106568042642
 0.003132527122151861
 0.0006633558861269158
 0.0007823273138040548
 0.0005423350028063406
 2.023642376266444e-07
 0.0003317916333018004
 0.003447201857944344
 0.001586895411891568
 0.001130788997477993
 0.0005826106568042642
 0.003132527122151861
 0.0006633558861269158
 0.0007823273138040548
 0.0005423350028063406
 1.203888713442805e-06
 0.0003317916333018004
 0.003447201857944344
 0.005641101780456192
 0.001130788997477993
 0.0005826106568042642
 0.003132527122151861
 0.0006633558861269158
 0.0007823273138040548
 0.0005423350028063406
 1.203888713442805e-06
 0.0003317916333018004
 0.003447201857944344
 0.005641101780456192
 0.001217207062795695
 0.0005826106568042642
 0.003132527122151861
 0.0006633558861269158
 0.0007823273138040548
 0.0005423350028063406
 1.203888713442805e-06
 0.0003317916333018004
 0.003447201857944344
 0.005641101780456192
 0.001217207062795695
 0.0005826106568042642
 0.003132527122151861
 0.0006633558861269158
 0.0007823273138040548
 0.0005423350028063406
 1.3245098881843e-05
 0.0003317916333018004
 0.003447201857944344
 0.005641101780456192
 0.001217207062795695
 0.0005826106568042642
 0.003132527122151861
 0.0006633558861269158
 0.0007823273138040548
 0.0005423350028063406
 1.3245098881843e-05
 0.0003317916333018004
 0.003447201857944344
 0.005641101780456192
 0.001217207062795695
 0.0005826106568042642
 0.003132527122151861
 0.0006633558861269158
 0.0007823273138040548
 0.0005423350028063406
 1.3245098881843e-05
 0.0003317916333018004
 0.003447201857944344
 0.005641101780456192
 0.001217207062795695
 0.0005826106568042642
 0.003132527122151861
 0.0006633558861269158
 0.0007823273138040548
 0.0005423350028063406
 1.3245098881843e-05
 0.0003317916333018004
 0.003447201857944344
 0.005641101780456192
 0.001217207062795695
 0.0005826106568042642
 0.003132527122151861
 0.0006633558861269158
 0.0007823273138040548
 0.0005423350028063406
 1.3245098881843e-05
 0.005641101780456192
 0.005641101780456192
 0.005641101780456192
 0.001217207062795695
 0.0005826106568042642
 0.003132527122151861
 0.0006633558861269158
 0.0007823273138040548
 0.0005423350028063406
 1.3245098881843e-05
 0.005641101780456192
 0.003447201857944344
 0.005641101780456192
 0.001217207062795695
 0.0005826106568042642
 0.003132527122151861
 0.0006633558861269158
 0.0007823273138040548
 0.0005423350028063406
 1.3245098881843e-05
 0.005641101780456192
 0.003447201857944344
 0.005641101780456192
 0.001217207062795695
 0.0005826106568042642
 0.003132527122151861
 0.0006633558861269158
 0.0007823273138040548
 0.0005423350028063406
 1.3245098881843e-05
 0.005641101780456192
 0.005641101780456192
 0.005641101780456192
 0.001217207062795695
 0.0005826106568042642
 0.003132527122151861
 0.0006633558861269158
 0.0007823273138040548
 0.0005423350028063406
 1.3245098881843e-05
 0.005641101780456192
 0.005641101780456192
 0.005641101780456192
 0.001217207062795695
 0.0005826106568042642
 0.003132527122151861
 0.0006633558861269158
 0.0007823273138040548
 0.0005423350028063406
 1.3245098881843e-05
 0.005641101780456192
 0.005641101780456192
 0.005641101780456192
 0.001217207062795695
 0.0005826106568042642
 0.003132527122151861
 0.0006633558861269158
 0.0007823273138040548
 0.0005423350028063406
 1.3245098881843e-05
 0.005641101780456192
 0.005641101780456192
 0.005641101780456192
 0.001217207062795695
 0.0005826106568042642
 0.003132527122151861
 0.0006633558861269158
 0.0007823273138040548
 0.0005423350028063406
 1.3245098881843e-05
 0.005641101780456192
 0.005641101780456192
 0.005641101780456192
 0.001217207062795695
 0.0005826106568042642
 0.003132527122151861
 0.0006633558861269158
 0.0007823273138040548
 0.0005423350028063406
 1.3245098881843e-05
 0.005641101780456192
 0.005641101780456192
 0.005641101780456192
 0.001217207062795695
 0.0005826106568042642
 0.003132527122151861
 0.0006633558861269158
 0.0007823273138040548
 0.0005423350028063406
 1.3245098881843e-05
 0.005641101780456192
 0.005641101780456192
 0.005641101780456192
 0.001217207062795695
 0.0005826106568042642
 0.003132527122151861
 0.0006633558861269158
 0.0007823273138040548
 0.0005423350028063406
 1.3245098881843e-05
 0.005641101780456192
 0.005641101780456192
 0.005641101780456192
