# Created by Octave 3.2.4, Wed Feb 06 03:01:53 2013 EST <rbom@zaphod>
# name: small_First_Fit
# type: matrix
# ndims: 3
 1 10 30
 8.629729947395295e-16
 4.577100717516718e-11
 6.596096707783985e-10
 6.133390106299908e-12
 2.825852722237897e-11
 3.21520379946424e-10
 3.221763045056095e-15
 1.007113233811713e-12
 1.998709081662573e-14
 1.717185446475599e-12
 3.879257652318006e-12
 4.608870920512124e-07
 9.067669904366006e-10
 1.078937478190946e-11
 2.997029810141039e-07
 1.148600142190334e-07
 6.604869810766695e-10
 3.747638581333738e-10
 4.05664109487618e-12
 3.032653779705956e-08
 3.053094273279789e-11
 0.0002180360134565723
 7.765520467504333e-09
 2.914485409701645e-11
 1.242633313398292e-05
 4.628983110660618e-07
 2.700718406370651e-08
 3.747638581333738e-10
 4.462159391152522e-10
 5.594913681856963e-07
 3.482965608840522e-10
 0.0002180360134565723
 2.674883329820067e-08
 4.696926040823134e-09
 1.242633313398292e-05
 0.0003811187826186616
 4.960005326223261e-07
 4.911623076344438e-08
 4.787507758941322e-08
 5.594913681856963e-07
 1.511586689346697e-08
 0.001257306230150411
 1.17364968691589e-07
 4.696926040823134e-09
 0.0005402524199090527
 0.0003811187826186616
 7.714200650101284e-07
 1.068565042902991e-06
 4.787507758941322e-08
 4.498103520046284e-05
 4.821368906968517e-06
 0.001257306230150411
 3.532356736403569e-05
 4.696926040823134e-09
 0.006977252746427644
 0.001244318792804806
 7.714200650101284e-07
 1.068565042902991e-06
 4.413109009418832e-07
 4.498103520046284e-05
 0.008685270392754378
 0.001257306230150411
 0.001431417142580838
 4.696926040823134e-09
 0.006977252746427644
 0.001244318792804806
 0.0002656238986867849
 1.307879154896713e-06
 4.413109009418832e-07
 0.009342923023703688
 0.008685270392754378
 0.008685270392754378
 0.001431417142580838
 1.867575788621422e-08
 0.04630129075621068
 0.001244318792804806
 0.0004970406172510504
 4.611911467775505e-05
 1.448490009738379e-06
 0.009342923023703688
 0.04630129075621068
 0.04630129075621068
 0.009342923023703688
 1.867575788621422e-08
 0.04630129075621068
 0.001244318792804806
 0.0004970406172510504
 4.611911467775505e-05
 1.448490009738379e-06
 0.009342923023703688
 0.04630129075621068
 0.04630129075621068
 0.009342923023703688
 5.871329522200156e-07
 0.04630129075621068
 0.001244318792804806
 0.0002656238986867849
 4.611911467775505e-05
 9.807500953979259e-05
 0.009342923023703688
 0.04630129075621068
 0.04630129075621068
 0.009342923023703688
 1.867575788621422e-08
 0.04630129075621068
 0.001244318792804806
 0.0004970406172510504
 7.758619336710133e-05
 9.807500953979259e-05
 0.04630129075621068
 0.04630129075621068
 0.04630129075621068
 0.009342923023703688
 3.021304178412649e-07
 0.04630129075621068
 0.001244318792804806
 0.0004970406172510504
 7.758619336710133e-05
 9.807500953979259e-05
 0.009342923023703688
 0.04630129075621068
 0.04630129075621068
 0.009342923023703688
 3.021304178412649e-07
 0.04630129075621068
 0
 0.03366134814145009
 4.611911467775505e-05
 9.807500953979259e-05
 0.009342923023703688
 0.04630129075621068
 0.04630129075621068
 0.009342923023703688
 8.726485114012653e-06
 0.04630129075621068
 0
 0.03366134814145009
 4.611911467775505e-05
 9.807500953979259e-05
 0.009342923023703688
 0.04630129075621068
 0.04630129075621068
 0.009342923023703688
 8.726485114012653e-06
 0
 0
 0.03366134814145009
 4.611911467775505e-05
 9.807500953979259e-05
 0.009342923023703688
 0
 0
 0
 8.726485114012653e-06
 0
 0
 0.03366134814145009
 4.611911467775505e-05
 9.807500953979259e-05
 0.009342923023703688
 0
 0
 0
 8.726485114012653e-06
 0
 0
 0.03366134814145009
 7.758619336710133e-05
 0
 0.009342923023703688
 0
 0
 0
 0.04630129075621068
 0
 0
 0.03366134814145009
 7.758619336710133e-05
 0
 0
 0
 0
 0
 0.04630129075621068
 0
 0
 0.03366134814145009
 7.758619336710133e-05
 0
 0
 0
 0
 0
 0.04630129075621068
 0
 0
 0
 4.611911467775505e-05
 0
 0
 0
 0
 0
 0.04630129075621068
 0
 0
 0
 4.611911467775505e-05
 0
 0
 0
 0
 0
 0.04630129075621068
 0
 0
 0
 4.611911467775505e-05
 0
 0
 0
 0
 0
 0.04630129075621068
 0
 0
 0
 0.0003108322639306927
 0
 0
 0
 0
 0
 0.04630129075621068
 0
 0
 0
 0.0003108322639306927
 0
 0
 0
 0
 0
 0
 0
 0
 0
 4.611911467775505e-05
 0
 0
 0
 0
 0
 0
 0
 0
 0
 4.611911467775505e-05
 0
 0
 0
 0
 0
 0
 0
 0
 0
 7.758619336710133e-05
 0
 0
 0
 0
 0
 0
 0
 0
 0
 7.758619336710133e-05
 0
 0
 0
 0
 0
 0
 0
 0
 0
 9.304175339063703e-05
 0
 0
 0
 0
 0
 0
 0
 0
 0
 9.304175339063703e-05
 0
 0
