# Created by Octave 3.2.4, Mon Feb 04 19:42:21 2013 EST <rbom@zaphod>
# name: small_First_Fit
# type: matrix
# ndims: 3
 1 10 30
 6.091836592590565e-07
 3.143295509920879e-05
 1.290278063642853e-09
 3.300488383948804e-08
 8.59066238196595e-10
 8.884600310932224e-08
 3.54794072213465e-06
 2.963562105272828e-08
 2.763834673288432e-09
 5.646619783065391e-06
 2.169525256900154e-05
 0.009082365012865867
 4.75656374732034e-08
 6.656419876350771e-05
 6.460650710368947e-06
 3.030028689029862e-07
 0.0004370870463288842
 5.036179084924785e-08
 3.499333827300545e-06
 8.058404109988932e-06
 0.0004612165608649482
 0.009082365012865867
 1.017159366014185e-05
 0.0001083100875323667
 0.001964242872122536
 0.0001654337527226623
 0.0004370870463288842
 4.252870263029284e-06
 1.543803481064869e-05
 5.301351019067743e-05
 0.0004612165608649482
 0.009082365012865867
 0.000349322305263342
 0.000280089499115559
 0.004162342127427375
 0.0012391278869734
 0.001820510824515915
 4.203037519236627e-05
 5.869655673193009e-05
 5.301351019067743e-05
 0.0004612165608649482
 0.06932573200257824
 0.000349322305263342
 6.656419876350771e-05
 0.006761285208508953
 0.0012391278869734
 0.001820510824515915
 4.203037519236627e-05
 5.869655673193009e-05
 0.0001044401519821754
 0.0004612165608649482
 0.06932573200257824
 0.000349322305263342
 0.000280089499115559
 0.006761285208508953
 0.0012391278869734
 0.004490127056914961
 4.857281970250614e-05
 0.0002489542048947567
 0.0001044401519821754
 0.0006044263580489692
 0.06932573200257824
 0.000349322305263342
 0.002280026205048535
 0.01728563124364337
 0.0012391278869734
 0.008868971860362704
 0.0004694520778696131
 0.0002489542048947567
 0.0001044401519821754
 0.009165846361561321
 0.06932573200257824
 0.000349322305263342
 0.002280026205048535
 0.01728563124364337
 0.0012391278869734
 0.008868971860362704
 0.0004694520778696131
 0.000296237833072272
 0.0002810231413370796
 0.009165846361561321
 0.06932573200257824
 0.000349322305263342
 0.009165846361561321
 0.01728563124364337
 0.003710699009327392
 0.01985606809623821
 0.001849201574808525
 0.000296237833072272
 0.0001044401519821754
 0.009165846361561321
 0.06932573200257824
 0.000349322305263342
 0.009165846361561321
 0.01728563124364337
 0.02061183216547801
 0.01985606809623821
 0.005552421491166323
 0.000640857420163969
 0.0001044401519821754
 0.009165846361561321
 0.06932573200257824
 0
 0.009165846361561321
 0.01728563124364337
 0.04874347741370237
 0.008868971860362704
 0.005552421491166323
 0.000296237833072272
 0.0001539075238565667
 0.02515952821334334
 0
 0
 0.02515952821334334
 0.01728563124364337
 0.04874347741370237
 0.008868971860362704
 0.005552421491166323
 0.009613130165181802
 0.01488209326257327
 0.009165846361561321
 0
 0
 0.02515952821334334
 0.01728563124364337
 0.04874347741370237
 0.008868971860362704
 0.005552421491166323
 0.009613130165181802
 0.04272547725198485
 0.02515952821334334
 0
 0
 0.02515952821334334
 0
 0.04874347741370237
 0.01985606809623821
 0.04382325321841542
 0.009613130165181802
 0.01760387068995234
 0.02515952821334334
 0
 0
 0.02515952821334334
 0
 0.04874347741370237
 0.01985606809623821
 0.04892249233722406
 0.01124103759198824
 0.01760387068995234
 0.04095605982931772
 0
 0
 0.02515952821334334
 0
 0.04874347741370237
 0.01985606809623821
 0.04892249233722406
 0.01124103759198824
 0.01488209326257327
 0.04095605982931772
 0
 0
 0.05149244514846204
 0
 0.04874347741370237
 0.01985606809623821
 0.04892249233722406
 0.0177789640872176
 0.04272547725198485
 0.04095605982931772
 0
 0
 0.04095605982931772
 0
 0
 0.04874347741370237
 0.04892249233722406
 0.05149244514846204
 0.04272547725198485
 0.06932573200257824
 0
 0
 0.02515952821334334
 0
 0
 0.04874347741370237
 0.04892249233722406
 0.02515952821334334
 0.04272547725198485
 0.04704775461937965
 0
 0
 0.02515952821334334
 0
 0
 0.04874347741370237
 0.04892249233722406
 0.0177789640872176
 0.04272547725198485
 0.04095605982931772
 0
 0
 0.04704775461937965
 0
 0
 0.04874347741370237
 0.04874347741370237
 0.0177789640872176
 0.04272547725198485
 0.04095605982931772
 0
 0
 0.05149244514846204
 0
 0
 0.04874347741370237
 0
 0.0177789640872176
 0.04272547725198485
 0.04095605982931772
 0
 0
 0.04095605982931772
 0
 0
 0.04874347741370237
 0
 0.02636714632565577
 0.04272547725198485
 0.06932573200257824
 0
 0
 0.04704775461937965
 0
 0
 0.04874347741370237
 0
 0.02636714632565577
 0
 0.06932573200257824
 0
 0
 0.04704775461937965
 0
 0
 0
 0
 0.02636714632565577
 0
 0.06932573200257824
 0
 0
 0.04704775461937965
 0
 0
 0
 0
 0.02636714632565577
 0
 0.06932573200257824
 0
 0
 0.0484526144936176
 0
 0
 0
 0
 0.02636714632565577
 0
 0.06932573200257824
 0
 0
 0.06932573200257824
 0
 0
 0
 0
 0.02636714632565577
 0
 0.06932573200257824
 0
 0
 0.06932573200257824
 0
 0
 0
 0
 0.02636714632565577
 0
 0.06932573200257824
 0
 0
 0.06932573200257824
 0
 0
 0
 0
 0
 0
