# Created by Octave 3.2.4, Wed Feb 06 16:01:00 2013 EST <rbom@zaphod>
# name: small_First_Fit
# type: matrix
# ndims: 3
 1 10 30
 3.474704969605775e-10
 5.97904556126073e-09
 1.65403329015767e-08
 3.445042722109665e-08
 2.3263274937558e-08
 7.146865069318557e-09
 8.290229497722966e-08
 2.813187774975085e-08
 5.771712832282532e-09
 2.684994771605573e-09
 1.215305711133074e-06
 1.350645797799813e-06
 5.16839520435856e-08
 1.812301006644277e-06
 3.21460234896216e-05
 4.48325262113666e-06
 1.135770036388193e-05
 5.259607166158554e-05
 2.717457951371837e-07
 3.734879479201728e-07
 9.379439381983726e-06
 8.265945674248363e-06
 4.720487645441239e-06
 1.812301006644277e-06
 3.21460234896216e-05
 5.756009715747662e-05
 3.299333590126328e-05
 0.0006528289449984176
 5.69395055815516e-06
 1.821151564814813e-05
 1.866519965103933e-05
 3.91670077149093e-05
 0.0001272553013395835
 2.301010928715453e-05
 9.045002166903061e-05
 5.756009715747662e-05
 0.0001965140189736277
 0.00140290185579909
 1.568524065861398e-05
 1.821151564814813e-05
 1.866519965103933e-05
 3.91670077149093e-05
 0.0001272553013395835
 2.301010928715453e-05
 9.045002166903061e-05
 0.0004485408149214688
 0.0001965140189736277
 0.004073737479938574
 4.656234886928389e-05
 0.0002983456078946656
 1.866519965103933e-05
 3.91670077149093e-05
 0.0009064926715958669
 3.571154813111581e-05
 9.045002166903061e-05
 0.0004485408149214688
 0.0005424876144205106
 0.0101321457994814
 4.656234886928389e-05
 0.000357813069628197
 5.650089631548021e-05
 0.0001343004126441685
 0.0009064926715958669
 3.571154813111581e-05
 9.045002166903061e-05
 0.002470271799398126
 0.0008265920203625017
 0.0101321457994814
 4.656234886928389e-05
 0.002766818709859495
 6.822230973067444e-05
 0.0001353976902689332
 0.002172939849996747
 0.0002054798303723878
 9.045002166903061e-05
 0.002470271799398126
 0.0008265920203625017
 0.0101321457994814
 0.001718067047091715
 0.002766818709859495
 6.822230973067444e-05
 0.0001353976902689332
 0.002172939849996747
 0.0002054798303723878
 0.012602618253629
 0.007627771548115948
 0.0008265920203625017
 0.0101321457994814
 0.001718067047091715
 0.00662980480922671
 0.0001990439613186954
 0.0001353976902689332
 0.002421748050918635
 0.0002752311674138007
 0.02156810717327151
 0.002470271799398126
 0.002158525415894505
 0.0101321457994814
 0.002801374327964062
 0.00662980480922671
 0.0001990439613186954
 0.0006489210541988759
 0.002421748050918635
 0.0002054798303723878
 0.02156810717327151
 0.003195191202041428
 0.0009281292904087875
 0.0101321457994814
 0.01921022714229046
 0.00662980480922671
 0.0001990439613186954
 0.0006489210541988759
 0.002421748050918635
 0.0002054798303723878
 0.02156810717327151
 0.002470271799398126
 0.003146348944055643
 0.01214890781870285
 0.01921022714229046
 0.00662980480922671
 0.01673759707885255
 0.0006489210541988759
 0.003063338706432108
 0.0002054798303723878
 0.02156810717327151
 0.002470271799398126
 0.004132137568352607
 0.01214890781870285
 0.02156810717327151
 0.00662980480922671
 0.01673759707885255
 0.0006489210541988759
 0.003063338706432108
 0.0002752311674138007
 0.02156810717327151
 0.003195191202041428
 0.004132137568352607
 0.01214890781870285
 0.03586334780782902
 0.00662980480922671
 0.01673759707885255
 0.012602618253629
 0.003063338706432108
 0.002658068292104525
 0.02156810717327151
 0.007627771548115948
 0.004132137568352607
 0.01214890781870285
 0.03586334780782902
 0.00662980480922671
 0.03586334780782902
 0.012602618253629
 0.003063338706432108
 0.002658068292104525
 0.02156810717327151
 0.007627771548115948
 0.01673759707885255
 0.01214890781870285
 0.03586334780782902
 0
 0.01673759707885255
 0.02044013424352062
 0.003063338706432108
 0.002658068292104525
 0
 0.007627771548115948
 0.01673759707885255
 0.01214890781870285
 0.03586334780782902
 0
 0.01673759707885255
 0.02044013424352062
 0.00896404555018109
 0.01820116443365738
 0
 0.007627771548115948
 0.01673759707885255
 0.01214890781870285
 0.03586334780782902
 0
 0.03586334780782902
 0.02044013424352062
 0.00896404555018109
 0.002658068292104525
 0
 0.007627771548115948
 0.03586334780782902
 0
 0.03586334780782902
 0
 0.03586334780782902
 0.02044013424352062
 0.00896404555018109
 0.002658068292104525
 0
 0.007627771548115948
 0.03586334780782902
 0
 0.03586334780782902
 0
 0.03586334780782902
 0.02044013424352062
 0.00896404555018109
 0.002658068292104525
 0
 0.007627771548115948
 0.03586334780782902
 0
 0
 0
 0.03586334780782902
 0.02156810717327151
 0.00896404555018109
 0.002658068292104525
 0
 0
 0.03586334780782902
 0
 0
 0
 0.03586334780782902
 0.02044013424352062
 0.012602618253629
 0.01820116443365738
 0
 0
 0.03586334780782902
 0
 0
 0
 0.03586334780782902
 0.02044013424352062
 0.02044013424352062
 0.01820116443365738
 0
 0
 0.03586334780782902
 0
 0
 0
 0.03586334780782902
 0.02044013424352062
 0.02044013424352062
 0.01820116443365738
 0
 0
 0.03586334780782902
 0
 0
 0
 0
 0.02044013424352062
 0.02044013424352062
 0.01820116443365738
 0
 0
 0
 0
 0
 0
 0
 0.02044013424352062
 0.02044013424352062
 0.02044013424352062
 0
 0
 0
 0
 0
 0
 0
 0.02044013424352062
 0.02044013424352062
 0.02044013424352062
 0
 0
 0
 0
 0
 0
 0
 0
 0.02044013424352062
 0.02044013424352062
 0
 0
 0
 0
 0
 0
 0
 0
 0.02044013424352062
 0.01820116443365738
 0
 0
 0
 0
 0
 0
