# Created by Octave 3.2.4, Thu Feb 07 04:53:21 2013 EST <rbom@zaphod>
# name: small_First_Fit
# type: matrix
# ndims: 3
 1 10 30
 1.892426881740318e-08
 1.752311493466279e-12
 3.111476635046574e-09
 4.001367276592427e-08
 3.159072990239805e-12
 1.349388047510597e-11
 2.425516694002398e-10
 3.478378357285666e-12
 3.105627124583023e-12
 1.408965179394386e-10
 8.767475613380618e-07
 4.965339229660472e-09
 2.677052183941684e-07
 4.001367276592427e-08
 9.231987906447199e-08
 2.031916787322744e-08
 7.074181788956666e-08
 9.854485253052694e-09
 3.105627124583023e-12
 4.115581648686994e-08
 2.091040598064968e-06
 4.965339229660472e-09
 9.236283460968327e-06
 4.001367276592427e-08
 9.231987906447199e-08
 4.061679446508374e-07
 9.764891155679188e-06
 1.203000256545376e-05
 3.105627124583023e-12
 2.178872330288252e-06
 6.785714172175484e-05
 4.091005372723669e-06
 9.236283460968327e-06
 4.001367276592427e-08
 1.57807341145628e-05
 4.061679446508374e-07
 0.0002704905164467821
 1.203000256545376e-05
 1.011356935177664e-11
 0.000993097996743064
 0.002857519604622199
 0.0001355226640105737
 9.236283460968327e-06
 5.200365341669391e-05
 7.088204225613683e-05
 4.061679446508374e-07
 0.0002704905164467821
 0.03374737499183669
 1.011356935177664e-11
 0.000993097996743064
 0.007808956380388864
 0.0001355226640105737
 9.236283460968327e-06
 5.200365341669391e-05
 7.088204225613683e-05
 1.774831515954989e-06
 0.0002704905164467821
 0.03374737499183669
 2.644782133137903e-11
 0.000993097996743064
 0.01178313272043227
 0.0001502103632482741
 1.005363885610095e-05
 0.00658933731053452
 7.088204225613683e-05
 1.774831515954989e-06
 0.0002704905164467821
 0.03374737499183669
 4.992486546303362e-09
 0.000993097996743064
 0.01178313272043227
 0.001135089034570848
 1.005363885610095e-05
 0.00658933731053452
 7.088204225613683e-05
 1.272263338587878e-05
 0.0002704905164467821
 0.03374737499183669
 4.992486546303362e-09
 0.000993097996743064
 0.01178313272043227
 0.004687921914211443
 1.005363885610095e-05
 0.00658933731053452
 0.0004374989649997001
 0.0008349607662117121
 0.0002704905164467821
 0.03374737499183669
 8.618260143062788e-08
 0.000993097996743064
 0.01178313272043227
 0.004687921914211443
 9.236283460968327e-06
 0.00658933731053452
 0.0004374989649997001
 0.02914771892377196
 0.0002704905164467821
 0.03374737499183669
 3.665506803729117e-07
 0.000993097996743064
 0.01178313272043227
 0.00793753789912445
 0.0004314534540665038
 0.00658933731053452
 0.0004374989649997001
 0.02914771892377196
 0
 0.03374737499183669
 1.930143598253673e-05
 0
 0.01178313272043227
 0.03374737499183669
 0.0004314534540665038
 0.00658933731053452
 0.0004374989649997001
 0.02914771892377196
 0
 0
 0.0002155541649132889
 0
 0.01178313272043227
 0.03374737499183669
 0.0004916973924350904
 0.00658933731053452
 0.0004374989649997001
 0.02914771892377196
 0
 0
 0.0002155541649132889
 0
 0
 0.03374737499183669
 0.0004314534540665038
 0
 0.02126376353433147
 0.02914771892377196
 0
 0
 0.008861187327626811
 0
 0
 0.03374737499183669
 0.0004916973924350904
 0
 0.02126376353433147
 0.03374737499183669
 0
 0
 0.008861187327626811
 0
 0
 0.03374737499183669
 0.0004916973924350904
 0
 0.02126376353433147
 0.02914771892377196
 0
 0
 0.008861187327626811
 0
 0
 0.03374737499183669
 0.0004916973924350904
 0
 0.02914771892377196
 0.02914771892377196
 0
 0
 0.008861187327626811
 0
 0
 0.03374737499183669
 0.0004916973924350904
 0
 0.02914771892377196
 0.02914771892377196
 0
 0
 0.008861187327626811
 0
 0
 0
 0.0004314534540665038
 0
 0.02914771892377196
 0.02914771892377196
 0
 0
 0.008861187327626811
 0
 0
 0
 0.0004314534540665038
 0
 0.02126376353433147
 0.02914771892377196
 0
 0
 0.008861187327626811
 0
 0
 0
 0.0004314534540665038
 0
 0.02914771892377196
 0.02914771892377196
 0
 0
 0
 0
 0
 0
 0
 0
 0.02914771892377196
 0
 0
 0
 0
 0
 0
 0
 0
 0
 0.02126376353433147
 0
 0
 0
 0
 0
 0
 0
 0
 0
 0.02126376353433147
 0
 0
 0
 0
 0
 0
 0
 0
 0
 0.02126376353433147
 0
 0
 0
 0
 0
 0
 0
 0
 0
 0.02126376353433147
 0
 0
 0
 0
 0
 0
 0
 0
 0
 0.02914771892377196
 0
 0
 0
 0
 0
 0
 0
 0
 0
 0.02914771892377196
 0
 0
 0
 0
 0
 0
 0
 0
 0
 0.02914771892377196
 0
 0
 0
 0
 0
 0
 0
 0
 0
 0.02914771892377196
 0
 0
 0
 0
 0
