# Created by Octave 3.2.4, Thu Feb 07 08:47:07 2013 EST <rbom@zaphod>
# name: small_First_Fit
# type: matrix
# ndims: 3
 1 10 30
 1.449589632881864e-15
 3.988395432424173e-15
 3.14315894270158e-16
 1.173165424973759e-09
 5.714360768854837e-12
 1.864268792275472e-12
 8.293630874767192e-12
 1.033038555818912e-10
 1.846086688115062e-11
 6.448570093217381e-14
 1.851077498395096e-12
 2.338711365991034e-11
 2.650215834238163e-13
 1.602644009158512e-08
 1.732740922838962e-09
 3.0511901868686e-10
 9.152953777249485e-09
 4.786070618566609e-09
 3.451101783080563e-10
 6.647922489188856e-10
 1.354778228226226e-09
 8.343507029617366e-09
 2.80296596530026e-11
 8.568638778339442e-07
 1.035283440398297e-08
 4.857802540684209e-09
 1.397733231072455e-06
 1.474113022783009e-05
 1.846086688115062e-11
 1.788616105719539e-08
 1.354778228226226e-09
 3.997153046110697e-07
 1.655315951039372e-08
 8.568638778339442e-07
 2.082099035261808e-07
 3.648031832536561e-07
 4.691273140687144e-05
 0.0003999709336278122
 6.979028052817468e-09
 2.064931561267662e-07
 1.078931256639982e-06
 0.0001266151365565884
 2.157410697535965e-07
 8.568638778339442e-07
 6.0671875634725e-06
 9.207448660072277e-06
 0.0007553148457225551
 0.00166695458006014
 2.568493430300363e-06
 2.064931561267662e-07
 6.73480772135867e-05
 0.00166695458006014
 2.281892722318221e-05
 0.0002880730051550353
 6.0671875634725e-06
 9.207448660072277e-06
 0.0007553148457225551
 0.00166695458006014
 0.0002754774311413332
 2.656038715909909e-06
 0.001199477319332526
 0.00166695458006014
 0.0002880730051550353
 0.0002880730051550353
 6.0671875634725e-06
 3.800225290032511e-05
 0.0007553148457225551
 0.002772249792605366
 0.0002754774311413332
 6.658801351507068e-06
 0.001199477319332526
 0.0007553148457225551
 0.0002880730051550353
 0.0002880730051550353
 7.413030424353946e-05
 0.000116080082133924
 0.0007553148457225551
 0.002687974233661368
 0.0002754774311413332
 8.232089212094821e-05
 0.001353104415006155
 0.0007553148457225551
 0.0007029796650755924
 0.0002880730051550353
 0.001199477319332526
 0.000116080082133924
 0.0007553148457225551
 0.002687974233661368
 0.0002754774311413332
 8.232089212094821e-05
 0.001353104415006155
 0.007933756642253618
 0.0007029796650755924
 0.002123970065475057
 0.001353104415006155
 0.0002237585820302203
 0.0007553148457225551
 0.002687974233661368
 0.0002754774311413332
 8.232089212094821e-05
 0.007933756642253618
 0.007933756642253618
 0.001245417615284102
 0.002772249792605366
 0.001199477319332526
 0.002687974233661368
 0.0007553148457225551
 0.002687974233661368
 0.0002754774311413332
 0.0002682121009220521
 0.007933756642253618
 0.007933756642253618
 0.001245417615284102
 0.002772249792605366
 0.001353104415006155
 0.002687974233661368
 0
 0.002687974233661368
 0.0002754774311413332
 8.232089212094821e-05
 0.007933756642253618
 0.007933756642253618
 0.001245417615284102
 0.002772249792605366
 0.001353104415006155
 0.002687974233661368
 0
 0.002687974233661368
 0
 8.232089212094821e-05
 0.007933756642253618
 0.007933756642253618
 0.0007029796650755924
 0.002772249792605366
 0.001353104415006155
 0.002687974233661368
 0
 0
 0
 0.0002682121009220521
 0.007933756642253618
 0.007933756642253618
 0.0007029796650755924
 0.002772249792605366
 0.001353104415006155
 0.002687974233661368
 0
 0
 0
 0.0002682121009220521
 0.007933756642253618
 0.007933756642253618
 0.001245417615284102
 0.002123970065475057
 0.001353104415006155
 0.002687974233661368
 0
 0
 0
 0.0002682121009220521
 0.007933756642253618
 0
 0.001245417615284102
 0.002123970065475057
 0.001353104415006155
 0.002687974233661368
 0
 0
 0
 0.0002682121009220521
 0
 0
 0.001245417615284102
 0
 0.001353104415006155
 0
 0
 0
 0
 0.0002682121009220521
 0
 0
 0.001245417615284102
 0
 0
 0
 0
 0
 0
 0.0002682121009220521
 0
 0
 0.001245417615284102
 0
 0
 0
 0
 0
 0
 0.0002682121009220521
 0
 0
 0.001245417615284102
 0
 0
 0
 0
 0
 0
 0
 0
 0
 0.001245417615284102
 0
 0
 0
 0
 0
 0
 0
 0
 0
 0
 0
 0
 0
 0
 0
 0
 0
 0
 0
 0
 0
 0
 0
 0
 0
 0
 0
 0
 0
 0
 0
 0
 0
 0
 0
 0
 0
 0
 0
 0
 0
 0
 0
 0
 0
 0
 0
 0
 0
 0
 0
 0
 0
 0
 0
 0
 0
 0
 0
 0
 0
 0
 0
 0
 0
 0
 0
 0
 0
 0
 0
 0
 0
 0
 0
 0
 0
 0
 0
 0
 0
 0
 0
 0
 0
 0
 0
