# Created by Octave 3.2.4, Tue Feb 05 23:46:43 2013 EST <rbom@zaphod>
# name: small_First_Fit
# type: matrix
# ndims: 3
 1 10 30
 9.260059614642427e-13
 1.988465847446614e-15
 2.220225303291634e-16
 2.316595983753125e-13
 1.919431122521189e-07
 1.487054118473437e-14
 8.551700647110731e-14
 1.067390694510689e-15
 1.386245035872453e-13
 2.097269449869633e-13
 3.544337601068762e-10
 1.09803035889155e-10
 3.640482784339505e-12
 1.365653911999419e-09
 1.919431122521189e-07
 8.169980670085606e-13
 3.259257031103676e-12
 1.020669184717983e-13
 5.29886266284759e-10
 9.483543468845981e-11
 3.544337601068762e-10
 4.011268996691676e-09
 1.742589367294933e-10
 6.301988593713994e-07
 1.919431122521189e-07
 8.169980670085606e-13
 3.259257031103676e-12
 1.480406651239722e-11
 5.863811418985042e-08
 5.152157489253543e-07
 3.721064767656104e-09
 1.481782847831028e-08
 2.941252154348124e-08
 4.708234610390955e-05
 1.242557624663969e-06
 1.719329228569847e-10
 3.208793697898119e-10
 1.153366951443122e-10
 5.863811418985042e-08
 5.152157489253543e-07
 3.721064767656104e-09
 2.856943612848217e-07
 2.941252154348124e-08
 4.708234610390955e-05
 2.518412956879681e-05
 1.491527103530464e-08
 2.294756316802756e-08
 1.419795359844565e-09
 4.73942225251202e-06
 5.060388411117797e-05
 7.510671422858402e-07
 4.991271932974174e-07
 2.941252154348124e-08
 0.001648150340007379
 0.001012181277625818
 6.166049767453464e-07
 1.561111758308106e-06
 1.183671323583116e-07
 4.73942225251202e-06
 0.002922829344618257
 7.510671422858402e-07
 4.991271932974174e-07
 6.08837046304933e-06
 0.001648150340007379
 0.001012181277625818
 1.365271615374929e-05
 4.875039785271183e-05
 7.163932182243551e-07
 4.73942225251202e-06
 0.002922829344618257
 7.510671422858402e-07
 2.220295576006425e-05
 9.334148287780835e-06
 0.001648150340007379
 0.001012181277625818
 1.365271615374929e-05
 4.875039785271183e-05
 7.163932182243551e-07
 1.346427573464194e-05
 0.002922829344618257
 7.510671422858402e-07
 2.220295576006425e-05
 0.0002245397090493667
 0.001648150340007379
 0.001012181277625818
 1.503029236447804e-05
 4.875039785271183e-05
 8.662016595895793e-05
 0.001012181277625818
 0.002922829344618257
 0.0004144803500297274
 2.220295576006425e-05
 0.0002434863147599144
 0.002398798656004879
 0.001012181277625818
 1.503029236447804e-05
 4.875039785271183e-05
 0.0005218985531400139
 0.001012181277625818
 0.002922829344618257
 0.0004144803500297274
 2.220295576006425e-05
 0.0002434863147599144
 0.002398798656004879
 0.001023992541235806
 1.503029236447804e-05
 4.875039785271183e-05
 0.001023992541235806
 0.001023992541235806
 0.002922829344618257
 0.00098378939691367
 2.220295576006425e-05
 0.002398798656004879
 0.002398798656004879
 0.001012181277625818
 1.503029236447804e-05
 4.875039785271183e-05
 0.001023992541235806
 0.001012181277625818
 0.002922829344618257
 0.00098378939691367
 2.220295576006425e-05
 0.002398798656004879
 0.002398798656004879
 0.001012181277625818
 1.503029236447804e-05
 4.875039785271183e-05
 0.0005218985531400139
 0.001023992541235806
 0
 0.00098378939691367
 2.220295576006425e-05
 0.002398798656004879
 0.002398798656004879
 0.001023992541235806
 1.503029236447804e-05
 0
 0.00150160228722385
 0.001012181277625818
 0
 0.00098378939691367
 0
 0.002398798656004879
 0.002398798656004879
 0.001012181277625818
 1.503029236447804e-05
 0
 0.0005218985531400139
 0.001012181277625818
 0
 0.00098378939691367
 0
 0.002398798656004879
 0.002398798656004879
 0.001012181277625818
 0
 0
 0.0005218985531400139
 0.001023992541235806
 0
 0.00098378939691367
 0
 0.002398798656004879
 0
 0.001012181277625818
 0
 0
 0.00150160228722385
 0.001023992541235806
 0
 0.00098378939691367
 0
 0.002398798656004879
 0
 0.001023992541235806
 0
 0
 0.00150160228722385
 0.001023992541235806
 0
 0
 0
 0
 0
 0.001012181277625818
 0
 0
 0.00150160228722385
 0.001012181277625818
 0
 0
 0
 0
 0
 0.001012181277625818
 0
 0
 0.005744883359352035
 0.001012181277625818
 0
 0
 0
 0
 0
 0.001023992541235806
 0
 0
 0.005744883359352035
 0.001012181277625818
 0
 0
 0
 0
 0
 0.001023992541235806
 0
 0
 0.005744883359352035
 0.001012181277625818
 0
 0
 0
 0
 0
 0.001023992541235806
 0
 0
 0.005744883359352035
 0
 0
 0
 0
 0
 0
 0.001012181277625818
 0
 0
 0.005744883359352035
 0
 0
 0
 0
 0
 0
 0.001012181277625818
 0
 0
 0.005744883359352035
 0
 0
 0
 0
 0
 0
 0.001023992541235806
 0
 0
 0.005744883359352035
 0
 0
 0
 0
 0
 0
 0.001023992541235806
 0
 0
 0
 0
 0
 0
 0
 0
 0
 0.001012181277625818
 0
 0
 0
 0
 0
 0
 0
 0
 0
 0.001012181277625818
 0
 0
 0
 0
 0
 0
 0
 0
 0
 0.001012181277625818
 0
 0
 0
 0
 0
