# Created by Octave 3.2.4, Tue Feb 05 15:38:02 2013 EST <rbom@zaphod>
# name: small_First_Fit
# type: matrix
# ndims: 3
 1 10 30
 1.770474454263336e-14
 4.627944695126861e-12
 1.314115043572159e-17
 4.605571500768355e-14
 4.757226807652429e-16
 7.872749532281123e-12
 1.322978205596256e-15
 2.007785477389868e-11
 1.107717954811999e-09
 7.544095128218297e-11
 1.170349880088339e-10
 1.435564264148726e-09
 1.697676488375089e-12
 3.174568556595025e-09
 1.993239370227514e-09
 1.581538432358171e-09
 1.696086292566408e-11
 1.899606681267014e-08
 3.458642083146883e-08
 3.987225320718103e-09
 2.533050243042958e-09
 1.435564264148726e-09
 6.694109303126644e-11
 3.174568556595025e-09
 2.511631035978193e-06
 1.802620693670687e-07
 1.696086292566408e-11
 5.023580876780242e-07
 3.581373633526582e-07
 3.987225320718103e-09
 2.277993674963319e-08
 8.088815555486629e-08
 2.83716831427591e-07
 3.174568556595025e-09
 2.511631035978193e-06
 1.744514648899568e-06
 8.306424340076841e-10
 5.303528861815377e-05
 7.139706760128991e-06
 6.525573421690166e-08
 2.277993674963319e-08
 8.088815555486629e-08
 4.716537631887355e-06
 3.174568556595025e-09
 2.511631035978193e-06
 1.744514648899568e-06
 1.210660350141268e-08
 0.0006641629403641268
 7.139706760128991e-06
 6.525573421690166e-08
 1.475420140479572e-05
 3.24533649236797e-07
 1.494702952692629e-05
 3.174568556595025e-09
 2.511631035978193e-06
 1.744514648899568e-06
 3.030775955731628e-07
 0.0006641629403641268
 7.139706760128991e-06
 8.974197954509519e-06
 1.475420140479572e-05
 2.922755816314058e-06
 0.0003047965108988003
 1.391400146304847e-07
 0.0007290323342121921
 4.85457493015574e-05
 4.378151887919502e-06
 0.0007290323342121921
 7.139706760128991e-06
 0.001883049435087775
 1.475420140479572e-05
 2.922755816314058e-06
 0.0003047965108988003
 0.0008415126901281788
 0.0007290323342121921
 4.85457493015574e-05
 3.732392751224121e-05
 0.0007290323342121921
 7.139706760128991e-06
 0.001883049435087775
 0.000131574921392551
 2.922755816314058e-06
 0.0003047965108988003
 0.001062994483679745
 0.0007290323342121921
 4.85457493015574e-05
 3.732392751224121e-05
 0.0007290323342121921
 7.139706760128991e-06
 0.001883049435087775
 0.000131574921392551
 2.922755816314058e-06
 0.0003047965108988003
 0.0008415126901281788
 0.0007290323342121921
 4.85457493015574e-05
 0.0003047965108988003
 0.0007290323342121921
 7.139706760128991e-06
 0.001883049435087775
 0.001461695006258042
 2.922755816314058e-06
 0.001062994483679745
 0.0008415126901281788
 0.0007290323342121921
 4.85457493015574e-05
 0.0003047965108988003
 0.0007290323342121921
 0
 0.001883049435087775
 0.001461695006258042
 2.922755816314058e-06
 0.001062994483679745
 0.001062994483679745
 0.0007290323342121921
 0.001087572255586326
 0.0003047965108988003
 0.0007290323342121921
 0
 0.001883049435087775
 0.001461695006258042
 2.922755816314058e-06
 0.001062994483679745
 0.001062994483679745
 0.0007290323342121921
 0.001087572255586326
 0.001062994483679745
 0.0007290323342121921
 0
 0.001883049435087775
 0.001461695006258042
 0
 0.001062994483679745
 0.0008415126901281788
 0
 0.001087572255586326
 0.001062994483679745
 0
 0
 0
 0.001461695006258042
 0
 0.001062994483679745
 0.0008415126901281788
 0
 0.001087572255586326
 0.001062994483679745
 0
 0
 0
 0.001461695006258042
 0
 0.001062994483679745
 0.0008415126901281788
 0
 0.001087572255586326
 0.001062994483679745
 0
 0
 0
 0.001461695006258042
 0
 0.001062994483679745
 0.0008415126901281788
 0
 0.001087572255586326
 0.001062994483679745
 0
 0
 0
 0
 0
 0
 0.001062994483679745
 0
 0.001087572255586326
 0.001062994483679745
 0
 0
 0
 0
 0
 0
 0.0008415126901281788
 0
 0
 0.001062994483679745
 0
 0
 0
 0
 0
 0
 0.001062994483679745
 0
 0
 0
 0
 0
 0
 0
 0
 0
 0.001062994483679745
 0
 0
 0
 0
 0
 0
 0
 0
 0
 0.001062994483679745
 0
 0
 0
 0
 0
 0
 0
 0
 0
 0.001062994483679745
 0
 0
 0
 0
 0
 0
 0
 0
 0
 0.001062994483679745
 0
 0
 0
 0
 0
 0
 0
 0
 0
 0.001062994483679745
 0
 0
 0
 0
 0
 0
 0
 0
 0
 0.001062994483679745
 0
 0
 0
 0
 0
 0
 0
 0
 0
 0
 0
 0
 0
 0
 0
 0
 0
 0
 0
 0
 0
 0
 0
 0
 0
 0
 0
 0
 0
 0
 0
 0
 0
 0
 0
 0
 0
 0
 0
 0
 0
 0
 0
 0
 0
 0
