# Created by Octave 3.2.4, Wed Feb 06 05:52:25 2013 EST <rbom@zaphod>
# name: small_First_Fit
# type: matrix
# ndims: 3
 1 10 30
 3.802629345485837e-15
 8.383383253155378e-16
 1.674160930605698e-12
 8.415514085470422e-14
 8.780994992422876e-16
 1.165075045642182e-18
 2.483894878612737e-12
 1.052828632847649e-15
 1.628934917515629e-14
 7.245305963169097e-16
 2.736122899888403e-13
 6.423531640985703e-15
 8.499585933167589e-10
 6.295727460820718e-10
 3.078764858472579e-13
 9.137886636156844e-15
 2.29644613837614e-08
 8.854831025267485e-12
 6.822126415010323e-06
 6.063436774624046e-12
 7.825532854319799e-12
 1.777067523594652e-12
 8.499585933167589e-10
 9.346989488914269e-08
 1.435643478221257e-11
 2.838836597262081e-10
 9.291460383936403e-05
 1.856369989848383e-08
 8.444639375721889e-05
 2.534047020363479e-09
 7.825532854319799e-12
 3.363785508691799e-09
 1.509707606120399e-08
 2.419857158156685e-06
 2.92959919125565e-09
 1.775546869521872e-08
 9.291460383936403e-05
 1.856369989848383e-08
 8.444639375721889e-05
 9.772615731817879e-07
 7.825532854319799e-12
 1.315725164599703e-06
 3.451147144203246e-06
 2.419857158156685e-06
 1.100058750324248e-06
 7.350353181274991e-07
 9.291460383936403e-05
 2.031513122850296e-07
 8.444639375721889e-05
 7.265364829123463e-06
 5.64413800162514e-09
 4.051885719700715e-05
 3.451147144203246e-06
 3.015830216301312e-06
 1.915952049776079e-05
 3.023195142068973e-05
 0.0007977738577290786
 2.031513122850296e-07
 9.291460383936403e-05
 0.000130972061273871
 4.15251523741861e-07
 4.051885719700715e-05
 0.0003709689512451432
 3.015830216301312e-06
 8.021510125804431e-05
 0.001205110827911139
 0.0007977738577290786
 2.031513122850296e-07
 0.00135673384319825
 0.000130972061273871
 4.15251523741861e-07
 0.0001488833679490839
 0.0003709689512451432
 3.015830216301312e-06
 0.001397070691220495
 0.001205110827911139
 0.0007977738577290786
 8.244869524646795e-07
 0.00135673384319825
 0.000130972061273871
 4.15251523741861e-07
 0.00379944137635848
 0.0003709689512451432
 3.015830216301312e-06
 0.001397070691220495
 0.001205110827911139
 0.0148982885372342
 4.06765868283807e-06
 0.00135673384319825
 0.000130972061273871
 5.231205041080392e-06
 0.00379944137635848
 0.0003709689512451432
 3.015830216301312e-06
 0.001397070691220495
 0.001205110827911139
 0.0148982885372342
 4.06765868283807e-06
 0.00135673384319825
 0.000130972061273871
 0.0001763502720269401
 0.00379944137635848
 0.001917037038794636
 2.206849940793365e-05
 0.001397070691220495
 0.001205110827911139
 0.0148982885372342
 2.419857158156685e-06
 0.002870706115495122
 0.000130972061273871
 0.001924119116008364
 0.00379944137635848
 0.001917037038794636
 2.206849940793365e-05
 0.001397070691220495
 0.001205110827911139
 0.0148982885372342
 2.875788435922953e-06
 0.001391737162472351
 0.000130972061273871
 0.001924119116008364
 0.00379944137635848
 0.001917037038794636
 2.206849940793365e-05
 0.001397070691220495
 0.001205110827911139
 0.0148982885372342
 2.419857158156685e-06
 0.001391737162472351
 0
 0.001924119116008364
 0.00379944137635848
 0.001917037038794636
 2.206849940793365e-05
 0.001397070691220495
 0
 0.0148982885372342
 2.419857158156685e-06
 0.001391737162472351
 0
 0.001924119116008364
 0.00379944137635848
 0.001917037038794636
 2.206849940793365e-05
 0
 0
 0.0148982885372342
 0.000511585269400837
 0.001391737162472351
 0
 0.0148982885372342
 0
 0.001917037038794636
 2.206849940793365e-05
 0
 0
 0
 0.000511585269400837
 0.002870706115495122
 0
 0.0148982885372342
 0
 0.001917037038794636
 2.206849940793365e-05
 0
 0
 0
 0.000511585269400837
 0.00135673384319825
 0
 0.0148982885372342
 0
 0
 0
 0
 0
 0
 0.000511585269400837
 0.00135673384319825
 0
 0.0148982885372342
 0
 0
 0
 0
 0
 0
 0.000511585269400837
 0.002870706115495122
 0
 0.0148982885372342
 0
 0
 0
 0
 0
 0
 0.000511585269400837
 0.002870706115495122
 0
 0.0148982885372342
 0
 0
 0
 0
 0
 0
 0.000511585269400837
 0.002870706115495122
 0
 0.0148982885372342
 0
 0
 0
 0
 0
 0
 0
 0.002870706115495122
 0
 0
 0
 0
 0
 0
 0
 0
 0
 0.002870706115495122
 0
 0
 0
 0
 0
 0
 0
 0
 0
 0.002870706115495122
 0
 0
 0
 0
 0
 0
 0
 0
 0
 0.002870706115495122
 0
 0
 0
 0
 0
 0
 0
 0
 0
 0
 0
 0
 0
 0
 0
 0
 0
 0
 0
 0
 0
 0
 0
 0
 0
 0
 0
 0
 0
 0
 0
 0
 0
 0
 0
 0
 0
 0
 0
 0
 0
 0
 0
 0
 0
 0
 0
 0
 0
 0
 0
