# Created by Octave 3.2.4, Wed Feb 06 01:51:04 2013 EST <rbom@zaphod>
# name: small_First_Fit
# type: matrix
# ndims: 3
 1 10 30
 6.67775492911101e-21
 3.108283511321751e-17
 5.252744204046993e-13
 2.381079284152445e-16
 8.353704617660344e-20
 6.407749367636834e-13
 5.023648255375062e-18
 3.001357921031693e-21
 1.065108317215215e-18
 3.137310271037573e-18
 6.67775492911101e-21
 3.009997141391399e-14
 2.936782536230952e-11
 3.907343404775811e-14
 4.376383971443781e-14
 6.407749367636834e-13
 1.039650255360425e-10
 5.611168954258593e-19
 2.237024141661475e-15
 4.794561095372165e-14
 4.963076490564938e-18
 2.804429259501806e-11
 2.936782536230952e-11
 3.907343404775811e-14
 6.594603085029051e-12
 1.485497943956005e-11
 8.734212646014675e-08
 1.181455009170095e-15
 2.741631085712844e-13
 2.544743198504511e-10
 4.963076490564938e-18
 4.161732904381617e-09
 1.206812443213039e-09
 4.017262489822801e-12
 2.504263549194363e-09
 7.093016115689771e-08
 8.734212646014675e-08
 1.985168938571274e-13
 7.687419750821846e-13
 1.395331055877115e-08
 2.206293850917166e-15
 1.14717615803217e-07
 7.904427863588327e-06
 4.017262489822801e-12
 2.504263549194363e-09
 7.093016115689771e-08
 4.633586126614342e-06
 1.620596905765395e-10
 3.449977686634297e-10
 1.395331055877115e-08
 2.126780903884182e-12
 1.891427528613044e-05
 0.001088052466025149
 9.456544227631935e-10
 4.285472867558814e-09
 7.093016115689771e-08
 1.613757485538222e-05
 8.546002559991964e-08
 8.783462622629357e-08
 3.917770427716858e-07
 2.126780903884182e-12
 8.393577144037529e-05
 0.08622824155314113
 6.810639483936065e-07
 7.299523913466142e-08
 7.093016115689771e-08
 1.613757485538222e-05
 7.731466603376533e-05
 2.434944383714281e-06
 8.801735214914137e-06
 1.004650067767038e-10
 8.393577144037529e-05
 0.08622824155314113
 0.0001939260739431628
 1.643954258422527e-05
 7.093016115689771e-08
 1.613757485538222e-05
 0.0005713996648990617
 9.268987988174162e-06
 8.801735214914137e-06
 5.804164225256294e-11
 0.0009590094632031818
 0.08622824155314113
 0.0001939260739431628
 1.643954258422527e-05
 7.093016115689771e-08
 0.000831632270382443
 0.0005713996648990617
 0.0001438069432226483
 8.801735214914137e-06
 1.29375938688099e-09
 0.0009590094632031818
 0.08622824155314113
 0.0005811434125147514
 1.643954258422527e-05
 7.877488921498696e-08
 0.000831632270382443
 0.0005713996648990617
 0.0001438069432226483
 8.053103463225321e-05
 2.036495556584752e-08
 0.0009590094632031818
 0.08622824155314113
 0.0005811434125147514
 0.002251564289122184
 9.268987988174162e-06
 0.000831632270382443
 0.0005713996648990617
 0.0001438069432226483
 0.0002212213378683492
 1.353930170555059e-06
 0.08622824155314113
 0.08622824155314113
 0.0005811434125147514
 0.002251564289122184
 0.0001438069432226483
 0.000831632270382443
 0.0005713996648990617
 0.0002015433014426435
 0.0002212213378683492
 1.353930170555059e-06
 0.08622824155314113
 0.08622824155314113
 0.0005811434125147514
 0.08622824155314113
 0.000831632270382443
 0.000831632270382443
 0.0005713996648990617
 0.0002015433014426435
 0.0002212213378683492
 1.353930170555059e-06
 0.08622824155314113
 0
 0.005508918000519544
 0.08622824155314113
 0.000831632270382443
 0.000831632270382443
 0.0005713996648990617
 0.01513330958161636
 0.01513330958161636
 1.353930170555059e-06
 0.08622824155314113
 0
 0.005508918000519544
 0.08622824155314113
 0.000831632270382443
 0.001131605366879231
 0
 0.0002015433014426435
 0.08622824155314113
 1.353930170555059e-06
 0.08622824155314113
 0
 0.005508918000519544
 0.08622824155314113
 0.000831632270382443
 0.001131605366879231
 0
 0.0002015433014426435
 0.08622824155314113
 1.353930170555059e-06
 0.08622824155314113
 0
 0.005508918000519544
 0.08622824155314113
 0.000831632270382443
 0.000831632270382443
 0
 0.0002015433014426435
 0.08622824155314113
 1.353930170555059e-06
 0.08622824155314113
 0
 0.005508918000519544
 0.08622824155314113
 0.001131605366879231
 0.000831632270382443
 0
 0.0002015433014426435
 0.08622824155314113
 0
 0
 0
 0.005508918000519544
 0.08622824155314113
 0.000831632270382443
 0.000831632270382443
 0
 0.01513330958161636
 0.08622824155314113
 0
 0
 0
 0.005508918000519544
 0
 0.000831632270382443
 0.001131605366879231
 0
 0.01513330958161636
 0.08622824155314113
 0
 0
 0
 0
 0
 0.000831632270382443
 0.000831632270382443
 0
 0.01513330958161636
 0.08622824155314113
 0
 0
 0
 0
 0
 0.000831632270382443
 0.000831632270382443
 0
 0.01513330958161636
 0
 0
 0
 0
 0
 0
 0.000831632270382443
 0.000831632270382443
 0
 0.01513330958161636
 0
 0
 0
 0
 0
 0
 0.000831632270382443
 0.001131605366879231
 0
 0.01513330958161636
 0
 0
 0
 0
 0
 0
 0
 0.000831632270382443
 0
 0.01513330958161636
 0
 0
 0
 0
 0
 0
 0
 0.000831632270382443
 0
 0
 0
 0
 0
 0
 0
 0
 0
 0.000831632270382443
 0
 0
 0
 0
 0
 0
 0
 0
 0
 0.001131605366879231
 0
 0
 0
 0
 0
 0
 0
 0
 0
 0.001131605366879231
 0
 0
 0
 0
 0
 0
 0
 0
 0
 0.000831632270382443
 0
 0
 0
