# Created by Octave 3.2.4, Wed Feb 06 03:16:38 2013 EST <rbom@zaphod>
# name: small_First_Fit
# type: matrix
# ndims: 3
 1 10 30
 5.683964884240875e-12
 1.29643323182497e-12
 1.373826512845617e-16
 7.215195358222324e-14
 2.530291672668274e-12
 5.958055850002711e-06
 1.653215826534792e-13
 1.889271224928345e-13
 6.122146205578435e-15
 3.501549374310081e-15
 5.683964884240875e-12
 1.13892408973484e-10
 2.040259611706186e-13
 3.013915687681273e-12
 6.115314062538072e-09
 0.0002317082836845123
 3.901460639949602e-11
 1.487693194517702e-08
 7.038562359091859e-12
 7.250342520146743e-14
 1.20234644215808e-10
 1.514132387342577e-07
 3.164783684956047e-11
 7.819286935940976e-11
 2.536688463300009e-07
 0.0002317082836845123
 2.02051017873e-08
 2.52043501411274e-07
 6.471446095217526e-09
 1.330603860602194e-13
 5.393006259433344e-10
 1.550966721644092e-07
 5.749548378089576e-09
 6.415438608769366e-08
 5.888642426792666e-06
 0.0002317082836845123
 9.087673716193041e-08
 3.342419654453478e-07
 1.898554096844522e-06
 2.354554823511855e-12
 7.723581475646084e-08
 1.366162968404161e-06
 3.376962960839488e-07
 6.415438608769366e-08
 5.888642426792666e-06
 0.0003020587625052173
 0.0002668975686371931
 9.048571583286976e-06
 1.898554096844522e-06
 2.607252587505025e-11
 2.036921726698451e-05
 3.53927028878758e-06
 1.439950191040265e-05
 6.415438608769366e-08
 0.0005282366192683664
 0.0003020587625052173
 0.0002668975686371931
 9.048571583286976e-06
 1.898554096844522e-06
 8.657515270333357e-11
 0.0005859377063358372
 1.653412665394448e-05
 0.0006120090672294389
 5.236013264896087e-06
 0.0005282366192683664
 0.0006312626158579673
 0.0002668975686371931
 9.048571583286976e-06
 6.715697418108441e-05
 8.576531072168535e-07
 0.0005859377063358372
 0.0001123124080189012
 0.00690034762063266
 5.236013264896087e-06
 0.0005282366192683664
 0.0006312626158579673
 0.0002668975686371931
 2.822055851633474e-05
 0.0006312626158579673
 8.576531072168535e-07
 0.0005859377063358372
 0.0001123124080189012
 0.00690034762063266
 5.236013264896087e-06
 0.0006734414421820543
 0.0006312626158579673
 0.0002668975686371931
 2.822055851633474e-05
 0.0006312626158579673
 0.0001746905396354736
 0.0005859377063358372
 0.000275102617673539
 0.00690034762063266
 5.236013264896087e-06
 0.0006734414421820543
 0.0006312626158579673
 0.0002668975686371931
 2.822055851633474e-05
 0.0006312626158579673
 0.0001746905396354736
 0.0005859377063358372
 0.000275102617673539
 0.00690034762063266
 5.236013264896087e-06
 0.0006734414421820543
 0.0006312626158579673
 0.0002668975686371931
 2.822055851633474e-05
 0.0006312626158579673
 0.0002317082836845123
 0.0005859377063358372
 0.000275102617673539
 0.00690034762063266
 5.236013264896087e-06
 0.001092955578501264
 0.0006312626158579673
 0
 6.491062170001414e-05
 0.0006312626158579673
 0.0002317082836845123
 0.0006538545091451245
 0.000275102617673539
 0.00690034762063266
 5.236013264896087e-06
 0.001092955578501264
 0.0006312626158579673
 0
 6.491062170001414e-05
 0.0006312626158579673
 0.0002317082836845123
 0.0006538545091451245
 0.000275102617673539
 0.00690034762063266
 0
 0.001092955578501264
 0
 0
 6.491062170001414e-05
 0.0006312626158579673
 0.0001746905396354736
 0.0005859377063358372
 0.000275102617673539
 0
 0
 0.001092955578501264
 0
 0
 6.491062170001414e-05
 0
 0.0001746905396354736
 0.0006538545091451245
 0.000275102617673539
 0
 0
 0.001092955578501264
 0
 0
 0.0002790642591431228
 0
 0.0002317082836845123
 0.0005859377063358372
 0
 0
 0
 0.00690034762063266
 0
 0
 0.0002790642591431228
 0
 0.0001746905396354736
 0.0005859377063358372
 0
 0
 0
 0.001092955578501264
 0
 0
 0.0002790642591431228
 0
 0.0001746905396354736
 0.0005859377063358372
 0
 0
 0
 0.001092955578501264
 0
 0
 0.0007762869911453311
 0
 0.0001746905396354736
 0.0005859377063358372
 0
 0
 0
 0.001092955578501264
 0
 0
 0.0007762869911453311
 0
 0.0001746905396354736
 0.0005859377063358372
 0
 0
 0
 0.001092955578501264
 0
 0
 0.0007762869911453311
 0
 0.0002317082836845123
 0.0006538545091451245
 0
 0
 0
 0.001092955578501264
 0
 0
 0.0007762869911453311
 0
 0.0002317082836845123
 0.0005859377063358372
 0
 0
 0
 0.001092955578501264
 0
 0
 0.002459135367244712
 0
 0.0002317082836845123
 0.0005859377063358372
 0
 0
 0
 0
 0
 0
 0.00690034762063266
 0
 0.0002317082836845123
 0.002411605188709809
 0
 0
 0
 0
 0
 0
 0.00690034762063266
 0
 0.0002317082836845123
 0.002411605188709809
 0
 0
 0
 0
 0
 0
 0.00690034762063266
 0
 0.0002317082836845123
 0.002411605188709809
 0
 0
 0
 0
 0
 0
 0.00690034762063266
 0
 0.0002317082836845123
 0.0005859377063358372
 0
 0
 0
 0
 0
 0
 0.00690034762063266
 0
 0
 0.0005859377063358372
 0
 0
 0
 0
 0
 0
 0.00690034762063266
 0
 0
 0.002411605188709809
 0
 0
 0
 0
 0
 0
 0.00690034762063266
 0
 0
