# Created by Octave 3.2.4, Mon Feb 04 08:39:58 2013 EST <rbom@zaphod>
# name: small_First_Fit
# type: matrix
# ndims: 3
 1 10 30
 1.022444883279693e-15
 4.059642055840846e-14
 4.361145470087697e-15
 5.854894127295069e-13
 2.430204486480761e-16
 1.500827119278011e-15
 9.889283665541394e-16
 2.522877220161e-17
 1.066307283531599e-20
 9.186910190603029e-16
 4.247781836727953e-14
 5.097967870653594e-12
 5.382366248320621e-12
 2.350987641065174e-09
 2.430204486480761e-16
 7.138558582679335e-12
 3.596965366522913e-12
 4.08087043666651e-14
 2.239193818068345e-16
 7.963138121308583e-13
 2.004545374145474e-12
 5.097967870653594e-12
 2.297162746817574e-09
 2.350987641065174e-09
 9.330313272753206e-14
 2.285396127265681e-08
 3.468541030846754e-09
 2.80835986620622e-11
 9.85440637652277e-15
 2.268413411159929e-11
 3.781741115927097e-08
 5.097967870653594e-12
 0.000110468293467335
 2.350987641065174e-09
 4.123970519469759e-12
 2.777454442531438e-06
 4.337254625893657e-07
 2.751870684294393e-09
 4.462829031099446e-12
 2.084327234628558e-09
 1.569501001868946e-06
 4.222140613581834e-09
 0.000110468293467335
 1.565509790908183e-06
 1.569310967607766e-10
 0.0006649977984864193
 2.541833529168576e-06
 5.743298860171945e-07
 7.533874186957639e-09
 2.084327234628558e-09
 1.569501001868946e-06
 4.222140613581834e-09
 0.000110468293467335
 1.565509790908183e-06
 1.569310967607766e-10
 0.0006649977984864193
 2.541833529168576e-06
 5.743298860171945e-07
 2.792413067222038e-06
 2.521758676118652e-06
 0.0002025747980715052
 1.811575221931128e-08
 0.000110468293467335
 0.003050646157232436
 5.564800181117308e-10
 0.0006649977984864193
 2.541833529168576e-06
 0.0001834457664071731
 2.792413067222038e-06
 2.521758676118652e-06
 0.002194284338052549
 1.53320307791815e-07
 0.000110468293467335
 0.003050646157232436
 5.564800181117308e-10
 0.0006649977984864193
 2.541833529168576e-06
 0.002538517207036946
 2.792413067222038e-06
 2.521758676118652e-06
 0.002194284338052549
 1.53320307791815e-07
 0.000110468293467335
 0.003050646157232436
 9.896700839604806e-08
 0.0006649977984864193
 2.541833529168576e-06
 0.002538517207036946
 0.01288686192540483
 2.521758676118652e-06
 0.002194284338052549
 0.0001857464827452364
 0.000110468293467335
 0.003050646157232436
 9.896700839604806e-08
 0.0006649977984864193
 2.541833529168576e-06
 0.002538517207036946
 0.09357834632141775
 2.245990473436174e-05
 0.002194284338052549
 0.0001857464827452364
 0.000110468293467335
 0.003050646157232436
 1.038120967198156e-05
 0.0006649977984864193
 2.541833529168576e-06
 0.01288686192540483
 0.09357834632141775
 2.245990473436174e-05
 0.09357834632141775
 0.0001857464827452364
 0.09357834632141775
 0.003050646157232436
 0.003050646157232436
 0.0006649977984864193
 2.777454442531438e-06
 0.01288686192540483
 0.09357834632141775
 2.245990473436174e-05
 0.09357834632141775
 0.0001857464827452364
 0.09357834632141775
 0.003050646157232436
 0.003050646157232436
 0.0006649977984864193
 2.777454442531438e-06
 0.01288686192540483
 0.09357834632141775
 0.0001147939281380726
 0.09357834632141775
 0.0001857464827452364
 0.09357834632141775
 0.003050646157232436
 0.003050646157232436
 0.0006649977984864193
 0.000399134716691381
 0.01288686192540483
 0.09357834632141775
 0.0001147939281380726
 0.09357834632141775
 0.0001857464827452364
 0.09357834632141775
 0.003050646157232436
 0.003050646157232436
 0.0006649977984864193
 0.000399134716691381
 0.09357834632141775
 0.09357834632141775
 0.0001147939281380726
 0.09357834632141775
 0.0001857464827452364
 0.09357834632141775
 0.003050646157232436
 0.003050646157232436
 0.0006649977984864193
 0.09357834632141775
 0.09357834632141775
 0.09357834632141775
 0.0001147939281380726
 0.09357834632141775
 0.0001857464827452364
 0.09357834632141775
 0.003050646157232436
 0.003050646157232436
 0.0006649977984864193
 0.09357834632141775
 0.09357834632141775
 0.09357834632141775
 0.0001147939281380726
 0.09357834632141775
 0.0001857464827452364
 0.09357834632141775
 0.003050646157232436
 0.003050646157232436
 0.0006649977984864193
 0.09357834632141775
 0.09357834632141775
 0.09357834632141775
 0.0001147939281380726
 0.09357834632141775
 0.0001857464827452364
 0.09357834632141775
 0.003050646157232436
 0.003050646157232436
 0.09357834632141775
 0.09357834632141775
 0.09357834632141775
 0.09357834632141775
 0.09357834632141775
 0.09357834632141775
 0.0001857464827452364
 0.09357834632141775
 0.003050646157232436
 0.003050646157232436
 0.09357834632141775
 0.09357834632141775
 0.09357834632141775
 0.09357834632141775
 0.09357834632141775
 0.09357834632141775
 0.0001857464827452364
 0.09357834632141775
 0.003050646157232436
 0.003050646157232436
 0.09357834632141775
 0.09357834632141775
 0.09357834632141775
 0.09357834632141775
 0.09357834632141775
 0.09357834632141775
 0.0001857464827452364
 0.09357834632141775
 0.003050646157232436
 0.003050646157232436
 0.09357834632141775
 0.09357834632141775
 0.09357834632141775
 0.09357834632141775
 0.09357834632141775
 0.09357834632141775
 0.0001857464827452364
 0.09357834632141775
 0.003050646157232436
 0.003050646157232436
 0.09357834632141775
 0.09357834632141775
 0.09357834632141775
 0.09357834632141775
 0.09357834632141775
 0.09357834632141775
 0.0001857464827452364
 0.09357834632141775
 0.003050646157232436
 0.003050646157232436
 0.09357834632141775
 0.09357834632141775
 0.09357834632141775
 0.09357834632141775
 0.09357834632141775
 0.09357834632141775
 0.0001857464827452364
 0.09357834632141775
 0.003050646157232436
 0.003050646157232436
 0.09357834632141775
 0.09357834632141775
 0.09357834632141775
 0.09357834632141775
 0.09357834632141775
 0.09357834632141775
 0.0001857464827452364
 0.09357834632141775
 0.003050646157232436
 0.003050646157232436
 0.09357834632141775
 0.09357834632141775
 0.09357834632141775
 0.09357834632141775
 0.09357834632141775
 0.09357834632141775
 0.0001857464827452364
 0.09357834632141775
 0.003050646157232436
 0.003050646157232436
 0.09357834632141775
 0.09357834632141775
 0.09357834632141775
 0.09357834632141775
 0.09357834632141775
 0.09357834632141775
 0.0001857464827452364
 0.09357834632141775
 0.003050646157232436
 0.003050646157232436
 0.09357834632141775
 0.09357834632141775
 0.09357834632141775
 0.09357834632141775
 0.09357834632141775
 0.09357834632141775
 0.0001857464827452364
 0.09357834632141775
 0.003050646157232436
 0.003050646157232436
 0.09357834632141775
 0.09357834632141775
 0.09357834632141775
 0.09357834632141775
 0.09357834632141775
 0.09357834632141775
 0.0001857464827452364
 0.09357834632141775
 0.003050646157232436
 0.003050646157232436
 0.09357834632141775
 0.09357834632141775
 0.09357834632141775
 0.09357834632141775
 0.09357834632141775
