# Created by Octave 3.2.4, Wed Feb 06 11:09:08 2013 EST <rbom@zaphod>
# name: small_First_Fit
# type: matrix
# ndims: 3
 1 10 30
 5.316979613326013e-16
 1.694525244872542e-12
 1.463285308654457e-14
 2.049398298990468e-15
 8.651804512414108e-16
 4.439712062191282e-11
 3.386274318180389e-15
 7.967687305398214e-19
 2.029898810806182e-15
 1.854724892942611e-10
 1.616755868421545e-11
 4.962281152894444e-11
 1.192480177906715e-08
 2.049398298990468e-15
 7.284962744445182e-15
 1.925088803222847e-09
 1.989222220055348e-10
 4.686772387882403e-16
 1.244018491503678e-09
 1.575257908102471e-07
 1.371563898494509e-09
 6.709796080207792e-11
 1.192480177906715e-08
 5.93488321005814e-14
 7.118850815815455e-13
 7.430612523646253e-08
 1.656815283060915e-09
 3.415220843973128e-14
 0.000343721243582459
 1.575257908102471e-07
 1.371563898494509e-09
 7.469054748337937e-10
 6.005439339753636e-06
 5.93488321005814e-14
 3.318812458175547e-11
 3.170021588341605e-06
 6.092329957081171e-09
 1.034796520483534e-12
 0.000343721243582459
 1.575257908102471e-07
 4.047785206452043e-08
 2.343750516270165e-06
 6.005439339753636e-06
 3.256273277804251e-11
 1.837270549944009e-08
 5.830360225675697e-06
 6.092329957081171e-09
 3.468441782062752e-10
 0.000343721243582459
 1.575257908102471e-07
 4.037776503351761e-06
 4.857388228801476e-06
 4.483995526709933e-05
 3.256273277804251e-11
 1.837270549944009e-08
 4.380792854822693e-05
 2.480278355512995e-05
 2.82973989107033e-07
 0.000343721243582459
 1.197184711261219e-06
 4.826071363927456e-05
 3.29300529653687e-05
 4.483995526709933e-05
 3.160055345590526e-07
 1.837270549944009e-08
 8.507845189858385e-05
 0.0005229386082239966
 5.903390238865478e-05
 0.000343721243582459
 0.0002310338382236321
 0.001125366653279549
 6.262139149855249e-06
 0.0006255946832776407
 3.160055345590526e-07
 1.518572303093014e-07
 0.0003198275229206126
 0.01232968156744045
 0.01232968156744045
 0.000343721243582459
 0.00158345688173907
 0.001125366653279549
 4.857388228801476e-06
 0.0006255946832776407
 8.91002998318511e-06
 2.422382580841093e-06
 0.0004868980756067305
 0.01232968156744045
 0.01232968156744045
 0.000343721243582459
 0.001925043488409573
 0.01232968156744045
 4.857388228801476e-06
 0.0006255946832776407
 8.91002998318511e-06
 0.0002002985342177184
 0.0004868980756067305
 0.01232968156744045
 0.01232968156744045
 0.000343721243582459
 0.001925043488409573
 0.01232968156744045
 5.249980228965668e-05
 0.0006255946832776407
 0.00417467103145129
 0.0006263729986236208
 0.0004868980756067305
 0.01232968156744045
 0.01232968156744045
 0
 0.01232968156744045
 0.01232968156744045
 5.249980228965668e-05
 0.0006255946832776407
 0.00417467103145129
 0.0006263729986236208
 0.0009830089181029546
 0.01232968156744045
 0.01232968156744045
 0
 0.01232968156744045
 0.01232968156744045
 5.249980228965668e-05
 0.0006255946832776407
 0.00417467103145129
 0.0006263729986236208
 0.0004868980756067305
 0.01232968156744045
 0.01232968156744045
 0
 0.01232968156744045
 0.01232968156744045
 0.003103198140226061
 0.0006255946832776407
 0.00417467103145129
 0.0006263729986236208
 0.0004868980756067305
 0.01232968156744045
 0.01232968156744045
 0
 0.01232968156744045
 0.01232968156744045
 0.003103198140226061
 0
 0.00417467103145129
 0.0006263729986236208
 0.0004868980756067305
 0
 0
 0
 0.01232968156744045
 0.01232968156744045
 0.003103198140226061
 0
 0.00417467103145129
 0.0006263729986236208
 0.0004868980756067305
 0
 0
 0
 0.01232968156744045
 0
 0.003103198140226061
 0
 0.00417467103145129
 0.0006263729986236208
 0.0004868980756067305
 0
 0
 0
 0.01232968156744045
 0
 0.003103198140226061
 0
 0
 0
 0.0004868980756067305
 0
 0
 0
 0
 0
 0.003103198140226061
 0
 0
 0
 0
 0
 0
 0
 0
 0
 0.003103198140226061
 0
 0
 0
 0
 0
 0
 0
 0
 0
 0
 0
 0
 0
 0
 0
 0
 0
 0
 0
 0
 0
 0
 0
 0
 0
 0
 0
 0
 0
 0
 0
 0
 0
 0
 0
 0
 0
 0
 0
 0
 0
 0
 0
 0
 0
 0
 0
 0
 0
 0
 0
 0
 0
 0
 0
 0
 0
 0
 0
 0
 0
 0
 0
 0
 0
 0
 0
 0
 0
 0
 0
 0
 0
 0
 0
 0
 0
 0
 0
 0
 0
 0
 0
 0
 0
 0
 0
 0
 0
 0
 0
 0
 0
 0
 0
 0
 0
 0
 0
 0
 0
 0
 0
 0
 0
 0
 0
 0
