# Created by Octave 3.2.4, Thu Feb 07 01:09:01 2013 EST <rbom@zaphod>
# name: small_First_Fit
# type: matrix
# ndims: 3
 1 10 30
 4.692277814623942e-15
 4.741071937446827e-13
 1.271886250453312e-14
 8.76000902350599e-15
 2.311300999505871e-11
 3.488496563260921e-11
 3.90432918874522e-12
 1.255195207723628e-11
 1.218370219442485e-08
 4.388040009190504e-09
 9.613891822867303e-07
 1.560625423726701e-11
 7.1914616255071e-05
 1.346394432053477e-10
 9.79035761186975e-07
 1.178586245062884e-10
 1.413238930871425e-09
 1.338808006277053e-09
 5.049959775728344e-06
 1.203433496688404e-06
 9.613891822867303e-07
 1.735590922110417e-08
 7.1914616255071e-05
 9.511228195786109e-07
 9.79035761186975e-07
 5.471689004848591e-09
 1.413238930871425e-09
 4.849215032889037e-09
 5.049959775728344e-06
 6.93343430073475e-05
 5.251333203234146e-05
 2.38044604699726e-07
 9.626977478089857e-05
 3.674554507704489e-05
 9.79035761186975e-07
 5.848699791332495e-07
 1.413238930871425e-09
 4.868304441689812e-07
 5.049959775728344e-06
 0.0008336499343310086
 5.251333203234146e-05
 5.680239857291291e-07
 0.0001960681987692439
 3.674554507704489e-05
 2.456086829364905e-05
 6.936183918722621e-08
 4.02178329079948e-08
 2.82191077087263e-05
 5.049959775728344e-06
 0.005748466090248084
 5.251333203234146e-05
 1.988417096485397e-05
 0.0001960681987692439
 3.674554507704489e-05
 2.456086829364905e-05
 3.887728734101893e-05
 4.02178329079948e-08
 7.489111316521034e-05
 1.497093496884716e-05
 0.005748466090248084
 5.251333203234146e-05
 1.988417096485397e-05
 0.0001960681987692439
 3.674554507704489e-05
 0.001401914006793467
 3.887728734101893e-05
 4.02178329079948e-08
 2.82191077087263e-05
 1.497093496884716e-05
 0.06727706454532277
 5.251333203234146e-05
 0.0002042281607379192
 0.0001960681987692439
 3.674554507704489e-05
 0.001401914006793467
 3.887728734101893e-05
 5.548066854202311e-07
 2.82191077087263e-05
 0.001909317560878172
 0.06727706454532277
 0.006695454368501963
 1.988417096485397e-05
 0.0001960681987692439
 0.002354095472153087
 0.006695454368501963
 7.230044539487565e-05
 5.591756487976221e-06
 2.82191077087263e-05
 0.04200427380889932
 0.06727706454532277
 0.006695454368501963
 1.988417096485397e-05
 0.0001960681987692439
 0.002354095472153087
 0.006695454368501963
 0.00394072859873788
 7.648055746454427e-05
 2.82191077087263e-05
 0.04200427380889932
 0.06727706454532277
 0.006695454368501963
 1.988417096485397e-05
 0.0001960681987692439
 0.002354095472153087
 0.006695454368501963
 0.00394072859873788
 0.002364099131939971
 2.82191077087263e-05
 0.06727706454532277
 0.06727706454532277
 0.006695454368501963
 1.988417096485397e-05
 0
 0.01023910763119336
 0.006695454368501963
 0.00394072859873788
 0.006920789885323561
 2.82191077087263e-05
 0.04200427380889932
 0.06727706454532277
 0.006695454368501963
 0.0002042281607379192
 0
 0.009928788865711543
 0.006695454368501963
 0.00394072859873788
 0.04200427380889932
 0
 0.04200427380889932
 0.06727706454532277
 0.006695454368501963
 0.0006420361757185141
 0
 0.009928788865711543
 0.006695454368501963
 0.00394072859873788
 0.04200427380889932
 0
 0.06727706454532277
 0
 0.006695454368501963
 0.005748466090248084
 0
 0.009928788865711543
 0.006695454368501963
 0.00394072859873788
 0.06727706454532277
 0
 0.06727706454532277
 0
 0
 0.01086025590052059
 0
 0.009928788865711543
 0
 0.009134201406927478
 0.04200427380889932
 0
 0.06727706454532277
 0
 0
 0.06727706454532277
 0
 0.009928788865711543
 0
 0.04200427380889932
 0.06727706454532277
 0
 0.06727706454532277
 0
 0
 0.06727706454532277
 0
 0.009928788865711543
 0
 0.04200427380889932
 0.04200427380889932
 0
 0.06727706454532277
 0
 0
 0.06727706454532277
 0
 0
 0
 0.04200427380889932
 0.04200427380889932
 0
 0.06727706454532277
 0
 0
 0.06727706454532277
 0
 0
 0
 0.04200427380889932
 0.04200427380889932
 0
 0.06727706454532277
 0
 0
 0.06727706454532277
 0
 0
 0
 0.04200427380889932
 0.06727706454532277
 0
 0
 0
 0
 0.06727706454532277
 0
 0
 0
 0.04200427380889932
 0.06727706454532277
 0
 0
 0
 0
 0.06727706454532277
 0
 0
 0
 0.04200427380889932
 0.06727706454532277
 0
 0
 0
 0
 0
 0
 0
 0
 0
 0.04200427380889932
 0
 0
 0
 0
 0
 0
 0
 0
 0
 0.06727706454532277
 0
 0
 0
 0
 0
 0
 0
 0
 0
 0.06727706454532277
 0
 0
 0
 0
 0
 0
 0
 0
 0
 0.06727706454532277
 0
 0
 0
 0
 0
 0
 0
 0
 0
 0.06727706454532277
 0
 0
 0
 0
 0
 0
 0
 0
 0
 0.06727706454532277
 0
 0
 0
 0
 0
 0
 0
 0
 0
 0.06727706454532277
 0
 0
 0
