# Created by Octave 3.2.4, Tue Feb 05 00:45:53 2013 EST <rbom@zaphod>
# name: small_First_Fit
# type: matrix
# ndims: 3
 1 10 30
 1.849598733260783e-19
 1.397068939343678e-15
 2.108129634175809e-18
 2.824608460115728e-16
 1.542044710321832e-20
 2.636746665327017e-23
 1.743283533553492e-20
 2.89201647266674e-22
 2.177063580485691e-20
 1.880089573488215e-13
 8.675658562825621e-18
 5.993806384594711e-11
 4.122502932331086e-15
 1.891765229536398e-12
 2.054994542490172e-16
 4.449160264714323e-16
 8.168877125854736e-19
 1.039404386652322e-17
 2.081024425529223e-17
 8.6759520868924e-11
 1.600320566655324e-15
 2.740869813531758e-08
 1.528143366679351e-09
 1.569037034957826e-09
 2.311978715894294e-13
 9.099117425159207e-13
 8.168877125854736e-19
 3.938202729434854e-15
 2.817084783521238e-13
 1.084878232030743e-07
 1.714173144094064e-11
 2.740869813531758e-08
 1.528143366679351e-09
 1.440195367715259e-07
 2.311978715894294e-13
 1.342097257000022e-10
 2.74171162995354e-16
 8.007232944682772e-12
 2.817084783521238e-13
 2.347203960770726e-05
 2.137371051080457e-08
 2.199151089632799e-05
 2.015033252690668e-07
 1.440195367715259e-07
 3.667890776520284e-11
 1.096994324293945e-08
 1.891453645915349e-12
 7.420501735568535e-09
 5.56249246870466e-11
 2.347203960770726e-05
 2.137371051080457e-08
 2.199151089632799e-05
 2.015033252690668e-07
 1.440195367715259e-07
 3.667890776520284e-11
 1.550401917372534e-06
 2.570209088138112e-11
 6.094655300194307e-06
 5.56249246870466e-11
 2.347203960770726e-05
 2.137371051080457e-08
 2.199151089632799e-05
 8.028468756092774e-05
 1.440195367715259e-07
 9.277548263458119e-10
 1.550401917372534e-06
 2.570209088138112e-11
 0.0006872519974937538
 2.053757882748854e-09
 2.347203960770726e-05
 3.161268474613742e-05
 0.0163645879016757
 8.028468756092774e-05
 1.440195367715259e-07
 9.277548263458119e-10
 1.888326309395551e-05
 2.570209088138112e-11
 0.0006872519974937538
 2.702457857006436e-07
 2.347203960770726e-05
 3.161268474613742e-05
 0.0163645879016757
 0.0163645879016757
 1.440195367715259e-07
 1.859560168320443e-05
 1.888326309395551e-05
 2.570209088138112e-11
 0.0006872519974937538
 2.702457857006436e-07
 2.347203960770726e-05
 3.161268474613742e-05
 0.0163645879016757
 0.0163645879016757
 1.440195367715259e-07
 1.888326309395551e-05
 1.888326309395551e-05
 2.161361898379801e-10
 0.00350448830926687
 2.702457857006436e-07
 2.347203960770726e-05
 3.161268474613742e-05
 0.0163645879016757
 0.0163645879016757
 0
 1.859560168320443e-05
 0.0144408396943385
 1.226487170672616e-08
 0.00350448830926687
 0.0002146025453869686
 0
 3.161268474613742e-05
 0.0163645879016757
 0.0163645879016757
 0
 1.859560168320443e-05
 0.0144408396943385
 1.226487170672616e-08
 0.00350448830926687
 0.0002146025453869686
 0
 0.0144408396943385
 0.0163645879016757
 0.0163645879016757
 0
 1.859560168320443e-05
 0.0144408396943385
 0.0001504893648831894
 0.00350448830926687
 0.002768271363464613
 0
 0.0144408396943385
 0.0163645879016757
 0.0163645879016757
 0
 1.859560168320443e-05
 0.0144408396943385
 0.0001504893648831894
 0.00350448830926687
 0.002768271363464613
 0
 0.0144408396943385
 0
 0.0163645879016757
 0
 1.859560168320443e-05
 0.0144408396943385
 0.0001504893648831894
 0.00350448830926687
 0.002768271363464613
 0
 0.0144408396943385
 0
 0
 0
 1.859560168320443e-05
 0.0144408396943385
 0.0001504893648831894
 0.00350448830926687
 0.002768271363464613
 0
 0.0144408396943385
 0
 0
 0
 0
 0.0144408396943385
 0.0001504893648831894
 0
 0.002768271363464613
 0
 0.0144408396943385
 0
 0
 0
 0
 0
 0.0001504893648831894
 0
 0.002768271363464613
 0
 0.0144408396943385
 0
 0
 0
 0
 0
 0.0001504893648831894
 0
 0.002768271363464613
 0
 0
 0
 0
 0
 0
 0
 0
 0
 0
 0
 0
 0
 0
 0
 0
 0
 0
 0
 0
 0
 0
 0
 0
 0
 0
 0
 0
 0
 0
 0
 0
 0
 0
 0
 0
 0
 0
 0
 0
 0
 0
 0
 0
 0
 0
 0
 0
 0
 0
 0
 0
 0
 0
 0
 0
 0
 0
 0
 0
 0
 0
 0
 0
 0
 0
 0
 0
 0
 0
 0
 0
 0
 0
 0
 0
 0
 0
 0
 0
 0
 0
 0
 0
 0
 0
 0
 0
 0
 0
 0
 0
 0
 0
 0
 0
 0
 0
 0
 0
 0
 0
 0
 0
 0
 0
 0
 0
 0
 0
 0
