# Created by Octave 3.2.4, Tue Feb 05 18:07:40 2013 EST <rbom@zaphod>
# name: small_First_Fit
# type: matrix
# ndims: 3
 1 10 30
 7.300740752626096e-10
 4.779003584721367e-10
 2.815627357477722e-08
 1.179865505390066e-06
 1.438984527104681e-10
 1.863728290496633e-08
 3.711606104149051e-09
 3.386029510480965e-07
 1.671350236171609e-10
 1.618992203092961e-07
 7.567362667050449e-08
 0.0006566808840015528
 0.0001306805666134307
 4.294766758052394e-05
 7.901096411239114e-08
 1.405983637153111e-06
 1.470520393852651e-05
 2.169120330814463e-06
 2.799314241433904e-06
 0.0001673176691778989
 7.567362667050449e-08
 0.0006566808840015528
 0.0002391319960754308
 4.294766758052394e-05
 9.607585082405413e-07
 5.78388092270058e-05
 0.000268630160003492
 2.169120330814463e-06
 0.000730117030628162
 0.0004585302777883664
 2.92239051360131e-06
 0.0006566808840015528
 0.0001306805666134307
 4.294766758052394e-05
 2.022694180328323e-06
 0.0006417153100923528
 0.000268630160003492
 0.0003403806040862621
 0.02172509767460296
 0.001757789212969862
 9.886726944108682e-06
 0.001398213585016333
 0.0004177100397138295
 0.0004540273563359821
 0.0001100865866000225
 0.002030893337521908
 0.000268630160003492
 0.0003403806040862621
 0.02172509767460296
 0.001757789212969862
 9.886726944108682e-06
 0.005640087775146599
 0.0001306805666134307
 0.0004540273563359821
 0.0001100865866000225
 0.002030893337521908
 0.000268630160003492
 0.0007055740965692345
 0.02172509767460296
 0.001546362872869127
 9.886726944108682e-06
 0.007084779998564392
 0.0001306805666134307
 0.0006493764182962894
 0.001481012250661
 0.02063677020355647
 0.002747855330420185
 0.0007055740965692345
 0.02172509767460296
 0.001546362872869127
 9.886726944108682e-06
 0.007084779998564392
 0.00371755059717731
 0.0006493764182962894
 0.001481012250661
 0.03729142543246921
 0.002747855330420185
 0.005897023113065739
 0.02172509767460296
 0.005167592922558033
 1.762872776544614e-05
 0.007084779998564392
 0.00371755059717731
 0.003399636825719236
 0.0484269462892223
 0.03729142543246921
 0.002747855330420185
 0.009267275194618649
 0.03020393344030633
 0.005167592922558033
 1.762872776544614e-05
 0.007084779998564392
 0.00371755059717731
 0.003399636825719236
 0.0484269462892223
 0.03729142543246921
 0.002747855330420185
 0.03825733545336982
 0.03020393344030633
 0.005167592922558033
 6.769198330507339e-05
 0.007084779998564392
 0.01111631111199328
 0.003399636825719236
 0.0484269462892223
 0.03729142543246921
 0.02806721311961788
 0.03825733545336982
 0.03020393344030633
 0.005167592922558033
 6.769198330507339e-05
 0.007084779998564392
 0.01111631111199328
 0.004359568056160093
 0.0484269462892223
 0.03020393344030633
 0.02806721311961788
 0.03825733545336982
 0.03020393344030633
 0.005167592922558033
 6.769198330507339e-05
 0.007084779998564392
 0.01111631111199328
 0.004359568056160093
 0.0484269462892223
 0.02063677020355647
 0.02806721311961788
 0.03825733545336982
 0.03020393344030633
 0.005167592922558033
 6.769198330507339e-05
 0
 0.01111631111199328
 0.004359568056160093
 0.0484269462892223
 0.02063677020355647
 0.02806721311961788
 0.1047083669999867
 0.03020393344030633
 0.005167592922558033
 6.769198330507339e-05
 0
 0.01624556480407864
 0.003399636825719236
 0.1047083669999867
 0
 0.02806721311961788
 0.1047083669999867
 0.03729142543246921
 0
 6.769198330507339e-05
 0
 0.01624556480407864
 0.003399636825719236
 0.1047083669999867
 0
 0.02806721311961788
 0.1047083669999867
 0.03020393344030633
 0
 6.769198330507339e-05
 0
 0.02410479979807274
 0.004359568056160093
 0.1047083669999867
 0
 0.02806721311961788
 0.1047083669999867
 0.03020393344030633
 0
 0
 0
 0.01624556480407864
 0.004359568056160093
 0.1047083669999867
 0
 0
 0.1047083669999867
 0.03729142543246921
 0
 0
 0
 0.01647905086596854
 0.009056942481345679
 0.1047083669999867
 0
 0
 0.1047083669999867
 0.03239749654104256
 0
 0
 0
 0.01624556480407864
 0.009056942481345679
 0.1047083669999867
 0
 0
 0.1047083669999867
 0.03020393344030633
 0
 0
 0
 0.01647905086596854
 0.009056942481345679
 0.1047083669999867
 0
 0
 0
 0.03020393344030633
 0
 0
 0
 0.01647905086596854
 0.04936842720429162
 0
 0
 0
 0
 0.03729142543246921
 0
 0
 0
 0.01647905086596854
 0.04936842720429162
 0
 0
 0
 0
 0.03729142543246921
 0
 0
 0
 0.01624556480407864
 0.04936842720429162
 0
 0
 0
 0
 0.03729142543246921
 0
 0
 0
 0.01624556480407864
 0.04936842720429162
 0
 0
 0
 0
 0.03020393344030633
 0
 0
 0
 0.01691286174338392
 0.0626858337101785
 0
 0
 0
 0
 0.03020393344030633
 0
 0
 0
 0.04936842720429162
 0.04936842720429162
 0
 0
 0
 0
 0.03020393344030633
 0
 0
 0
 0.04936842720429162
 0.0626858337101785
 0
 0
 0
 0
 0.03020393344030633
 0
 0
 0
 0.04936842720429162
 0.0626858337101785
 0
 0
 0
 0
 0
 0
 0
 0
 0.04936842720429162
 0.04936842720429162
 0
 0
 0
 0
 0
 0
