# Created by Octave 3.2.4, Tue Feb 05 13:47:57 2013 EST <rbom@zaphod>
# name: small_First_Fit
# type: matrix
# ndims: 3
 1 10 30
 2.008244713122705e-13
 1.527175303084284e-13
 5.738961757101608e-09
 3.692355128486696e-07
 1.777824112713694e-15
 5.841550414985471e-12
 2.535368343526778e-16
 2.657295076667374e-16
 2.483300503337985e-11
 8.645138880836281e-14
 8.61127280587415e-12
 7.232774793041798e-11
 4.687735464731152e-07
 3.692355128486696e-07
 2.059279488873518e-11
 1.184691333478e-09
 2.726156486254161e-10
 5.678853140568869e-13
 2.764028864532711e-09
 8.645138880836281e-14
 1.396554803547448e-09
 1.852486030041371e-09
 0.0005084278645638673
 3.692355128486696e-07
 1.162898608407561e-07
 1.184691333478e-09
 1.453835886554227e-07
 3.622549648346782e-10
 2.764028864532711e-09
 1.728607280965621e-11
 2.322142865621766e-07
 8.636644887333116e-07
 0.001013772179580305
 3.692355128486696e-07
 3.343759815030042e-05
 6.811730964852871e-08
 1.622091959523668e-05
 3.622549648346782e-10
 2.036324317814027e-07
 4.260332390820919e-10
 2.322142865621766e-07
 0.0003119889120779527
 0.002993877654029332
 2.893495315749361e-06
 0.001204686003754544
 2.077421698658478e-07
 5.072092511244402e-05
 7.004955870452863e-11
 4.139799678224162e-06
 1.708907885044804e-07
 1.914285394507189e-05
 0.004404125496107976
 0.002993877654029332
 0.0005130014572576003
 0.001204686003754544
 3.696231570255304e-05
 5.072092511244402e-05
 4.420548222399411e-08
 4.139799678224162e-06
 2.284638913831067e-06
 1.914285394507189e-05
 0.004404125496107976
 0.002993877654029332
 0.0005130014572576003
 0.009663681966878187
 3.696231570255304e-05
 0.0006205717329356041
 8.994229517636911e-07
 4.139799678224162e-06
 1.409016763954365e-05
 0.0002993492890333942
 0.009663681966878187
 0.002993877654029332
 0.004895826317449742
 0.009663681966878187
 3.696231570255304e-05
 0.002993877654029332
 8.994229517636911e-07
 4.139799678224162e-06
 2.107162578406122e-05
 0.0002993492890333942
 0.009663681966878187
 0.002993877654029332
 0.004895826317449742
 0.00240258544519007
 0.0001052636330517223
 0.002993877654029332
 0.0002040997529130999
 5.808517590102455e-06
 0.0001824521276831983
 0.0002993492890333942
 0.009663681966878187
 0.002993877654029332
 0.004895826317449742
 0.00240258544519007
 0.0001052636330517223
 0.002993877654029332
 0.0002040997529130999
 0.0007524952225975686
 0.001611549603645051
 0.0002993492890333942
 0.009663681966878187
 0.002993877654029332
 0.004895826317449742
 0.004565892088878534
 0.0001193578024310082
 0.0114319800633407
 0.0001945690689507386
 0.0007524952225975686
 0.001611549603645051
 0.0005130014572576003
 0.009663681966878187
 0
 0.004895826317449742
 0.004565892088878534
 0.0001052636330517223
 0.0114319800633407
 0.0001945690689507386
 0.0007524952225975686
 0.001611549603645051
 0.0005130014572576003
 0.009663681966878187
 0
 0.004895826317449742
 0.009663681966878187
 0.0001052636330517223
 0.002993877654029332
 0.0001945690689507386
 0.0007524952225975686
 0.001611549603645051
 0.004895826317449742
 0.009663681966878187
 0
 0.004895826317449742
 0.009663681966878187
 0.0001052636330517223
 0.002993877654029332
 0.0001945690689507386
 0.0007524952225975686
 0.001611549603645051
 0.004895826317449742
 0
 0
 0
 0.009663681966878187
 0.0114319800633407
 0.002993877654029332
 0.0001945690689507386
 0.0007524952225975686
 0.001611549603645051
 0.004895826317449742
 0
 0
 0
 0.009663681966878187
 0.0114319800633407
 0.002993877654029332
 0
 0.0007524952225975686
 0.001611549603645051
 0.004895826317449742
 0
 0
 0
 0.009663681966878187
 0.0114319800633407
 0.002993877654029332
 0
 0
 0
 0.004895826317449742
 0
 0
 0
 0.009663681966878187
 0.0114319800633407
 0
 0
 0
 0
 0.004895826317449742
 0
 0
 0
 0.009663681966878187
 0.0114319800633407
 0
 0
 0
 0
 0.004895826317449742
 0
 0
 0
 0
 0.0114319800633407
 0
 0
 0
 0
 0
 0
 0
 0
 0
 0.0114319800633407
 0
 0
 0
 0
 0
 0
 0
 0
 0
 0
 0
 0
 0
 0
 0
 0
 0
 0
 0
 0
 0
 0
 0
 0
 0
 0
 0
 0
 0
 0
 0
 0
 0
 0
 0
 0
 0
 0
 0
 0
 0
 0
 0
 0
 0
 0
 0
 0
 0
 0
 0
 0
 0
 0
 0
 0
 0
 0
 0
 0
 0
 0
 0
 0
 0
 0
 0
 0
 0
 0
 0
 0
 0
 0
 0
 0
 0
 0
 0
 0
 0
 0
 0
 0
 0
 0
 0
 0
 0
 0
 0
 0
 0
 0
