# Created by Octave 3.2.4, Tue Feb 05 12:17:03 2013 EST <rbom@zaphod>
# name: small_First_Fit
# type: matrix
# ndims: 3
 1 10 30
 8.344767670823165e-18
 2.302080354141777e-18
 1.208651155988951e-12
 1.966009514817281e-14
 3.748370152343927e-16
 1.114752079405085e-14
 1.117250374065752e-16
 6.876015850175747e-19
 1.298761041655378e-14
 4.861360068028688e-16
 1.605230807592891e-07
 1.728582160099192e-11
 1.208651155988951e-12
 2.129200147774042e-12
 2.668675903375959e-14
 3.155214594879431e-11
 2.403106511755636e-07
 9.187618569499324e-15
 9.521595700881882e-13
 5.487921950549771e-14
 1.516831574917478e-05
 2.955558600555064e-09
 1.25109522909441e-10
 2.374197690980711e-10
 4.249579789386113e-14
 1.601693885611117e-09
 3.682867640901405e-05
 1.374721398899993e-11
 2.717822438150134e-11
 1.473531320329123e-10
 0.0008903662150021668
 2.955558600555064e-09
 2.16810166392892e-09
 3.464918928415571e-10
 5.151069546659464e-11
 4.350977558724451e-09
 3.682867640901405e-05
 1.546723063886751e-09
 2.717822438150134e-11
 2.43482695656983e-08
 0.007847979062529984
 1.515466368089151e-08
 7.536551399164138e-05
 4.085699108751724e-09
 8.498474210609816e-09
 2.232317213948535e-05
 3.682867640901405e-05
 2.555766941116863e-07
 2.565804700408706e-09
 2.92693209988354e-07
 0.007847979062529984
 1.515466368089151e-08
 7.536551399164138e-05
 1.789524971170688e-08
 3.343072010604651e-07
 2.232317213948535e-05
 0.001460923929580992
 8.45054289130065e-05
 2.565804700408706e-09
 4.836390227626849e-05
 0.007847979062529984
 6.7777138774178e-06
 7.536551399164138e-05
 1.789524971170688e-08
 9.548479355172285e-07
 0.007847979062529984
 0.001460923929580992
 8.45054289130065e-05
 2.565804700408706e-09
 4.836390227626849e-05
 0.007847979062529984
 0.002020478642135933
 7.536551399164138e-05
 1.789524971170688e-08
 5.52393995733008e-05
 0.007847979062529984
 0.001460923929580992
 8.45054289130065e-05
 2.781613489171533e-07
 4.836390227626849e-05
 0.007847979062529984
 0.002020478642135933
 7.536551399164138e-05
 1.789524971170688e-08
 5.52393995733008e-05
 0.007847979062529984
 0.001460923929580992
 8.45054289130065e-05
 2.781613489171533e-07
 0.003471612546932395
 0.007847979062529984
 0.002020478642135933
 7.536551399164138e-05
 9.480352739387537e-07
 5.52393995733008e-05
 0.007847979062529984
 0.001460923929580992
 8.45054289130065e-05
 1.244157291568882e-05
 0.003471612546932395
 0.008396578040472709
 0.002020478642135933
 7.536551399164138e-05
 0.0001566506649524872
 5.52393995733008e-05
 0.007847979062529984
 0.001460923929580992
 0.003535436938721157
 1.244157291568882e-05
 0.003471612546932395
 0.008396578040472709
 0.132897877433595
 0
 0.0001566506649524872
 5.52393995733008e-05
 0.007847979062529984
 0.001460923929580992
 0.003535436938721157
 1.244157291568882e-05
 0.003471612546932395
 0.007847979062529984
 0.132897877433595
 0
 0.0001566506649524872
 0.132897877433595
 0.007847979062529984
 0
 0.003535436938721157
 1.244157291568882e-05
 0.003471612546932395
 0.007847979062529984
 0.132897877433595
 0
 0.0001566506649524872
 0.132897877433595
 0
 0
 0.003535436938721157
 1.244157291568882e-05
 0.003471612546932395
 0.007847979062529984
 0.132897877433595
 0
 0.0001566506649524872
 0.132897877433595
 0
 0
 0.003535436938721157
 1.244157291568882e-05
 0.132897877433595
 0.007847979062529984
 0.132897877433595
 0
 0.01309454337213319
 0.132897877433595
 0
 0
 0.003535436938721157
 1.244157291568882e-05
 0.132897877433595
 0.007847979062529984
 0.132897877433595
 0
 0.01309454337213319
 0.132897877433595
 0
 0
 0.003535436938721157
 0
 0.132897877433595
 0
 0.132897877433595
 0
 0.01309454337213319
 0.132897877433595
 0
 0
 0
 0
 0.132897877433595
 0
 0
 0
 0.01309454337213319
 0.132897877433595
 0
 0
 0
 0
 0.132897877433595
 0
 0
 0
 0.01309454337213319
 0
 0
 0
 0
 0
 0.132897877433595
 0
 0
 0
 0.01309454337213319
 0
 0
 0
 0
 0
 0.132897877433595
 0
 0
 0
 0.01309454337213319
 0
 0
 0
 0
 0
 0
 0
 0
 0
 0
 0
 0
 0
 0
 0
 0
 0
 0
 0
 0
 0
 0
 0
 0
 0
 0
 0
 0
 0
 0
 0
 0
 0
 0
 0
 0
 0
 0
 0
 0
 0
 0
 0
 0
 0
 0
 0
 0
 0
 0
 0
 0
 0
 0
 0
 0
 0
 0
 0
 0
 0
 0
 0
 0
 0
 0
 0
 0
 0
 0
 0
 0
 0
 0
 0
 0
 0
 0
 0
 0
 0
 0
 0
 0
 0
 0
