# Created by Octave 3.2.4, Tue Feb 05 18:55:23 2013 EST <rbom@zaphod>
# name: small_First_Fit
# type: matrix
# ndims: 3
 1 10 30
 9.391425483814239e-16
 2.063482793308276e-14
 7.846266197570686e-11
 1.653773939217686e-14
 9.911313973858117e-14
 1.422184072136015e-12
 1.649916304362018e-14
 7.202228258578062e-11
 1.047727719691344e-12
 7.505147271502342e-14
 8.399034950103112e-13
 2.38929165525668e-12
 1.745662784530803e-06
 2.652746691211805e-11
 1.868418360858404e-09
 2.793685227055534e-10
 1.073127872615923e-08
 7.202228258578062e-11
 9.044709332628755e-10
 1.265523476031692e-10
 3.865673257157584e-11
 2.38929165525668e-12
 1.745662784530803e-06
 1.021851147906843e-07
 4.604257981047494e-08
 3.434314829013245e-08
 4.213175276302177e-07
 7.202228258578062e-11
 2.98985583997729e-08
 1.265523476031692e-10
 1.659384386187345e-07
 2.316463767009983e-09
 5.775620177297492e-05
 4.479506300203811e-07
 4.604257981047494e-08
 1.429050280654957e-06
 2.079281135028439e-05
 3.03537079109998e-07
 0.0002592460612519986
 1.219554635156431e-08
 1.995893275707616e-05
 3.504418451550557e-08
 0.0001063942529093451
 4.531957574539001e-06
 3.831000859028266e-05
 1.429050280654957e-06
 2.079281135028439e-05
 9.063453962421354e-06
 0.0057139160726956
 3.561395228211324e-07
 0.0007346092740185586
 3.504418451550557e-08
 0.0001063942529093451
 0.0002035237035125979
 3.831000859028266e-05
 1.578564765010191e-05
 0.0002764696937542539
 9.063453962421354e-06
 0.0057139160726956
 1.406696717169454e-06
 0.0007346092740185586
 4.773038102303021e-08
 0.0009908399017290652
 0.006071038842710695
 3.831000859028266e-05
 0.0003246566051328847
 0.0002764696937542539
 0.0001799705654299741
 0.01541614347706829
 3.978659582008489e-05
 0.005424004165254735
 6.033814117931948e-06
 0.0009908399017290652
 0.006071038842710695
 3.831000859028266e-05
 0.002598240013206958
 0.0002764696937542539
 0.002661435453590974
 0.01541614347706829
 3.978659582008489e-05
 0.0135534468738134
 0.0001324359225057086
 0.0009908399017290652
 0.006071038842710695
 3.831000859028266e-05
 0.002598240013206958
 0.0002764696937542539
 0.002661435453590974
 0.01541614347706829
 3.978659582008489e-05
 0.0135534468738134
 0.0001324359225057086
 0.008356541854109202
 0.009448356714113062
 0.00346627299783862
 0.01886549970779687
 0.0002764696937542539
 0.002661435453590974
 0.01541614347706829
 0.001731346758770169
 0.0135534468738134
 0.0001324359225057086
 0.008356541854109202
 0.006912490067348306
 0.00346627299783862
 0.01886549970779687
 0.0002764696937542539
 0.002661435453590974
 0.01541614347706829
 0.02396256688326667
 0.0135534468738134
 0.0001324359225057086
 0.008356541854109202
 0.006912490067348306
 0.00346627299783862
 0.01886549970779687
 0.0002764696937542539
 0.02711732730170335
 0.01541614347706829
 0.02396256688326667
 0.0135534468738134
 0.1870966213747517
 0.008356541854109202
 0.006912490067348306
 0.00346627299783862
 0.02396256688326667
 0
 0.02711732730170335
 0.1870966213747517
 0.02711732730170335
 0.1870966213747517
 0.1870966213747517
 0.008356541854109202
 0.009448356714113062
 0.00346627299783862
 0.1870966213747517
 0
 0.1870966213747517
 0.1870966213747517
 0.02396256688326667
 0.1870966213747517
 0.1870966213747517
 0.008356541854109202
 0.009448356714113062
 0.00346627299783862
 0.1870966213747517
 0
 0.1870966213747517
 0.1870966213747517
 0.02396256688326667
 0.1870966213747517
 0.1870966213747517
 0.0135534468738134
 0.006071038842710695
 0.00346627299783862
 0.1870966213747517
 0
 0.1870966213747517
 0.1870966213747517
 0.02711732730170335
 0.1870966213747517
 0.1870966213747517
 0.0135534468738134
 0.006912490067348306
 0
 0.1870966213747517
 0
 0.1870966213747517
 0.1870966213747517
 0.02711732730170335
 0.1870966213747517
 0.1870966213747517
 0.0135534468738134
 0.006912490067348306
 0
 0.1870966213747517
 0
 0.1870966213747517
 0.1870966213747517
 0.02396256688326667
 0.1870966213747517
 0.1870966213747517
 0.0135534468738134
 0.006912490067348306
 0
 0.1870966213747517
 0
 0.1870966213747517
 0.1870966213747517
 0.02396256688326667
 0.1870966213747517
 0
 0.0135534468738134
 0.006912490067348306
 0
 0.1870966213747517
 0
 0.1870966213747517
 0
 0.02396256688326667
 0
 0
 0.0135534468738134
 0.006912490067348306
 0
 0
 0
 0
 0
 0.02396256688326667
 0
 0
 0.0135534468738134
 0.006071038842710695
 0
 0
 0
 0
 0
 0.02711732730170335
 0
 0
 0
 0.006912490067348306
 0
 0
 0
 0
 0
 0.02396256688326667
 0
 0
 0
 0.006912490067348306
 0
 0
 0
 0
 0
 0.02711732730170335
 0
 0
 0
 0.006912490067348306
 0
 0
 0
 0
 0
 0.02396256688326667
 0
 0
 0
 0.006912490067348306
 0
 0
 0
 0
 0
 0.02711732730170335
 0
 0
 0
 0.006912490067348306
 0
 0
 0
 0
 0
 0.02711732730170335
 0
 0
 0
 0.006071038842710695
 0
 0
 0
 0
 0
 0.02711732730170335
 0
 0
 0
 0.009448356714113062
 0
 0
 0
 0
 0
 0.02711732730170335
 0
 0
 0
 0.009448356714113062
 0
 0
 0
 0
 0
 0.02711732730170335
