# Created by Octave 3.2.4, Tue Feb 05 10:58:26 2013 EST <rbom@zaphod>
# name: small_First_Fit
# type: matrix
# ndims: 3
 1 10 30
 2.869322247579792e-15
 2.036002937551172e-11
 1.322664007962176e-14
 2.017988428826583e-14
 8.992995230504954e-14
 1.829990334150267e-12
 3.894000754781625e-14
 1.490876907498203e-11
 2.152983376730804e-13
 1.30373415143655e-11
 2.42771085976424e-09
 6.130729782428394e-10
 2.685151756143601e-11
 1.14394090103813e-13
 9.699331638436725e-11
 6.617579912309715e-08
 5.808662172665314e-11
 1.141848797830749e-09
 9.920153303968222e-11
 1.397478051117921e-07
 2.42771085976424e-09
 6.130729782428394e-10
 3.260357302077661e-10
 6.476005702178221e-13
 2.528060008601999e-08
 4.595722773329511e-07
 2.705268074915237e-07
 1.091270011525161e-07
 6.609928295639883e-10
 6.693174013893397e-06
 4.670311408604166e-09
 1.730868499590535e-08
 1.055390491733762e-08
 1.268039602585398e-11
 3.605159698797841e-05
 4.595722773329511e-07
 7.581332344842542e-06
 4.296778389022958e-07
 1.456162738699877e-07
 6.365790777872294e-05
 2.050597588098694e-07
 4.325753090757998e-07
 1.055390491733762e-08
 9.804574855683862e-09
 0.001112955845962103
 4.595722773329511e-07
 8.292547057176285e-06
 2.393909560290856e-05
 3.884031985729736e-06
 6.888285887616903e-05
 2.050597588098694e-07
 1.079707650128664e-05
 4.95036328243644e-08
 2.789065943770614e-07
 0.001112955845962103
 4.595722773329511e-07
 0.0002304084952115747
 2.393909560290856e-05
 3.884031985729736e-06
 0.001613113088519321
 3.688281771397008e-07
 0.01581913442154074
 3.355483287242625e-07
 4.667385942368713e-06
 0.06335277378739304
 2.231957286172309e-06
 0.009708580129260671
 0.0001451784921126378
 0.0003615472571984575
 0.001982716476886203
 2.196015395133222e-06
 0.01581913442154074
 4.930139903269684e-05
 0.004126131088132849
 0.1254631186031051
 1.0750204681361e-05
 0.009708580129260671
 0.0001451784921126378
 0.004126131088132849
 0.001613113088519321
 2.196015395133222e-06
 0.01581913442154074
 4.930139903269684e-05
 0.004126131088132849
 0.1254631186031051
 1.739154552036031e-05
 0.02081004772107965
 5.456857269843353e-05
 0.004126131088132849
 0.001613113088519321
 9.344303902327191e-06
 0.01581913442154074
 0.004163614573110541
 0.004126131088132849
 0.1254631186031051
 9.381908695252513e-05
 0.009708580129260671
 0.0001451784921126378
 0.01474925642415274
 0.02081004772107965
 9.344303902327191e-06
 0.01581913442154074
 0.004163614573110541
 0.004126131088132849
 0.1254631186031051
 9.381908695252513e-05
 0.02081004772107965
 0.0001451784921126378
 0.01474925642415274
 0.02081004772107965
 1.835911027957785e-05
 0.01581913442154074
 0.004163614573110541
 0.01474925642415274
 0.1254631186031051
 0.0003829753480956503
 0.02081004772107965
 0.001515787105542935
 0.01474925642415274
 0.06335277378739304
 0.02091242564666761
 0.01581913442154074
 0.004163614573110541
 0.01474925642415274
 0.1254631186031051
 0.0003829753480956503
 0.02081004772107965
 0.001515787105542935
 0.01474925642415274
 0.06335277378739304
 0.02091242564666761
 0
 0.004163614573110541
 0.01474925642415274
 0.1254631186031051
 0.03549562698781771
 0.02081004772107965
 0.03549562698781771
 0.01474925642415274
 0.06335277378739304
 0.03549562698781771
 0
 0.01345935372413961
 0.1254631186031051
 0
 0.03549562698781771
 0.06335277378739304
 0.03549562698781771
 0.01474925642415274
 0.06335277378739304
 0.02091242564666761
 0
 0.01345935372413961
 0.1254631186031051
 0
 0.03549562698781771
 0.02081004772107965
 0.03549562698781771
 0.01474925642415274
 0.06335277378739304
 0.03549562698781771
 0
 0.01345935372413961
 0.1254631186031051
 0
 0.03549562698781771
 0.06335277378739304
 0.03549562698781771
 0
 0.06335277378739304
 0.03549562698781771
 0
 0.01345935372413961
 0.1254631186031051
 0
 0.03549562698781771
 0.06335277378739304
 0.03549562698781771
 0
 0.06335277378739304
 0.03549562698781771
 0
 0.1254631186031051
 0.1254631186031051
 0
 0.03549562698781771
 0.06335277378739304
 0.03549562698781771
 0
 0
 0.03549562698781771
 0
 0.1254631186031051
 0.1254631186031051
 0
 0.03549562698781771
 0.1254631186031051
 0.03549562698781771
 0
 0
 0.03549562698781771
 0
 0.1254631186031051
 0.1254631186031051
 0
 0
 0.06335277378739304
 0
 0
 0
 0.03549562698781771
 0
 0.1254631186031051
 0
 0
 0
 0.1254631186031051
 0
 0
 0
 0.03549562698781771
 0
 0.1254631186031051
 0
 0
 0
 0.1254631186031051
 0
 0
 0
 0
 0
 0.1254631186031051
 0
 0
 0
 0.06335277378739304
 0
 0
 0
 0
 0
 0.1254631186031051
 0
 0
 0
 0.06335277378739304
 0
 0
 0
 0
 0
 0
 0
 0
 0
 0.06335277378739304
 0
 0
 0
 0
 0
 0
 0
 0
 0
 0.06335277378739304
 0
 0
 0
 0
 0
 0
 0
 0
 0
 0.06335277378739304
 0
 0
 0
 0
 0
 0
 0
 0
 0
 0
 0
 0
 0
 0
 0
 0
 0
 0
 0
 0
 0
 0
 0
