# Created by Octave 3.2.4, Wed Feb 06 19:58:04 2013 EST <rbom@zaphod>
# name: small_First_Fit
# type: matrix
# ndims: 3
 1 10 30
 3.296220356746956e-09
 1.035049147642081e-11
 3.330990009157295e-12
 1.005683853586035e-11
 1.783168233571498e-12
 5.294135218584101e-09
 1.333703911454456e-09
 5.20781803181698e-09
 1.143622410106942e-12
 2.414096490316854e-10
 2.174705864247192e-07
 5.736613262789185e-06
 5.710336607363803e-09
 1.149281527910862e-06
 4.500806912409201e-08
 3.133204042719884e-07
 5.641056523370502e-06
 2.164781640914486e-08
 9.275086820442838e-10
 2.557258014510609e-08
 2.338182701108148e-06
 5.613634120822806e-05
 3.74627187319908e-06
 3.587173946248575e-05
 2.121644754569983e-07
 8.832739534680816e-06
 5.641056523370502e-06
 3.099303110147729e-06
 7.989312304685218e-08
 5.018427028128456e-08
 3.959129290388052e-05
 5.664407439901115e-05
 9.999039769696576e-05
 0.0008635393386838613
 6.7654232152877e-06
 8.832739534680816e-06
 0.0006364521402705113
 3.099303110147729e-06
 3.321506415241624e-07
 2.27046509913767e-07
 8.618756426502031e-05
 5.664407439901115e-05
 9.999039769696576e-05
 0.0008635393386838613
 0.0001221899920721239
 8.832739534680816e-06
 0.00155546124722214
 0.0001665013167002644
 6.8598326954064e-07
 5.832340860679011e-07
 8.618756426502031e-05
 0.0005346654142965095
 9.999039769696576e-05
 0.0008635393386838613
 0.0001221899920721239
 0.0009054179082662003
 0.0006364521402705113
 0.006958348270913076
 8.935948856350407e-07
 0.0001562621828932579
 0.004275879668997765
 0.0005346654142965095
 0.0001937543377643822
 0.0008635393386838613
 0.0001221899920721239
 0.0009054179082662003
 0.0006364521402705113
 0.006958348270913076
 8.935948856350407e-07
 0.001064574656732784
 0.0312639533555521
 0.0005346654142965095
 0.0001100616952242559
 0.005284636026598116
 0.0002388755685677012
 0.0009054179082662003
 0.0006364521402705113
 0.006958348270913076
 8.935948856350407e-07
 0.007556214081763324
 0.0312639533555521
 0.01379908577902631
 0.0001937543377643822
 0.005284636026598116
 0.0042027060869913
 0.0009054179082662003
 0.0006364521402705113
 0.01808178790715008
 8.935948856350407e-07
 0.007556214081763324
 0.05861148122992042
 0.01379908577902631
 0.0001937543377643822
 0.01379908577902631
 0.0042027060869913
 0.0009054179082662003
 0.0006364521402705113
 0.006958348270913076
 8.935948856350407e-07
 0.007556214081763324
 0.05861148122992042
 0.01379908577902631
 0.0001100616952242559
 0.01379908577902631
 0.004534388750095268
 0.0009054179082662003
 0.0006364521402705113
 0.006958348270913076
 2.201453281606951e-06
 0.007556214081763324
 0.05861148122992042
 0.01379908577902631
 0.0001937543377643822
 0.01379908577902631
 0.004534388750095268
 0.05387627347484934
 0
 0.006958348270913076
 5.61997270395089e-06
 0.007556214081763324
 0.05861148122992042
 0.01379908577902631
 9.999039769696576e-05
 0.01379908577902631
 0.0042027060869913
 0.05387627347484934
 0
 0.006958348270913076
 5.61997270395089e-06
 0.02567647331714619
 0.05861148122992042
 0.01379908577902631
 9.999039769696576e-05
 0.01379908577902631
 0.0042027060869913
 0.05387627347484934
 0
 0.006958348270913076
 5.61997270395089e-06
 0.02567647331714619
 0.05861148122992042
 0.01379908577902631
 0.0001100616952242559
 0.01903045687569603
 0.004534388750095268
 0.05387627347484934
 0
 0.006958348270913076
 5.61997270395089e-06
 0.02567647331714619
 0.05861148122992042
 0
 0.004534388750095268
 0.01379908577902631
 0.006778422377345455
 0.05387627347484934
 0
 0
 8.294854580076548e-06
 0.007556214081763324
 0
 0
 0.004534388750095268
 0.0312639533555521
 0.006778422377345455
 0.05387627347484934
 0
 0
 1.889503783077188e-05
 0.02567647331714619
 0
 0
 0.01609524130131552
 0.0312639533555521
 0.006778422377345455
 0.05387627347484934
 0
 0
 8.294854580076548e-06
 0.02567647331714619
 0
 0
 0.01609524130131552
 0.0312639533555521
 0.006778422377345455
 0
 0
 0
 1.889503783077188e-05
 0.02567647331714619
 0
 0
 0.01609524130131552
 0.0312639533555521
 0.006958348270913076
 0
 0
 0
 1.889503783077188e-05
 0.02567647331714619
 0
 0
 0.01609524130131552
 0.05387627347484934
 0.006778422377345455
 0
 0
 0
 1.889503783077188e-05
 0.02567647331714619
 0
 0
 0.01609524130131552
 0.0312639533555521
 0.02140568344377825
 0
 0
 0
 8.294854580076548e-06
 0.05387627347484934
 0
 0
 0.01609524130131552
 0.0312639533555521
 0.006778422377345455
 0
 0
 0
 8.294854580076548e-06
 0.05861148122992042
 0
 0
 0.01609524130131552
 0.05861148122992042
 0.006778422377345455
 0
 0
 0
 8.294854580076548e-06
 0.05861148122992042
 0
 0
 0
 0.0312639533555521
 0.006778422377345455
 0
 0
 0
 8.294854580076548e-06
 0.05387627347484934
 0
 0
 0
 0.0312639533555521
 0.006778422377345455
 0
 0
 0
 0
 0.05387627347484934
 0
 0
 0
 0.0312639533555521
 0.01808178790715008
 0
 0
 0
 0
 0.05387627347484934
 0
 0
 0
 0.0312639533555521
 0.006778422377345455
 0
 0
 0
 0
 0.05387627347484934
 0
 0
 0
 0.05387627347484934
 0.006778422377345455
 0
 0
 0
 0
 0.05387627347484934
 0
 0
 0
 0.05387627347484934
 0.02140568344377825
 0
 0
 0
 0
 0
