# Created by Octave 3.2.4, Wed Feb 06 00:09:47 2013 EST <rbom@zaphod>
# name: small_First_Fit
# type: matrix
# ndims: 3
 1 10 30
 5.432644115182322e-09
 1.350565442328997e-11
 2.119350776489651e-07
 4.154202201111702e-11
 0.0001121957643991153
 2.025588372974563e-13
 1.292156268912537e-07
 1.069949205772739e-09
 8.388845430762947e-12
 6.81338239729655e-13
 4.550734359257131e-07
 3.265982498499552e-07
 1.477089967771485e-05
 5.453996574782109e-09
 0.0001121957643991153
 1.035299881396191e-10
 1.292156268912537e-07
 8.965934727313159e-08
 1.090110718614631e-07
 7.959453943971736e-09
 8.991012905196276e-06
 2.090075253451513e-05
 8.865374081442619e-05
 3.358294488921741e-07
 0.0002455242323887316
 1.491938995394939e-08
 1.292156268912537e-07
 9.899163612375432e-07
 1.130846580395737e-06
 7.959453943971736e-09
 1.463078373317829e-05
 2.167626383209012e-05
 0.0002644882623321821
 9.511312843544342e-07
 0.0002455242323887316
 2.671437785412725e-05
 1.292156268912537e-07
 9.899163612375432e-07
 4.641077205308434e-06
 1.252611336034162e-08
 0.0001844504315704469
 2.090075253451513e-05
 0.001101454568738849
 9.984187965702634e-06
 0.0002455242323887316
 2.671437785412725e-05
 1.768614176076203e-07
 9.899163612375432e-07
 2.741066704493502e-05
 1.252611336034162e-08
 0.0001844504315704469
 2.090075253451513e-05
 0.001101454568738849
 0.000772087432071211
 0.0002555801331564352
 3.944219788415764e-05
 1.244935081692534e-06
 9.899163612375432e-07
 2.741066704493502e-05
 1.252611336034162e-08
 0.000943867658660654
 2.090075253451513e-05
 0.001101454568738849
 0.000772087432071211
 0.0002455242323887316
 2.671437785412725e-05
 1.244935081692534e-06
 0.001872717452599551
 2.741066704493502e-05
 1.252611336034162e-08
 0.000943867658660654
 3.151207580582603e-05
 0.001101454568738849
 0.000772087432071211
 0.0002455242323887316
 0.0006256485074877471
 1.244935081692534e-06
 0.001872717452599551
 2.741066704493502e-05
 3.296816971073285e-07
 0.000943867658660654
 0.00134849323597329
 0.0017339303481227
 0.0008074612193281886
 0.001435315710922866
 0.00504387212845183
 2.12546612574677e-06
 0.001872717452599551
 2.741066704493502e-05
 3.296816971073285e-07
 0.006973164848599059
 0.00134849323597329
 0.0017339303481227
 0.00162039769242622
 0.001435315710922866
 0.00504387212845183
 2.12546612574677e-06
 0.005393178242051384
 2.741066704493502e-05
 1.901239287203819e-05
 0.006973164848599059
 0.006002531109434037
 0.0017339303481227
 0.00162039769242622
 0.001435315710922866
 0.00504387212845183
 1.244935081692534e-06
 0.003430262240100964
 0.00504387212845183
 1.901239287203819e-05
 0.006973164848599059
 0.006002531109434037
 0.0017339303481227
 0.00162039769242622
 0.001435315710922866
 0.00504387212845183
 1.244935081692534e-06
 0.001872717452599551
 0.00504387212845183
 0.00162039769242622
 0.006973164848599059
 0.006002531109434037
 0.001762758875000645
 0.00162039769242622
 0.001435315710922866
 0.00504387212845183
 1.244935081692534e-06
 0.001872717452599551
 0.00504387212845183
 0.00162039769242622
 0.006973164848599059
 0.006002531109434037
 0.002582878015771145
 0.00162039769242622
 0.001435315710922866
 0.00504387212845183
 1.244935081692534e-06
 0.005393178242051384
 0.00504387212845183
 0.00162039769242622
 0.006973164848599059
 0.006973164848599059
 0.001762758875000645
 0.00162039769242622
 0.001435315710922866
 0.00504387212845183
 1.244935081692534e-06
 0.005393178242051384
 0.00504387212845183
 0.00162039769242622
 0.006973164848599059
 0.006002531109434037
 0.001762758875000645
 0.00162039769242622
 0
 0
 0
 0.005393178242051384
 0.00504387212845183
 0.001995688334116894
 0
 0.006002531109434037
 0.001762758875000645
 0
 0
 0
 0
 0.005393178242051384
 0.00504387212845183
 0.001995688334116894
 0
 0.006002531109434037
 0.001762758875000645
 0
 0
 0
 0
 0.003810861495250656
 0
 0.001995688334116894
 0
 0.006002531109434037
 0.001762758875000645
 0
 0
 0
 0
 0.003810861495250656
 0
 0.001995688334116894
 0
 0.006002531109434037
 0.0017339303481227
 0
 0
 0
 0
 0.003810861495250656
 0
 0.00504387212845183
 0
 0.006002531109434037
 0
 0
 0
 0
 0
 0
 0
 0.001995688334116894
 0
 0
 0
 0
 0
 0
 0
 0
 0
 0.001995688334116894
 0
 0
 0
 0
 0
 0
 0
 0
 0
 0.001995688334116894
 0
 0
 0
 0
 0
 0
 0
 0
 0
 0.001995688334116894
 0
 0
 0
 0
 0
 0
 0
 0
 0
 0.003170614750704161
 0
 0
 0
 0
 0
 0
 0
 0
 0
 0.003170614750704161
 0
 0
 0
 0
 0
 0
 0
 0
 0
 0.003170614750704161
 0
 0
 0
 0
 0
 0
 0
 0
 0
 0.003170614750704161
 0
 0
 0
 0
 0
 0
 0
 0
 0
 0.003170614750704161
 0
 0
 0
 0
 0
 0
 0
 0
 0
 0.003170614750704161
