# Created by Octave 3.2.4, Tue Feb 05 08:38:59 2013 EST <rbom@zaphod>
# name: small_First_Fit
# type: matrix
# ndims: 3
 1 10 30
 6.140311952891979e-12
 4.474752073373922e-13
 1.953758447886766e-12
 2.668318141331832e-10
 5.473060659495678e-10
 5.107774535539247e-12
 4.726106911528123e-09
 1.126458407872857e-10
 8.330380910031665e-11
 8.827441856503635e-15
 2.755241375670468e-07
 3.285422378830828e-10
 3.048512581616572e-10
 3.708442851226803e-07
 4.503034311894183e-08
 5.276449161442007e-10
 4.726106911528123e-09
 1.356201317183825e-09
 1.392766909162568e-07
 6.02612606191017e-09
 5.810875000679135e-07
 1.789278803297429e-08
 2.697937676346566e-08
 4.765385529856187e-06
 5.037590971424591e-07
 9.295788655802999e-09
 5.749735721892858e-08
 1.356201317183825e-09
 3.45272190877411e-06
 2.472408309116502e-05
 3.333818090190878e-06
 8.49060575838777e-07
 2.697937676346566e-08
 5.460642585008961e-05
 5.037590971424591e-07
 1.077684577587867e-07
 2.646953589044723e-07
 1.548483760115393e-08
 3.45272190877411e-06
 2.472408309116502e-05
 3.333818090190878e-06
 8.49060575838777e-07
 2.943908509338106e-06
 5.460642585008961e-05
 2.058390607575975e-06
 1.077684577587867e-07
 2.622909939815091e-06
 1.548483760115393e-08
 6.695407884212277e-05
 0.0001217923410518218
 4.655332278846732e-06
 8.937658295051454e-05
 0.0003283834035793187
 5.460642585008961e-05
 9.147791449133831e-06
 9.272676716705998e-07
 0.0001295572820434634
 1.548483760115393e-08
 0.0007688349894005358
 0.0001217923410518218
 5.558220396481158e-05
 8.937658295051454e-05
 0.0003283834035793187
 8.787384235654711e-05
 2.472824828104532e-05
 8.737564980203561e-06
 0.0001295572820434634
 6.761876659637498e-07
 0.0007688349894005358
 0.002382129308650746
 0.0002883839144049598
 8.937658295051454e-05
 0.0003283834035793187
 8.787384235654711e-05
 2.472824828104532e-05
 2.016204386908511e-05
 0.0006245388510679516
 6.761876659637498e-07
 0.0007688349894005358
 0.002382129308650746
 0.0002883839144049598
 0.0003691485676168363
 0.0003283834035793187
 8.787384235654711e-05
 0.0001872172798742652
 9.561748924370835e-05
 0.0001295572820434634
 1.799542218895549e-05
 0.0007688349894005358
 0.002382129308650746
 0.0002883839144049598
 0.0005723169072038962
 0.0003283834035793187
 0.006973112176953624
 0.0001872172798742652
 9.561748924370835e-05
 0.0006245388510679516
 1.799542218895549e-05
 0.0007688349894005358
 0.002382129308650746
 0.0004613211944790568
 0.0005723169072038962
 0.0003283834035793187
 0.006973112176953624
 0.006973112176953624
 9.561748924370835e-05
 0.0006245388510679516
 1.799542218895549e-05
 0.0007688349894005358
 0.002382129308650746
 0.0004613211944790568
 0.002185844436822222
 0.0003283834035793187
 0.006973112176953624
 0.006973112176953624
 0.001889778613552026
 0.0006245388510679516
 1.799542218895549e-05
 0.0007688349894005358
 0.002382129308650746
 0.0002883839144049598
 0.002185844436822222
 0
 0.006973112176953624
 0.006973112176953624
 0.001889778613552026
 0.0009187963160391949
 1.799542218895549e-05
 0
 0.002382129308650746
 0.0004613211944790568
 0.002185844436822222
 0
 0.006973112176953624
 0.006973112176953624
 0.001889778613552026
 0.0009187963160391949
 2.04430760603087e-05
 0
 0
 0.0004613211944790568
 0.002185844436822222
 0
 0.006973112176953624
 0.006973112176953624
 0.001889778613552026
 0.001340430108754083
 2.329445928266133e-05
 0
 0
 0.0004613211944790568
 0.002185844436822222
 0
 0.006973112176953624
 0.006973112176953624
 0.001889778613552026
 0.0009187963160391949
 1.799542218895549e-05
 0
 0
 0.0002883839144049598
 0.002185844436822222
 0
 0
 0.006973112176953624
 0.001889778613552026
 0.0009187963160391949
 2.04430760603087e-05
 0
 0
 0.0002883839144049598
 0.002185844436822222
 0
 0
 0
 0.001889778613552026
 0.0009187963160391949
 0.0006733214275779131
 0
 0
 0.0002883839144049598
 0
 0
 0
 0
 0
 0.0009187963160391949
 0.001073604956453345
 0
 0
 0.0002883839144049598
 0
 0
 0
 0
 0
 0.0009187963160391949
 0.001073604956453345
 0
 0
 0
 0
 0
 0
 0
 0
 0.0009187963160391949
 0.001073604956453345
 0
 0
 0
 0
 0
 0
 0
 0
 0
 0.001073604956453345
 0
 0
 0
 0
 0
 0
 0
 0
 0
 0.001073604956453345
 0
 0
 0
 0
 0
 0
 0
 0
 0
 0.001073604956453345
 0
 0
 0
 0
 0
 0
 0
 0
 0
 0.001073604956453345
 0
 0
 0
 0
 0
 0
 0
 0
 0
 0
 0
 0
 0
 0
 0
 0
 0
 0
 0
 0
 0
 0
 0
 0
 0
 0
 0
 0
 0
 0
 0
 0
 0
 0
 0
 0
 0
 0
 0
 0
 0
 0
 0
 0
 0
 0
 0
 0
 0
 0
 0
 0
