# Created by Octave 3.2.4, Wed Feb 06 16:38:46 2013 EST <rbom@zaphod>
# name: small_First_Fit
# type: matrix
# ndims: 3
 1 10 30
 7.686586805843257e-10
 1.074198412917481e-13
 8.077391336759489e-09
 1.020419322031433e-11
 2.674627001117469e-15
 4.261168016938533e-10
 4.549471099193144e-11
 8.759181277618396e-11
 1.073846045193191e-12
 1.170022986360381e-11
 2.148980131308759e-07
 7.872298147356654e-12
 2.87030532251316e-07
 5.249255115570521e-08
 2.916281364380116e-10
 5.710687351600795e-10
 1.383049885593186e-07
 4.348836613835382e-09
 5.420973931575854e-10
 1.880536371649448e-09
 5.962457686091979e-06
 1.575441714926356e-09
 2.87030532251316e-07
 1.501028859840637e-06
 7.587525996136699e-08
 2.783240409689197e-09
 0.0001538336828062853
 1.122498029731511e-07
 5.420973931575854e-10
 7.345831543927483e-09
 1.171184865089298e-05
 2.877775909832948e-07
 2.164393829412764e-05
 3.846530396084103e-05
 5.138085285413884e-07
 2.177234757490163e-08
 0.0004366157363589356
 0.0001907943558194775
 4.643929454714745e-08
 7.345831543927483e-09
 8.313337935434106e-05
 1.677776252534045e-05
 0.0004554036652766232
 3.846530396084103e-05
 2.945756377730269e-05
 1.817766451329479e-07
 0.002005218695575617
 0.003796215720219161
 2.404786278456517e-06
 1.939548945032925e-07
 8.313337935434106e-05
 1.677776252534045e-05
 0.0004554036652766232
 3.846530396084103e-05
 0.0001259483950735038
 6.047620046181592e-07
 0.002005218695575617
 0.003796215720219161
 2.965404034250802e-05
 1.939548945032925e-07
 0.0003672560730939843
 3.074379835921102e-05
 0.0004554036652766232
 3.846530396084103e-05
 0.0001259483950735038
 3.018853755988087e-05
 0.002222711958815456
 0.003796215720219161
 0.0006069595874346848
 4.157946093233447e-06
 0.0003672560730939843
 0.001478530245525788
 0.0004554036652766232
 0.0002318571654545363
 0.001478530245525788
 0.0007235783919000772
 0.006841060844702614
 0.003796215720219161
 0.0006069595874346848
 4.157946093233447e-06
 0.003796215720219161
 0.002222711958815456
 0.0004554036652766232
 0.0002318571654545363
 0.001478530245525788
 0.0007235783919000772
 0.006841060844702614
 0.003796215720219161
 0.0006069595874346848
 4.157946093233447e-06
 0.003796215720219161
 0.002222711958815456
 0.0004554036652766232
 0.0002318571654545363
 0.001478530245525788
 0.0007235783919000772
 0.006841060844702614
 0.003796215720219161
 0.006841060844702614
 4.157946093233447e-06
 0.003796215720219161
 0.002222711958815456
 0.0004554036652766232
 0.0002318571654545363
 0.001478530245525788
 0.006841060844702614
 0.006841060844702614
 0.003796215720219161
 0.006841060844702614
 4.157946093233447e-06
 0.003796215720219161
 0.002222711958815456
 0
 0.0002318571654545363
 0.002222711958815456
 0.006841060844702614
 0.006841060844702614
 0
 0.006841060844702614
 4.157946093233447e-06
 0.003796215720219161
 0.002222711958815456
 0
 0.0002318571654545363
 0.003796215720219161
 0.006841060844702614
 0.006841060844702614
 0
 0.006841060844702614
 9.569767178687355e-05
 0.003796215720219161
 0.002222711958815456
 0
 0.0003639798107630773
 0.003796215720219161
 0.006841060844702614
 0.006841060844702614
 0
 0.006841060844702614
 9.569767178687355e-05
 0.003796215720219161
 0.002222711958815456
 0
 0.0002977968781551067
 0.003796215720219161
 0.006841060844702614
 0
 0
 0.006841060844702614
 0.000369505309598417
 0
 0
 0
 0.0002977968781551067
 0.003796215720219161
 0.006841060844702614
 0
 0
 0.006841060844702614
 0.000369505309598417
 0
 0
 0
 0.0002977968781551067
 0.003796215720219161
 0.006841060844702614
 0
 0
 0
 0.001641694517517526
 0
 0
 0
 0.0002977968781551067
 0.003796215720219161
 0
 0
 0
 0
 0.001641694517517526
 0
 0
 0
 0.0002977968781551067
 0.003796215720219161
 0
 0
 0
 0
 0.001641694517517526
 0
 0
 0
 0.0002977968781551067
 0
 0
 0
 0
 0
 0.001641694517517526
 0
 0
 0
 0
 0
 0
 0
 0
 0
 0.001641694517517526
 0
 0
 0
 0
 0
 0
 0
 0
 0
 0.001641694517517526
 0
 0
 0
 0
 0
 0
 0
 0
 0
 0.001641694517517526
 0
 0
 0
 0
 0
 0
 0
 0
 0
 0
 0
 0
 0
 0
 0
 0
 0
 0
 0
 0
 0
 0
 0
 0
 0
 0
 0
 0
 0
 0
 0
 0
 0
 0
 0
 0
 0
 0
 0
 0
 0
 0
 0
 0
 0
 0
 0
 0
 0
 0
 0
 0
 0
 0
 0
 0
 0
 0
 0
 0
 0
 0
 0
 0
 0
 0
 0
 0
 0
 0
