# Created by Octave 3.2.4, Wed Feb 06 08:48:53 2013 EST <rbom@zaphod>
# name: small_First_Fit
# type: matrix
# ndims: 3
 1 10 30
 4.153783670485674e-08
 3.688039330113176e-16
 2.422526882299135e-14
 1.121016688253223e-16
 2.165596257984892e-09
 5.673258039525998e-15
 1.027626834370556e-16
 4.162415899930225e-17
 6.156456040249475e-15
 3.537489438593212e-14
 4.153783670485674e-08
 9.835879952152939e-07
 3.156839341189838e-12
 1.121016688253223e-16
 2.165596257984892e-09
 6.386002273757343e-12
 1.210000643273971e-12
 1.177172161752455e-11
 7.207325085418068e-11
 5.752290858604677e-12
 4.153783670485674e-08
 9.835879952152939e-07
 8.520183048265392e-12
 1.845345972347663e-14
 1.429839305391118e-08
 1.94463966446233e-08
 6.789373507098038e-09
 2.818602523297225e-08
 4.196324413345679e-07
 2.523496421709583e-06
 1.226520549566812e-05
 9.835879952152939e-07
 7.60154014869823e-08
 4.813217323523077e-12
 5.164290956550837e-07
 9.992423868076422e-08
 6.789373507098038e-09
 1.026384066132287e-06
 5.652564501370542e-05
 1.642174115035195e-05
 0.000556069137131969
 0.008802429541571339
 7.833889428167714e-06
 2.27420873826523e-10
 5.164290956550837e-07
 2.088544313398992e-07
 4.840132291461947e-07
 1.026384066132287e-06
 0.0002513192831278137
 0.0009505795595904566
 0.000556069137131969
 0.008802429541571339
 4.904409584870142e-05
 1.86278498551736e-09
 5.164290956550837e-07
 2.592240593094687e-06
 4.840132291461947e-07
 1.026384066132287e-06
 0.001794853162771913
 0.009688194259030052
 0.000556069137131969
 0.008802429541571339
 0.0002784080426523206
 5.527325833456746e-07
 5.164290956550837e-07
 3.327606437479506e-05
 4.478638438342896e-06
 1.026384066132287e-06
 0.01239647903178884
 0.009688194259030052
 0.005599495185316238
 0.008802429541571339
 0.001318505317072745
 2.585888576688687e-05
 5.164290956550837e-07
 0.0006259334739480845
 4.478638438342896e-06
 0.005232133664235551
 0.01239647903178884
 0.009688194259030052
 0.005599495185316238
 0.008802429541571339
 0.001318505317072745
 2.585888576688687e-05
 5.164290956550837e-07
 0.001234123165036371
 4.478638438342896e-06
 0.005232133664235551
 0.01239647903178884
 0.009688194259030052
 0.005599495185316238
 0.01422192141682938
 0.001318505317072745
 0.0001414148095186607
 5.164290956550837e-07
 0.005232133664235551
 4.478638438342896e-06
 0.005232133664235551
 0.01239647903178884
 0.02693411770392141
 0.01422192141682938
 0.008802429541571339
 0.001318505317072745
 0.0001414148095186607
 0
 0.005533149450101403
 4.478638438342896e-06
 0.005232133664235551
 0.02693411770392141
 0.02693411770392141
 0.005599495185316238
 0.008802429541571339
 0.001318505317072745
 0.0001414148095186607
 0
 0.005533149450101403
 4.478638438342896e-06
 0.005232133664235551
 0.02693411770392141
 0.02693411770392141
 0.005599495185316238
 0.008802429541571339
 0.001318505317072745
 0.004846427143245309
 0
 0.005232133664235551
 4.478638438342896e-06
 0.005232133664235551
 0.02693411770392141
 0.02693411770392141
 0.005599495185316238
 0.008802429541571339
 0.001318505317072745
 0.004846427143245309
 0
 0.005232133664235551
 0
 0.005232133664235551
 0.02693411770392141
 0.02693411770392141
 0.005599495185316238
 0.01422192141682938
 0
 0.004846427143245309
 0
 0.005232133664235551
 0
 0
 0.02693411770392141
 0.02693411770392141
 0.01422192141682938
 0.01422192141682938
 0
 0.004846427143245309
 0
 0.005232133664235551
 0
 0
 0.02693411770392141
 0.02693411770392141
 0.01422192141682938
 0.01422192141682938
 0
 0.004846427143245309
 0
 0.005232133664235551
 0
 0
 0.02693411770392141
 0
 0.01422192141682938
 0.01422192141682938
 0
 0.004846427143245309
 0
 0
 0
 0
 0
 0
 0.01422192141682938
 0.008802429541571339
 0
 0.004846427143245309
 0
 0
 0
 0
 0
 0
 0.01422192141682938
 0.01422192141682938
 0
 0
 0
 0
 0
 0
 0
 0
 0.01422192141682938
 0.01422192141682938
 0
 0
 0
 0
 0
 0
 0
 0
 0.01422192141682938
 0.01422192141682938
 0
 0
 0
 0
 0
 0
 0
 0
 0
 0.01422192141682938
 0
 0
 0
 0
 0
 0
 0
 0
 0
 0.01422192141682938
 0
 0
 0
 0
 0
 0
 0
 0
 0
 0.01422192141682938
 0
 0
 0
 0
 0
 0
 0
 0
 0
 0.01422192141682938
 0
 0
 0
 0
 0
 0
 0
 0
 0
 0
 0
 0
 0
 0
 0
 0
 0
 0
 0
 0
 0
 0
 0
 0
 0
 0
 0
 0
 0
 0
 0
 0
 0
 0
 0
 0
 0
 0
 0
 0
 0
 0
 0
 0
 0
 0
 0
 0
