# Created by Octave 3.2.4, Tue Feb 05 21:22:08 2013 EST <rbom@zaphod>
# name: small_First_Fit
# type: matrix
# ndims: 3
 1 10 30
 4.380861019278745e-13
 1.306465310392718e-14
 4.26106094492812e-16
 1.374154604676335e-15
 5.317955640115502e-14
 3.007562625648298e-14
 6.846554388338522e-14
 1.197125302689996e-11
 8.27673156704856e-17
 2.096191155071557e-12
 1.417455704249009e-11
 3.144291054531885e-13
 4.356314503045981e-08
 3.318761584805949e-12
 1.86809340210002e-11
 1.239399383794818e-09
 6.846554388338522e-14
 1.266121834015011e-09
 8.559072211133286e-13
 1.171397110492763e-09
 2.018813293802121e-10
 7.223174380409943e-14
 4.356314503045981e-08
 3.318761584805949e-12
 1.425969181681101e-08
 1.910774728665681e-08
 8.897089663308853e-12
 2.2093058743551e-08
 8.559072211133286e-13
 1.982110778462044e-08
 8.96743938891596e-09
 7.94046984845973e-12
 1.451743243584987e-07
 5.162385331161462e-11
 1.50811152154748e-06
 2.451568605196031e-06
 8.897089663308853e-12
 2.2093058743551e-08
 2.061676323258655e-09
 2.040510839328796e-08
 7.262346202071468e-05
 1.612378389632302e-08
 1.451743243584987e-07
 5.162385331161462e-11
 1.50811152154748e-06
 2.451568605196031e-06
 7.174220380425064e-10
 4.086538545813777e-08
 1.940769090054532e-07
 2.293593502237115e-05
 7.262346202071468e-05
 2.607869227084461e-07
 1.277907825364526e-05
 5.162385331161462e-11
 1.50811152154748e-06
 2.451568605196031e-06
 1.616354332396905e-07
 4.086538545813777e-08
 7.348375198863562e-06
 2.293593502237115e-05
 7.262346202071468e-05
 2.607869227084461e-07
 1.277907825364526e-05
 5.162385331161462e-11
 1.50811152154748e-06
 2.451568605196031e-06
 1.54348780916877e-06
 3.549657596960419e-06
 7.348375198863562e-06
 9.774413551131318e-05
 7.262346202071468e-05
 2.607869227084461e-07
 0.0006637487722124968
 5.264840863332715e-09
 1.50811152154748e-06
 2.451568605196031e-06
 2.511993564875092e-05
 0.0001561785795151813
 7.348375198863562e-06
 9.774413551131318e-05
 7.262346202071468e-05
 1.274759458943788e-06
 0.0006637487722124968
 3.057709924963404e-06
 1.115215722707123e-05
 4.218771895383057e-05
 2.511993564875092e-05
 0.0001561785795151813
 7.348375198863562e-06
 2.293593502237115e-05
 7.262346202071468e-05
 2.177637844810048e-06
 0.0006637487722124968
 3.057709924963404e-06
 1.115215722707123e-05
 4.218771895383057e-05
 0.0001022573109238681
 0.0001561785795151813
 7.348375198863562e-06
 2.293593502237115e-05
 7.262346202071468e-05
 2.177637844810048e-06
 0.0006637487722124968
 9.127603157658482e-06
 0.0001970328660794357
 4.218771895383057e-05
 0.0001022573109238681
 0.0001561785795151813
 7.348375198863562e-06
 0.0006637487722124968
 0
 2.177637844810048e-06
 0.0006637487722124968
 0.0001254360443839149
 0.0002658555694996865
 4.218771895383057e-05
 0.0001022573109238681
 0.0001561785795151813
 7.348375198863562e-06
 0.0006637487722124968
 0
 2.177637844810048e-06
 0.0006637487722124968
 9.127603157658482e-06
 0.0002658555694996865
 4.218771895383057e-05
 0.001901983206329362
 0.001901983206329362
 0
 0.0006637487722124968
 0
 2.177637844810048e-06
 0.0006637487722124968
 1.757388009528628e-05
 0.0002658555694996865
 4.218771895383057e-05
 0.001901983206329362
 0.001901983206329362
 0
 0.0006637487722124968
 0
 2.177637844810048e-06
 0
 0.000536092187175574
 0.0002658555694996865
 4.218771895383057e-05
 0.001901983206329362
 0.001901983206329362
 0
 0.0006637487722124968
 0
 2.177637844810048e-06
 0
 0.000536092187175574
 0.0002658555694996865
 0
 0.001901983206329362
 0.001901983206329362
 0
 0.0006637487722124968
 0
 0
 0
 0.000536092187175574
 0.0002658555694996865
 0
 0.001901983206329362
 0.001901983206329362
 0
 0.0006637487722124968
 0
 0
 0
 0.000536092187175574
 0.001901983206329362
 0
 0.001901983206329362
 0.001901983206329362
 0
 0
 0
 0
 0
 0.000536092187175574
 0.001901983206329362
 0
 0.001901983206329362
 0.001901983206329362
 0
 0
 0
 0
 0
 0.000536092187175574
 0.001901983206329362
 0
 0
 0
 0
 0
 0
 0
 0
 0.000536092187175574
 0.001901983206329362
 0
 0
 0
 0
 0
 0
 0
 0
 0
 0.001901983206329362
 0
 0
 0
 0
 0
 0
 0
 0
 0
 0.001901983206329362
 0
 0
 0
 0
 0
 0
 0
 0
 0
 0.001901983206329362
 0
 0
 0
 0
 0
 0
 0
 0
 0
 0
 0
 0
 0
 0
 0
 0
 0
 0
 0
 0
 0
 0
 0
 0
 0
 0
 0
 0
 0
 0
 0
 0
 0
 0
 0
 0
 0
 0
 0
 0
 0
 0
 0
 0
 0
 0
 0
 0
 0
 0
 0
 0
 0
 0
 0
 0
 0
 0
 0
 0
 0
 0
 0
 0
 0
