# Created by Octave 3.2.4, Mon Feb 04 01:20:57 2013 EST <rbom@zaphod>
# name: small_First_Fit
# type: matrix
# ndims: 3
 1 10 30
 2.83020003326317e-16
 1.174755262912568e-11
 4.617009731749777e-14
 1.357423373392365e-17
 5.954004022997354e-15
 1.593181989938714e-15
 9.595261993792869e-16
 5.238171961738701e-12
 6.404786293541307e-15
 1.710632573085942e-16
 1.0800317709918e-12
 5.108957162203882e-11
 3.377467453403688e-12
 1.25447226174838e-15
 1.530151079925695e-13
 1.44777576012673e-11
 1.702544338155531e-11
 5.238171961738701e-12
 1.921057172347608e-11
 7.159074648208514e-07
 1.756595022412049e-09
 1.146515060216703e-09
 4.341254635818858e-09
 6.304796964329693e-13
 1.530151079925695e-13
 9.099256017436213e-09
 1.702544338155531e-11
 5.238171961738701e-12
 1.921057172347608e-11
 1.468075738788407e-05
 2.762850123940736e-08
 2.745544769842575e-08
 4.341254635818858e-09
 6.784821369182378e-11
 1.530151079925695e-13
 8.073037840158039e-07
 8.370283579452596e-09
 1.911576230570462e-09
 1.737059254365161e-08
 3.909847299258019e-05
 1.206493476727718e-07
 3.135909801653846e-07
 4.508059251333591e-07
 6.784821369182378e-11
 4.189570426985328e-12
 8.073037840158039e-07
 8.370283579452596e-09
 1.911576230570462e-09
 4.063082911665301e-07
 3.909847299258019e-05
 1.206493476727718e-07
 7.494589251970924e-06
 4.508059251333591e-07
 1.090588849870597e-08
 4.189570426985328e-12
 0.0002453709613196755
 6.758381693916942e-07
 4.316300447028155e-09
 4.051978722990052e-06
 0.000526530442464181
 6.937781986658243e-07
 0.0001284096742259678
 1.603648745538329e-06
 5.669782764042531e-09
 4.189570426985328e-12
 0.0002453709613196755
 6.758381693916942e-07
 1.695926488127988e-07
 4.051978722990052e-06
 0.000526530442464181
 6.937781986658243e-07
 0.01059562758215824
 0.0001183647366207606
 5.669782764042531e-09
 3.555358923426009e-10
 0.0002453709613196755
 5.517058341236379e-05
 1.695926488127988e-07
 0.0002336401069557936
 0.000526530442464181
 1.253124059792188e-05
 0.01059562758215824
 0.009881699188005541
 5.701985283893837e-08
 2.763540855030436e-08
 0.0002453709613196755
 5.517058341236379e-05
 1.695926488127988e-07
 0.0003885669691047293
 0.0005809097722340903
 1.253124059792188e-05
 0.01059562758215824
 0.009881699188005541
 9.035421269969943e-07
 2.953044570774372e-06
 0.0002453709613196755
 5.517058341236379e-05
 1.695926488127988e-07
 0.02168346383209675
 0.0005809097722340903
 1.253124059792188e-05
 0.01059562758215824
 0.009881699188005541
 8.183922686855973e-06
 2.953044570774372e-06
 0.0002453709613196755
 5.517058341236379e-05
 1.695926488127988e-07
 0.02168346383209675
 0.000526530442464181
 0.000208538980860671
 0.01059562758215824
 0.02168346383209675
 8.183922686855973e-06
 0.002475303724872584
 0.0002453709613196755
 5.517058341236379e-05
 1.695926488127988e-07
 0.02168346383209675
 0.0005809097722340903
 0.000208538980860671
 0.01059562758215824
 0.02168346383209675
 8.183922686855973e-06
 0.002475303724872584
 0.0002453709613196755
 5.517058341236379e-05
 1.695926488127988e-07
 0.02168346383209675
 0.0005809097722340903
 0.01395467940870404
 0.01059562758215824
 0.02168346383209675
 0.008020395438279093
 0.002475303724872584
 0.0002453709613196755
 5.517058341236379e-05
 1.695926488127988e-07
 0.02168346383209675
 0.0005809097722340903
 0.01395467940870404
 0.01059562758215824
 0.02168346383209675
 0.008020395438279093
 0.02168346383209675
 0.0002453709613196755
 5.517058341236379e-05
 1.695926488127988e-07
 0.02168346383209675
 0.0005809097722340903
 0.01395467940870404
 0.01059562758215824
 0.02168346383209675
 0.008020395438279093
 0.02168346383209675
 0.0002453709613196755
 5.517058341236379e-05
 1.695926488127988e-07
 0.02168346383209675
 0.0005809097722340903
 0.01395467940870404
 0.01059562758215824
 0.02168346383209675
 0.008020395438279093
 0.02168346383209675
 0.0002453709613196755
 0.008020395438279093
 1.695926488127988e-07
 0.02168346383209675
 0.0005809097722340903
 0.01395467940870404
 0.01059562758215824
 0.02168346383209675
 0.008020395438279093
 0.02168346383209675
 0.0002453709613196755
 0.008020395438279093
 1.695926488127988e-07
 0.02168346383209675
 0.0005809097722340903
 0.01395467940870404
 0.01059562758215824
 0.02168346383209675
 0.008020395438279093
 0.02168346383209675
 0.0002453709613196755
 0.008020395438279093
 1.695926488127988e-07
 0.02168346383209675
 0.0005809097722340903
 0.01395467940870404
 0.01059562758215824
 0.02168346383209675
 0.008020395438279093
 0.02168346383209675
 0.0002453709613196755
 0.008020395438279093
 1.695926488127988e-07
 0.02168346383209675
 0.0005809097722340903
 0.01395467940870404
 0.01059562758215824
 0.02168346383209675
 0.008020395438279093
 0.02168346383209675
 0.0002453709613196755
 0.008020395438279093
 1.695926488127988e-07
 0.02168346383209675
 0.0005809097722340903
 0.01395467940870404
 0.01059562758215824
 0.02168346383209675
 0.008020395438279093
 0.02168346383209675
 0.0002453709613196755
 0.008020395438279093
 1.695926488127988e-07
 0.02168346383209675
 0.0005809097722340903
 0.01395467940870404
 0.01059562758215824
 0.02168346383209675
 0.008020395438279093
 0.02168346383209675
 0.0002453709613196755
 0.008020395438279093
 1.695926488127988e-07
 0.02168346383209675
 0.0005809097722340903
 0.01395467940870404
 0.01059562758215824
 0.02168346383209675
 0.008020395438279093
 0.02168346383209675
 0.0002453709613196755
 0.008020395438279093
 1.695926488127988e-07
 0.02168346383209675
 0.0005809097722340903
 0.01395467940870404
 0.01059562758215824
 0.02168346383209675
 0.008020395438279093
 0.02168346383209675
 0.0002453709613196755
 0.008020395438279093
 1.695926488127988e-07
 0.02168346383209675
 0.0005809097722340903
 0.01395467940870404
 0.01059562758215824
 0.02168346383209675
 0.008020395438279093
 0.02168346383209675
 0.0002453709613196755
 0.008020395438279093
 1.695926488127988e-07
 0.02168346383209675
 0.0005809097722340903
 0.01395467940870404
 0.01059562758215824
 0.02168346383209675
 0.008020395438279093
 0.02168346383209675
 0.0002453709613196755
 0.008020395438279093
 1.695926488127988e-07
 0.02168346383209675
 0.0005809097722340903
 0.01395467940870404
 0.01059562758215824
 0.02168346383209675
 0.008020395438279093
 0.02168346383209675
 0.0002453709613196755
 0.008020395438279093
 1.695926488127988e-07
 0.02168346383209675
 0.02168346383209675
 0.01395467940870404
 0.01059562758215824
 0.02168346383209675
 0.008020395438279093
 0.02168346383209675
 0.0002453709613196755
 0.008020395438279093
 1.695926488127988e-07
 0.02168346383209675
 0.02168346383209675
 0.01395467940870404
 0.01059562758215824
 0.02168346383209675
 0.008020395438279093
 0.02168346383209675
 0.0002453709613196755
 0.008020395438279093
 1.695926488127988e-07
 0.02168346383209675
 0.02168346383209675
