# Created by Octave 3.2.4, Mon Feb 04 09:21:43 2013 EST <rbom@zaphod>
# name: small_First_Fit
# type: matrix
# ndims: 3
 1 10 30
 7.505159605805029e-07
 4.760485219624633e-15
 3.344464585893931e-09
 1.194196902621795e-13
 1.596084995622514e-16
 7.409921329241324e-13
 6.282584889324887e-12
 5.509894571417722e-08
 3.087209493700419e-12
 3.8853385144539e-11
 9.822376287514279e-06
 4.736944003087564e-09
 1.275639918549005e-07
 6.438979334268016e-11
 1.25422465364845e-11
 2.315268979058096e-09
 9.999116015055893e-08
 5.509894571417722e-08
 3.087209493700419e-12
 1.031718794188614e-08
 9.822376287514279e-06
 1.8616183939553e-06
 2.494098776940713e-06
 1.713556111276422e-08
 4.622342652436796e-09
 2.315268979058096e-09
 2.652234484145234e-07
 1.597064868358992e-07
 1.362523261770985e-10
 3.303068322246983e-07
 4.56597431514212e-05
 1.8616183939553e-06
 2.494098776940713e-06
 1.799084963440977e-07
 1.134066221257077e-07
 8.475850682425922e-08
 8.591724520676451e-07
 1.898337621607971e-06
 4.232242864932024e-09
 3.303068322246983e-07
 0.0001027274746942565
 0.0001635283123786474
 7.741072838974066e-07
 6.512864740106641e-06
 2.38776066664938e-07
 8.475850682425922e-08
 2.132660869582042e-05
 1.898337621607971e-06
 2.919400906959358e-07
 3.303068322246983e-07
 0.0005797934828236868
 0.001690863563266876
 0.006412677382261494
 1.55340510637983e-05
 1.245065751040772e-06
 2.860568250913907e-05
 0.0007951436445962092
 3.754882581955219e-05
 9.651772753612517e-05
 1.236672814859294e-06
 0.005944669363009109
 0.004814662288363802
 0.006412677382261494
 0.0007054508787785457
 1.397033012956335e-06
 0.000168062211419201
 0.0007951436445962092
 0.0001583844298014029
 0.004436950425097984
 2.824377510867446e-06
 0.005944669363009109
 0.004814662288363802
 0.006412677382261494
 0.0007054508787785457
 5.229478236940773e-05
 0.006944064511616267
 0.0007951436445962092
 0.002667812000042881
 0.004436950425097984
 2.824377510867446e-06
 0.005944669363009109
 0.004814662288363802
 0.006412677382261494
 0.006944064511616267
 7.951360110843562e-05
 0.01541408249892197
 0.002806813120463779
 0.002667812000042881
 0.004436950425097984
 6.754402259317499e-06
 0.005944669363009109
 0.004814662288363802
 0.006412677382261494
 0.006944064511616267
 0.0005332260813671269
 0.006944064511616267
 0.001024442791366632
 0.002667812000042881
 0.004436950425097984
 0.0001334872404103436
 0.005944669363009109
 0.01883165419348391
 0.006412677382261494
 0.006944064511616267
 0.0005332260813671269
 0.006944064511616267
 0.0007951436445962092
 0.002667812000042881
 0.004436950425097984
 0.0001334872404103436
 0.005944669363009109
 0.01883165419348391
 0.006412677382261494
 0.01541408249892197
 0.0005332260813671269
 0.01541408249892197
 0.0007951436445962092
 0.002667812000042881
 0.004436950425097984
 0.000253109994485275
 0.005944669363009109
 0.01883165419348391
 0.006412677382261494
 0.01541408249892197
 0.004583155139643096
 0.01541408249892197
 0.002806813120463779
 0.002667812000042881
 0.004436950425097984
 0.0002913953929424281
 0.005944669363009109
 0.01883165419348391
 0.006412677382261494
 0.01541408249892197
 0.006412677382261494
 0.01541408249892197
 0.002806813120463779
 0.002667812000042881
 0.004436950425097984
 0.0002913953929424281
 0.005944669363009109
 0.01883165419348391
 0.006412677382261494
 0.01541408249892197
 0.006412677382261494
 0.01541408249892197
 0.002806813120463779
 0.002667812000042881
 0.004436950425097984
 0.0002913953929424281
 0.005944669363009109
 0.01883165419348391
 0.006412677382261494
 0.01541408249892197
 0.006412677382261494
 0.01541408249892197
 0.002806813120463779
 0.002667812000042881
 0.004436950425097984
 0.009565380786353194
 0.005944669363009109
 0.01883165419348391
 0.006412677382261494
 0.01541408249892197
 0.006412677382261494
 0.01541408249892197
 0.002989699254185408
 0.002667812000042881
 0.004436950425097984
 0.01425302888655448
 0.005944669363009109
 0.01883165419348391
 0.006412677382261494
 0.01541408249892197
 0.006412677382261494
 0.01541408249892197
 0.002989699254185408
 0.002667812000042881
 0.004436950425097984
 0.01425302888655448
 0.005944669363009109
 0.01883165419348391
 0.006412677382261494
 0.01541408249892197
 0.006412677382261494
 0.01541408249892197
 0.002989699254185408
 0.006944064511616267
 0.004436950425097984
 0.01425302888655448
 0.005944669363009109
 0.01883165419348391
 0.006412677382261494
 0.01541408249892197
 0.006412677382261494
 0.01541408249892197
 0.002989699254185408
 0.006944064511616267
 0.004436950425097984
 0.01425302888655448
 0.005944669363009109
 0.01883165419348391
 0.006412677382261494
 0.01541408249892197
 0.01883165419348391
 0.01541408249892197
 0.002989699254185408
 0.006944064511616267
 0.004436950425097984
 0.01425302888655448
 0.005944669363009109
 0.01883165419348391
 0.006412677382261494
 0.01541408249892197
 0.006412677382261494
 0.01541408249892197
 0.002989699254185408
 0.006944064511616267
 0.004436950425097984
 0.01425302888655448
 0.005944669363009109
 0.01883165419348391
 0.006412677382261494
 0.01541408249892197
 0.006412677382261494
 0.01541408249892197
 0.002989699254185408
 0.006944064511616267
 0.004436950425097984
 0.01425302888655448
 0.005944669363009109
 0.01883165419348391
 0.006412677382261494
 0.01541408249892197
 0.01883165419348391
 0.01541408249892197
 0.002989699254185408
 0.006944064511616267
 0.004436950425097984
 0.01883165419348391
 0.005944669363009109
 0.01883165419348391
 0.006412677382261494
 0.01541408249892197
 0.01883165419348391
 0.01541408249892197
 0.002989699254185408
 0.006944064511616267
 0.004436950425097984
 0.01883165419348391
 0.005944669363009109
 0.01883165419348391
 0.006412677382261494
 0.01541408249892197
 0.01883165419348391
 0.01541408249892197
 0.002989699254185408
 0.006944064511616267
 0.004436950425097984
 0.01425302888655448
 0.005944669363009109
 0.01883165419348391
 0.006412677382261494
 0.01541408249892197
 0.006412677382261494
 0.01541408249892197
 0.002989699254185408
 0.006944064511616267
 0.004436950425097984
 0.01425302888655448
 0.005944669363009109
 0.01883165419348391
 0.006412677382261494
 0.01541408249892197
 0.01883165419348391
 0.01541408249892197
 0.002989699254185408
 0.01541408249892197
 0.004436950425097984
 0.01883165419348391
 0.005944669363009109
 0.01883165419348391
 0.006412677382261494
 0.01541408249892197
 0.006412677382261494
 0.01541408249892197
 0.002989699254185408
 0.01541408249892197
 0.004436950425097984
 0.01425302888655448
 0.005944669363009109
 0.01883165419348391
 0.006412677382261494
 0.01541408249892197
 0.006412677382261494
 0.01541408249892197
 0.002989699254185408
 0.006944064511616267
 0.004436950425097984
 0.01883165419348391
