# Created by Octave 3.2.4, Tue Feb 05 05:09:45 2013 EST <rbom@zaphod>
# name: small_First_Fit
# type: matrix
# ndims: 3
 1 10 30
 6.196471123986373e-13
 3.391928555448498e-14
 1.008703492777122e-10
 1.441686415830177e-15
 1.481983078129234e-15
 3.005755845152504e-11
 1.235074863744415e-13
 2.070903422545279e-14
 7.818208622440697e-10
 4.437493610674398e-09
 3.810411875414228e-10
 4.579184761834396e-13
 9.025572274685482e-08
 2.638456201509356e-12
 2.359524629418138e-11
 1.651888316775726e-09
 1.767672047985818e-10
 1.58712384810734e-11
 3.117641522142702e-08
 4.518610820502706e-07
 1.642658656147188e-08
 2.570354260949119e-11
 1.3305944860683e-06
 1.511831700420459e-10
 2.684838874177776e-10
 8.533178097784066e-08
 3.03132904079329e-06
 9.418244210319279e-10
 2.93944562326297e-07
 4.518610820502706e-07
 8.258265904017915e-06
 8.211184602446065e-10
 1.3305944860683e-06
 1.006593645278706e-07
 5.16895345528964e-09
 8.533178097784066e-08
 2.330762992027749e-05
 1.066484105220366e-08
 2.93944562326297e-07
 5.91258929224748e-06
 0.0002992601565890489
 1.365322425666938e-08
 1.3305944860683e-06
 4.18269304186667e-06
 7.954385697627186e-09
 3.827496966059228e-06
 2.330762992027749e-05
 6.073196968928612e-08
 2.93944562326297e-07
 7.252661845993833e-06
 0.0002992601565890489
 1.904293074891291e-06
 1.3305944860683e-06
 4.18269304186667e-06
 7.954385697627186e-09
 6.789860272176623e-05
 0.0002230073843440456
 6.757967437914199e-07
 4.545391512725352e-06
 7.238855277248657e-05
 0.0002992601565890489
 8.144476896007671e-06
 8.519687218734522e-05
 5.425966092828843e-05
 7.06609191335734e-08
 0.0007227984635903874
 0.0002230073843440456
 6.757967437914199e-07
 4.545391512725352e-06
 7.238855277248657e-05
 0.0002992601565890489
 8.144476896007671e-06
 8.519687218734522e-05
 5.425966092828843e-05
 7.06609191335734e-08
 0.0007227984635903874
 0.0002230073843440456
 7.51906134555379e-06
 4.545391512725352e-06
 7.238855277248657e-05
 0.0002992601565890489
 8.144476896007671e-06
 8.519687218734522e-05
 0.0001044608504550691
 5.16895345528964e-09
 0.0007227984635903874
 0.0002230073843440456
 1.148221510025751e-05
 4.545391512725352e-06
 7.238855277248657e-05
 0.0002992601565890489
 8.144476896007671e-06
 8.519687218734522e-05
 0.0001044608504550691
 9.450934259165172e-07
 0.0007227984635903874
 0.0002230073843440456
 1.148221510025751e-05
 4.545391512725352e-06
 7.238855277248657e-05
 0.0002992601565890489
 8.144476896007671e-06
 8.519687218734522e-05
 0.0001895143774000558
 9.450934259165172e-07
 0.0007227984635903874
 0.0002230073843440456
 2.559527746894678e-05
 4.545391512725352e-06
 7.238855277248657e-05
 0
 8.144476896007671e-06
 8.519687218734522e-05
 0.0001895143774000558
 1.893942704859469e-05
 0.0007227984635903874
 0.0002230073843440456
 2.559527746894678e-05
 0.0002216196271084645
 7.238855277248657e-05
 0
 8.144476896007671e-06
 8.519687218734522e-05
 0.0001044608504550691
 1.893942704859469e-05
 0.0007227984635903874
 0
 0.0002426519953260333
 0.0002216196271084645
 0
 0
 0
 0
 0.0001895143774000558
 0.001200830908262276
 0
 0
 0.0002426519953260333
 0.0003449394441381952
 0
 0
 0
 0
 0.0001895143774000558
 0.001200830908262276
 0
 0
 0.0002426519953260333
 0.0002216196271084645
 0
 0
 0
 0
 0.0001895143774000558
 0.001200830908262276
 0
 0
 0.0002426519953260333
 0.0003449394441381952
 0
 0
 0
 0
 0.0001895143774000558
 0.001200830908262276
 0
 0
 0.0002426519953260333
 0.0003449394441381952
 0
 0
 0
 0
 0.0001044608504550691
 0.001200830908262276
 0
 0
 0.0002426519953260333
 0.0002216196271084645
 0
 0
 0
 0
 0.0001044608504550691
 0.001200830908262276
 0
 0
 0.0002426519953260333
 0.0003449394441381952
 0
 0
 0
 0
 0.0001044608504550691
 0.001200830908262276
 0
 0
 0
 0.0003449394441381952
 0
 0
 0
 0
 0
 0
 0
 0
 0
 0.0003449394441381952
 0
 0
 0
 0
 0
 0
 0
 0
 0
 0.0003449394441381952
 0
 0
 0
 0
 0
 0
 0
 0
 0
 0.0002216196271084645
 0
 0
 0
 0
 0
 0
 0
 0
 0
 0.0002216196271084645
 0
 0
 0
 0
 0
 0
 0
 0
 0
 0.0002216196271084645
 0
 0
 0
 0
 0
 0
 0
 0
 0
 0
 0
 0
 0
 0
 0
 0
 0
 0
 0
 0
 0
 0
 0
 0
 0
 0
 0
 0
 0
 0
 0
 0
 0
 0
 0
 0
 0
 0
 0
 0
 0
 0
 0
 0
 0
 0
 0
 0
 0
 0
 0
