# Created by Octave 3.2.4, Sun Feb 03 23:51:19 2013 EST <rbom@zaphod>
# name: small_First_Fit
# type: matrix
# ndims: 3
 1 10 30
 1.642832418924456e-15
 4.224352940202386e-15
 3.405550547919509e-17
 1.35107101392295e-17
 2.510981770247612e-11
 2.004302381337454e-20
 6.813876462616485e-14
 1.036198783964084e-15
 4.893115921552283e-17
 5.155032126151021e-19
 1.155642640925926e-12
 2.998393631852149e-13
 3.775896320488184e-15
 2.048622054172721e-15
 7.257527854932168e-10
 2.735277679774559e-18
 4.262668522346747e-12
 3.979346758143057e-14
 4.651900322128761e-15
 5.737625050057808e-11
 1.022989955782525e-11
 6.361468724848331e-11
 3.775896320488184e-15
 1.699149121710015e-13
 7.257527854932168e-10
 1.782751243424054e-15
 7.228188190133658e-11
 3.979346758143057e-14
 3.496124506864698e-13
 3.117218911634049e-08
 8.4236497385632e-11
 1.472422387546749e-07
 6.537329203360502e-14
 5.339455477816448e-12
 7.257527854932168e-10
 1.782751243424054e-15
 2.707779339316917e-09
 2.398447266762808e-12
 1.443318309621049e-11
 2.916291560121079e-06
 5.315800124951377e-08
 1.557213059855339e-05
 2.475105652158377e-12
 3.962155321265489e-10
 1.789191465870096e-07
 5.294664130453634e-12
 2.707779339316917e-09
 2.398447266762808e-12
 9.287468324109619e-10
 1.220795804242889e-05
 5.622238910866328e-06
 1.557213059855339e-05
 1.77418284307162e-10
 2.696651585021766e-08
 1.125866271810787e-06
 1.178592236125614e-10
 3.574184873688136e-06
 2.456811052180237e-11
 2.175454060126078e-06
 0.0001988159991396865
 0.0004631689069577034
 0.0002924061180486125
 1.876476612722061e-08
 3.872274358985328e-08
 2.144115205428465e-05
 5.531486702822688e-09
 0.0001988159991396865
 2.598435896705199e-09
 9.660462533642508e-05
 0.0001988159991396865
 0.003310017315701092
 0.0002924061180486125
 1.497062206862644e-06
 2.696651585021766e-08
 2.144115205428465e-05
 8.334702845651907e-08
 0.0001988159991396865
 2.598435896705199e-09
 0.0006214684237183016
 0.0001988159991396865
 0.003310017315701092
 0.0002924061180486125
 7.401808936001428e-05
 2.696651585021766e-08
 2.144115205428465e-05
 8.334702845651907e-08
 0.0001988159991396865
 5.599490879092924e-07
 0.003310017315701092
 0.0001988159991396865
 0.003310017315701092
 0.0002924061180486125
 7.401808936001428e-05
 5.266452385275115e-06
 2.144115205428465e-05
 8.334702845651907e-08
 0.0001988159991396865
 5.599490879092924e-07
 0.003310017315701092
 0.0001988159991396865
 0.003310017315701092
 0.0002924061180486125
 0.001043566150882779
 0.004014898005402266
 0.004014898005402266
 8.334702845651907e-08
 0.0001988159991396865
 5.599490879092924e-07
 0.003310017315701092
 0.0001988159991396865
 0.003310017315701092
 0.0002924061180486125
 0.001043566150882779
 0.004014898005402266
 0.004014898005402266
 8.334702845651907e-08
 0.0001988159991396865
 5.599490879092924e-07
 0.003310017315701092
 0.0001988159991396865
 0.003310017315701092
 0.0002924061180486125
 0.001043566150882779
 0.004014898005402266
 0.004014898005402266
 8.334702845651907e-08
 0.0001988159991396865
 5.599490879092924e-07
 0.003310017315701092
 0.0001988159991396865
 0.003310017315701092
 0.0002924061180486125
 0.001043566150882779
 0.004014898005402266
 0.004014898005402266
 8.334702845651907e-08
 0.0001988159991396865
 5.599490879092924e-07
 0.003310017315701092
 0.0001988159991396865
 0.003310017315701092
 0.0002924061180486125
 0.001043566150882779
 0.004014898005402266
 0.004014898005402266
 8.334702845651907e-08
 0.0001988159991396865
 5.599490879092924e-07
 0.003310017315701092
 0.0001988159991396865
 0.003310017315701092
 0.0002924061180486125
 0.001043566150882779
 0.004014898005402266
 0.004014898005402266
 8.334702845651907e-08
 0.0001988159991396865
 5.599490879092924e-07
 0.003310017315701092
 0.0001988159991396865
 0.003310017315701092
 0.0002924061180486125
 0.001043566150882779
 0.004014898005402266
 0.004014898005402266
 8.334702845651907e-08
 0.0001988159991396865
 5.599490879092924e-07
 0.003310017315701092
 0.0001988159991396865
 0.003310017315701092
 0.0002924061180486125
 0.001043566150882779
 0.004014898005402266
 0.004014898005402266
 8.334702845651907e-08
 0.0001988159991396865
 5.599490879092924e-07
 0.003310017315701092
 0.0001988159991396865
 0.003310017315701092
 0.0002924061180486125
 0.001043566150882779
 0.004014898005402266
 0.004014898005402266
 8.334702845651907e-08
 0.0001988159991396865
 5.599490879092924e-07
 0.003310017315701092
 0.0001988159991396865
 0.003310017315701092
 0.0002924061180486125
 0.001043566150882779
 0.004014898005402266
 0.004014898005402266
 8.334702845651907e-08
 0.0001988159991396865
 5.599490879092924e-07
 0.003310017315701092
 0.0001988159991396865
 0.003310017315701092
 0.0002924061180486125
 0.001043566150882779
 0.004014898005402266
 0.004014898005402266
 8.334702845651907e-08
 0.0001988159991396865
 5.599490879092924e-07
 0.003310017315701092
 0.0001988159991396865
 0.003310017315701092
 0.0002924061180486125
 0.001043566150882779
 0.004014898005402266
 0.004014898005402266
 8.334702845651907e-08
 0.0001988159991396865
 5.599490879092924e-07
 0.003310017315701092
 0.0001988159991396865
 0.003310017315701092
 0.0002924061180486125
 0.001043566150882779
 0.004014898005402266
 0.004014898005402266
 8.334702845651907e-08
 0.0001988159991396865
 5.599490879092924e-07
 0.003310017315701092
 0.0001988159991396865
 0.003310017315701092
 0.0002924061180486125
 0.001043566150882779
 0.004014898005402266
 0.004014898005402266
 8.334702845651907e-08
 0.0001988159991396865
 5.599490879092924e-07
 0.003310017315701092
 0.0001988159991396865
 0.003310017315701092
 0.0002924061180486125
 0.001043566150882779
 0.004014898005402266
 0.004014898005402266
 8.334702845651907e-08
 0.0001988159991396865
 5.599490879092924e-07
 0.003310017315701092
 0.0001988159991396865
 0.003310017315701092
 0.0002924061180486125
 0.001043566150882779
 0.004014898005402266
 0.004014898005402266
 8.334702845651907e-08
 0.0001988159991396865
 5.599490879092924e-07
 0.003310017315701092
 0.0001988159991396865
 0.003310017315701092
 0.0002924061180486125
 0.001043566150882779
 0.004014898005402266
 0.004014898005402266
 8.334702845651907e-08
 0.0001988159991396865
 5.599490879092924e-07
 0.003310017315701092
 0.0001988159991396865
 0.003310017315701092
 0.0002924061180486125
 0.001043566150882779
 0.004014898005402266
 0.004014898005402266
 8.334702845651907e-08
 0.0001988159991396865
 5.599490879092924e-07
 0.003310017315701092
 0.0001988159991396865
 0.003310017315701092
 0.0002924061180486125
 0.001043566150882779
 0.004014898005402266
 0.004014898005402266
 8.334702845651907e-08
 0.0001988159991396865
 5.599490879092924e-07
 0.003310017315701092
 0.0001988159991396865
 0.003310017315701092
 0.0002924061180486125
 0.001043566150882779
 0.004014898005402266
 0.004014898005402266
 8.334702845651907e-08
 0.0001988159991396865
 5.599490879092924e-07
 0.003310017315701092
 0.0001988159991396865
