# Created by Octave 3.2.4, Wed Feb 06 15:30:38 2013 EST <rbom@zaphod>
# name: small_First_Fit
# type: matrix
# ndims: 3
 1 10 30
 6.176708565146763e-13
 6.592734752402773e-08
 5.107556215591671e-09
 2.627789437917628e-12
 2.811104524340537e-12
 5.330369916368548e-14
 0.0001540607180216425
 3.569222745187785e-13
 1.247512561560503e-08
 1.015595800907768e-09
 5.639806197802497e-10
 2.886281482149376e-06
 2.031980216043186e-08
 2.008097019199244e-07
 9.95234237058416e-10
 8.863432228189681e-10
 0.0001540607180216425
 3.246721113117223e-10
 4.593106825375615e-06
 3.535195414054971e-08
 5.639806197802497e-10
 2.886281482149376e-06
 1.091981549667338e-07
 2.008097019199244e-07
 4.645780838655308e-08
 1.253528590598513e-07
 0.0001540607180216425
 3.924122999369946e-09
 4.593106825375615e-06
 1.30087844548684e-07
 1.246259869566968e-09
 4.805216431182738e-05
 3.756048201092683e-06
 2.008097019199244e-07
 2.052538428274052e-07
 2.272130298639589e-05
 0.008559383381036071
 1.990091177192436e-07
 0.001073602374387298
 1.30087844548684e-07
 3.785366406620347e-09
 4.805216431182738e-05
 1.191866965198266e-05
 1.276674396872654e-06
 2.052538428274052e-07
 9.383769526220473e-05
 0.008559383381036071
 2.177668268540851e-05
 0.001073602374387298
 1.404380272210497e-05
 9.465649677010045e-09
 8.600909363780915e-05
 0.000798806248683197
 3.024958749089725e-06
 2.052538428274052e-07
 8.324761961973258e-05
 0.008559383381036071
 7.377599692517055e-05
 0.001073602374387298
 4.963858854499147e-05
 3.797935318043245e-06
 4.805216431182738e-05
 0.0008386055171421744
 6.528074241937591e-06
 2.210003678364694e-05
 0.0004687958044808202
 0.008559383381036071
 7.377599692517055e-05
 0.0026992436491409
 4.963858854499147e-05
 1.878994029800555e-05
 0.002732169007178912
 0.0008386055171421744
 6.528074241937591e-06
 2.210003678364694e-05
 0.0026405003277279
 0.008559383381036071
 7.377599692517055e-05
 0.0026992436491409
 4.963858854499147e-05
 0.001082543911576532
 0.002732169007178912
 0.0008386055171421744
 6.528074241937591e-06
 0.002747789278734028
 0.005860330927630623
 0.008559383381036071
 7.377599692517055e-05
 0.0026992436491409
 0.0001111737821620103
 0.001686075145937117
 0.002732169007178912
 0.0008386055171421744
 3.174491618466945e-06
 0.002747789278734028
 0.004060738714940206
 0.008559383381036071
 0.0001520624484379195
 0.0026992436491409
 0.0008169120827357166
 0.001906786956170914
 0.002732169007178912
 0.0008386055171421744
 0.0001494438257050688
 0.002747789278734028
 0.005265581597781288
 0
 0.0007858282902336183
 0.0026992436491409
 0.00285889143583251
 0.001906786956170914
 0.004727354591018255
 0.01457609276086315
 0.0005843992511956079
 0.002747789278734028
 0.005265581597781288
 0
 0.004727354591018255
 0.0026992436491409
 0.00285889143583251
 0.002802538899752451
 0.004727354591018255
 0.01457609276086315
 0.0005843992511956079
 0.002747789278734028
 0.005265581597781288
 0
 0.005860330927630623
 0.0026992436491409
 0.00285889143583251
 0.002802538899752451
 0.004727354591018255
 0.01457609276086315
 0.004627706088189056
 0.008559383381036071
 0.005265581597781288
 0
 0.005860330927630623
 0
 0.004215156095111926
 0.002802538899752451
 0.004727354591018255
 0.01457609276086315
 0.004627706088189056
 0.002747789278734028
 0.005265581597781288
 0
 0.005860330927630623
 0
 0.00285889143583251
 0.002802538899752451
 0.005860330927630623
 0.01457609276086315
 0.004627706088189056
 0.008559383381036071
 0.005265581597781288
 0
 0.005860330927630623
 0
 0.004215156095111926
 0.004627706088189056
 0.004727354591018255
 0.01457609276086315
 0.004627706088189056
 0.008559383381036071
 0.005265581597781288
 0
 0.005860330927630623
 0
 0.005919109145600916
 0.004627706088189056
 0.004727354591018255
 0.01457609276086315
 0.004627706088189056
 0.002747789278734028
 0
 0
 0.005860330927630623
 0
 0.005919109145600916
 0.004627706088189056
 0.004727354591018255
 0
 0.004627706088189056
 0.002747789278734028
 0
 0
 0.005860330927630623
 0
 0.004215156095111926
 0.004627706088189056
 0.004727354591018255
 0
 0.004627706088189056
 0.002747789278734028
 0
 0
 0
 0
 0.004215156095111926
 0.004627706088189056
 0.005860330927630623
 0
 0
 0.008559383381036071
 0
 0
 0
 0
 0.005919109145600916
 0.005265581597781288
 0.005860330927630623
 0
 0
 0.008559383381036071
 0
 0
 0
 0
 0.005919109145600916
 0.005265581597781288
 0.005860330927630623
 0
 0
 0.008559383381036071
 0
 0
 0
 0
 0.005919109145600916
 0.004627706088189056
 0.005860330927630623
 0
 0
 0.008559383381036071
 0
 0
 0
 0
 0.005265581597781288
 0.004627706088189056
 0.005860330927630623
 0
 0
 0.008559383381036071
 0
 0
 0
 0
 0.004215156095111926
 0.005265581597781288
 0.005860330927630623
 0
 0
 0.008559383381036071
 0
 0
 0
 0
 0.004215156095111926
 0.004627706088189056
 0.005860330927630623
 0
 0
 0.008559383381036071
 0
 0
 0
 0
 0.004215156095111926
 0.004627706088189056
 0
 0
 0
 0
 0
 0
 0
 0
 0
 0.004627706088189056
 0
 0
 0
 0
 0
 0
 0
 0
 0
 0.005265581597781288
 0
 0
 0
 0
 0
 0
 0
 0
 0
