# Created by Octave 3.2.4, Mon Feb 04 20:20:29 2013 EST <rbom@zaphod>
# name: small_First_Fit
# type: matrix
# ndims: 3
 1 10 30
 1.41994898274294e-16
 7.130599061107791e-16
 2.758467192058232e-17
 2.902670060324052e-16
 8.955494787496647e-23
 4.716896203916327e-17
 1.151613566268465e-15
 1.742098705278084e-19
 8.682872277357809e-18
 2.489143841378821e-15
 6.045837279152901e-13
 8.598860119772549e-08
 7.354908497317974e-13
 3.352007427450936e-15
 5.005936406361012e-18
 4.716896203916327e-17
 8.593961654726717e-14
 7.487411108336169e-13
 2.530338611807771e-16
 2.489143841378821e-15
 4.434911638012456e-11
 2.213661016594442e-06
 7.354908497317974e-13
 3.352007427450936e-15
 5.005936406361012e-18
 4.716896203916327e-17
 8.593961654726717e-14
 1.425794137661499e-10
 2.225871708627764e-14
 9.623341467342334e-13
 3.478762598389591e-08
 9.468023897753112e-06
 4.034276572756446e-08
 1.441371093475439e-10
 2.051175436264266e-14
 6.693313769485989e-14
 4.124632220313656e-12
 4.151985736540821e-09
 5.753036671144125e-13
 7.228134388696657e-10
 2.492687732730915e-05
 9.468023897753112e-06
 4.034276572756446e-08
 1.441371093475439e-10
 4.689765217170341e-11
 4.418110973518853e-11
 3.666420701580795e-10
 2.343637116449051e-06
 2.134360040018676e-08
 7.618904297948876e-10
 2.492687732730915e-05
 9.468023897753112e-06
 4.034276572756446e-08
 1.441371093475439e-10
 6.010817623575745e-08
 1.536525433934222e-07
 1.208809269737901e-07
 7.075847102247257e-05
 2.134360040018676e-08
 7.618904297948876e-10
 2.492687732730915e-05
 0.001941098560085169
 4.739363646101982e-05
 1.441371093475439e-10
 1.462154606853038e-05
 0.0002362768771763552
 3.604897518973578e-06
 7.075847102247257e-05
 2.134360040018676e-08
 3.23159196923178e-08
 0.0001388125759450272
 0.001941098560085169
 4.739363646101982e-05
 3.604897518973578e-06
 1.462154606853038e-05
 0.0002362768771763552
 3.604897518973578e-06
 0.0008012026168260415
 2.134360040018676e-08
 1.923488417291437e-05
 0.0001388125759450272
 0.001941098560085169
 4.739363646101982e-05
 3.604897518973578e-06
 2.70229325110416e-05
 0.0002362768771763552
 0.0001412513909827059
 0.0008012026168260415
 8.260515863753886e-07
 1.923488417291437e-05
 0.0001388125759450272
 0.001941098560085169
 4.739363646101982e-05
 3.604897518973578e-06
 1.462154606853038e-05
 0.0002362768771763552
 0.0001412513909827059
 0.008928738382949192
 1.394705012589517e-06
 7.104987777449419e-05
 0.0001388125759450272
 0.001941098560085169
 4.739363646101982e-05
 8.862863033677546e-05
 1.462154606853038e-05
 0.0002362768771763552
 0.0001412513909827059
 0.008928738382949192
 8.260515863753886e-07
 7.104987777449419e-05
 0.0002307848072586467
 0.001941098560085169
 4.739363646101982e-05
 8.862863033677546e-05
 2.70229325110416e-05
 0.0002362768771763552
 0.0001412513909827059
 0.008928738382949192
 5.185472185611142e-05
 7.104987777449419e-05
 0.0002307848072586467
 0.001941098560085169
 4.739363646101982e-05
 8.862863033677546e-05
 2.70229325110416e-05
 0.0002362768771763552
 0.0001412513909827059
 0.008928738382949192
 5.185472185611142e-05
 7.104987777449419e-05
 0.0002307848072586467
 0
 0
 8.862863033677546e-05
 2.70229325110416e-05
 0
 0.0001412513909827059
 0.008928738382949192
 5.185472185611142e-05
 7.104987777449419e-05
 0.0002307848072586467
 0
 0
 8.862863033677546e-05
 2.70229325110416e-05
 0
 0.0001412513909827059
 0.008928738382949192
 5.185472185611142e-05
 7.104987777449419e-05
 0.0002307848072586467
 0
 0
 8.862863033677546e-05
 2.70229325110416e-05
 0
 0
 0.008928738382949192
 5.185472185611142e-05
 7.104987777449419e-05
 0.0002307848072586467
 0
 0
 8.862863033677546e-05
 2.70229325110416e-05
 0
 0
 0
 5.185472185611142e-05
 0
 0.0002307848072586467
 0
 0
 0
 2.70229325110416e-05
 0
 0
 0
 0.006444532908584681
 0
 0
 0
 0
 0
 0
 0
 0
 0
 0.006444532908584681
 0
 0
 0
 0
 0
 0
 0
 0
 0
 0.006444532908584681
 0
 0
 0
 0
 0
 0
 0
 0
 0
 0.006444532908584681
 0
 0
 0
 0
 0
 0
 0
 0
 0
 0.006444532908584681
 0
 0
 0
 0
 0
 0
 0
 0
 0
 0.006444532908584681
 0
 0
 0
 0
 0
 0
 0
 0
 0
 0.006444532908584681
 0
 0
 0
 0
 0
 0
 0
 0
 0
 0
 0
 0
 0
 0
 0
 0
 0
 0
 0
 0
 0
 0
 0
 0
 0
 0
 0
 0
 0
 0
 0
 0
 0
 0
 0
 0
 0
 0
 0
 0
 0
 0
 0
 0
 0
 0
 0
 0
 0
 0
 0
 0
 0
 0
 0
 0
 0
 0
 0
 0
 0
