# Created by Octave 3.2.4, Mon Feb 04 17:17:27 2013 EST <rbom@zaphod>
# name: small_First_Fit
# type: matrix
# ndims: 3
 1 10 30
 8.156292990945392e-14
 3.37962546740302e-18
 2.729435553329493e-15
 2.710816654470126e-15
 3.041232885740258e-17
 1.259576735296227e-17
 1.481533980682791e-08
 1.252371314844382e-13
 7.526857020499644e-19
 2.803622387468813e-15
 8.156292990945392e-14
 8.621750518664456e-13
 3.301649509297238e-13
 9.916775957176864e-14
 4.285804270684052e-13
 1.329192110463716e-15
 1.481533980682791e-08
 4.82989313861892e-10
 2.919678940209695e-15
 5.513754793631924e-13
 6.221032996041144e-12
 4.504993207019492e-11
 1.647834677280147e-11
 1.566899023289748e-12
 2.445320477226826e-12
 1.215478046527727e-13
 9.541769460533368e-06
 3.304131959509453e-08
 4.859745897293313e-07
 7.889628749681694e-09
 1.477741495538187e-11
 4.504993207019492e-11
 6.61912495347821e-11
 1.566899023289748e-12
 8.42166397284738e-11
 6.009660343120365e-12
 9.541769460533368e-06
 1.036009622885263e-06
 7.0442863347081e-05
 5.671953325973473e-06
 1.049069507656422e-09
 2.211735298890074e-09
 4.528193367057005e-09
 1.566899023289748e-12
 9.250876211205131e-09
 4.372376786919473e-08
 9.541769460533368e-06
 1.036009622885263e-06
 0.0006926258480684525
 5.671953325973473e-06
 7.17674151628923e-08
 2.211735298890074e-09
 4.528193367057005e-09
 4.892415640203149e-09
 9.953165003743999e-07
 8.560354920747519e-06
 9.541769460533368e-06
 1.399035128760684e-05
 0.0006926258480684525
 0.0003141138399407413
 1.968077546546319e-06
 1.118285494741994e-08
 4.528193367057005e-09
 3.493130900257741e-06
 5.922903371448108e-05
 8.560354920747519e-06
 9.427972401596515e-05
 1.399035128760684e-05
 0.0006926258480684525
 0.0003141138399407413
 1.968077546546319e-06
 1.547776344301741e-05
 4.667505115582313e-06
 0.0002389501101257493
 5.922903371448108e-05
 8.560354920747519e-06
 9.427972401596515e-05
 1.399035128760684e-05
 0.0006926258480684525
 0.0003141138399407413
 1.968077546546319e-06
 0.0001234478677324413
 7.846547387617508e-06
 0.0002389501101257493
 5.922903371448108e-05
 2.004620661171961e-05
 9.427972401596515e-05
 1.399035128760684e-05
 0.0006926258480684525
 0.0003141138399407413
 1.968077546546319e-06
 0.0001234478677324413
 7.846547387617508e-06
 0.0002389501101257493
 0.0003326368341759796
 0.0002314413813757295
 0.004619246669672087
 0.001418099255290268
 0.0006926258480684525
 0.01750903241548903
 1.968077546546319e-06
 0.0001234478677324413
 0.0002310521290830817
 0.0002389501101257493
 0.004619246669672087
 0.0002314413813757295
 0.004619246669672087
 0.001418099255290268
 0.0006926258480684525
 0.01750903241548903
 1.968077546546319e-06
 0.0001234478677324413
 0.0002310521290830817
 0.01120830165306527
 0.01750903241548903
 0.0002314413813757295
 0.004619246669672087
 0.001418099255290268
 0
 0.01750903241548903
 1.968077546546319e-06
 0.0001234478677324413
 0.0005845259282803055
 0.01120830165306527
 0.01750903241548903
 0.0002314413813757295
 0.004619246669672087
 0.001418099255290268
 0
 0.02171537467805884
 0
 0.001507902582457707
 0.0005845259282803055
 0.01120830165306527
 0.01750903241548903
 0.0002314413813757295
 0.004619246669672087
 0.001679382400690099
 0
 0.02171537467805884
 0
 0.001507902582457707
 0.0003505463133623817
 0.01120830165306527
 0.01750903241548903
 0.0002314413813757295
 0.004619246669672087
 0.001679382400690099
 0
 0.02171537467805884
 0
 0.001507902582457707
 0.02171537467805884
 0.01120830165306527
 0.01750903241548903
 0.0002314413813757295
 0.004619246669672087
 0.001679382400690099
 0
 0.02171537467805884
 0
 0.001507902582457707
 0.02171537467805884
 0.01120830165306527
 0.01750903241548903
 0
 0
 0.001679382400690099
 0
 0.02171537467805884
 0
 0.001507902582457707
 0.02171537467805884
 0.01120830165306527
 0.01750903241548903
 0
 0
 0.008339972899231204
 0
 0.02171537467805884
 0
 0.008339972899231204
 0.02171537467805884
 0
 0
 0
 0
 0.01120830165306527
 0
 0.02171537467805884
 0
 0.008339972899231204
 0.02171537467805884
 0
 0
 0
 0
 0.01120830165306527
 0
 0
 0
 0.008339972899231204
 0.02171537467805884
 0
 0
 0
 0
 0.02171537467805884
 0
 0
 0
 0.008339972899231204
 0.02171537467805884
 0
 0
 0
 0
 0.02171537467805884
 0
 0
 0
 0.008339972899231204
 0
 0
 0
 0
 0
 0.01120830165306527
 0
 0
 0
 0.02171537467805884
 0
 0
 0
 0
 0
 0.02171537467805884
 0
 0
 0
 0.008339972899231204
 0
 0
 0
 0
 0
 0.02171537467805884
 0
 0
 0
 0.02171537467805884
 0
 0
 0
 0
 0
 0.01120830165306527
 0
 0
 0
 0.02171537467805884
 0
 0
 0
 0
 0
 0.02171537467805884
 0
 0
 0
 0.02171537467805884
 0
 0
 0
 0
 0
 0.02171537467805884
 0
 0
 0
 0.02171537467805884
 0
 0
 0
 0
 0
 0.02171537467805884
 0
 0
 0
 0.02171537467805884
 0
 0
 0
 0
 0
 0.02171537467805884
 0
 0
