# Created by Octave 3.2.4, Tue Feb 05 05:03:42 2013 EST <rbom@zaphod>
# name: small_First_Fit
# type: matrix
# ndims: 3
 1 10 30
 8.376933684004568e-17
 5.549012882012704e-16
 8.945662976156377e-15
 3.216405473584206e-17
 1.500250693650404e-15
 9.666766884282039e-15
 2.493011507985496e-15
 6.860622377189225e-11
 2.876782088519071e-19
 1.226311011605389e-17
 4.838582100977473e-15
 1.627995535635883e-14
 2.215430301849369e-10
 2.606563429329555e-14
 1.534243535865246e-11
 1.537937222809311e-13
 3.820982960324941e-13
 6.860622377189225e-11
 4.407105284852746e-16
 4.578718096637976e-11
 3.215949622164948e-13
 9.589730810171991e-12
 2.215430301849369e-10
 3.098757244061665e-12
 8.740045192198615e-11
 1.505919457048824e-12
 2.543315532387222e-11
 6.860622377189225e-11
 1.185133293200222e-12
 1.159226086078087e-07
 1.514943479805958e-11
 3.305807876001937e-11
 7.948182883794088e-08
 6.482228183692638e-09
 8.740045192198615e-11
 2.927520944622785e-08
 1.199218900731016e-09
 6.860622377189225e-11
 2.888479014885239e-08
 1.30943266515493e-06
 1.514943479805958e-11
 5.47580897202444e-07
 3.640410614116613e-06
 1.036147006967202e-06
 2.298754899429334e-09
 2.927520944622785e-08
 1.779146327009234e-08
 5.126769433202365e-09
 1.570547061964362e-06
 1.30943266515493e-06
 4.617812191556302e-08
 1.854353295797364e-05
 3.640410614116613e-06
 1.036147006967202e-06
 6.605077747777492e-09
 3.5415300144019e-07
 4.826214430777603e-07
 1.854353295797364e-05
 1.570547061964362e-06
 1.30943266515493e-06
 4.617812191556302e-08
 1.854353295797364e-05
 0.0004198261354136418
 1.036147006967202e-06
 6.605077747777492e-09
 9.400710479729444e-07
 4.337319970345776e-05
 1.854353295797364e-05
 4.435626244374552e-05
 1.30943266515493e-06
 1.140329159244037e-06
 0.002375826110865668
 7.595296680152316e-05
 1.036147006967202e-06
 1.1372961166207e-07
 7.808993756417949e-06
 4.337319970345776e-05
 0.002375826110865668
 0.0001417969114060878
 2.866537696345886e-05
 1.140329159244037e-06
 0.002375826110865668
 7.595296680152316e-05
 2.590002084341496e-05
 1.1372961166207e-07
 7.808993756417949e-06
 4.337319970345776e-05
 0.002375826110865668
 0.0001417969114060878
 2.866537696345886e-05
 1.140329159244037e-06
 0.002375826110865668
 7.595296680152316e-05
 2.590002084341496e-05
 5.3392030813063e-06
 7.808993756417949e-06
 4.337319970345776e-05
 0.002375826110865668
 0.002375826110865668
 3.64678916952159e-05
 0.0001057734895674432
 0.002375826110865668
 7.595296680152316e-05
 0.002275411775706641
 5.3392030813063e-06
 7.808993756417949e-06
 4.337319970345776e-05
 0.002375826110865668
 0.002375826110865668
 0.002375826110865668
 0.0001057734895674432
 0.002375826110865668
 7.595296680152316e-05
 0.002275411775706641
 0.0001057734895674432
 2.866537696345886e-05
 4.337319970345776e-05
 0.002375826110865668
 0.002375826110865668
 0.002375826110865668
 0.0001057734895674432
 0.002375826110865668
 7.595296680152316e-05
 0.002275411775706641
 0.0001057734895674432
 2.866537696345886e-05
 4.337319970345776e-05
 0.002375826110865668
 0.002375826110865668
 0.002375826110865668
 0.0001057734895674432
 0.002375826110865668
 0
 0.002275411775706641
 0.0001057734895674432
 2.866537696345886e-05
 0
 0.002375826110865668
 0.002375826110865668
 0.002375826110865668
 0.0001057734895674432
 0
 0
 0.002275411775706641
 0.0001057734895674432
 2.866537696345886e-05
 0
 0
 0.002375826110865668
 0.002375826110865668
 0.0001057734895674432
 0
 0
 0.002275411775706641
 0.002375826110865668
 3.439841706758608e-05
 0
 0
 0.002375826110865668
 0.002375826110865668
 0.002375826110865668
 0
 0
 0.002275411775706641
 0.002375826110865668
 3.939222951760747e-05
 0
 0
 0
 0.002375826110865668
 0.002375826110865668
 0
 0
 0
 0.002375826110865668
 3.939222951760747e-05
 0
 0
 0
 0
 0.002375826110865668
 0
 0
 0
 0.002375826110865668
 3.439841706758608e-05
 0
 0
 0
 0
 0.002375826110865668
 0
 0
 0
 0.002375826110865668
 3.439841706758608e-05
 0
 0
 0
 0
 0.002375826110865668
 0
 0
 0
 0.002375826110865668
 3.939222951760747e-05
 0
 0
 0
 0
 0.002375826110865668
 0
 0
 0
 0.002375826110865668
 3.939222951760747e-05
 0
 0
 0
 0
 0.002375826110865668
 0
 0
 0
 0
 3.439841706758608e-05
 0
 0
 0
 0
 0
 0
 0
 0
 0
 3.439841706758608e-05
 0
 0
 0
 0
 0
 0
 0
 0
 0
 3.439841706758608e-05
 0
 0
 0
 0
 0
 0
 0
 0
 0
 3.64678916952159e-05
 0
 0
 0
 0
 0
 0
 0
 0
 0
 3.64678916952159e-05
 0
 0
 0
 0
 0
 0
 0
 0
 0
 3.64678916952159e-05
 0
 0
 0
 0
 0
 0
 0
 0
 0
 3.64678916952159e-05
 0
 0
 0
 0
 0
 0
 0
 0
 0
 3.64678916952159e-05
 0
 0
 0
 0
