# Created by Octave 3.2.4, Wed Feb 06 14:24:04 2013 EST <rbom@zaphod>
# name: small_First_Fit
# type: matrix
# ndims: 3
 1 10 30
 5.762851124274454e-12
 1.646193516514497e-17
 1.359043558758512e-08
 7.719053801342677e-13
 9.029760970550085e-15
 9.398929926201979e-14
 2.261570478408575e-13
 4.286090776468761e-14
 4.554892019567569e-12
 1.838562533259292e-14
 5.762851124274454e-12
 4.724368665849163e-14
 1.111661116404306e-07
 2.157373142579412e-10
 2.952582126971069e-12
 1.538438033223182e-12
 1.038404519320414e-10
 1.163265254255881e-11
 3.939481911424341e-09
 1.12454002475204e-11
 2.036650535343947e-10
 2.073699099342161e-10
 6.396524089278872e-07
 1.014137588483689e-08
 9.330488818589341e-11
 2.515987630268044e-11
 1.089460080402951e-07
 5.884940758603581e-09
 1.080196825057275e-07
 2.952661042651809e-10
 1.001881071092916e-08
 3.587594867937179e-07
 5.228553188505654e-06
 9.660336267282766e-08
 9.330488818589341e-11
 2.966010436389498e-10
 1.465443720230195e-06
 1.380957850867489e-07
 1.142516341682121e-06
 2.952661042651809e-10
 1.001881071092916e-08
 1.238820543187362e-05
 5.228553188505654e-06
 6.931013171109058e-07
 2.784629947252121e-10
 4.910564843409694e-09
 1.465443720230195e-06
 1.380957850867489e-07
 1.142516341682121e-06
 1.733770384131551e-09
 1.001881071092916e-08
 1.238820543187362e-05
 1.716171885809528e-05
 5.196578564516719e-06
 1.061774010068009e-07
 3.607037569046221e-08
 6.998517115575025e-05
 1.682156644039232e-07
 2.319180222977981e-05
 2.370515600098724e-09
 1.544022668094806e-08
 1.238820543187362e-05
 7.749716628817739e-05
 5.196578564516719e-06
 5.426012933189859e-07
 1.136724861017745e-05
 0.0001050915592111549
 1.682156644039232e-07
 2.319180222977981e-05
 5.743128743225504e-09
 5.18638017186932e-07
 1.238820543187362e-05
 7.749716628817739e-05
 0.0002188508641174413
 4.984077939472769e-06
 1.136724861017745e-05
 0.0001050915592111549
 1.682156644039232e-07
 0.002050112968421784
 5.743128743225504e-09
 5.18638017186932e-07
 3.058821729920371e-05
 0.0002188508641174413
 0.0002188508641174413
 4.287511168220404e-05
 1.136724861017745e-05
 0.001302607891432383
 1.682156644039232e-07
 0.002050112968421784
 6.005693485007453e-08
 5.18638017186932e-07
 3.058821729920371e-05
 0.0002188508641174413
 0.00360811572914466
 0.0001323017724668422
 0.0002115922073969458
 0.001302607891432383
 1.380957850867489e-07
 0.002050112968421784
 6.005693485007453e-08
 5.18638017186932e-07
 3.058821729920371e-05
 7.749716628817739e-05
 0.00360811572914466
 0.0002225866721491531
 0.0002115922073969458
 0.001302607891432383
 1.682156644039232e-07
 0.002050112968421784
 3.20365951890543e-05
 5.18638017186932e-07
 3.058821729920371e-05
 7.749716628817739e-05
 0.00360811572914466
 0.0003569922752930421
 0.001302607891432383
 0.001738512973050637
 1.380957850867489e-07
 0.002050112968421784
 0.001458442456987378
 0.0002141929501711957
 3.058821729920371e-05
 7.749716628817739e-05
 0.00360811572914466
 0.0003569922752930421
 0.001302607891432383
 0.001738512973050637
 1.380957850867489e-07
 0.002050112968421784
 0.001458442456987378
 0.0002141929501711957
 0.0001465960483007764
 0.0002188508641174413
 0.00360811572914466
 0.0003569922752930421
 0.001302607891432383
 0.001302607891432383
 1.380957850867489e-07
 0.002050112968421784
 0.001458442456987378
 0.0002141929501711957
 0.0001465960483007764
 0.0002188508641174413
 0.00360811572914466
 0.0003569922752930421
 0.001738512973050637
 0.004641749566553002
 1.380957850867489e-07
 0
 0.001458442456987378
 0.0002141929501711957
 0.0001465960483007764
 0.0002188508641174413
 0.00360811572914466
 0.0003569922752930421
 0.001738512973050637
 0.004641749566553002
 1.380957850867489e-07
 0
 0.001458442456987378
 0.001302607891432383
 0.0001465960483007764
 0.0002188508641174413
 0
 0.0003569922752930421
 0.001738512973050637
 0.001738512973050637
 1.380957850867489e-07
 0
 0.001458442456987378
 0.001302607891432383
 0.0001465960483007764
 0.0002188508641174413
 0
 0.0003569922752930421
 0.001738512973050637
 0.001302607891432383
 0
 0
 0.001458442456987378
 0.001302607891432383
 0.0001465960483007764
 0.0002188508641174413
 0
 0
 0.001738512973050637
 0.004641749566553002
 0
 0
 0
 0.001302607891432383
 0.0001713675920098506
 0.00360811572914466
 0
 0
 0.004641749566553002
 0.004641749566553002
 0
 0
 0
 0.001302607891432383
 0.0001465960483007764
 0.00360811572914466
 0
 0
 0.002050112968421784
 0.004641749566553002
 0
 0
 0
 0.001302607891432383
 0.0001465960483007764
 0.00360811572914466
 0
 0
 0.001738512973050637
 0.004641749566553002
 0
 0
 0
 0.004641749566553002
 0.0001465960483007764
 0.00360811572914466
 0
 0
 0.001738512973050637
 0.004641749566553002
 0
 0
 0
 0.004641749566553002
 0.0001713675920098506
 0.00360811572914466
 0
 0
 0.001738512973050637
 0.004641749566553002
 0
 0
 0
 0.004641749566553002
 0.0001713675920098506
 0.00360811572914466
 0
 0
 0.002050112968421784
 0.004641749566553002
 0
 0
 0
 0.004641749566553002
 0.0001465960483007764
 0.00360811572914466
 0
 0
 0.002050112968421784
 0
 0
 0
 0
 0.004641749566553002
 0.0001465960483007764
 0
 0
 0
 0.002050112968421784
 0
 0
 0
 0
 0.004641749566553002
 0.0001713675920098506
 0
 0
 0
 0.002050112968421784
 0
 0
 0
 0
 0.004641749566553002
 0.0001465960483007764
 0
 0
 0
 0.004641749566553002
 0
 0
 0
 0
 0
 0.0001465960483007764
 0
 0
 0
 0.004641749566553002
 0
 0
 0
 0
