# Created by Octave 3.2.4, Mon Feb 04 10:30:19 2013 EST <rbom@zaphod>
# name: small_First_Fit
# type: matrix
# ndims: 3
 1 10 30
 1.284521843268519e-16
 5.299836844009768e-23
 5.051704225697822e-24
 1.187950459395609e-25
 3.587885600589049e-20
 1.761070995958582e-25
 2.222987582446294e-20
 2.581415254386956e-15
 9.969257843619739e-30
 1.261860599591808e-25
 1.414979612315878e-13
 5.760971913671175e-10
 6.269319557758213e-20
 6.798701766974733e-23
 2.862168184241253e-16
 1.107559063569874e-20
 2.222987582446294e-20
 1.542263906248866e-12
 3.644141611392164e-24
 3.388689777913637e-23
 1.496572842070955e-11
 3.307004700458436e-06
 9.762731551196415e-15
 8.119219590370636e-19
 7.882470943672419e-14
 7.606344198262488e-19
 2.222987582446294e-20
 7.965031995231921e-11
 2.463090301538603e-19
 5.252566220960762e-18
 6.193496984978789e-10
 3.307004700458436e-06
 9.762731551196415e-15
 8.119219590370636e-19
 5.413440126314313e-12
 6.754985103613788e-16
 2.897129128824453e-15
 1.074999317655289e-10
 1.6915775466812e-17
 6.807450081010616e-15
 6.193496984978789e-10
 0.0002271075351890024
 9.762731551196415e-15
 3.138724602088736e-16
 4.900843130568338e-09
 2.611278581118966e-13
 2.897129128824453e-15
 7.381996981977329e-09
 2.893539748989332e-14
 4.221743249131415e-12
 1.294661576567278e-06
 0.0002271075351890024
 1.02611057772634e-11
 1.438433435538083e-13
 9.958662827046891e-08
 1.54766460532132e-09
 2.897129128824453e-15
 7.381996981977329e-09
 2.893539748989332e-14
 4.465214093653597e-10
 1.294661576567278e-06
 0.0002271075351890024
 1.361798006853308e-08
 1.142970174398514e-09
 1.463880579739438e-05
 1.636872354421533e-07
 1.620042765865521e-12
 7.381996981977329e-09
 2.893539748989332e-14
 2.845921283672565e-08
 1.294661576567278e-06
 0.0002271075351890024
 1.361798006853308e-08
 6.774119980605821e-06
 0.001005290405195921
 1.636872354421533e-07
 1.112596775371699e-10
 7.381996981977329e-09
 2.893539748989332e-14
 1.954478181470501e-06
 1.294661576567278e-06
 0.0002271075351890024
 0.0008564493146811363
 6.774119980605821e-06
 0.001005290405195921
 1.636872354421533e-07
 1.208372758587933e-07
 7.381996981977329e-09
 9.085616765044999e-11
 1.954478181470501e-06
 0.0001369136787213738
 0.0002271075351890024
 0.0008564493146811363
 6.774119980605821e-06
 0.001005290405195921
 0.0007164581824276929
 0.0007164581824276929
 7.381996981977329e-09
 6.550638115698715e-08
 0.000233646013182259
 0.0001369136787213738
 0.0002271075351890024
 0.0008564493146811363
 6.774119980605821e-06
 0.001005290405195921
 0.0007164581824276929
 0.0007164581824276929
 7.381996981977329e-09
 6.550638115698715e-08
 0.000233646013182259
 0.0001369136787213738
 0.0002271075351890024
 0.0008564493146811363
 6.774119980605821e-06
 0.001005290405195921
 0.0007164581824276929
 0.0007164581824276929
 7.381996981977329e-09
 6.550638115698715e-08
 0.000233646013182259
 0.0001369136787213738
 0.0002271075351890024
 0.0008564493146811363
 0.0007164581824276929
 0.001005290405195921
 0.0007164581824276929
 0.0007164581824276929
 7.381996981977329e-09
 6.550638115698715e-08
 0.000233646013182259
 0.0001369136787213738
 0.0002271075351890024
 0.0008564493146811363
 0.0007164581824276929
 0.001005290405195921
 0.0007164581824276929
 0.0007164581824276929
 7.381996981977329e-09
 0.0001369136787213738
 0.000233646013182259
 0.0001369136787213738
 0.0002271075351890024
 0.0008564493146811363
 0.0007164581824276929
 0.001005290405195921
 0.0007164581824276929
 0.0007164581824276929
 7.381996981977329e-09
 0.0001369136787213738
 0.000233646013182259
 0.0001369136787213738
 0.0002271075351890024
 0.0008564493146811363
 0.0008564493146811363
 0.001005290405195921
 0.0007164581824276929
 0.0007164581824276929
 3.230874803187105e-05
 0.0001369136787213738
 0.000233646013182259
 0.0001369136787213738
 0.0002271075351890024
 0.0008564493146811363
 0.0007164581824276929
 0.001005290405195921
 0.0007164581824276929
 0.0007164581824276929
 3.230874803187105e-05
 0.0001369136787213738
 0.000233646013182259
 0.0001369136787213738
 0.0002271075351890024
 0.0008564493146811363
 0.0007164581824276929
 0.001005290405195921
 0.0007164581824276929
 0.0007164581824276929
 3.230874803187105e-05
 0.0001369136787213738
 0.000233646013182259
 0.0001369136787213738
 0.0002271075351890024
 0.0008564493146811363
 0.0007164581824276929
 0.001005290405195921
 0.0007164581824276929
 0.0007164581824276929
 3.230874803187105e-05
 0.0001369136787213738
 0.000233646013182259
 0.0001369136787213738
 0.0002271075351890024
 0.0008564493146811363
 0.0007164581824276929
 0.001005290405195921
 0.0007164581824276929
 0.0007164581824276929
 3.230874803187105e-05
 0.0001369136787213738
 0.000233646013182259
 0.0001369136787213738
 0.0002271075351890024
 0.0008564493146811363
 0.0007164581824276929
 0.001005290405195921
 0.0007164581824276929
 0.0007164581824276929
 3.230874803187105e-05
 0.0001369136787213738
 0.000233646013182259
 0.0001369136787213738
 0.0002271075351890024
 0.0008564493146811363
 0.0007164581824276929
 0.001005290405195921
 0.0007164581824276929
 0.0007164581824276929
 3.230874803187105e-05
 0.0001369136787213738
 0.000233646013182259
 0.0001369136787213738
 0.0002271075351890024
 0.0008564493146811363
 0.0007164581824276929
 0.001005290405195921
 0.0007164581824276929
 0.0007164581824276929
 3.230874803187105e-05
 0.0001369136787213738
 0.000233646013182259
 0.0001369136787213738
 0.0002271075351890024
 0.0008564493146811363
 0.0007164581824276929
 0.001005290405195921
 0.0007164581824276929
 0.0007164581824276929
 3.230874803187105e-05
 0.0001369136787213738
 0.000233646013182259
 0.0001369136787213738
 0.0002271075351890024
 0.0008564493146811363
 0.0007164581824276929
 0.001005290405195921
 0.0007164581824276929
 0.0007164581824276929
 3.230874803187105e-05
 0.0001369136787213738
 0.000233646013182259
 0.0001369136787213738
 0.0002271075351890024
 0.0008564493146811363
 0.0007164581824276929
 0.001005290405195921
 0.0007164581824276929
 0.0007164581824276929
 3.230874803187105e-05
 0.0001369136787213738
 0.000233646013182259
 0.0001369136787213738
 0.0002271075351890024
 0.0008564493146811363
 0.0007164581824276929
 0.001005290405195921
 0.0007164581824276929
 0.0007164581824276929
 3.230874803187105e-05
 0.0001369136787213738
 0.000233646013182259
 0.0001369136787213738
 0.0002271075351890024
 0.0008564493146811363
 0.0007164581824276929
 0.001005290405195921
 0.0007164581824276929
 0.0007164581824276929
 3.230874803187105e-05
 0.0001369136787213738
 0.000233646013182259
 0.0001369136787213738
 0.0002271075351890024
 0.0008564493146811363
 0.0007164581824276929
 0.001005290405195921
 0.0007164581824276929
 0.0007164581824276929
 3.230874803187105e-05
 0.0001369136787213738
 0.000233646013182259
 0.0001369136787213738
 0.0002271075351890024
 0.0008564493146811363
 0.0007164581824276929
 0.001005290405195921
 0.0007164581824276929
 0.0007164581824276929
 3.230874803187105e-05
 0.0001369136787213738
 0.000233646013182259
