# Created by Octave 3.2.4, Mon Feb 04 15:35:42 2013 EST <rbom@zaphod>
# name: small_First_Fit
# type: matrix
# ndims: 3
 1 10 30
 2.074725891770083e-16
 1.161024678152118e-13
 2.875169925580502e-16
 9.066390504876607e-20
 5.149815913380862e-13
 1.071421256227447e-22
 2.700211409611315e-15
 1.445975778597444e-18
 3.498302217450252e-18
 6.700764088940486e-22
 3.523542420388374e-14
 5.993269490190632e-12
 5.55163032096371e-14
 2.962638770158276e-17
 5.149815913380862e-13
 4.872866766489272e-13
 3.492190195243854e-10
 1.887153100048447e-13
 1.671388784504833e-14
 3.300128422855409e-18
 4.634607591938066e-12
 4.071787214692312e-10
 2.395382769925232e-11
 6.343533001475396e-13
 5.944503387944948e-11
 4.872866766489272e-13
 2.429617015491171e-06
 1.899360557700323e-11
 1.671388784504833e-14
 9.615742888669887e-18
 2.381147572848259e-10
 7.161200884687475e-07
 7.645502971634407e-09
 3.52455217116423e-11
 1.670528930519905e-10
 2.792340835527798e-09
 2.429617015491171e-06
 2.338582852977419e-08
 1.671388784504833e-14
 3.698878246914708e-18
 1.635253147482638e-08
 7.161200884687475e-07
 9.443216809410334e-08
 6.720087782904033e-09
 1.097331314462575e-08
 5.350993030889295e-08
 2.876136550190062e-05
 6.557563915715177e-06
 7.312993358133432e-11
 3.300128422855409e-18
 3.75367628847061e-07
 2.868652096921413e-05
 2.031297087091909e-05
 5.133622107806545e-08
 1.33439439202167e-05
 5.350993030889295e-08
 2.876136550190062e-05
 6.557563915715177e-06
 7.595262489848436e-10
 1.090249287555172e-14
 3.75367628847061e-07
 2.868652096921413e-05
 0.001394973871460996
 6.485111315137994e-06
 0.0006918730262604952
 4.739831943420839e-06
 2.876136550190062e-05
 0.0002579333460016014
 7.312993358133432e-11
 7.48731282184164e-13
 3.75367628847061e-07
 2.868652096921413e-05
 0.001394973871460996
 6.485111315137994e-06
 0.0006918730262604952
 4.739831943420839e-06
 2.876136550190062e-05
 0.0006918730262604952
 7.312993358133432e-11
 5.793434069661647e-12
 1.202277516896465e-05
 0.0006918730262604952
 0.001394973871460996
 0.001394973871460996
 0.0006918730262604952
 0.0003254969872478881
 2.876136550190062e-05
 0.0006918730262604952
 7.312993358133432e-11
 3.978608419211547e-10
 1.202277516896465e-05
 0.0006918730262604952
 0.001394973871460996
 0.001394973871460996
 0.0006918730262604952
 0.0003254969872478881
 2.876136550190062e-05
 0.0006918730262604952
 7.312993358133432e-11
 3.978608419211547e-10
 1.202277516896465e-05
 0.0006918730262604952
 0.001394973871460996
 0.001394973871460996
 0.0006918730262604952
 0.0003254969872478881
 2.876136550190062e-05
 0.0006918730262604952
 7.312993358133432e-11
 3.978608419211547e-10
 1.202277516896465e-05
 0.0006918730262604952
 0.001394973871460996
 0.001394973871460996
 0.0006918730262604952
 0.0003254969872478881
 0
 0.0006918730262604952
 3.674783054830776e-06
 3.978608419211547e-10
 0.004109235085740266
 0.0006918730262604952
 0.001394973871460996
 0.001394973871460996
 0.0006918730262604952
 0.0003254969872478881
 0
 0.0006918730262604952
 3.674783054830776e-06
 3.978608419211547e-10
 0.004109235085740266
 0.0006918730262604952
 0
 0.001394973871460996
 0
 0.0003254969872478881
 0
 0.0006918730262604952
 3.674783054830776e-06
 2.265533864776841e-08
 0.004109235085740266
 0.0006918730262604952
 0
 0.001394973871460996
 0
 0.0003254969872478881
 0
 0
 3.674783054830776e-06
 1.780904970964675e-05
 0.004109235085740266
 0
 0
 0
 0
 0
 0
 0
 3.674783054830776e-06
 1.780904970964675e-05
 0.004109235085740266
 0
 0
 0
 0
 0
 0
 0
 3.674783054830776e-06
 0.0006548088868753466
 0.004109235085740266
 0
 0
 0
 0
 0
 0
 0
 0.0003254969872478881
 0.0006548088868753466
 0.004109235085740266
 0
 0
 0
 0
 0
 0
 0
 0.0003254969872478881
 0.0006548088868753466
 0
 0
 0
 0
 0
 0
 0
 0
 0.0003254969872478881
 0.0006548088868753466
 0
 0
 0
 0
 0
 0
 0
 0
 0.0003254969872478881
 0.0006548088868753466
 0
 0
 0
 0
 0
 0
 0
 0
 0.0003254969872478881
 0.0006548088868753466
 0
 0
 0
 0
 0
 0
 0
 0
 0.0003254969872478881
 0.0006548088868753466
 0
 0
 0
 0
 0
 0
 0
 0
 0.0003254969872478881
 0
 0
 0
 0
 0
 0
 0
 0
 0
 0
 0
 0
 0
 0
 0
 0
 0
 0
 0
 0
 0
 0
 0
 0
 0
 0
 0
 0
 0
 0
 0
 0
 0
 0
 0
 0
 0
 0
 0
 0
 0
 0
 0
 0
 0
 0
 0
 0
 0
 0
 0
 0
 0
 0
 0
 0
 0
 0
 0
 0
 0
