# Created by Octave 3.2.4, Mon Feb 04 16:00:51 2013 EST <rbom@zaphod>
# name: small_First_Fit
# type: matrix
# ndims: 3
 1 10 30
 3.803702704144891e-14
 3.415880507597021e-10
 2.517422713684471e-18
 1.104406410064763e-16
 1.052425469033411e-16
 7.430405995584353e-15
 7.612870758153498e-17
 4.704450762648515e-17
 6.324406059701985e-16
 9.256614977813278e-14
 2.923561878857059e-11
 3.415880507597021e-10
 9.582431385217835e-17
 1.041635391769074e-13
 1.052425469033411e-16
 7.430405995584353e-15
 3.139433739093026e-13
 4.080890362231453e-14
 1.596160738330747e-10
 1.802539629987769e-11
 2.923561878857059e-11
 3.415880507597021e-10
 1.803801703282407e-14
 1.041635391769074e-13
 1.052425469033411e-16
 3.681847223656876e-13
 4.024380324221342e-12
 3.52698863030357e-12
 9.31017494689971e-09
 1.802539629987769e-11
 4.903699809378749e-09
 5.983946664146222e-09
 1.484261122142282e-11
 5.200115021587309e-12
 1.053780060618232e-13
 5.117765300955539e-10
 1.463701892954217e-09
 1.089635307988236e-10
 1.105642578418545e-07
 2.247273407201332e-09
 3.923338878201805e-08
 5.983946664146222e-09
 1.484261122142282e-11
 1.163553237203382e-10
 2.933839155056522e-12
 5.117765300955539e-10
 4.188865534388582e-09
 7.15007017297334e-09
 1.105642578418545e-07
 2.247273407201332e-09
 5.846032858259669e-06
 4.199582000952761e-06
 1.686991187983131e-08
 4.076981380382303e-09
 5.78689436885496e-12
 6.241213591898849e-09
 1.042404931142704e-06
 1.596983520260536e-07
 0.0001013653904271953
 3.780283828053925e-08
 5.15178640704333e-05
 4.199582000952761e-06
 5.007668463332836e-07
 2.373166524692411e-07
 1.08161883067135e-10
 1.23322293685305e-08
 1.042404931142704e-06
 9.483288226332625e-06
 0.0001013653904271953
 3.780283828053925e-08
 5.15178640704333e-05
 4.199582000952761e-06
 2.839466882293029e-06
 7.846522838168727e-06
 2.005399822545507e-07
 2.455291924720086e-06
 7.609295593779857e-05
 9.483288226332625e-06
 0.001374305033467505
 1.156779585573056e-06
 5.15178640704333e-05
 5.807843212808993e-05
 8.227815683377489e-05
 7.846522838168727e-06
 7.324008314994424e-06
 0.0003410234422889086
 7.609295593779857e-05
 5.15178640704333e-05
 0.001374305033467505
 1.156779585573056e-06
 8.227815683377489e-05
 5.807843212808993e-05
 8.227815683377489e-05
 7.846522838168727e-06
 7.324008314994424e-06
 0.001374305033467505
 7.609295593779857e-05
 5.15178640704333e-05
 0.001374305033467505
 5.011607543791088e-05
 8.227815683377489e-05
 5.807843212808993e-05
 8.227815683377489e-05
 5.758508720668499e-05
 7.324008314994424e-06
 0.001374305033467505
 7.609295593779857e-05
 5.15178640704333e-05
 0.001374305033467505
 5.011607543791088e-05
 8.227815683377489e-05
 5.807843212808993e-05
 8.227815683377489e-05
 0.0001863463231996672
 7.324008314994424e-06
 0.001374305033467505
 0.0006573997220119936
 5.15178640704333e-05
 0.001374305033467505
 5.011607543791088e-05
 8.227815683377489e-05
 5.807843212808993e-05
 8.227815683377489e-05
 0.0001863463231996672
 7.324008314994424e-06
 0.001374305033467505
 0.0006573997220119936
 6.446366831553384e-05
 0.001374305033467505
 5.011607543791088e-05
 8.227815683377489e-05
 5.807843212808993e-05
 8.227815683377489e-05
 0.0001863463231996672
 7.146952497024184e-05
 0.001374305033467505
 0.0006573997220119936
 6.446366831553384e-05
 0.001374305033467505
 5.011607543791088e-05
 8.227815683377489e-05
 5.807843212808993e-05
 8.227815683377489e-05
 0.001374305033467505
 7.146952497024184e-05
 0.001374305033467505
 0.0006573997220119936
 7.166630186299332e-05
 0
 5.011607543791088e-05
 8.227815683377489e-05
 0
 0
 0.001374305033467505
 7.146952497024184e-05
 0.001374305033467505
 0.0006573997220119936
 5.15178640704333e-05
 0
 5.011607543791088e-05
 0
 0
 0
 0.001374305033467505
 7.146952497024184e-05
 0
 0.0006573997220119936
 8.227815683377489e-05
 0
 0
 0
 0
 0
 0.001374305033467505
 7.146952497024184e-05
 0
 0.0006573997220119936
 8.227815683377489e-05
 0
 0
 0
 0
 0
 0.001374305033467505
 7.146952497024184e-05
 0
 0
 7.166630186299332e-05
 0
 0
 0
 0
 0
 0.001374305033467505
 7.146952497024184e-05
 0
 0
 7.166630186299332e-05
 0
 0
 0
 0
 0
 0.001374305033467505
 0
 0
 0
 7.166630186299332e-05
 0
 0
 0
 0
 0
 0
 0
 0
 0
 7.166630186299332e-05
 0
 0
 0
 0
 0
 0
 0
 0
 0
 7.166630186299332e-05
 0
 0
 0
 0
 0
 0
 0
 0
 0
 0
 0
 0
 0
 0
 0
 0
 0
 0
 0
 0
 0
 0
 0
 0
 0
 0
 0
 0
 0
 0
 0
 0
 0
 0
 0
 0
 0
 0
 0
 0
 0
 0
 0
 0
 0
 0
 0
 0
 0
 0
 0
 0
 0
 0
 0
 0
 0
 0
 0
 0
 0
 0
 0
 0
 0
 0
 0
 0
 0
 0
 0
 0
