# Created by Octave 3.2.4, Tue Feb 05 22:31:36 2013 EST <rbom@zaphod>
# name: small_First_Fit
# type: matrix
# ndims: 3
 1 10 30
 1.083646608041305e-11
 5.752218627641053e-17
 8.011952740843248e-12
 1.904556899564896e-12
 1.19944534578478e-18
 3.058711845645096e-18
 8.707524186143391e-16
 3.38050340501357e-14
 1.50387925265785e-15
 3.827423573423166e-12
 3.740140674365636e-09
 4.514751345118129e-09
 8.370881907353448e-10
 1.904556899564896e-12
 9.645544043104571e-15
 1.10761901091122e-17
 1.645501073999026e-12
 2.864753821322947e-10
 8.227775566686941e-13
 2.855703110767706e-09
 6.407393798067817e-07
 1.577681455252883e-08
 3.440248607050846e-08
 3.74262464122267e-09
 9.82857396293489e-12
 1.10761901091122e-17
 3.403697302634361e-09
 1.728264314206303e-07
 4.126039298513651e-10
 3.972861703844636e-07
 3.994104900256681e-06
 7.562127697157561e-06
 2.85096704491344e-06
 3.043261338593499e-06
 9.82857396293489e-12
 6.280163119437839e-15
 1.011019559505576e-07
 1.728264314206303e-07
 8.044675446017023e-07
 3.972861703844636e-07
 3.994104900256681e-06
 7.562127697157561e-06
 2.85096704491344e-06
 7.992455175675913e-05
 7.201829615706537e-09
 1.063587682445074e-11
 2.790600629622578e-06
 1.728264314206303e-07
 2.294085596976005e-05
 1.93285101995134e-05
 9.580664029082047e-06
 7.562127697157561e-06
 2.85096704491344e-06
 7.992455175675913e-05
 1.694597628931916e-07
 2.828964288349369e-11
 2.790600629622578e-06
 1.728264314206303e-07
 0.0001697527713823153
 0.0007573723260149068
 9.580664029082047e-06
 7.562127697157561e-06
 2.85096704491344e-06
 0.008178810066160924
 1.694597628931916e-07
 2.828964288349369e-11
 9.470596323184148e-06
 1.728264314206303e-07
 0.0006567993662963112
 0.0007573723260149068
 9.580664029082047e-06
 7.562127697157561e-06
 2.85096704491344e-06
 0.008178810066160924
 1.016261426642188e-06
 2.828964288349369e-11
 5.194946457762021e-05
 1.728264314206303e-07
 0.004159670975041384
 0.0007573723260149068
 9.580664029082047e-06
 0.0001942962328458368
 2.85096704491344e-06
 0.05137183572463528
 9.761481118919143e-05
 7.483452476595223e-10
 5.194946457762021e-05
 1.728264314206303e-07
 0.004159670975041384
 0.0007573723260149068
 4.950734149880304e-05
 0.0001942962328458368
 2.85096704491344e-06
 0.05137183572463528
 0.002443697796840547
 6.081836366015807e-07
 5.194946457762021e-05
 1.728264314206303e-07
 0.05137183572463528
 0.0007573723260149068
 4.950734149880304e-05
 0.001269611014460332
 0
 0.05137183572463528
 0.002443697796840547
 0.0003054447545478118
 0.003369812624655604
 0
 0.05137183572463528
 0.0007573723260149068
 0.0001661752026172901
 0.0006389649696548605
 0
 0.05137183572463528
 0.002443697796840547
 0.0003054447545478118
 0.003369812624655604
 0
 0.05137183572463528
 0.0007573723260149068
 0.0001661752026172901
 0.001557807801919465
 0
 0.05137183572463528
 0.004627551629478252
 0.0003054447545478118
 0.003369812624655604
 0
 0.05137183572463528
 0
 0.0001661752026172901
 0.001557807801919465
 0
 0.05137183572463528
 0.004627551629478252
 0.0003054447545478118
 0.003369812624655604
 0
 0.05137183572463528
 0
 0.001922900357592645
 0.0006389649696548605
 0
 0.05137183572463528
 0.004627551629478252
 0.0006567550006137476
 0.02543647331212092
 0
 0.05137183572463528
 0
 0.001922900357592645
 0.0009702978667602087
 0
 0
 0.002443697796840547
 0.02543647331212092
 0.02543647331212092
 0
 0.05137183572463528
 0
 0.001922900357592645
 0.0009702978667602087
 0
 0
 0.002443697796840547
 0.02543647331212092
 0.02543647331212092
 0
 0
 0
 0.001922900357592645
 0.004627551629478252
 0
 0
 0.002443697796840547
 0.02543647331212092
 0.05137183572463528
 0
 0
 0
 0.001922900357592645
 0.008178810066160924
 0
 0
 0.002443697796840547
 0.02543647331212092
 0.05137183572463528
 0
 0
 0
 0.004159670975041384
 0.004627551629478252
 0
 0
 0
 0.02543647331212092
 0.02543647331212092
 0
 0
 0
 0.004159670975041384
 0.004627551629478252
 0
 0
 0
 0.02543647331212092
 0.02543647331212092
 0
 0
 0
 0.004159670975041384
 0.004627551629478252
 0
 0
 0
 0.02543647331212092
 0.02543647331212092
 0
 0
 0
 0.001922900357592645
 0.004627551629478252
 0
 0
 0
 0
 0.02543647331212092
 0
 0
 0
 0.004159670975041384
 0.004627551629478252
 0
 0
 0
 0
 0.02543647331212092
 0
 0
 0
 0.001922900357592645
 0.05137183572463528
 0
 0
 0
 0
 0
 0
 0
 0
 0.001922900357592645
 0.05137183572463528
 0
 0
 0
 0
 0
 0
 0
 0
 0.004159670975041384
 0.05137183572463528
 0
 0
 0
 0
 0
 0
 0
 0
 0.004159670975041384
 0.05137183572463528
 0
 0
 0
 0
 0
 0
 0
 0
 0.004159670975041384
 0.05137183572463528
 0
 0
 0
 0
 0
 0
 0
 0
 0.004159670975041384
 0.05137183572463528
 0
 0
 0
 0
 0
 0
 0
 0
