# Created by Octave 3.2.4, Wed Feb 06 01:57:34 2013 EST <rbom@zaphod>
# name: small_First_Fit
# type: matrix
# ndims: 3
 1 10 30
 1.630942285809618e-14
 1.359604932433881e-09
 4.804458063611527e-15
 4.088928180677034e-14
 1.914732311468274e-12
 2.322616537574895e-15
 1.126595232559831e-13
 1.013038912803757e-13
 5.174464554829628e-12
 1.613701551801663e-13
 6.845752858192545e-13
 2.420201368799829e-09
 7.734680433761326e-13
 4.999525407790104e-11
 3.483045607997446e-09
 3.301056587541533e-13
 7.662450404582416e-11
 1.305322547121914e-10
 5.132705161690699e-09
 8.562514941320016e-10
 3.831056837260714e-11
 5.844071015083623e-08
 3.560696002934058e-11
 7.409651561289599e-09
 6.240914468369861e-07
 2.306672429082372e-10
 4.176356534947495e-08
 1.305322547121914e-10
 5.132705161690699e-09
 9.3895191402689e-08
 1.235618654765154e-09
 5.844071015083623e-08
 1.563220377072856e-08
 7.409651561289599e-09
 6.240914468369861e-07
 1.774794015163693e-08
 3.449595776118614e-05
 1.305322547121914e-10
 6.45883166465244e-09
 1.03295571555049e-06
 3.330688943213621e-08
 5.844071015083623e-08
 8.621335500323255e-07
 5.18874622114844e-06
 9.126514642620475e-07
 1.208719372336627e-06
 0.0002518159947804972
 1.305322547121914e-10
 5.132705161690699e-09
 3.607975067412323e-05
 5.214143585827172e-08
 3.094057610038957e-07
 4.129232914382111e-05
 0.001820213554731149
 1.375554480933306e-05
 1.464695131791811e-06
 0.0002518159947804972
 2.135487231562718e-08
 6.139480044353622e-07
 3.607975067412323e-05
 5.214143585827172e-08
 7.043874376101561e-06
 0.0007049916524636725
 0.001820213554731149
 1.375554480933306e-05
 1.208719372336627e-06
 0.0002518159947804972
 2.323311937073374e-06
 4.997227476359485e-05
 3.607975067412323e-05
 5.214143585827172e-08
 7.043874376101561e-06
 0.0007049916524636725
 0.001820213554731149
 0.001820213554731149
 1.208719372336627e-06
 0.0002518159947804972
 3.263854551356191e-05
 4.997227476359485e-05
 3.607975067412323e-05
 5.214143585827172e-08
 7.043874376101561e-06
 0.0007049916524636725
 0.001820213554731149
 0.001820213554731149
 1.208719372336627e-06
 0.0002518159947804972
 3.263854551356191e-05
 4.997227476359485e-05
 3.607975067412323e-05
 5.214143585827172e-08
 7.043874376101561e-06
 0.0007049916524636725
 0.001820213554731149
 0.001820213554731149
 3.560502825051753e-05
 0.0002518159947804972
 4.613768656120686e-05
 4.997227476359485e-05
 3.607975067412323e-05
 3.330688943213621e-08
 0.0006012574647046118
 0.0007049916524636725
 0.001820213554731149
 0.001820213554731149
 0.0001920091248112755
 0.000928682103856713
 4.613768656120686e-05
 4.997227476359485e-05
 0.0001920091248112755
 2.079461683473675e-05
 0.01544027791921266
 0.0007049916524636725
 0.001820213554731149
 0.001820213554731149
 0.0001920091248112755
 0.000928682103856713
 4.613768656120686e-05
 4.997227476359485e-05
 0.0001920091248112755
 2.079461683473675e-05
 0.01544027791921266
 0.0007049916524636725
 0
 0.001820213554731149
 0.0003273000970628475
 0.000928682103856713
 4.613768656120686e-05
 4.997227476359485e-05
 0.0003273000970628475
 2.079461683473675e-05
 0.01544027791921266
 0
 0
 0.001820213554731149
 0.0001920091248112755
 0.000928682103856713
 4.613768656120686e-05
 0
 0.0003273000970628475
 2.079461683473675e-05
 0.01544027791921266
 0
 0
 0
 0.0001920091248112755
 0.003108758982932783
 4.613768656120686e-05
 0
 0.0003273000970628475
 2.079461683473675e-05
 0.01544027791921266
 0
 0
 0
 0.0001920091248112755
 0.003108758982932783
 4.613768656120686e-05
 0
 0.0003273000970628475
 2.079461683473675e-05
 0.01544027791921266
 0
 0
 0
 0.0003273000970628475
 0.003108758982932783
 0
 0
 0.001820213554731149
 2.079461683473675e-05
 0.01544027791921266
 0
 0
 0
 0.0003273000970628475
 0.003108758982932783
 0
 0
 0.001820213554731149
 0
 0
 0
 0
 0
 0.0003273000970628475
 0.003108758982932783
 0
 0
 0.001820213554731149
 0
 0
 0
 0
 0
 0.001016251765355994
 0.003108758982932783
 0
 0
 0.001820213554731149
 0
 0
 0
 0
 0
 0.0003273000970628475
 0.003108758982932783
 0
 0
 0.001820213554731149
 0
 0
 0
 0
 0
 0.0003273000970628475
 0
 0
 0
 0.001820213554731149
 0
 0
 0
 0
 0
 0.0003273000970628475
 0
 0
 0
 0.001820213554731149
 0
 0
 0
 0
 0
 0.001820213554731149
 0
 0
 0
 0
 0
 0
 0
 0
 0
 0.001820213554731149
 0
 0
 0
 0
 0
 0
 0
 0
 0
 0.001820213554731149
 0
 0
 0
 0
 0
 0
 0
 0
 0
 0.001820213554731149
 0
 0
 0
 0
 0
 0
 0
 0
 0
 0.001820213554731149
 0
 0
 0
 0
 0
 0
 0
 0
 0
 0.001820213554731149
 0
 0
 0
 0
 0
 0
 0
 0
 0
 0.001820213554731149
 0
 0
 0
 0
