# Created by Octave 3.2.4, Mon Feb 04 14:34:48 2013 EST <rbom@zaphod>
# name: small_First_Fit
# type: matrix
# ndims: 3
 1 10 30
 5.440240296153162e-14
 1.2918953088482e-15
 1.939295206008418e-13
 2.096553924109452e-15
 5.114209903578507e-13
 1.074875381516555e-09
 7.033241098229598e-12
 3.374924350664527e-12
 3.282924852442673e-11
 4.128701610375923e-14
 4.30408733142456e-10
 1.443685177429397e-07
 1.908531542435057e-08
 1.013717009463322e-11
 7.507861661045916e-10
 2.097754902174124e-06
 3.509702222774064e-10
 6.303576048177812e-06
 1.046856333938715e-08
 1.865170284886298e-11
 4.30408733142456e-10
 2.901493196050177e-06
 1.288248722190703e-07
 4.78539404907143e-09
 7.507861661045916e-10
 2.278852411797971e-06
 1.659231339738223e-07
 0.0004950081963765313
 1.046856333938715e-08
 1.865170284886298e-11
 1.635593724002424e-08
 0.000395232956460634
 1.244682241439516e-05
 2.431077966476155e-07
 7.507861661045916e-10
 2.097754902174124e-06
 1.449478758129244e-06
 0.0004950081963765313
 1.046856333938715e-08
 9.555576861182366e-10
 1.635593724002424e-08
 0.000395232956460634
 1.244682241439516e-05
 7.46353522764029e-07
 7.507861661045916e-10
 5.274079699035948e-06
 1.449478758129244e-06
 0.0004950081963765313
 1.184799563618032e-06
 9.555576861182366e-10
 7.616110390912086e-07
 0.000395232956460634
 6.670566338238529e-05
 3.038451069768347e-05
 6.234434646088952e-08
 2.097754902174124e-06
 1.449478758129244e-06
 0.0004950081963765313
 1.184799563618032e-06
 1.074690849947029e-08
 3.281883399079771e-05
 0.00177802690932383
 6.670566338238529e-05
 0.0008805375854795306
 1.915703948317784e-06
 5.274079699035948e-06
 6.603366701009087e-05
 0.0004950081963765313
 1.184799563618032e-06
 8.016839590288084e-08
 3.281883399079771e-05
 0.000395232956460634
 1.244682241439516e-05
 0.0008805375854795306
 2.874000812455769e-05
 5.274079699035948e-06
 7.71854610041101e-05
 0.0004950081963765313
 1.184799563618032e-06
 2.321135835719655e-06
 3.281883399079771e-05
 0.000395232956460634
 1.244682241439516e-05
 0.0008805375854795306
 0.0009036632861174111
 5.274079699035948e-06
 0.0004398421882363974
 0.003460002258764969
 0.0001071751386246515
 2.321135835719655e-06
 3.281883399079771e-05
 0.000395232956460634
 6.670566338238529e-05
 0.0008805375854795306
 0.001626738479407313
 5.274079699035948e-06
 0.0004398421882363974
 0.003460002258764969
 0.0001071751386246515
 0.0004477422385817054
 3.281883399079771e-05
 0.00131240670314088
 0.0008805375854795306
 0.0008805375854795306
 0.001626738479407313
 5.274079699035948e-06
 0.0004398421882363974
 0.003460002258764969
 0.0001071751386246515
 0.0004477422385817054
 0.0004477422385817054
 0.002015905038489251
 0.002015905038489251
 0.002015905038489251
 0.001626738479407313
 5.274079699035948e-06
 0.0004477422385817054
 0.003460002258764969
 0.0001071751386246515
 0.0004477422385817054
 0.0004477422385817054
 0.002015905038489251
 0.002015905038489251
 0.002015905038489251
 0.001626738479407313
 5.274079699035948e-06
 0.0004398421882363974
 0.003460002258764969
 0.0001071751386246515
 0.0004477422385817054
 0.0004477422385817054
 0.002015905038489251
 0.002015905038489251
 0.002015905038489251
 0.001626738479407313
 0
 0.0004398421882363974
 0.003460002258764969
 0.0001071751386246515
 0.0004477422385817054
 0.0004477422385817054
 0.002015905038489251
 0.002894626501020788
 0.002015905038489251
 0.001626738479407313
 0
 0.0004477422385817054
 0.003460002258764969
 0.00308936228944316
 0.0004477422385817054
 0.0004477422385817054
 0.002015905038489251
 0.002894626501020788
 0.002015905038489251
 0.001764558678923766
 0
 0.0004477422385817054
 0
 0.00308936228944316
 0.0004477422385817054
 0.0004477422385817054
 0.002015905038489251
 0.002894626501020788
 0.002015905038489251
 0.001764558678923766
 0
 0.0004477422385817054
 0
 0.00308936228944316
 0
 0.0004477422385817054
 0.002894626501020788
 0.002894626501020788
 0.002894626501020788
 0.001764558678923766
 0
 0.00177802690932383
 0
 0.00308936228944316
 0
 0
 0.002894626501020788
 0.002894626501020788
 0.002894626501020788
 0.001764558678923766
 0
 0.00177802690932383
 0
 0.00308936228944316
 0
 0
 0.002894626501020788
 0.002894626501020788
 0.002894626501020788
 0.001626738479407313
 0
 0.00177802690932383
 0
 0.00308936228944316
 0
 0
 0.002894626501020788
 0.002015905038489251
 0.002894626501020788
 0.001626738479407313
 0
 0.00177802690932383
 0
 0.00308936228944316
 0
 0
 0.002894626501020788
 0
 0.002894626501020788
 0.001626738479407313
 0
 0.00177802690932383
 0
 0
 0
 0
 0.002894626501020788
 0
 0.002894626501020788
 0
 0
 0.00177802690932383
 0
 0
 0
 0
 0.002894626501020788
 0
 0.002894626501020788
 0
 0
 0.00177802690932383
 0
 0
 0
 0
 0
 0
 0
 0
 0
 0
 0
 0
 0
 0
 0
 0
 0
 0
 0
 0
 0
 0
 0
 0
 0
 0
 0
 0
 0
 0
 0
 0
 0
 0
 0
 0
 0
 0
 0
 0
 0
 0
 0
 0
 0
 0
 0
 0
 0
 0
 0
 0
 0
 0
 0
 0
 0
 0
 0
 0
 0
 0
 0
