# Created by Octave 3.2.4, Wed Feb 06 12:01:56 2013 EST <rbom@zaphod>
# name: small_First_Fit
# type: matrix
# ndims: 3
 1 10 30
 7.01183014541984e-09
 1.106808403658841e-05
 2.976590706237048e-07
 8.888041817273392e-07
 1.299201802790287e-06
 7.983589306620395e-07
 6.457876640796877e-08
 2.557804146104004e-08
 1.854223745781563e-08
 4.71948247448095e-09
 9.600288253103925e-06
 0.001265197072983906
 0.002263606446393232
 1.161124799830575e-05
 0.0001695583401412416
 2.486658179949272e-06
 1.5819676756731e-05
 2.086951962822933e-06
 7.664022157621542e-06
 5.719848207717774e-06
 0.0001420348963742073
 0.001265197072983906
 0.01319544391275368
 0.002229703662421902
 0.003685425977562888
 1.767296764892996e-06
 0.001325755509196147
 0.0001240256810915328
 0.0002850088545300441
 0.0004845424814301615
 0.01214996165828884
 0.003292648226926327
 0.01319544391275368
 0.01413833005197734
 0.003685425977562888
 2.942010405135255e-05
 0.002983220179210884
 0.0004153725373510901
 0.0005944976918539323
 0.0007040020231614574
 0.01252450249073585
 0.003292648226926327
 0.01319544391275368
 0.01413833005197734
 0.02340801345826189
 6.93146267697515e-05
 0.01117184334831144
 0.0004153725373510901
 0.000738257119357167
 0.001052665507318588
 0.01252450249073585
 0.005020513224537633
 0.01319544391275368
 0.01570887181149207
 0.02340801345826189
 0.0003582050292294502
 0.01117184334831144
 0.002875632792081357
 0.01252450249073585
 0.002605832562543646
 0.02332457825714585
 0.005020513224537633
 0.01319544391275368
 0.01570887181149207
 0.02340801345826189
 0.003162657761451373
 0.01975169662860183
 0.002875632792081357
 0.01252450249073585
 0.002605832562543646
 0.02332457825714585
 0.005020513224537633
 0.01319544391275368
 0.04838971203661663
 0.007714755090585442
 0.003183089312181987
 0.01975169662860183
 0.005656269299220071
 0.02782908875152502
 0.002605832562543646
 0.02332457825714585
 0.005020513224537633
 0.01319544391275368
 0.04838971203661663
 0.007714755090585442
 0.003162657761451373
 0.01975169662860183
 0.007712484242942026
 0.02279601621746635
 0.002605832562543646
 0.01252450249073585
 0.01432688062258389
 0.01319544391275368
 0.04838971203661663
 0.007714755090585442
 0.006682069750205666
 0.01975169662860183
 0.005656269299220071
 0.02279601621746635
 0.01509306148572466
 0.01214996165828884
 0.01432688062258389
 0
 0.04838971203661663
 0.01516017649824151
 0.008599331625873086
 0.01975169662860183
 0.005656269299220071
 0.02279601621746635
 0.03010748495095087
 0.01214996165828884
 0.01567208191818282
 0
 0.04838971203661663
 0.02340801345826189
 0.006682069750205666
 0.01975169662860183
 0.005656269299220071
 0.02279601621746635
 0.03010748495095087
 0.03446838978419876
 0.01567208191818282
 0
 0.04838971203661663
 0.02340801345826189
 0.006682069750205666
 0.01975169662860183
 0.005656269299220071
 0.02279601621746635
 0.03010748495095087
 0.03446838978419876
 0.01432688062258389
 0
 0.04838971203661663
 0.02340801345826189
 0.04423415474609016
 0
 0.005656269299220071
 0.02279601621746635
 0.03010748495095087
 0.03446838978419876
 0.01432688062258389
 0
 0
 0.02549421899663372
 0.04423415474609016
 0
 0.006387546779725428
 0
 0.03010748495095087
 0.03446838978419876
 0.01432688062258389
 0
 0
 0.02549421899663372
 0.04423415474609016
 0
 0.01136180634213883
 0
 0.07327500693577889
 0.04132869110528063
 0.01432688062258389
 0
 0
 0.01516017649824151
 0.04423415474609016
 0
 0.01136180634213883
 0
 0.07327500693577889
 0.04132869110528063
 0.01432688062258389
 0
 0
 0.01899325556743647
 0.04423415474609016
 0
 0.01136180634213883
 0
 0.07327500693577889
 0.04132869110528063
 0
 0
 0
 0.02549421899663372
 0.04423415474609016
 0
 0.01136180634213883
 0
 0.07327500693577889
 0.06180414164320291
 0
 0
 0
 0.02549421899663372
 0.04423415474609016
 0
 0.03497266211514889
 0
 0.07327500693577889
 0.06180414164320291
 0
 0
 0
 0.02549421899663372
 0
 0
 0.03497266211514889
 0
 0.07327500693577889
 0.06180414164320291
 0
 0
 0
 0.02549421899663372
 0
 0
 0.03497266211514889
 0
 0.07327500693577889
 0.04132869110528063
 0
 0
 0
 0.0378847895701433
 0
 0
 0.03497266211514889
 0
 0
 0.04132869110528063
 0
 0
 0
 0.07327500693577889
 0
 0
 0.03497266211514889
 0
 0
 0.06180414164320291
 0
 0
 0
 0.07327500693577889
 0
 0
 0.03497266211514889
 0
 0
 0.08592612276615792
 0
 0
 0
 0.07327500693577889
 0
 0
 0.03497266211514889
 0
 0
 0.08592612276615792
 0
 0
 0
 0.04838971203661663
 0
 0
 0
 0
 0
 0.04132869110528063
 0
 0
 0
 0.04838971203661663
 0
 0
 0
 0
 0
 0.04132869110528063
 0
 0
 0
 0.04838971203661663
 0
 0
 0
 0
 0
 0.04132869110528063
 0
 0
 0
 0.04838971203661663
 0
 0
 0
 0
 0
