# Created by Octave 3.2.4, Mon Feb 04 05:37:47 2013 EST <rbom@zaphod>
# name: small_First_Fit
# type: matrix
# ndims: 3
 1 10 30
 1.888231734684915e-18
 5.80613665174055e-14
 8.413598555229211e-19
 1.192326352011982e-08
 4.554304999811005e-15
 2.001673174625507e-16
 7.031012779016579e-23
 1.179558517670089e-14
 5.790696234203132e-20
 1.260708402296926e-18
 1.616957359004393e-17
 2.105758239462271e-12
 2.765035912395268e-17
 2.084290315486286e-07
 1.354023508852489e-11
 2.768523414986247e-14
 1.739236030082692e-17
 3.439822173831329e-10
 1.195403474057678e-14
 2.191325814211803e-14
 2.056797141069538e-16
 1.208855296698541e-09
 2.062648549891949e-13
 2.212636831821813e-06
 1.486399433390151e-09
 2.768523414986247e-14
 3.8980881285417e-11
 5.033867387327644e-07
 1.727430920982215e-11
 2.191325814211803e-14
 1.803970584707921e-14
 1.657481126753243e-07
 2.545364975792648e-11
 4.472230444202523e-05
 8.846006844662786e-09
 1.346062965457765e-12
 4.197786516167649e-09
 5.033867387327644e-07
 1.517429713258333e-08
 1.880944876071042e-07
 7.55091809244522e-12
 1.657481126753243e-07
 5.200352522128733e-08
 4.472230444202523e-05
 9.372552199292999e-07
 1.346062965457765e-12
 4.197786516167649e-09
 5.033867387327644e-07
 1.517429713258333e-08
 1.880944876071042e-07
 3.172578074595917e-10
 1.266130044281858e-07
 5.164298693590895e-06
 0.001482859544567263
 9.372552199292999e-07
 7.310648517237386e-08
 4.197786516167649e-09
 1.629844475966478e-05
 7.73915950508976e-07
 2.983138199753045e-06
 3.172578074595917e-10
 8.29470970225288e-05
 5.164298693590895e-06
 0.001482859544567263
 9.372552199292999e-07
 7.310648517237386e-08
 2.491566374629995e-06
 1.629844475966478e-05
 7.73915950508976e-07
 0.0003375096993342094
 1.696528252649211e-09
 8.29470970225288e-05
 9.007608166331691e-05
 0.001482859544567263
 5.238622765632537e-05
 0.0002154046779989091
 2.491566374629995e-06
 1.629844475966478e-05
 7.73915950508976e-07
 0.002384254011812774
 1.696528252649211e-09
 0.01066803926492944
 9.007608166331691e-05
 0.001482859544567263
 5.238622765632537e-05
 0.0002154046779989091
 7.747494780836775e-06
 0.001482859544567263
 7.73915950508976e-07
 0.002384254011812774
 1.696528252649211e-09
 0.01066803926492944
 0.01066803926492944
 0.001482859544567263
 5.238622765632537e-05
 0.0002154046779989091
 0.000240033015161199
 0.001482859544567263
 7.73915950508976e-07
 0.002384254011812774
 1.024377581315321e-07
 0.01066803926492944
 0.01066803926492944
 0.001482859544567263
 0.0009588321071694372
 0.0002154046779989091
 0.01066803926492944
 0.001482859544567263
 7.73915950508976e-07
 0.002384254011812774
 1.024377581315321e-07
 0.01066803926492944
 0.01066803926492944
 0.001482859544567263
 0.0009588321071694372
 0.0002154046779989091
 0.01066803926492944
 0.001482859544567263
 7.73915950508976e-07
 0.002384254011812774
 0.0002714648278768964
 0.01066803926492944
 0.01066803926492944
 0.001482859544567263
 0.0009588321071694372
 0.0002154046779989091
 0.01066803926492944
 0.001482859544567263
 7.73915950508976e-07
 0.002384254011812774
 0.0002714648278768964
 0.01066803926492944
 0.01066803926492944
 0.001482859544567263
 0.0009588321071694372
 0.0002154046779989091
 0.01066803926492944
 0.001482859544567263
 7.73915950508976e-07
 0.002384254011812774
 0.0002714648278768964
 0.01066803926492944
 0.01066803926492944
 0.001482859544567263
 0.002384254011812774
 0.0002154046779989091
 0.01066803926492944
 0.001482859544567263
 7.73915950508976e-07
 0.002384254011812774
 0.0002714648278768964
 0.01066803926492944
 0.01066803926492944
 0.001482859544567263
 0.0009588321071694372
 0.0002154046779989091
 0.01066803926492944
 0.001482859544567263
 7.73915950508976e-07
 0.002384254011812774
 0.0002714648278768964
 0.01066803926492944
 0.01066803926492944
 0.001482859544567263
 0.0009588321071694372
 0.0002154046779989091
 0.01066803926492944
 0.001482859544567263
 0.001482859544567263
 0.002384254011812774
 0.0002714648278768964
 0.01066803926492944
 0.01066803926492944
 0.001482859544567263
 0.002384254011812774
 0.0002154046779989091
 0.01066803926492944
 0.001482859544567263
 0.001482859544567263
 0.002384254011812774
 0.0002714648278768964
 0.01066803926492944
 0.01066803926492944
 0.001482859544567263
 0.002384254011812774
 0.0002154046779989091
 0.01066803926492944
 0.001482859544567263
 0.001482859544567263
 0.002384254011812774
 0.0002714648278768964
 0.01066803926492944
 0.01066803926492944
 0.001482859544567263
 0.002384254011812774
 0.0002154046779989091
 0.01066803926492944
 0.001482859544567263
 0.001482859544567263
 0.002384254011812774
 0.0002714648278768964
 0.01066803926492944
 0.01066803926492944
 0.001482859544567263
 0.002384254011812774
 0.0002154046779989091
 0.01066803926492944
 0.001482859544567263
 0.001482859544567263
 0.002384254011812774
 0.0002714648278768964
 0.01066803926492944
 0.01066803926492944
 0.001482859544567263
 0.002384254011812774
 0.0002154046779989091
 0.01066803926492944
 0.001482859544567263
 0.001482859544567263
 0.002384254011812774
 0.0002714648278768964
 0.01066803926492944
 0.01066803926492944
 0.001482859544567263
 0.002384254011812774
 0.0002154046779989091
 0.01066803926492944
 0.001482859544567263
 0.001482859544567263
 0.002384254011812774
 0.0002714648278768964
 0.01066803926492944
 0.01066803926492944
 0.001482859544567263
 0.002384254011812774
 0.0002154046779989091
 0.01066803926492944
 0.001482859544567263
 0.001482859544567263
 0.002384254011812774
 0.0002714648278768964
 0.01066803926492944
 0.01066803926492944
 0.001482859544567263
 0.002384254011812774
 0.0002154046779989091
 0.01066803926492944
 0.001482859544567263
 0.001482859544567263
 0.002384254011812774
 0.0002714648278768964
 0.01066803926492944
 0.01066803926492944
 0.001482859544567263
 0.002384254011812774
 0.0002154046779989091
 0.01066803926492944
 0.001482859544567263
 0.001482859544567263
 0.002384254011812774
 0.0002714648278768964
 0.01066803926492944
 0.01066803926492944
 0.001482859544567263
 0.002384254011812774
 0.0002154046779989091
 0.01066803926492944
 0.001482859544567263
 0.001482859544567263
 0.002384254011812774
 0.0002714648278768964
 0.01066803926492944
 0.01066803926492944
 0.001482859544567263
 0.002384254011812774
 0.0002154046779989091
 0.01066803926492944
 0.001482859544567263
 0.001482859544567263
 0.002384254011812774
 0.0002714648278768964
 0.01066803926492944
 0.01066803926492944
 0.001482859544567263
 0.002384254011812774
 0.0002154046779989091
 0.01066803926492944
 0.001482859544567263
 0.001482859544567263
 0.002384254011812774
 0.0002714648278768964
 0.01066803926492944
 0.01066803926492944
 0.001482859544567263
 0.002384254011812774
 0.0002154046779989091
 0.01066803926492944
 0.001482859544567263
 0.001482859544567263
 0.002384254011812774
