# Created by Octave 3.2.4, Mon Feb 04 13:00:21 2013 EST <rbom@zaphod>
# name: small_First_Fit
# type: matrix
# ndims: 3
 1 10 30
 1.151191798328757e-18
 2.608357244841926e-10
 1.093970165975239e-16
 2.938162657880938e-17
 1.294829814034539e-12
 4.887520237564906e-15
 3.049876103562686e-19
 1.495457979172834e-19
 2.747191849167335e-18
 4.235587426881451e-16
 9.553787731930104e-13
 4.127192972713194e-09
 1.117519857494816e-14
 6.491295071330924e-14
 2.146734525200264e-08
 1.681423464026884e-12
 7.772633386502644e-17
 5.259869907752368e-15
 1.930388858731386e-15
 2.609932732270654e-06
 7.671654855055533e-09
 3.207985968311799e-08
 1.593901349264584e-13
 1.21874350548745e-11
 3.305143317470661e-06
 5.800876642669836e-10
 1.32266286995998e-11
 1.790182259071894e-12
 3.828583850533236e-13
 0.0002553060011675087
 7.671654855055533e-09
 3.207985968311799e-08
 2.238355751340933e-12
 3.342536715846276e-08
 3.305143317470661e-06
 5.800876642669836e-10
 1.32266286995998e-11
 1.93132466071221e-11
 1.382230283755234e-09
 0.0002553060011675087
 7.580639445111353e-06
 3.465309744950022e-07
 3.786353060791526e-10
 3.342536715846276e-08
 3.305143317470661e-06
 1.497533732860846e-07
 9.96550889397297e-10
 1.912295048489669e-10
 1.392489166807824e-06
 0.0002553060011675087
 7.580639445111353e-06
 3.29288168816874e-05
 4.047973833415154e-09
 3.342536715846276e-08
 3.305143317470661e-06
 2.347342602003052e-07
 3.00121607713968e-07
 1.909751609862814e-09
 1.392489166807824e-06
 0.02521068020928326
 7.580639445111353e-06
 3.29288168816874e-05
 4.047973833415154e-09
 3.342536715846276e-08
 3.305143317470661e-06
 3.594644218210276e-05
 3.00121607713968e-07
 1.676280542069185e-08
 0.0001378992466806679
 0.02521068020928326
 0.0008891287517396212
 3.29288168816874e-05
 4.047973833415154e-09
 8.751490985004458e-07
 3.305143317470661e-06
 3.594644218210276e-05
 1.856378412340594e-05
 1.032981539685924e-06
 0.0001378992466806679
 0.02521068020928326
 0.0008891287517396212
 0.0002525191554484307
 5.063715606394e-06
 1.238239209798215e-06
 3.305143317470661e-06
 3.594644218210276e-05
 1.856378412340594e-05
 0.0003123883682783454
 0.0001378992466806679
 0.02521068020928326
 0.0008891287517396212
 0.0002525191554484307
 0.0003402617461081349
 0.0001673609125930984
 3.305143317470661e-06
 3.594644218210276e-05
 5.362991398088731e-05
 0.0003123883682783454
 0.0001378992466806679
 0.02521068020928326
 0.0008891287517396212
 0.0002525191554484307
 0.0003402617461081349
 0.0001673609125930984
 0
 0.02521068020928326
 1.856378412340594e-05
 0.0003123883682783454
 0.0001378992466806679
 0.02521068020928326
 0.0008891287517396212
 0.0002525191554484307
 0.0003402617461081349
 0.0001673609125930984
 0
 0.02521068020928326
 5.362991398088731e-05
 0.0003123883682783454
 0.0008891287517396212
 0.02521068020928326
 0.0008891287517396212
 0.0002525191554484307
 0.0003402617461081349
 0.0001673609125930984
 0
 0.02521068020928326
 5.362991398088731e-05
 0.0003123883682783454
 0.0008891287517396212
 0
 0.0008891287517396212
 0.0002525191554484307
 0.0003402617461081349
 0.000307110821650097
 0
 0.02521068020928326
 5.362991398088731e-05
 0.0003123883682783454
 0.0008891287517396212
 0
 0
 0.0002525191554484307
 0.0003402617461081349
 0.000307110821650097
 0
 0.02521068020928326
 5.362991398088731e-05
 0.0003123883682783454
 0.02521068020928326
 0
 0
 0
 0.0003402617461081349
 0.0001673609125930984
 0
 0.02521068020928326
 5.362991398088731e-05
 0
 0.02521068020928326
 0
 0
 0
 0
 0.0001673609125930984
 0
 0.02521068020928326
 5.362991398088731e-05
 0
 0.02521068020928326
 0
 0
 0
 0
 0.0001673609125930984
 0
 0
 5.362991398088731e-05
 0
 0.02521068020928326
 0
 0
 0
 0
 0.0001673609125930984
 0
 0
 0
 0
 0.02521068020928326
 0
 0
 0
 0
 0.0001673609125930984
 0
 0
 0
 0
 0.02521068020928326
 0
 0
 0
 0
 0
 0
 0
 0
 0
 0.02521068020928326
 0
 0
 0
 0
 0
 0
 0
 0
 0
 0
 0
 0
 0
 0
 0
 0
 0
 0
 0
 0
 0
 0
 0
 0
 0
 0
 0
 0
 0
 0
 0
 0
 0
 0
 0
 0
 0
 0
 0
 0
 0
 0
 0
 0
 0
 0
 0
 0
 0
 0
 0
 0
 0
 0
 0
 0
 0
 0
 0
 0
 0
 0
 0
 0
 0
 0
 0
 0
 0
 0
 0
 0
 0
 0
 0
 0
 0
 0
 0
 0
 0
 0
 0
 0
 0
 0
 0
 0
 0
 0
 0
