# Created by Octave 3.2.4, Tue Feb 05 23:01:59 2013 EST <rbom@zaphod>
# name: small_First_Fit
# type: matrix
# ndims: 3
 1 10 30
 1.664758125126482e-13
 2.059763315197109e-09
 1.055903862631368e-12
 7.006703083588157e-11
 1.312736952513748e-13
 2.519035679457277e-14
 1.849945711178448e-16
 8.641275457264507e-10
 2.718797236191465e-11
 3.252394121931451e-16
 1.811708502381953e-09
 2.725366044868053e-07
 2.288199935398145e-10
 3.761914089112854e-05
 1.377457408624713e-11
 6.508932063427601e-10
 3.088921784475632e-11
 4.27933350124277e-09
 2.864931368911736e-09
 1.851166149501105e-13
 6.595310146704194e-09
 2.725366044868053e-07
 7.462368258986752e-09
 3.761914089112854e-05
 7.289114709406223e-11
 3.348598823101767e-08
 2.309483491929657e-09
 2.125280952600213e-09
 2.864931368911736e-09
 2.925297576731672e-08
 1.918917537232241e-08
 3.580392355637257e-06
 4.198534360631513e-07
 8.861462035869794e-05
 7.606823387777627e-09
 5.691315642876916e-07
 1.087091346577759e-07
 4.134043512625887e-08
 1.321359374102002e-07
 2.925297576731672e-08
 1.918917537232241e-08
 3.580392355637257e-06
 4.198534360631513e-07
 0.000277291228924138
 7.606823387777627e-09
 1.045450378149606e-06
 1.452730521033807e-07
 3.048464671247541e-06
 1.321359374102002e-07
 4.359684875703512e-07
 2.766758000226163e-07
 3.99811874193883e-06
 6.169669400910312e-06
 0.000277291228924138
 4.366391710270713e-07
 2.780234232608663e-05
 1.070998206072652e-05
 0.0003018973046188114
 1.321359374102002e-07
 9.899084239020981e-06
 2.766758000226163e-07
 4.305508646232732e-05
 6.776490104173255e-06
 0.0005784599094513725
 0.0001110529831991622
 2.780234232608663e-05
 1.070998206072652e-05
 0.0003018973046188114
 2.099813262476499e-06
 0.0001460797624102455
 6.291250893097727e-05
 4.305508646232732e-05
 9.048763431056747e-05
 0.0005784599094513725
 0.004514371624426653
 2.780234232608663e-05
 0.0001384130256042954
 0.005030060783571601
 2.224754067869466e-05
 0.0001460797624102455
 0.0004729208832351767
 0.0005922740012009977
 0.0008693054332048922
 0.0005784599094513725
 0.004514371624426653
 2.780234232608663e-05
 0.0001384130256042954
 0.005030060783571601
 2.224754067869466e-05
 0.0001460797624102455
 6.291250893097727e-05
 0.002322987588446682
 0.004231920804455423
 0.0005784599094513725
 0.004514371624426653
 2.981180662496705e-05
 0.001352856535855681
 0.005030060783571601
 2.224754067869466e-05
 0.0001460797624102455
 6.291250893097727e-05
 0.002322987588446682
 0.004757968296361386
 0.0005784599094513725
 0.004514371624426653
 0.001352856535855681
 0.001352856535855681
 0.01080790830995081
 2.224754067869466e-05
 0.0008916042090776678
 0.00676545773818894
 0.005801694577160064
 0.01080790830995081
 0.0005992259466093702
 0.05664666048592137
 0.001352856535855681
 0.007809949914234118
 0.01080790830995081
 2.224754067869466e-05
 0.001496647545805213
 0.00676545773818894
 0.005801694577160064
 0.01080790830995081
 0.0005992259466093702
 0.05664666048592137
 0.007809949914234118
 0.007809949914234118
 0.01080790830995081
 9.852934611891686e-05
 0.05664666048592137
 0.00676545773818894
 0.005801694577160064
 0.05664666048592137
 0.004231920804455423
 0.05664666048592137
 0.007809949914234118
 0.007809949914234118
 0.01080790830995081
 0.005591878720527882
 0.05664666048592137
 0.00676545773818894
 0.005801694577160064
 0.05664666048592137
 0.005030060783571601
 0.05664666048592137
 0.007809949914234118
 0.007809949914234118
 0.01080790830995081
 0.005591878720527882
 0.05664666048592137
 0.00676545773818894
 0.005801694577160064
 0.05664666048592137
 0.005030060783571601
 0.05664666048592137
 0.007809949914234118
 0.007809949914234118
 0.01080790830995081
 0.01080790830995081
 0.05664666048592137
 0.00676545773818894
 0.005801694577160064
 0.05664666048592137
 0.01080790830995081
 0.05664666048592137
 0.007809949914234118
 0.007809949914234118
 0.01080790830995081
 0.01080790830995081
 0.05664666048592137
 0.00676545773818894
 0.005801694577160064
 0.05664666048592137
 0.05664666048592137
 0.05664666048592137
 0.007809949914234118
 0.007809949914234118
 0
 0.01080790830995081
 0.05664666048592137
 0
 0
 0.05664666048592137
 0.01080790830995081
 0
 0.007809949914234118
 0
 0
 0.01080790830995081
 0.05664666048592137
 0
 0
 0.05664666048592137
 0.01080790830995081
 0
 0
 0
 0
 0.01080790830995081
 0
 0
 0
 0
 0.05664666048592137
 0
 0
 0
 0
 0.01080790830995081
 0
 0
 0
 0
 0.05664666048592137
 0
 0
 0
 0
 0.01080790830995081
 0
 0
 0
 0
 0.05664666048592137
 0
 0
 0
 0
 0
 0
 0
 0
 0
 0.05664666048592137
 0
 0
 0
 0
 0
 0
 0
 0
 0
 0.05664666048592137
 0
 0
 0
 0
 0
 0
 0
 0
 0
 0.05664666048592137
 0
 0
 0
 0
 0
 0
 0
 0
 0
 0.05664666048592137
 0
 0
 0
 0
 0
 0
 0
 0
 0
 0
 0
 0
 0
 0
 0
 0
 0
 0
 0
 0
 0
 0
 0
 0
 0
 0
 0
 0
 0
 0
 0
 0
 0
 0
 0
 0
