# Created by Octave 3.2.4, Tue Feb 05 17:37:10 2013 EST <rbom@zaphod>
# name: small_First_Fit
# type: matrix
# ndims: 3
 1 10 30
 1.170810029224334e-11
 6.221878539735913e-13
 4.321669777639155e-12
 8.80970071881487e-14
 1.481842304104101e-12
 1.225717640862308e-10
 6.814582042121656e-15
 2.443248288240824e-13
 6.094489297069808e-11
 9.23481010776463e-14
 2.452944604022262e-08
 1.278505441937824e-11
 2.217776609000438e-10
 1.947978431187231e-12
 3.325879391284876e-11
 4.473418719320567e-08
 6.512853221998741e-13
 1.584541108841461e-08
 6.094489297069808e-11
 4.864268175807194e-09
 4.200704492805914e-06
 2.714860359107579e-11
 6.074953246368502e-09
 2.234613019081324e-09
 5.412359114146244e-11
 1.02515544999321e-05
 1.838015356387599e-10
 2.868619365377511e-06
 5.123952060366947e-10
 8.765809414663576e-07
 5.953158155707798e-05
 1.12891884772431e-09
 7.400285560983273e-07
 7.980589946222395e-09
 5.412359114146244e-11
 0.0001048964968999917
 1.194122064233343e-06
 0.0003963656911880179
 5.123952060366947e-10
 8.765809414663576e-07
 5.953158155707798e-05
 3.992425279166424e-08
 6.131160335118091e-08
 9.248546152239041e-09
 3.514502020333316e-10
 0.0001048964968999917
 7.267783322888365e-06
 0.001377671528537563
 1.448959310615715e-09
 3.075024696621042e-06
 0.0001800171238706087
 4.115131963607044e-07
 6.131160335118091e-08
 3.050479659732328e-08
 1.213330089332041e-09
 0.0003626536658463656
 7.267783322888365e-06
 0.005347933401933003
 3.187329025170016e-09
 3.094252051406141e-05
 0.0001800171238706087
 4.115131963607044e-07
 6.588518726755293e-06
 3.050479659732328e-08
 5.975087740687136e-08
 0.0003626536658463656
 7.267783322888365e-06
 0.005347933401933003
 8.527049385310927e-09
 3.094252051406141e-05
 0.002483366238386086
 4.115131963607044e-07
 6.588518726755293e-06
 1.139484304426996e-07
 6.373037495151138e-07
 0.0004141137156528015
 0.0001997178355159616
 0.005347933401933003
 8.527049385310927e-09
 9.136555593203252e-05
 0.004256569160934066
 0.004538334911337037
 6.588518726755293e-06
 1.498275758668863e-06
 2.135748505454896e-06
 0.0004141137156528015
 0.0001997178355159616
 0.005347933401933003
 3.785712388972391e-06
 0.0001192464190639357
 0.00323768615445506
 0.004538334911337037
 1.4726878417285e-05
 6.082355466178162e-06
 2.135748505454896e-06
 0.001215334212790628
 0.0005114269662517139
 0.005347933401933003
 3.785712388972391e-06
 0.0001192464190639357
 0.004256569160934066
 0.004538334911337037
 1.4726878417285e-05
 2.292428804709874e-05
 8.099392456047555e-06
 0.001215334212790628
 0.007993804096528149
 0.01599191179575418
 3.785712388972391e-06
 0.0001192464190639357
 0.004256569160934066
 0.004538334911337037
 1.4726878417285e-05
 0.000248085010759123
 0.0002220689867243165
 0.001215334212790628
 0.007993804096528149
 0.01599191179575418
 3.785712388972391e-06
 0.0001192464190639357
 0.004256569160934066
 0.004538334911337037
 1.4726878417285e-05
 0.000248085010759123
 0.002343098638825352
 0.001215334212790628
 0.007993804096528149
 0.01599191179575418
 3.785712388972391e-06
 0.007065561681433147
 0.004256569160934066
 0.004538334911337037
 0.01599191179575418
 0.000248085010759123
 0.002343098638825352
 0.001215334212790628
 0.007993804096528149
 0.01599191179575418
 3.785712388972391e-06
 0.007065561681433147
 0.01189642413725374
 0.01599191179575418
 0.01599191179575418
 0.000248085010759123
 0.002818818010358892
 0.001215334212790628
 0.007993804096528149
 0.01599191179575418
 3.785712388972391e-06
 0.007065561681433147
 0.01189642413725374
 0.01599191179575418
 0.01599191179575418
 0.000248085010759123
 0.00414913100631581
 0.001215334212790628
 0.007993804096528149
 0.01599191179575418
 0
 0.007065561681433147
 0.01189642413725374
 0.01599191179575418
 0.01599191179575418
 0.0006660676067948918
 0.00414913100631581
 0
 0.007993804096528149
 0.01599191179575418
 0
 0.007065561681433147
 0.01189642413725374
 0.01599191179575418
 0.01599191179575418
 0.0006660676067948918
 0.00414913100631581
 0
 0
 0
 0
 0.007065561681433147
 0.01189642413725374
 0.01599191179575418
 0.01599191179575418
 0.0006660676067948918
 0.009399333897365645
 0
 0
 0
 0
 0.007065561681433147
 0.01189642413725374
 0.01599191179575418
 0.01599191179575418
 0.005176159801833108
 0.009399333897365645
 0
 0
 0
 0
 0
 0.01189642413725374
 0.01599191179575418
 0
 0.005176159801833108
 0.009399333897365645
 0
 0
 0
 0
 0
 0
 0
 0
 0.005176159801833108
 0.009399333897365645
 0
 0
 0
 0
 0
 0
 0
 0
 0.005176159801833108
 0.009399333897365645
 0
 0
 0
 0
 0
 0
 0
 0
 0.005176159801833108
 0.009399333897365645
 0
 0
 0
 0
 0
 0
 0
 0
 0.005176159801833108
 0.009399333897365645
 0
 0
 0
 0
 0
 0
 0
 0
 0.005176159801833108
 0
 0
 0
 0
 0
 0
 0
 0
 0
 0
 0
 0
 0
 0
 0
 0
 0
 0
 0
 0
 0
 0
 0
 0
 0
 0
 0
 0
 0
 0
 0
 0
 0
 0
 0
 0
 0
 0
 0
 0
 0
 0
 0
 0
 0
 0
