# Created by Octave 3.2.4, Wed Feb 06 02:34:02 2013 EST <rbom@zaphod>
# name: small_First_Fit
# type: matrix
# ndims: 3
 1 10 30
 1.232842276807933e-13
 2.153189446825042e-12
 3.007869972079841e-12
 3.792785484844331e-08
 7.910037621354377e-08
 8.477080582164583e-12
 6.583227749638976e-13
 3.840745681523634e-10
 4.284295536139748e-13
 7.310154055029657e-12
 5.182940166716005e-11
 5.647494081512614e-08
 3.772266193229054e-11
 1.151558547324229e-06
 5.602257555401703e-07
 3.626247400365946e-08
 2.626849567146173e-10
 5.861910663176219e-09
 2.440039299123883e-08
 7.310154055029657e-12
 1.448759734232438e-09
 5.533929691295926e-07
 3.300424297146576e-11
 1.151558547324229e-06
 5.390661086506437e-06
 1.084976398422875e-06
 7.9839229370613e-09
 5.861910663176219e-09
 2.898365585410093e-08
 9.118136652637808e-12
 1.511263227257409e-09
 5.533929691295926e-07
 3.300424297146576e-11
 8.088678730407472e-06
 0.0001850579176673307
 1.084976398422875e-06
 4.322927851580339e-07
 5.861910663176219e-09
 5.089507966077911e-08
 2.660982907597659e-09
 2.584008019088615e-07
 5.533929691295926e-07
 2.385964100461379e-10
 8.088678730407472e-06
 0.0001850579176673307
 0.0005240287475132016
 4.707560113285095e-05
 2.718095740547419e-06
 1.465488425407639e-06
 5.489409744688933e-07
 1.767640372711295e-05
 7.509505398128901e-07
 4.104692816157686e-10
 8.088678730407472e-06
 0.0005240287475132016
 0.0005901805136505077
 0.001368300575508331
 2.718095740547419e-06
 1.465488425407639e-06
 1.807162485050767e-06
 0.0003653103156359924
 4.397459583962032e-06
 2.919595513315214e-08
 0.0001162512562080256
 0.0005240287475132016
 0.0005901805136505077
 0.0212801977514497
 2.718095740547419e-06
 2.353649007293322e-05
 1.382023384149254e-06
 0.0003653103156359924
 4.397459583962032e-06
 8.528442859844379e-08
 0.0001162512562080256
 0.0005240287475132016
 0.0005240287475132016
 0.1943065114231511
 2.718095740547419e-06
 9.156740198783079e-05
 0.0001245418565084672
 0.0003653103156359924
 4.532361257329457e-06
 1.403341158809187e-07
 0.0001162512562080256
 0.0005240287475132016
 0.00131874048935501
 0.1943065114231511
 2.718095740547419e-06
 9.156740198783079e-05
 0.0009562051544086877
 0.008721029323476808
 0.00114841697286674
 8.451482429402625e-07
 0.1943065114231511
 0.002593394102465321
 0.01256650140494163
 0.1943065114231511
 2.718095740547419e-06
 9.156740198783079e-05
 0.0009562051544086877
 0.008721029323476808
 0.003928687048747088
 8.451482429402625e-07
 0.1943065114231511
 0.009828437390319082
 0.02391179299930201
 0.1943065114231511
 0.0001211601531436942
 0.0002727483308749685
 0.0009562051544086877
 0.010450318670661
 0.003928687048747088
 8.451482429402625e-07
 0.1943065114231511
 0.009828437390319082
 0.03519171265397653
 0.1943065114231511
 0.0001211601531436942
 0.0002727483308749685
 0.008721029323476808
 0.010450318670661
 0.001216166432073752
 4.132991231601621e-05
 0.1943065114231511
 0.03396153152784931
 0.03519171265397653
 0.1943065114231511
 0.0006677098087652409
 0.0002727483308749685
 0.003928687048747088
 0.008721029323476808
 0.003928687048747088
 0.001420506145941096
 0.1943065114231511
 0.03396153152784931
 0.03519171265397653
 0.1943065114231511
 0.002191533482392579
 0.0002727483308749685
 0.003928687048747088
 0.0212801977514497
 0.010450318670661
 0.001689952007049528
 0.1943065114231511
 0.03396153152784931
 0.05979883506871432
 0
 0.010450318670661
 0.01300487102747907
 0.003928687048747088
 0.008721029323476808
 0.010450318670661
 0.001689952007049528
 0.1943065114231511
 0.03396153152784931
 0.05979883506871432
 0
 0.01413692784172805
 0.01300487102747907
 0.003928687048747088
 0.008721029323476808
 0.01413692784172805
 0.001420506145941096
 0
 0.1943065114231511
 0.1943065114231511
 0
 0.1943065114231511
 0.03787337413055333
 0.003928687048747088
 0.010450318670661
 0.1943065114231511
 0.001420506145941096
 0
 0.1943065114231511
 0.1943065114231511
 0
 0.1943065114231511
 0.03787337413055333
 0.003928687048747088
 0.008721029323476808
 0.1943065114231511
 0.05979883506871432
 0
 0.1943065114231511
 0.1943065114231511
 0
 0.1943065114231511
 0.03787337413055333
 0
 0.0212801977514497
 0.1943065114231511
 0.05979883506871432
 0
 0.1943065114231511
 0.1943065114231511
 0
 0.1943065114231511
 0.03787337413055333
 0
 0.0212801977514497
 0.1943065114231511
 0.05979883506871432
 0
 0.1943065114231511
 0.1943065114231511
 0
 0.1943065114231511
 0.03787337413055333
 0
 0.0212801977514497
 0.1943065114231511
 0.05979883506871432
 0
 0.1943065114231511
 0.1943065114231511
 0
 0.1943065114231511
 0.03787337413055333
 0
 0.008760939279683884
 0.1943065114231511
 0.05979883506871432
 0
 0.1943065114231511
 0.1943065114231511
 0
 0.1943065114231511
 0.03787337413055333
 0
 0.010450318670661
 0.1943065114231511
 0.05979883506871432
 0
 0
 0
 0
 0
 0
 0
 0.0212801977514497
 0
 0.05979883506871432
 0
 0
 0
 0
 0
 0
 0
 0.0212801977514497
 0
 0
 0
 0
 0
 0
 0
 0
 0
 0.0212801977514497
 0
 0
 0
 0
 0
 0
 0
 0
 0
 0.0212801977514497
 0
 0
 0
 0
 0
 0
 0
 0
 0
 0.0212801977514497
 0
 0
 0
 0
 0
 0
 0
 0
 0
 0.0212801977514497
 0
 0
 0
 0
 0
 0
 0
 0
 0
