# Created by Octave 3.2.4, Mon Feb 04 07:23:00 2013 EST <rbom@zaphod>
# name: small_First_Fit
# type: matrix
# ndims: 3
 1 10 30
 5.203167947799237e-16
 3.826666331990786e-16
 3.201123857660251e-13
 1.798008082247232e-16
 6.435501817395229e-14
 7.064819981750933e-19
 1.128094472768825e-13
 1.785158642077577e-18
 1.19795681160472e-16
 1.646000204111762e-17
 1.453601291416179e-11
 4.528378558324684e-13
 3.201123857660251e-13
 1.972025396930487e-14
 3.602593745246117e-12
 3.717473389668471e-13
 1.183231074113622e-10
 1.859352596166361e-10
 3.540150956632543e-11
 1.946872226517252e-16
 1.232948747343551e-09
 7.575811878950033e-10
 7.152930577268169e-10
 1.972025396930487e-14
 3.602593745246117e-12
 2.678325096405763e-09
 4.318403029106429e-09
 5.281954928431273e-07
 7.307192543991556e-09
 2.530766921091935e-14
 3.511127950027106e-06
 1.564150117488705e-07
 7.152930577268169e-10
 1.918445913455955e-10
 1.928858430580009e-08
 1.010219919279011e-05
 4.318403029106429e-09
 3.473781693911455e-06
 7.307192543991556e-09
 7.266048663529242e-09
 0.0001488905052537576
 1.564150117488705e-07
 5.721175234442438e-08
 3.810060245897825e-07
 3.492210434633315e-06
 1.010219919279011e-05
 4.318403029106429e-09
 3.031801971495885e-05
 3.941511281246379e-07
 6.940230481653429e-05
 0.0001488905052537576
 6.402637232228336e-06
 5.721175234442438e-08
 5.008297244948057e-07
 3.492210434633315e-06
 0.000719607234519989
 1.512835580102262e-06
 3.031801971495885e-05
 1.603563033888678e-05
 6.940230481653429e-05
 0.0001488905052537576
 6.402637232228336e-06
 5.721175234442438e-08
 5.008297244948057e-07
 3.492210434633315e-06
 0.000719607234519989
 9.683475464368918e-06
 3.031801971495885e-05
 0.0009483198664050288
 6.940230481653429e-05
 0.0001488905052537576
 6.402637232228336e-06
 3.031801971495885e-05
 0.0004156468507878712
 9.683475464368918e-06
 0.001626791362648678
 9.683475464368918e-06
 0.03106060399665351
 0.03106060399665351
 6.940230481653429e-05
 0.0003994891304446927
 6.402637232228336e-06
 3.031801971495885e-05
 0.0004156468507878712
 9.683475464368918e-06
 0.001626791362648678
 9.683475464368918e-06
 0.03106060399665351
 0.03106060399665351
 0.03106060399665351
 0.001309111070479828
 6.402637232228336e-06
 0.03106060399665351
 0.0004156468507878712
 9.683475464368918e-06
 0.001626791362648678
 9.683475464368918e-06
 0.03106060399665351
 0.03106060399665351
 0.03106060399665351
 0.001309111070479828
 6.402637232228336e-06
 0.03106060399665351
 0.03211161717992108
 0.003075612802210293
 0.001626791362648678
 4.371282175146505e-05
 0.03106060399665351
 0.03106060399665351
 0.03106060399665351
 0.001309111070479828
 6.402637232228336e-06
 0.03106060399665351
 0.03211161717992108
 0.003075612802210293
 0.001626791362648678
 4.371282175146505e-05
 0.03106060399665351
 0.03106060399665351
 0.03106060399665351
 0.001309111070479828
 6.402637232228336e-06
 0.03106060399665351
 0.03211161717992108
 0.003075612802210293
 0.001626791362648678
 4.371282175146505e-05
 0.03106060399665351
 0.03106060399665351
 0.03106060399665351
 0.001626791362648678
 6.402637232228336e-06
 0.03106060399665351
 0.03211161717992108
 0.003075612802210293
 0.001626791362648678
 4.371282175146505e-05
 0.03106060399665351
 0.03106060399665351
 0.03106060399665351
 0.001626791362648678
 6.402637232228336e-06
 0.03106060399665351
 0.03211161717992108
 0.003075612802210293
 0.001626791362648678
 4.371282175146505e-05
 0.03106060399665351
 0.03106060399665351
 0.03106060399665351
 0.001309111070479828
 6.402637232228336e-06
 0.03106060399665351
 0.03211161717992108
 0.003075612802210293
 0.001626791362648678
 0.001309111070479828
 0.03106060399665351
 0.03106060399665351
 0.03106060399665351
 0.03211161717992108
 6.402637232228336e-06
 0.03106060399665351
 0.03211161717992108
 0.003075612802210293
 0.001626791362648678
 0.03211161717992108
 0.03106060399665351
 0.03106060399665351
 0.03106060399665351
 0.03211161717992108
 6.402637232228336e-06
 0.03106060399665351
 0.03211161717992108
 0.003075612802210293
 0.001626791362648678
 0.03211161717992108
 0.03106060399665351
 0.03106060399665351
 0.03106060399665351
 0.03211161717992108
 6.402637232228336e-06
 0.03106060399665351
 0.03211161717992108
 0.003075612802210293
 0.001626791362648678
 0.03211161717992108
 0.03106060399665351
 0.03106060399665351
 0.03106060399665351
 0.03211161717992108
 6.402637232228336e-06
 0.03106060399665351
 0.03211161717992108
 0.003075612802210293
 0.001626791362648678
 0.03211161717992108
 0.03106060399665351
 0.03106060399665351
 0.03106060399665351
 0.03211161717992108
 6.402637232228336e-06
 0.03106060399665351
 0.03211161717992108
 0.003075612802210293
 0.001626791362648678
 0.03211161717992108
 0.03106060399665351
 0.03106060399665351
 0.03106060399665351
 0.03211161717992108
 6.402637232228336e-06
 0.03106060399665351
 0.03211161717992108
 0.003075612802210293
 0.001626791362648678
 0.03211161717992108
 0.03106060399665351
 0.03106060399665351
 0.03106060399665351
 0.03211161717992108
 6.402637232228336e-06
 0.03106060399665351
 0.03211161717992108
 0.003075612802210293
 0.001626791362648678
 0.03211161717992108
 0.03106060399665351
 0.03106060399665351
 0.03106060399665351
 0.03211161717992108
 6.402637232228336e-06
 0.03106060399665351
 0.03211161717992108
 0.003075612802210293
 0.001626791362648678
 0.03211161717992108
 0.03106060399665351
 0.03106060399665351
 0.03106060399665351
 0.03211161717992108
 6.402637232228336e-06
 0.03106060399665351
 0.03211161717992108
 0.003075612802210293
 0.001626791362648678
 0.03211161717992108
 0.03106060399665351
 0.03106060399665351
 0.03106060399665351
 0.03211161717992108
 6.402637232228336e-06
 0.03106060399665351
 0.03211161717992108
 0.003075612802210293
 0.001626791362648678
 0.03211161717992108
 0.03106060399665351
 0.03106060399665351
 0.03106060399665351
 0.03211161717992108
 6.402637232228336e-06
 0.03106060399665351
 0.03211161717992108
 0.003075612802210293
 0.001626791362648678
 0.03211161717992108
 0.03106060399665351
 0.03106060399665351
 0.03106060399665351
 0.03211161717992108
 6.402637232228336e-06
 0.03106060399665351
 0.03211161717992108
 0.003075612802210293
 0.001626791362648678
 0.03211161717992108
 0.03106060399665351
 0.03106060399665351
 0.03106060399665351
 0.03211161717992108
 6.402637232228336e-06
 0.03106060399665351
 0.03211161717992108
 0.003075612802210293
 0.001626791362648678
 0.03211161717992108
 0.03106060399665351
 0.03106060399665351
 0.03106060399665351
 0.03211161717992108
 6.402637232228336e-06
 0.03106060399665351
 0.03211161717992108
 0.003075612802210293
 0.001626791362648678
 0.03211161717992108
 0.03106060399665351
 0.03106060399665351
 0.03106060399665351
