# Created by Octave 3.2.4, Wed Feb 06 22:42:36 2013 EST <rbom@zaphod>
# name: small_First_Fit
# type: matrix
# ndims: 3
 1 10 30
 3.502412321511079e-20
 7.489530952704285e-17
 2.246265252274571e-11
 9.735243374616448e-15
 3.768686445300806e-18
 5.604154061362708e-19
 4.62823497825642e-14
 5.443886057175282e-14
 5.785716392916264e-15
 2.179631620386494e-10
 4.360461054090446e-11
 1.493297790906339e-12
 3.654365408244221e-10
 2.258249367454267e-12
 6.39460761362849e-11
 8.126500578970279e-14
 4.895093987332381e-12
 5.443886057175282e-14
 1.587177100827602e-12
 7.933948768033215e-09
 5.958207703827816e-10
 2.282239619193328e-09
 5.168509725203556e-08
 6.952030587414976e-11
 5.966833150505116e-09
 8.542865725668046e-08
 2.010825954308248e-11
 4.042979314845501e-08
 1.587177100827602e-12
 1.045805174718275e-07
 9.734346209016233e-09
 1.825517681402213e-06
 6.256239501323306e-07
 6.952030587414976e-11
 1.48728631833404e-08
 1.783529620746032e-06
 2.043146826487131e-10
 1.003650146671671e-06
 8.132327982092385e-09
 0.0001031774072542744
 9.734346209016233e-09
 1.825517681402213e-06
 6.256239501323306e-07
 6.952030587414976e-11
 1.018652480051857e-06
 2.103008252331645e-06
 2.160918213430367e-08
 1.214869271474873e-05
 8.132327982092385e-09
 0.0001031774072542744
 9.734346209016233e-09
 2.850237000107068e-05
 0.0001061514225196971
 5.629530489085776e-07
 1.018652480051857e-06
 4.512156389668291e-05
 1.294651706197526e-06
 1.214869271474873e-05
 2.13320365296005e-07
 0.0001031774072542744
 9.734346209016233e-09
 2.850237000107068e-05
 0.001284909063613617
 1.088968403757195e-06
 1.018652480051857e-06
 4.512156389668291e-05
 3.455918177352517e-05
 5.659756505791938e-05
 7.224827392050006e-06
 0.0001031774072542744
 3.592157035420823e-07
 2.850237000107068e-05
 0.001284909063613617
 1.301043001202148e-06
 1.018652480051857e-06
 4.512156389668291e-05
 3.455918177352517e-05
 1.214869271474873e-05
 7.224827392050006e-06
 0.0001031774072542744
 3.592157035420823e-07
 2.850237000107068e-05
 0.01243443530823821
 1.088968403757195e-06
 1.018652480051857e-06
 0.004772190275144809
 3.455918177352517e-05
 0.001284909063613617
 7.224827392050006e-06
 0.0001031774072542744
 0.005004998639371079
 0.0004624787017262239
 0.01243443530823821
 1.088968403757195e-06
 0.01091251906969297
 0.004772190275144809
 0.01243443530823821
 0.001284909063613617
 7.224827392050006e-06
 0.0001031774072542744
 0.005004998639371079
 0.0004624787017262239
 0.01243443530823821
 1.088968403757195e-06
 0.01091251906969297
 0.004772190275144809
 0.01243443530823821
 0.001284909063613617
 7.224827392050006e-06
 0
 0.005004998639371079
 0.0004624787017262239
 0.01243443530823821
 1.088968403757195e-06
 0.01091251906969297
 0.004772190275144809
 0.01243443530823821
 0.01243443530823821
 7.224827392050006e-06
 0
 0.005004998639371079
 0.0004624787017262239
 0.01243443530823821
 1.547217397155215e-06
 0.01091251906969297
 0.004772190275144809
 0.01243443530823821
 0.01243443530823821
 7.224827392050006e-06
 0
 0.005004998639371079
 0.0004624787017262239
 0.01243443530823821
 3.005280641314872e-06
 0.01091251906969297
 0.004772190275144809
 0.01243443530823821
 0.01243443530823821
 0
 0
 0.005004998639371079
 0.005506443226539906
 0.01243443530823821
 0.0001151587307934896
 0.01091251906969297
 0.004772190275144809
 0.01243443530823821
 0.01243443530823821
 0
 0
 0.005004998639371079
 0.005506443226539906
 0
 0.0001636420124881473
 0.01091251906969297
 0
 0.01243443530823821
 0.01243443530823821
 0
 0
 0
 0.005506443226539906
 0
 0.0001636420124881473
 0
 0
 0
 0.01243443530823821
 0
 0
 0
 0.005506443226539906
 0
 0.0001636420124881473
 0
 0
 0
 0.01243443530823821
 0
 0
 0
 0.005506443226539906
 0
 0.0001636420124881473
 0
 0
 0
 0
 0
 0
 0
 0.005506443226539906
 0
 0.0001636420124881473
 0
 0
 0
 0
 0
 0
 0
 0.005506443226539906
 0
 0.0001636420124881473
 0
 0
 0
 0
 0
 0
 0
 0
 0
 0.0001636420124881473
 0
 0
 0
 0
 0
 0
 0
 0
 0
 0
 0
 0
 0
 0
 0
 0
 0
 0
 0
 0
 0
 0
 0
 0
 0
 0
 0
 0
 0
 0
 0
 0
 0
 0
 0
 0
 0
 0
 0
 0
 0
 0
 0
 0
 0
 0
 0
 0
 0
 0
 0
 0
 0
 0
 0
 0
 0
 0
 0
 0
 0
 0
 0
 0
 0
 0
 0
 0
 0
 0
 0
 0
 0
 0
 0
 0
 0
 0
 0
 0
 0
 0
 0
 0
 0
 0
