# Created by Octave 3.2.4, Thu Feb 07 05:58:17 2013 EST <rbom@zaphod>
# name: small_First_Fit
# type: matrix
# ndims: 3
 1 10 30
 9.14148686565127e-17
 3.700854776845207e-18
 1.360380089343705e-14
 1.89308416741134e-13
 3.006479084310891e-17
 7.366100171390003e-13
 3.970288176761202e-12
 4.544616658011906e-16
 7.223884599933602e-15
 6.120129122069107e-14
 6.193314855619026e-13
 7.558324193578917e-16
 1.102706642182295e-11
 2.545017113456816e-11
 1.139808131589102e-15
 5.073769022349418e-10
 7.734908437059343e-11
 1.190143670428682e-10
 1.350602507860883e-11
 1.157216067074567e-12
 9.430045341814255e-11
 1.158141251814846e-13
 1.710082982599588e-09
 3.573603805303761e-08
 1.307195820746065e-10
 3.160431039712591e-08
 1.398683277879e-09
 3.073418692619875e-08
 2.064578512039465e-09
 3.376995210688754e-11
 7.47746267595913e-10
 1.815900639379467e-11
 4.483336777960733e-06
 1.636715856030539e-06
 1.307195820746065e-10
 2.480528258082103e-07
 9.62881281200718e-09
 3.073418692619875e-08
 6.741065180716079e-08
 1.843029721522353e-06
 7.47746267595913e-10
 1.815900639379467e-11
 4.483336777960733e-06
 0.0003061376826937431
 1.304168730156672e-07
 4.20791344693652e-05
 9.62881281200718e-09
 3.073418692619875e-08
 4.384913044561647e-06
 1.843029721522353e-06
 3.337926566971246e-08
 1.815900639379467e-11
 5.105843306058347e-05
 0.003768077007275738
 6.626992272945472e-06
 4.20791344693652e-05
 3.606788658381708e-06
 1.002513015711851e-06
 4.384913044561647e-06
 5.745325972089384e-05
 1.462233538727624e-07
 2.168390078760239e-09
 5.670429983280513e-05
 0.003768077007275738
 0.0002143319104941904
 4.20791344693652e-05
 5.756935729504818e-05
 1.002513015711851e-06
 4.384913044561647e-06
 5.745325972089384e-05
 1.462233538727624e-07
 1.336958885323212e-07
 0.0001972679498705433
 0.003768077007275738
 0.0002143319104941904
 4.20791344693652e-05
 5.756935729504818e-05
 5.925151368107329e-06
 4.384913044561647e-06
 0.0002209061992922249
 1.462233538727624e-07
 1.336958885323212e-07
 0.0001972679498705433
 0.003768077007275738
 0.0002143319104941904
 4.20791344693652e-05
 5.756935729504818e-05
 2.398583403824446e-05
 4.384913044561647e-06
 0.0002209061992922249
 0.0001652309462674329
 4.328738453149084e-05
 0.0001972679498705433
 0.003768077007275738
 0.0002143319104941904
 4.20791344693652e-05
 5.756935729504818e-05
 7.889738408922025e-05
 4.384913044561647e-06
 0.0002209061992922249
 0.0001652309462674329
 0.003768077007275738
 0.002095344684289525
 0.003768077007275738
 0.0002143319104941904
 4.20791344693652e-05
 5.756935729504818e-05
 7.889738408922025e-05
 4.384913044561647e-06
 0.0002209061992922249
 0.0001652309462674329
 0.003768077007275738
 0.002095344684289525
 0.003768077007275738
 0.0002143319104941904
 0
 5.756935729504818e-05
 7.889738408922025e-05
 0
 0.0002209061992922249
 0.003768077007275738
 0.003768077007275738
 0.002095344684289525
 0
 0.0002143319104941904
 0
 5.756935729504818e-05
 7.889738408922025e-05
 0
 0.0002209061992922249
 0.003768077007275738
 0.003768077007275738
 0.002095344684289525
 0
 0
 0
 0
 7.889738408922025e-05
 0
 0.0002209061992922249
 0.003768077007275738
 0.003768077007275738
 0.002095344684289525
 0
 0
 0
 0
 7.889738408922025e-05
 0
 0
 0.003768077007275738
 0.003768077007275738
 0.003768077007275738
 0
 0
 0
 0
 7.889738408922025e-05
 0
 0
 0.003768077007275738
 0.003768077007275738
 0.002095344684289525
 0
 0
 0
 0
 0
 0
 0
 0.003768077007275738
 0
 0.002095344684289525
 0
 0
 0
 0
 0
 0
 0
 0.003768077007275738
 0
 0.002095344684289525
 0
 0
 0
 0
 0
 0
 0
 0
 0
 0.003768077007275738
 0
 0
 0
 0
 0
 0
 0
 0
 0
 0.003768077007275738
 0
 0
 0
 0
 0
 0
 0
 0
 0
 0.003768077007275738
 0
 0
 0
 0
 0
 0
 0
 0
 0
 0.003768077007275738
 0
 0
 0
 0
 0
 0
 0
 0
 0
 0.003768077007275738
 0
 0
 0
 0
 0
 0
 0
 0
 0
 0.003768077007275738
 0
 0
 0
 0
 0
 0
 0
 0
 0
 0.003768077007275738
 0
 0
 0
 0
 0
 0
 0
 0
 0
 0
 0
 0
 0
 0
 0
 0
 0
 0
 0
 0
 0
 0
 0
 0
 0
 0
 0
 0
 0
 0
 0
 0
 0
 0
 0
 0
 0
 0
 0
 0
 0
 0
 0
 0
 0
 0
 0
