# Created by Octave 3.2.4, Sun Feb 03 22:54:09 2013 EST <rbom@zaphod>
# name: small_First_Fit
# type: matrix
# ndims: 3
 1 10 30
 3.14818927867687e-18
 1.202211502218352e-19
 1.171104273077832e-17
 3.355886410512054e-19
 6.929937048338829e-19
 4.70629623041598e-13
 2.77717905671544e-23
 3.886650957419721e-21
 5.277816374469129e-21
 1.136938288562877e-16
 6.590785295587504e-10
 1.202211502218352e-19
 3.253585672404196e-13
 9.706342411464931e-14
 9.226693398839109e-17
 4.70629623041598e-13
 5.946785646624434e-18
 2.247566374404286e-15
 1.627779742957028e-16
 1.136938288562877e-16
 1.325523484181516e-08
 6.301585815712799e-16
 6.756674590731625e-10
 9.706342411464931e-14
 4.140491427003924e-12
 4.70629623041598e-13
 1.042238505275463e-16
 4.331067054146655e-13
 6.25302921680825e-14
 2.66249239559822e-13
 1.489223710839436e-06
 2.175546317816476e-13
 4.64022412374594e-08
 9.706342411464931e-14
 8.091302723956501e-10
 1.818558653847217e-11
 5.5128612404835e-13
 7.057719355864687e-10
 8.483312186609664e-10
 2.66249239559822e-13
 0.0001405421867022278
 1.23687436044407e-11
 1.790276143496227e-07
 9.706342411464931e-14
 1.479254102441802e-07
 1.248877449736867e-09
 1.06387709332512e-10
 7.057719355864687e-10
 8.006735427114753e-08
 3.049996111012189e-12
 0.0001405421867022278
 5.183769678312597e-10
 1.229486400284149e-05
 4.478919098177491e-10
 5.403090846984248e-05
 7.107703833192394e-08
 2.668447828925132e-07
 2.508156207742916e-07
 8.006735427114753e-08
 6.963413967245605e-09
 0.0001405421867022278
 5.183769678312597e-10
 3.683226172050787e-05
 3.075945209906771e-08
 5.403090846984248e-05
 7.107703833192394e-08
 0.0001405421867022278
 1.120156075277812e-05
 8.006735427114753e-08
 5.53712792044436e-07
 0.0001405421867022278
 5.183769678312597e-10
 3.683226172050787e-05
 3.075945209906771e-08
 5.403090846984248e-05
 7.107703833192394e-08
 0.0001405421867022278
 7.427254997412907e-05
 8.006735427114753e-08
 5.53712792044436e-07
 0.0001405421867022278
 1.893408100738836e-07
 0.001124457006805186
 3.075945209906771e-08
 5.403090846984248e-05
 2.31025651593958e-05
 0.0001405421867022278
 7.427254997412907e-05
 8.006735427114753e-08
 5.53712792044436e-07
 0.0001405421867022278
 1.893408100738836e-07
 0.003468291075812867
 3.075945209906771e-08
 5.403090846984248e-05
 2.31025651593958e-05
 0.0001405421867022278
 7.427254997412907e-05
 8.006735427114753e-08
 5.53712792044436e-07
 0.0001405421867022278
 1.893408100738836e-07
 0.003468291075812867
 3.075945209906771e-08
 5.403090846984248e-05
 2.31025651593958e-05
 0.0001405421867022278
 7.427254997412907e-05
 8.006735427114753e-08
 5.53712792044436e-07
 0.0001405421867022278
 1.893408100738836e-07
 0.003468291075812867
 3.075945209906771e-08
 5.403090846984248e-05
 2.31025651593958e-05
 0.0001405421867022278
 0.005713052759637468
 8.006735427114753e-08
 5.53712792044436e-07
 0.0001405421867022278
 1.893408100738836e-07
 0.001124457006805186
 3.075945209906771e-08
 5.403090846984248e-05
 2.31025651593958e-05
 0.0001405421867022278
 0.005713052759637468
 0.001927261578202426
 5.53712792044436e-07
 0.0001405421867022278
 1.893408100738836e-07
 0.001124457006805186
 3.075945209906771e-08
 5.403090846984248e-05
 2.31025651593958e-05
 0.0001405421867022278
 0.005713052759637468
 0.001927261578202426
 5.53712792044436e-07
 0.0001405421867022278
 1.893408100738836e-07
 0.001124457006805186
 3.075945209906771e-08
 5.403090846984248e-05
 2.31025651593958e-05
 0.0001405421867022278
 0.005713052759637468
 0.001927261578202426
 5.53712792044436e-07
 0.0001405421867022278
 1.893408100738836e-07
 0.001124457006805186
 3.075945209906771e-08
 5.403090846984248e-05
 2.31025651593958e-05
 0.0001405421867022278
 0.005713052759637468
 0.001927261578202426
 5.53712792044436e-07
 0.0001405421867022278
 1.893408100738836e-07
 0.001124457006805186
 3.075945209906771e-08
 5.403090846984248e-05
 2.31025651593958e-05
 0.0001405421867022278
 0.005713052759637468
 0.001927261578202426
 5.53712792044436e-07
 0.0001405421867022278
 1.893408100738836e-07
 0.001124457006805186
 3.075945209906771e-08
 5.403090846984248e-05
 2.31025651593958e-05
 0.0001405421867022278
 0.005713052759637468
 0.001927261578202426
 5.53712792044436e-07
 0.0001405421867022278
 1.893408100738836e-07
 0.001124457006805186
 3.075945209906771e-08
 5.403090846984248e-05
 2.31025651593958e-05
 0.0001405421867022278
 0.005713052759637468
 0.001927261578202426
 5.53712792044436e-07
 0.0001405421867022278
 1.893408100738836e-07
 0.001124457006805186
 3.075945209906771e-08
 5.403090846984248e-05
 2.31025651593958e-05
 0.0001405421867022278
 0.005713052759637468
 0.001927261578202426
 5.53712792044436e-07
 0.0001405421867022278
 1.893408100738836e-07
 0.001124457006805186
 3.075945209906771e-08
 5.403090846984248e-05
 2.31025651593958e-05
 0.0001405421867022278
 0.005713052759637468
 0.001927261578202426
 5.53712792044436e-07
 0.0001405421867022278
 1.893408100738836e-07
 0.001124457006805186
 3.075945209906771e-08
 5.403090846984248e-05
 2.31025651593958e-05
 0.0001405421867022278
 0.005713052759637468
 0.001927261578202426
 5.53712792044436e-07
 0.0001405421867022278
 1.893408100738836e-07
 0.001124457006805186
 3.075945209906771e-08
 5.403090846984248e-05
 2.31025651593958e-05
 0.0001405421867022278
 0.005713052759637468
 0.001927261578202426
 5.53712792044436e-07
 0.0001405421867022278
 1.893408100738836e-07
 0.001124457006805186
 3.075945209906771e-08
 5.403090846984248e-05
 2.31025651593958e-05
 0.0001405421867022278
 0.005713052759637468
 0.001927261578202426
 5.53712792044436e-07
 0.0001405421867022278
 1.893408100738836e-07
 0.001124457006805186
 3.075945209906771e-08
 5.403090846984248e-05
 2.31025651593958e-05
 0.0001405421867022278
 0.005713052759637468
 0.001927261578202426
 5.53712792044436e-07
 0.0001405421867022278
 1.893408100738836e-07
 0.001124457006805186
 3.075945209906771e-08
 5.403090846984248e-05
 2.31025651593958e-05
 0.0001405421867022278
 0.005713052759637468
 0.001927261578202426
 5.53712792044436e-07
 0.0001405421867022278
 1.893408100738836e-07
 0.001124457006805186
 3.075945209906771e-08
 5.403090846984248e-05
 2.31025651593958e-05
 0.0001405421867022278
 0.005713052759637468
 0.001927261578202426
 5.53712792044436e-07
 0.0001405421867022278
 1.893408100738836e-07
 0.001124457006805186
 3.075945209906771e-08
 5.403090846984248e-05
 2.31025651593958e-05
 0.0001405421867022278
 0.005713052759637468
 0.001927261578202426
 5.53712792044436e-07
 0.0001405421867022278
 1.893408100738836e-07
 0.001124457006805186
 3.075945209906771e-08
 5.403090846984248e-05
 2.31025651593958e-05
 0.0001405421867022278
 0.005713052759637468
 0.001927261578202426
 5.53712792044436e-07
 0.0001405421867022278
 1.893408100738836e-07
 0.001124457006805186
 3.075945209906771e-08
 5.403090846984248e-05
 2.31025651593958e-05
 0.0001405421867022278
 0.005713052759637468
 0.001927261578202426
 5.53712792044436e-07
