# Created by Octave 3.2.4, Tue Feb 05 05:21:36 2013 EST <rbom@zaphod>
# name: small_First_Fit
# type: matrix
# ndims: 3
 1 10 30
 2.103608640775551e-18
 4.426051025772016e-16
 3.37827882197724e-16
 8.188809393264443e-16
 3.833640330248069e-19
 1.351085245434067e-14
 2.141033066432133e-20
 9.654472788078185e-17
 2.257076072053601e-17
 2.405458864931765e-19
 4.029260059981021e-15
 4.025957784136553e-13
 3.37827882197724e-16
 1.108328699040393e-13
 8.53020767412199e-16
 3.141107067040416e-12
 5.406283686820574e-15
 9.654434522525463e-15
 2.738598554254582e-14
 5.551690059742667e-17
 9.273701616308683e-13
 9.419730961590935e-11
 1.090971443781828e-11
 3.366949391550035e-09
 1.707832435070476e-13
 5.680782632366643e-10
 7.191588715130743e-13
 9.156202117887305e-16
 2.510348415571644e-11
 5.098782113324441e-15
 1.916076537963892e-10
 6.636109053427137e-09
 2.382415903278025e-09
 3.589124082897183e-07
 4.959924574039105e-09
 3.81689560154784e-08
 7.665048464667699e-11
 9.571286566144753e-13
 1.608032286270447e-09
 1.115465232383981e-10
 4.158644001138873e-09
 6.636109053427137e-09
 1.352901110593502e-07
 4.449937226368186e-06
 1.301426746155038e-08
 4.629993359506465e-06
 7.130345841775401e-10
 5.915372869518105e-09
 1.411460384516048e-08
 8.056799237424514e-09
 4.529188441711368e-07
 1.480966338859949e-07
 2.743431455765427e-06
 4.449937226368186e-06
 1.301426746155038e-08
 0.000179667214137725
 5.815746965964739e-08
 1.066031935346732e-05
 3.922552535242186e-07
 5.124801160733323e-08
 2.11616304971936e-05
 1.480966338859949e-07
 2.743431455765427e-06
 4.449937226368186e-06
 7.155364648888361e-08
 0.000179667214137725
 5.815746965964739e-08
 0.0005793339953536389
 3.922552535242186e-07
 3.680153562138783e-06
 2.11616304971936e-05
 1.480966338859949e-07
 0.0006838071439672307
 4.449937226368186e-06
 3.568066561960558e-07
 0.000179667214137725
 5.815746965964739e-08
 0.0005793339953536389
 0.0002159287350003843
 4.201469715321305e-05
 2.11616304971936e-05
 1.480966338859949e-07
 0.0006838071439672307
 4.306813804807875e-05
 2.562400335551395e-05
 0.000179667214137725
 4.36008875885728e-06
 0.0005793339953536389
 0.0002159287350003843
 0.0001941133790579994
 2.11616304971936e-05
 8.327985690221782e-07
 0.0006838071439672307
 0.0002159287350003843
 2.562400335551395e-05
 0.000179667214137725
 4.36008875885728e-06
 0.0006838071439672307
 0.0002159287350003843
 0.0006838071439672307
 3.792533535569215e-05
 1.480966338859949e-07
 0.0006838071439672307
 0.0002159287350003843
 2.562400335551395e-05
 0.000179667214137725
 4.36008875885728e-06
 0.00704741272667069
 0.0002159287350003843
 0.0006838071439672307
 3.792533535569215e-05
 8.327985690221782e-07
 0.0006838071439672307
 0.0002159287350003843
 2.562400335551395e-05
 0.000179667214137725
 4.36008875885728e-06
 0.00704741272667069
 0.0002159287350003843
 0.0006838071439672307
 3.792533535569215e-05
 8.327985690221782e-07
 0.0006838071439672307
 0.0002159287350003843
 2.562400335551395e-05
 0
 4.36008875885728e-06
 0.00704741272667069
 0.0002159287350003843
 0.0006838071439672307
 3.792533535569215e-05
 8.327985690221782e-07
 0.0006838071439672307
 0.0002159287350003843
 0.0006838071439672307
 0
 4.36008875885728e-06
 0.00704741272667069
 0.0002159287350003843
 0.0006838071439672307
 3.792533535569215e-05
 8.327985690221782e-07
 0
 0.0002159287350003843
 0.0006838071439672307
 0
 4.36008875885728e-06
 0.00704741272667069
 0
 0.0006838071439672307
 3.792533535569215e-05
 3.650075788497614e-06
 0
 0.0002159287350003843
 0.0006838071439672307
 0
 0
 0.00704741272667069
 0
 0.0006838071439672307
 3.792533535569215e-05
 3.650075788497614e-06
 0
 0
 0.0006838071439672307
 0
 0
 0.00704741272667069
 0
 0
 0
 3.650075788497614e-06
 0
 0
 0.0006838071439672307
 0
 0
 0
 0
 0
 0
 3.650075788497614e-06
 0
 0
 0.0006838071439672307
 0
 0
 0
 0
 0
 0
 3.650075788497614e-06
 0
 0
 0.0006838071439672307
 0
 0
 0
 0
 0
 0
 3.650075788497614e-06
 0
 0
 0
 0
 0
 0
 0
 0
 0
 3.650075788497614e-06
 0
 0
 0
 0
 0
 0
 0
 0
 0
 0
 0
 0
 0
 0
 0
 0
 0
 0
 0
 0
 0
 0
 0
 0
 0
 0
 0
 0
 0
 0
 0
 0
 0
 0
 0
 0
 0
 0
 0
 0
 0
 0
 0
 0
 0
 0
 0
 0
 0
 0
 0
 0
 0
 0
 0
 0
 0
 0
 0
 0
 0
 0
 0
 0
 0
 0
 0
 0
 0
 0
 0
 0
 0
 0
 0
 0
 0
 0
 0
 0
 0
 0
 0
 0
 0
 0
 0
 0
