# Created by Octave 3.2.4, Mon Feb 04 03:21:59 2013 EST <rbom@zaphod>
# name: small_First_Fit
# type: matrix
# ndims: 3
 1 10 30
 2.150461911675201e-13
 2.688884794219831e-11
 3.688681517340803e-15
 1.442295129956763e-15
 2.489219544403165e-09
 1.160101022740848e-14
 1.54254580625666e-15
 1.660440063047636e-15
 8.111840270233096e-11
 3.003837784024023e-14
 9.668687857912461e-10
 1.308464628074239e-09
 2.493187642980447e-07
 2.584967785004263e-13
 2.489219544403165e-09
 5.852620877768803e-11
 1.54254580625666e-15
 2.702108542067986e-14
 3.86942632189675e-08
 3.08845987796496e-12
 9.91378069630066e-07
 2.195619691360969e-08
 2.493187642980447e-07
 4.524280586599768e-12
 1.762664163028553e-07
 2.76974108929022e-07
 1.61187425440526e-12
 1.585837258550191e-12
 9.039157783485698e-06
 4.493068378933536e-07
 9.91378069630066e-07
 9.616330868883478e-08
 3.476510437571267e-07
 2.676329502980823e-10
 1.762664163028553e-07
 2.010476347299492e-05
 8.154537168253838e-09
 1.198041760109453e-09
 9.039157783485698e-06
 4.493068378933536e-07
 1.032578907005547e-05
 1.570539739053872e-06
 3.476510437571267e-07
 4.406068825931265e-09
 2.609692996095989e-05
 2.010476347299492e-05
 2.308134737585992e-06
 1.198041760109453e-09
 9.039157783485698e-06
 1.556749992886566e-05
 1.716888923704267e-05
 1.570539739053872e-06
 8.183136344437018e-07
 4.406068825931265e-09
 2.609692996095989e-05
 0.0002728369325011507
 0.001019473684800244
 1.202759726025644e-06
 7.557477004518011e-05
 1.556749992886566e-05
 0.0001739505712218169
 3.32452423199261e-05
 8.183136344437018e-07
 6.238786275706979e-09
 0.0007647312725051825
 0.0002728369325011507
 0.001019473684800244
 2.559962574160413e-05
 0.007591690318018464
 0.0001243466391654657
 0.0002164407629243153
 3.32452423199261e-05
 8.183136344437018e-07
 1.744511773988472e-06
 0.05727324626392577
 0.0002728369325011507
 0.001019473684800244
 0.0001626754282017582
 0.007591690318018464
 0.0001243466391654657
 0.003162980807198576
 0.001883728504458049
 8.183136344437018e-07
 7.542487183175832e-05
 0.05727324626392577
 0.0002728369325011507
 0.001019473684800244
 0.0001626754282017582
 0.05727324626392577
 0.0001243466391654657
 0.003162980807198576
 0.003162980807198576
 0.0007489116554804932
 0.000551140040430856
 0.05727324626392577
 0.0002728369325011507
 0.001019473684800244
 0.0001626754282017582
 0.05727324626392577
 0.0001243466391654657
 0.004406044841991449
 0.003162980807198576
 0.0007489116554804932
 0.000551140040430856
 0.05727324626392577
 0.0002728369325011507
 0.001019473684800244
 0.0001626754282017582
 0.05727324626392577
 0.0001243466391654657
 0.05727324626392577
 0.001883728504458049
 0.05727324626392577
 0.001883728504458049
 0.05727324626392577
 0.0002728369325011507
 0.001019473684800244
 0.0001626754282017582
 0.05727324626392577
 0.0003421339224056599
 0.05727324626392577
 0.001883728504458049
 0.05727324626392577
 0.001883728504458049
 0.05727324626392577
 0.004058404418770224
 0.001019473684800244
 0.0001626754282017582
 0.05727324626392577
 0.0003733224780952708
 0.05727324626392577
 0.001883728504458049
 0.05727324626392577
 0.001883728504458049
 0.05727324626392577
 0.004058404418770224
 0.05727324626392577
 0.0002357236124947295
 0.05727324626392577
 0.0001243466391654657
 0.05727324626392577
 0.001883728504458049
 0.05727324626392577
 0.001883728504458049
 0.05727324626392577
 0.00543462962834066
 0.05727324626392577
 0.0001626754282017582
 0.05727324626392577
 0.0001243466391654657
 0.05727324626392577
 0.003162980807198576
 0.05727324626392577
 0.003162980807198576
 0.05727324626392577
 0.00543462962834066
 0.05727324626392577
 0.0001626754282017582
 0.05727324626392577
 0.0001243466391654657
 0.05727324626392577
 0.001883728504458049
 0.05727324626392577
 0.001883728504458049
 0.05727324626392577
 0.004058404418770224
 0.05727324626392577
 0.0001626754282017582
 0.05727324626392577
 0.0001243466391654657
 0.05727324626392577
 0.001883728504458049
 0.05727324626392577
 0.001883728504458049
 0.05727324626392577
 0.00543462962834066
 0.05727324626392577
 0.0001626754282017582
 0.05727324626392577
 0.0001243466391654657
 0.05727324626392577
 0.001883728504458049
 0.05727324626392577
 0.003162980807198576
 0.05727324626392577
 0.004058404418770224
 0.05727324626392577
 0.0001626754282017582
 0.05727324626392577
 0.0001243466391654657
 0.05727324626392577
 0.001883728504458049
 0.05727324626392577
 0.003162980807198576
 0.05727324626392577
 0.00543462962834066
 0.05727324626392577
 0.0001626754282017582
 0.05727324626392577
 0.0001243466391654657
 0.05727324626392577
 0.001883728504458049
 0.05727324626392577
 0.003162980807198576
 0.05727324626392577
 0.00543462962834066
 0.05727324626392577
 0.0001626754282017582
 0.05727324626392577
 0.0001243466391654657
 0.05727324626392577
 0.003162980807198576
 0.05727324626392577
 0.003162980807198576
 0.05727324626392577
 0.00543462962834066
 0.05727324626392577
 0.0001626754282017582
 0.05727324626392577
 0.0001243466391654657
 0.05727324626392577
 0.003162980807198576
 0.05727324626392577
 0.003162980807198576
 0.05727324626392577
 0.00543462962834066
 0.05727324626392577
 0.0001626754282017582
 0.05727324626392577
 0.0001243466391654657
 0.05727324626392577
 0.003162980807198576
 0.05727324626392577
 0.003162980807198576
 0.05727324626392577
 0.00543462962834066
 0.05727324626392577
 0.0001626754282017582
 0.05727324626392577
 0.0001243466391654657
 0.05727324626392577
 0.003162980807198576
 0.05727324626392577
 0.003162980807198576
 0.05727324626392577
 0.00543462962834066
 0.05727324626392577
 0.0001626754282017582
 0.05727324626392577
 0.0001243466391654657
 0.05727324626392577
 0.003162980807198576
 0.05727324626392577
 0.003162980807198576
 0.05727324626392577
 0.00543462962834066
 0.05727324626392577
 0.0001626754282017582
 0.05727324626392577
 0.0001243466391654657
 0.05727324626392577
 0.003162980807198576
 0.05727324626392577
 0.003162980807198576
 0.05727324626392577
 0.00543462962834066
 0.05727324626392577
 0.002038981687908814
 0.05727324626392577
 0.0001243466391654657
 0.05727324626392577
 0.003162980807198576
 0.05727324626392577
 0.05727324626392577
 0.05727324626392577
 0.00543462962834066
 0.05727324626392577
 0.002038981687908814
 0.05727324626392577
 0.0001243466391654657
 0.05727324626392577
 0.003162980807198576
 0.05727324626392577
 0.05727324626392577
 0.05727324626392577
 0.00543462962834066
 0.05727324626392577
 0.002038981687908814
 0.05727324626392577
 0.0001243466391654657
 0.05727324626392577
 0.003162980807198576
 0.05727324626392577
 0.05727324626392577
 0.05727324626392577
 0.00543462962834066
 0.05727324626392577
 0.002038981687908814
 0.05727324626392577
 0.0001243466391654657
