# Created by Octave 3.2.4, Tue Feb 05 03:56:03 2013 EST <rbom@zaphod>
# name: small_First_Fit
# type: matrix
# ndims: 3
 1 10 30
 4.498818829335473e-15
 5.536612940095109e-11
 1.263041982398133e-12
 1.349622110110986e-10
 3.690569178799503e-14
 3.814687405406389e-16
 1.516046364770118e-15
 4.150579974885903e-09
 2.321689646869003e-11
 6.211651720488428e-13
 9.659900690200742e-12
 4.397603674082468e-06
 7.386780886667687e-10
 9.103671217804229e-10
 2.202085049456174e-11
 4.809019680582394e-13
 5.970504736111339e-14
 9.126541315086841e-07
 1.764248868659222e-09
 6.211651720488428e-13
 2.442081650347666e-09
 4.397603674082468e-06
 7.386780886667687e-10
 2.591346104026295e-08
 4.773820542577209e-09
 1.436611580206028e-10
 5.970504736111339e-14
 4.923087498347634e-05
 1.858764224725883e-06
 4.72220331736568e-11
 1.593806401886889e-07
 4.397603674082468e-06
 1.673507377259419e-07
 6.515414865154024e-07
 1.665757109447843e-07
 2.698782422921235e-08
 1.341192908106837e-10
 4.923087498347634e-05
 1.877164579568274e-05
 7.779538305764404e-10
 1.593806401886889e-07
 4.397603674082468e-06
 7.677530796938347e-06
 6.515414865154024e-07
 8.420513692530906e-06
 9.305876915135151e-07
 6.487136491581103e-08
 0.0007601626483101953
 1.877164579568274e-05
 5.487299735099032e-08
 3.763116985258378e-06
 4.231129614974267e-05
 3.209001217024466e-05
 6.515414865154024e-07
 4.373914460479221e-05
 2.978974455402997e-06
 1.342187682761253e-07
 0.0007601626483101953
 1.877164579568274e-05
 4.482023991733587e-06
 3.763116985258378e-06
 0.0002595751981216499
 3.209001217024466e-05
 6.515414865154024e-07
 8.863344841946264e-05
 9.917496378871111e-05
 0.0002210300383034501
 0.0007601626483101953
 0.0014708777257904
 4.482023991733587e-06
 3.763116985258378e-06
 0.0002595751981216499
 0.000716978987664847
 6.515414865154024e-07
 8.863344841946264e-05
 0.00446610160559306
 0.0002210300383034501
 0.0007601626483101953
 0.0014708777257904
 3.476005078919704e-05
 2.2372281480223e-05
 0.0002595751981216499
 0.0007586199852897187
 0.000125665515514362
 8.863344841946264e-05
 0.00446610160559306
 0.0005388840424378895
 0.0007601626483101953
 0.0014708777257904
 0.0006499761332065357
 3.763116985258378e-06
 0.0002595751981216499
 0.000716978987664847
 0.000125665515514362
 8.863344841946264e-05
 0.00446610160559306
 0.003055135786209203
 0.0007601626483101953
 0.0014708777257904
 0.0006499761332065357
 3.763116985258378e-06
 0.0003244901868996114
 0.000716978987664847
 0.000125665515514362
 8.863344841946264e-05
 0.00446610160559306
 0.00446610160559306
 0.0007601626483101953
 0.0014708777257904
 0.00446610160559306
 0.0003209065445724322
 0.0003244901868996114
 0.000716978987664847
 0.000716978987664847
 8.863344841946264e-05
 0.00446610160559306
 0.00446610160559306
 0
 0.0014708777257904
 0.005601289199760252
 0.0003209065445724322
 0.0003244901868996114
 0.001235851936233261
 0.000125665515514362
 0.0003507498095006764
 0.00446610160559306
 0.00446610160559306
 0
 0.0014708777257904
 0.005601289199760252
 0.0003209065445724322
 0.0003244901868996114
 0.001235851936233261
 0.000125665515514362
 0.001315147357147475
 0.00446610160559306
 0.00446610160559306
 0
 0
 0.005601289199760252
 0.0003209065445724322
 0.0003244901868996114
 0.001235851936233261
 0.000125665515514362
 0.001315147357147475
 0
 0.00446610160559306
 0
 0
 0.005601289199760252
 0.0003209065445724322
 0.0003244901868996114
 0.001235851936233261
 0.000125665515514362
 0.003055135786209203
 0
 0.00446610160559306
 0
 0
 0.005601289199760252
 0.0003209065445724322
 0.0003244901868996114
 0.001235851936233261
 0.000125665515514362
 0.003055135786209203
 0
 0.00446610160559306
 0
 0
 0.005601289199760252
 0.0003216539047760244
 0
 0.001235851936233261
 0.000125665515514362
 0.003055135786209203
 0
 0
 0
 0
 0.005601289199760252
 0.0003216539047760244
 0
 0.0007586199852897187
 0
 0.003055135786209203
 0
 0
 0
 0
 0
 0.0003216539047760244
 0
 0
 0
 0.003055135786209203
 0
 0
 0
 0
 0
 0.0003216539047760244
 0
 0
 0
 0.005601289199760252
 0
 0
 0
 0
 0
 0.0003216539047760244
 0
 0
 0
 0.005601289199760252
 0
 0
 0
 0
 0
 0.005601289199760252
 0
 0
 0
 0.00446610160559306
 0
 0
 0
 0
 0
 0.005601289199760252
 0
 0
 0
 0.00446610160559306
 0
 0
 0
 0
 0
 0.005601289199760252
 0
 0
 0
 0.00446610160559306
 0
 0
 0
 0
 0
 0.005601289199760252
 0
 0
 0
 0.00446610160559306
 0
 0
 0
 0
 0
 0.005601289199760252
 0
 0
 0
 0.00446610160559306
 0
 0
 0
 0
 0
 0.005601289199760252
 0
 0
 0
 0
 0
 0
 0
 0
 0
 0.005601289199760252
 0
 0
 0
 0
 0
 0
 0
 0
 0
 0
 0
 0
 0
 0
 0
 0
 0
 0
 0
