# Created by Octave 3.2.4, Tue Feb 05 06:07:01 2013 EST <rbom@zaphod>
# name: small_First_Fit
# type: matrix
# ndims: 3
 1 10 30
 2.456977096534199e-19
 1.624829449926306e-20
 5.330864141389112e-18
 6.832296672131039e-18
 1.623234881927897e-22
 1.5144183427185e-20
 3.071486124408983e-17
 2.007064982655751e-14
 5.376397307088238e-21
 1.252153708525689e-16
 2.544365937199776e-17
 5.781526271181325e-15
 8.583677584551758e-17
 1.384691972153759e-13
 2.286013800255996e-19
 5.802432138864359e-10
 1.154985766883858e-13
 7.282527127493686e-11
 3.308459128262184e-14
 6.092584104026515e-12
 2.544365937199776e-17
 1.215355793209623e-12
 8.583677584551758e-17
 1.384691972153759e-13
 9.109461963189946e-15
 5.802432138864359e-10
 2.017473300665338e-11
 2.803625503239e-06
 3.308459128262184e-14
 1.391164620300108e-09
 1.038283178060197e-12
 1.099170913066953e-09
 2.014377145794969e-14
 1.323935481669632e-11
 1.05413264754683e-11
 2.512097935489341e-08
 3.07842002304573e-07
 2.803625503239e-06
 6.887213224707166e-10
 2.642926425796509e-08
 1.774820782012867e-12
 1.15333990104778e-07
 1.21922376996519e-11
 2.29540929011765e-09
 4.606207094633138e-09
 4.778478371455895e-06
 5.911414627836457e-05
 1.982092153017277e-05
 1.101368873182867e-07
 5.815204982449267e-06
 3.520435419800451e-09
 1.823411049610332e-05
 2.506457775891011e-09
 4.269086680281896e-07
 4.606207094633138e-09
 4.778478371455895e-06
 5.911414627836457e-05
 1.982092153017277e-05
 1.265527510832344e-06
 5.815204982449267e-06
 6.038388838092338e-08
 1.823411049610332e-05
 3.684862575705504e-08
 4.269086680281896e-07
 2.732429909556164e-07
 4.778478371455895e-06
 5.911414627836457e-05
 1.982092153017277e-05
 0.0001095448234012048
 5.815204982449267e-06
 7.050515169654511e-07
 1.823411049610332e-05
 3.684862575705504e-08
 1.74316011212385e-05
 3.95803555975642e-05
 4.778478371455895e-06
 0.001064881628878098
 1.982092153017277e-05
 0.0001095448234012048
 0.000840070863176727
 2.715899035400961e-06
 1.823411049610332e-05
 3.182814990950979e-07
 1.74316011212385e-05
 3.95803555975642e-05
 4.778478371455895e-06
 0.001064881628878098
 2.860965612598774e-05
 0.0001095448234012048
 0.000840070863176727
 2.715899035400961e-06
 1.823411049610332e-05
 0.0002668468958755672
 1.74316011212385e-05
 3.95803555975642e-05
 4.778478371455895e-06
 0.001064881628878098
 2.860965612598774e-05
 0.0001095448234012048
 0.000840070863176727
 7.050515169654511e-07
 1.823411049610332e-05
 0.0002668468958755672
 1.74316011212385e-05
 3.95803555975642e-05
 4.778478371455895e-06
 0.001064881628878098
 3.95803555975642e-05
 0.0001095448234012048
 0.000840070863176727
 7.050515169654511e-07
 1.823411049610332e-05
 0.0002668468958755672
 1.74316011212385e-05
 3.95803555975642e-05
 0
 0.001064881628878098
 3.95803555975642e-05
 0.000840070863176727
 0.000840070863176727
 7.050515169654511e-07
 0
 0.0002668468958755672
 1.74316011212385e-05
 3.95803555975642e-05
 0
 0.001064881628878098
 3.95803555975642e-05
 0.000840070863176727
 0.000840070863176727
 7.050515169654511e-07
 0
 0.0002668468958755672
 1.74316011212385e-05
 3.95803555975642e-05
 0
 0.001064881628878098
 3.95803555975642e-05
 0.000840070863176727
 0.000840070863176727
 7.050515169654511e-07
 0
 0.001064881628878098
 0
 0
 0
 0
 0.0002668468958755672
 0.000840070863176727
 0
 0
 0
 0.0002668468958755672
 0
 0
 0
 0
 0.0002668468958755672
 0.000840070863176727
 0
 0
 0
 0.0002668468958755672
 0
 0
 0
 0
 0.0002668468958755672
 0.000840070863176727
 0
 0
 0
 0.0002668468958755672
 0
 0
 0
 0
 0.0002668468958755672
 0.000840070863176727
 0
 0
 0
 0.0002668468958755672
 0
 0
 0
 0
 0.0002668468958755672
 0
 0
 0
 0
 0.000840070863176727
 0
 0
 0
 0
 0.0002668468958755672
 0
 0
 0
 0
 0.000840070863176727
 0
 0
 0
 0
 0.0002668468958755672
 0
 0
 0
 0
 0.001064881628878098
 0
 0
 0
 0
 0
 0
 0
 0
 0
 0.001064881628878098
 0
 0
 0
 0
 0
 0
 0
 0
 0
 0.001064881628878098
 0
 0
 0
 0
 0
 0
 0
 0
 0
 0.000840070863176727
 0
 0
 0
 0
 0
 0
 0
 0
 0
 0.000840070863176727
 0
 0
 0
 0
 0
 0
 0
 0
 0
 0.000840070863176727
 0
 0
 0
 0
 0
 0
 0
 0
 0
 0.000840070863176727
 0
 0
 0
 0
 0
 0
 0
 0
 0
 0
 0
 0
 0
 0
 0
 0
 0
 0
 0
 0
 0
 0
 0
 0
 0
 0
 0
