# Created by Octave 3.2.4, Wed Feb 06 20:56:32 2013 EST <rbom@zaphod>
# name: small_First_Fit
# type: matrix
# ndims: 3
 1 10 30
 2.88623868630823e-09
 4.058533500595601e-10
 1.730501452953022e-06
 1.039636114422094e-09
 5.188771144095895e-08
 9.14197339639302e-10
 3.289976086428945e-09
 4.739755494748571e-11
 3.477775715347978e-12
 1.269688708959078e-11
 9.495719505139943e-08
 1.258378411633992e-08
 6.060081734128262e-06
 3.235414114656913e-07
 4.081672854558458e-06
 1.72417642537818e-08
 8.465496052729013e-09
 2.167700900716614e-08
 4.72080403013338e-09
 5.070515481838287e-07
 1.263571490848012e-07
 1.64888849164981e-06
 0.0002829349080864351
 1.593350800553299e-05
 0.0002094774217535952
 4.106678221527898e-07
 4.224097534346726e-08
 5.490932701908977e-08
 9.721921398894745e-07
 7.2664299586196e-06
 2.2832705155568e-07
 1.034114384384243e-05
 0.0002829349080864351
 0.0001891040161617079
 0.002050463559870058
 0.00021187295068268
 6.331030596204678e-08
 3.311914004090312e-07
 4.121961610685107e-05
 7.909056803212522e-05
 7.388335177355344e-06
 7.234824574143375e-05
 0.0002829349080864351
 0.0009124331780622931
 0.002050463559870058
 0.0009027534580101241
 1.656355703469421e-06
 3.311914004090312e-07
 0.0005776610800235147
 0.001035061864597582
 0.002895259659303893
 0.0002975173728749836
 0.007761812414744274
 0.03856058961300494
 0.002050463559870058
 0.0009027534580101241
 3.764444237532986e-05
 3.046734904345797e-06
 0.0006932156408142385
 0.001035061864597582
 0.02379757008285537
 0.001052193089968801
 0.007761812414744274
 0.03856058961300494
 0.002050463559870058
 0.0009027534580101241
 0.002526001190053811
 3.046734904345797e-06
 0.0007772244035124988
 0.001868059985495716
 0.02379757008285537
 0.001052193089968801
 0.01166051067407792
 0.03856058961300494
 0.002501395945139262
 0.0009358557402420184
 0.002526001190053811
 3.046734904345797e-06
 0.0007772244035124988
 0.004609652103015128
 0.02379757008285537
 0.002686057182088911
 0.01166051067407792
 0.03856058961300494
 0.01376598277820929
 0.0009358557402420184
 0.002686057182088911
 1.832621060658737e-05
 0.00106546857174763
 0.02379757008285537
 0.02379757008285537
 0.009920937051095756
 0.01166051067407792
 0.03856058961300494
 0.01376598277820929
 0.001350405214026641
 0.002686057182088911
 0.0004284176381679784
 0.00106546857174763
 0.02379757008285537
 0.02379757008285537
 0.009920937051095756
 0.01166051067407792
 0.03856058961300494
 0.02736873950039583
 0.001350405214026641
 0.002686057182088911
 0.0004284176381679784
 0.001804854996793404
 0.02379757008285537
 0.02379757008285537
 0.009920937051095756
 0.01166051067407792
 0.03856058961300494
 0.02736873950039583
 0.001350405214026641
 0.002686057182088911
 0.0004284176381679784
 0.001804854996793404
 0.01717687865569644
 0.02379757008285537
 0.009920937051095756
 0.01166051067407792
 0
 0.01376598277820929
 0.002359531903460106
 0.009920937051095756
 0.003719719002775988
 0.002686057182088911
 0.01717687865569644
 0
 0.009920937051095756
 0.01166051067407792
 0
 0.01376598277820929
 0.002359531903460106
 0.03856058961300494
 0.003719719002775988
 0.002686057182088911
 0.02379757008285537
 0
 0.009920937051095756
 0
 0
 0.03856058961300494
 0.002359531903460106
 0.03856058961300494
 0.003719719002775988
 0.002686057182088911
 0.02379757008285537
 0
 0.03856058961300494
 0
 0
 0.02736873950039583
 0.002359531903460106
 0.03856058961300494
 0.003719719002775988
 0.008718810688185473
 0.01717687865569644
 0
 0.009920937051095756
 0
 0
 0.02736873950039583
 0.007971215990848617
 0.03856058961300494
 0.003719719002775988
 0.009920937051095756
 0.01717687865569644
 0
 0.009920937051095756
 0
 0
 0.01376598277820929
 0.007971215990848617
 0.03856058961300494
 0.004923275564942262
 0.02216647686066561
 0.01717687865569644
 0
 0.03856058961300494
 0
 0
 0.01376598277820929
 0.007971215990848617
 0.03856058961300494
 0.004923275564942262
 0.03856058961300494
 0.01717687865569644
 0
 0.03856058961300494
 0
 0
 0.01376598277820929
 0.007971215990848617
 0.03856058961300494
 0.01166051067407792
 0.03856058961300494
 0.01717687865569644
 0
 0.03856058961300494
 0
 0
 0.03856058961300494
 0.01274627280711945
 0
 0.01166051067407792
 0.03856058961300494
 0
 0
 0.03856058961300494
 0
 0
 0.03856058961300494
 0.007971215990848617
 0
 0.01166051067407792
 0.03856058961300494
 0
 0
 0.03856058961300494
 0
 0
 0.03856058961300494
 0.007971215990848617
 0
 0.01166051067407792
 0.03856058961300494
 0
 0
 0.03856058961300494
 0
 0
 0.03856058961300494
 0.007971215990848617
 0
 0.01166051067407792
 0.03856058961300494
 0
 0
 0.03856058961300494
 0
 0
 0.03856058961300494
 0.01274627280711945
 0
 0.01166051067407792
 0.03856058961300494
 0
 0
 0
 0
 0
 0.03856058961300494
 0.01274627280711945
 0
 0.01166051067407792
 0
 0
 0
 0
 0
 0
 0.03856058961300494
 0.01274627280711945
 0
 0
 0
 0
 0
 0
 0
 0
 0
 0.03856058961300494
 0
 0
 0
 0
 0
 0
 0
 0
 0
 0.01274627280711945
 0
 0
 0
 0
 0
 0
 0
 0
 0
 0.01274627280711945
 0
 0
 0
 0
