# Created by Octave 3.2.4, Wed Feb 06 17:08:59 2013 EST <rbom@zaphod>
# name: small_First_Fit
# type: matrix
# ndims: 3
 1 10 30
 3.091465264069713e-07
 1.203621753152526e-06
 4.224272010076393e-07
 5.613230393987791e-06
 3.371416514957933e-07
 1.534717354491576e-06
 0.00191964927977504
 2.686743347090717e-07
 1.119370330911596e-08
 7.032029746410979e-07
 0.0001003002324547757
 0.0001043602624485961
 0.0003529934019947049
 3.550839101269016e-05
 1.483542908197805e-05
 2.005132868241776e-05
 0.00191964927977504
 4.262162229872184e-06
 8.037949649551395e-08
 1.183277988344282e-05
 0.0007417349390248525
 0.0001068830188787837
 0.000750067716112147
 3.550839101269016e-05
 7.237683464119919e-05
 0.0004396974581670521
 0.00191964927977504
 7.043386455971274e-05
 3.238992582833163e-06
 1.239553306865414e-05
 0.0007417349390248525
 0.0001043602624485961
 0.000750067716112147
 0.0001470039982986697
 0.001231011078574419
 0.006861692591505415
 0.004438694326739978
 0.0003600579756848514
 3.238992582833163e-06
 0.0001864897235708985
 0.001112908372494012
 0.004351037302752991
 0.0003529934019947049
 0.0001470039982986697
 0.001231011078574419
 0.006861692591505415
 0.008253862746264502
 0.0007432328275085657
 1.255020866343034e-05
 0.0003797093061304128
 0.0009146689596260772
 0.004351037302752991
 0.0003529934019947049
 0.0002868757993378627
 0.002623853471415134
 0.008889218333124083
 0.01008560879624047
 0.0007432328275085657
 1.653577268115591e-05
 0.0006189467588699388
 0.001224010825075812
 0.004351037302752991
 0.000750067716112147
 0.01178928639513675
 0.002623853471415134
 0.006861692591505415
 0.0381276444299913
 0.0007432328275085657
 2.564602519691828e-05
 0.0006382427886055715
 0.001224010825075812
 0.007555059339372471
 0.000750067716112147
 0.01178928639513675
 0.002623853471415134
 0.006861692591505415
 0.04038728902930594
 0.002368082457885198
 9.480940768618149e-05
 0.005916278949121582
 0.001224010825075812
 0.007555059339372471
 0.000750067716112147
 0.02644539994547965
 0.003245453363878097
 0.006861692591505415
 0.04038728902930594
 0.002368082457885198
 0.0001305962908939471
 0.005916278949121582
 0.01722082880881082
 0.009517037824711836
 0.000750067716112147
 0.02644539994547965
 0.003245453363878097
 0.008889218333124083
 0.04038728902930594
 0.004356182528423204
 0.0007901904828186995
 0.005916278949121582
 0.01722082880881082
 0.009517037824711836
 0.003339326024718983
 0.02644539994547965
 0.004234547908374888
 0.006861692591505415
 0.04038728902930594
 0.004356182528423204
 0.006089579849217508
 0.005916278949121582
 0.01722082880881082
 0.01296386684806055
 0.003339326024718983
 0.02644539994547965
 0.006183138895758849
 0.006861692591505415
 0.04038728902930594
 0.004356182528423204
 0.006089579849217508
 0.005916278949121582
 0.01722082880881082
 0.009517037824711836
 0.003339326024718983
 0.02644539994547965
 0.006183138895758849
 0.03969063699602879
 0.04038728902930594
 0.004356182528423204
 0.01436398101440781
 0.008282472848466359
 0.03464807750159906
 0.01774044010007925
 0.007263300368769467
 0.03464807750159906
 0.006183138895758849
 0.03969063699602879
 0.04038728902930594
 0.004356182528423204
 0.01436398101440781
 0.005916278949121582
 0.03464807750159906
 0.01790590124496622
 0.01493805561811233
 0.03464807750159906
 0.006183138895758849
 0.03969063699602879
 0
 0.004571074892043082
 0.01436398101440781
 0.02801154601699373
 0.03464807750159906
 0.02975055109080534
 0.01493805561811233
 0.02644539994547965
 0.006183138895758849
 0.03969063699602879
 0
 0.02325597592191699
 0.01436398101440781
 0.02801154601699373
 0.04695052854691528
 0.02975055109080534
 0.01493805561811233
 0.02644539994547965
 0.006183138895758849
 0.03969063699602879
 0
 0.004356182528423204
 0.01436398101440781
 0.02801154601699373
 0.04695052854691528
 0.04290631704168708
 0.01493805561811233
 0.04695052854691528
 0.006183138895758849
 0.03969063699602879
 0
 0.004356182528423204
 0.01436398101440781
 0.02801154601699373
 0.03464807750159906
 0.04290631704168708
 0.01493805561811233
 0.04695052854691528
 0
 0.04695052854691528
 0
 0.02481112933248762
 0.01436398101440781
 0.02801154601699373
 0.0381276444299913
 0.02975055109080534
 0.01493805561811233
 0.04695052854691528
 0
 0.04695052854691528
 0
 0.004356182528423204
 0
 0.02801154601699373
 0.03464807750159906
 0.02975055109080534
 0.01493805561811233
 0.04695052854691528
 0
 0.04449813909290488
 0
 0.02481112933248762
 0
 0.02801154601699373
 0.03464807750159906
 0.02975055109080534
 0
 0.04695052854691528
 0
 0.04449813909290488
 0
 0.02481112933248762
 0
 0
 0.03464807750159906
 0.02975055109080534
 0
 0.04695052854691528
 0
 0.04449813909290488
 0
 0.02481112933248762
 0
 0
 0.03464807750159906
 0.02975055109080534
 0
 0.04695052854691528
 0
 0.04449813909290488
 0
 0.02481112933248762
 0
 0
 0.03464807750159906
 0
 0
 0
 0
 0.04449813909290488
 0
 0.02481112933248762
 0
 0
 0.0381276444299913
 0
 0
 0
 0
 0
 0
 0.02481112933248762
 0
 0
 0.0381276444299913
 0
 0
 0
 0
 0
 0
 0.02481112933248762
 0
 0
 0.0381276444299913
 0
 0
 0
 0
 0
 0
 0
 0
 0
 0.0381276444299913
 0
 0
 0
 0
 0
 0
 0
 0
 0
 0.0381276444299913
 0
 0
 0
 0
 0
 0
 0
 0
 0
