# Created by Octave 3.2.4, Thu Feb 07 02:09:49 2013 EST <rbom@zaphod>
# name: small_First_Fit
# type: matrix
# ndims: 3
 1 10 30
 3.302729458860496e-15
 8.419852305256978e-10
 9.445606837948482e-11
 3.699151290237375e-14
 1.504230411817091e-17
 7.792886936780901e-17
 1.644974656060377e-15
 6.170679340710031e-08
 3.047444930464214e-16
 2.742522642479252e-16
 1.952740666986628e-13
 4.267924671485356e-07
 1.061201526481169e-08
 1.754769232995562e-11
 6.756534376923005e-13
 1.018678463020006e-07
 4.823550348185907e-14
 8.234276577089849e-05
 1.267496430961572e-09
 2.982089327986604e-11
 1.650943765215285e-12
 4.267924671485356e-07
 5.151834684054585e-06
 4.627836344678365e-09
 6.756534376923005e-13
 5.641223396816569e-06
 8.731247125484389e-13
 0.01320727562338358
 2.135659961863488e-07
 7.880432135669264e-09
 5.386157976121924e-11
 4.267924671485356e-07
 0.0005091294754062536
 1.40296567027782e-07
 3.289161091577998e-12
 5.641223396816569e-06
 1.235389635149542e-10
 0.01320727562338358
 2.989258946186332e-05
 2.267936788447414e-05
 5.386157976121924e-11
 3.572513169614976e-05
 0.0005091294754062536
 1.40296567027782e-07
 3.555597613838062e-08
 5.641223396816569e-06
 1.725922765935099e-08
 0.01320727562338358
 0.0008414211324610861
 0.000680000355607069
 1.27489814542364e-09
 3.572513169614976e-05
 0.0005091294754062536
 7.263238344220774e-07
 0.0001033161124013237
 5.641223396816569e-06
 4.654670967325778e-07
 0.01320727562338358
 0.0008414211324610861
 0.000680000355607069
 7.12682365883519e-09
 0.001156241475581458
 0.0005091294754062536
 4.050051725517883e-05
 0.0001033161124013237
 6.437337158192537e-06
 2.582306510853885e-05
 0.01320727562338358
 0.002935845593834424
 0.000680000355607069
 3.247806946061914e-07
 0.001156241475581458
 0.0005091294754062536
 0.001796039759286464
 0.008093676054648761
 0.000680000355607069
 2.582306510853885e-05
 0.0174953454457128
 0.002935845593834424
 0.000680000355607069
 6.796514694138705e-05
 0.001156241475581458
 0.0005091294754062536
 0.0174953454457128
 0.008093676054648761
 0.000680000355607069
 0.001371391962640236
 0.0174953454457128
 0.002935845593834424
 0.000680000355607069
 0.001892364633651237
 0.0174953454457128
 0.0005091294754062536
 0.0174953454457128
 0.0174953454457128
 0.000680000355607069
 0.001371391962640236
 0.0174953454457128
 0.002935845593834424
 0.000680000355607069
 0.009921201416854361
 0.0174953454457128
 0
 0.0174953454457128
 0.0174953454457128
 0.000680000355607069
 0.009921201416854361
 0.0174953454457128
 0.002935845593834424
 0.000680000355607069
 0.009921201416854361
 0.0174953454457128
 0
 0.0174953454457128
 0.0174953454457128
 0.000680000355607069
 0.001371391962640236
 0.01320727562338358
 0.002935845593834424
 0
 0.009921201416854361
 0.0174953454457128
 0
 0.0174953454457128
 0.0174953454457128
 0.000680000355607069
 0.001371391962640236
 0.0174953454457128
 0.002935845593834424
 0
 0.009921201416854361
 0.0174953454457128
 0
 0.0174953454457128
 0.0174953454457128
 0.000680000355607069
 0.001371391962640236
 0.01320727562338358
 0
 0
 0.01320727562338358
 0.0174953454457128
 0
 0.0174953454457128
 0.0174953454457128
 0
 0.001825546679070065
 0.01320727562338358
 0
 0
 0.01320727562338358
 0.0174953454457128
 0
 0
 0.0174953454457128
 0
 0.001825546679070065
 0.01320727562338358
 0
 0
 0.02290890068811688
 0
 0
 0
 0
 0
 0.009921201416854361
 0.01320727562338358
 0
 0
 0.02290890068811688
 0
 0
 0
 0
 0
 0.009921201416854361
 0.01320727562338358
 0
 0
 0.02290890068811688
 0
 0
 0
 0
 0
 0.009921201416854361
 0.0174953454457128
 0
 0
 0.02290890068811688
 0
 0
 0
 0
 0
 0.009921201416854361
 0.0174953454457128
 0
 0
 0.02290890068811688
 0
 0
 0
 0
 0
 0.009921201416854361
 0.0174953454457128
 0
 0
 0.02290890068811688
 0
 0
 0
 0
 0
 0.02290890068811688
 0.01320727562338358
 0
 0
 0.02290890068811688
 0
 0
 0
 0
 0
 0.02290890068811688
 0.01320727562338358
 0
 0
 0
 0
 0
 0
 0
 0
 0.009921201416854361
 0.01320727562338358
 0
 0
 0
 0
 0
 0
 0
 0
 0.009921201416854361
 0.01320727562338358
 0
 0
 0
 0
 0
 0
 0
 0
 0.009921201416854361
 0
 0
 0
 0
 0
 0
 0
 0
 0
 0.02290890068811688
 0
 0
 0
 0
 0
 0
 0
 0
 0
 0.02290890068811688
 0
 0
 0
 0
 0
 0
 0
 0
 0
 0.02290890068811688
 0
 0
 0
 0
 0
 0
 0
 0
 0
 0.02290890068811688
 0
 0
 0
