# Created by Octave 3.2.4, Wed Feb 06 18:47:09 2013 EST <rbom@zaphod>
# name: small_First_Fit
# type: matrix
# ndims: 3
 1 10 30
 1.692194678554693e-12
 1.071189247577874e-12
 1.054334253767906e-11
 2.78183708909545e-11
 5.869789474752414e-12
 1.056566715096434e-14
 4.622330052992813e-11
 6.467552608149251e-13
 3.718244168956654e-12
 4.695304862662049e-13
 1.692194678554693e-12
 8.889314738646582e-12
 1.054334253767906e-11
 1.087663132144721e-09
 1.717831162150085e-09
 2.378418130980713e-13
 6.895059887465702e-09
 2.554614279811321e-11
 5.552963215364666e-10
 5.958212841762412e-12
 7.965691287778639e-11
 5.387106852915166e-10
 2.991301679426001e-09
 2.038092015579202e-07
 1.159863769945077e-07
 3.348270100947049e-12
 8.386560396492773e-06
 8.642800730866201e-10
 1.256878874667251e-07
 2.036154519763257e-06
 7.965691287778639e-11
 3.116654801220156e-09
 5.764605184998829e-06
 2.038092015579202e-07
 1.159863769945077e-07
 5.807188968881944e-09
 8.215824697796847e-05
 1.296637030618715e-07
 0.0002156620320491119
 2.036154519763257e-06
 2.368340002154884e-10
 3.116654801220156e-09
 5.764605184998829e-06
 8.408569017434981e-07
 4.400590709478943e-06
 1.287299367135983e-07
 8.215824697796847e-05
 2.911825471284908e-06
 0.0002156620320491119
 2.036154519763257e-06
 1.260807291039888e-07
 1.212721341057765e-07
 5.764605184998829e-06
 8.408569017434981e-07
 4.400590709478943e-06
 1.287299367135983e-07
 8.215824697796847e-05
 0.0002202615004490355
 0.004154543702722559
 1.637672278453038e-05
 5.34472208041476e-05
 1.953234012213047e-06
 5.764605184998829e-06
 2.750528184630618e-05
 4.620037704069351e-05
 0.0002240835977124142
 0.005200373462830197
 0.0007150588597120912
 0.004154543702722559
 1.637672278453038e-05
 0.0013544904466307
 0.0003916635361405893
 0.0004026676917827509
 0.0001030460402073359
 4.620037704069351e-05
 0.0002240835977124142
 0.005200373462830197
 0.0007150588597120912
 0.008475176917977544
 0.0006285005747519569
 0.007808184927802555
 0.0003916635361405893
 0.0007484214727792938
 0.001205018700850366
 9.663705354957473e-05
 0.002564651132349826
 0.01732814506911729
 0.001045540085080142
 0.008475176917977544
 0.0006285005747519569
 0.03273577955010507
 0.0008630604742475319
 0.01318039968809936
 0.003405592048101294
 9.663705354957473e-05
 0.0002240835977124142
 0.01732814506911729
 0.001045540085080142
 0.008475176917977544
 0.0006285005747519569
 0.0773059266874165
 0.0008630604742475319
 0.0773059266874165
 0.003405592048101294
 9.663705354957473e-05
 0.001022356156121655
 0.01732814506911729
 0.01258171303648144
 0.0773059266874165
 0.0006285005747519569
 0.0773059266874165
 0.0008630604742475319
 0.0773059266874165
 0.004273695862101344
 9.663705354957473e-05
 0.0002240835977124142
 0.01732814506911729
 0.01258171303648144
 0.0773059266874165
 0.0006712246562763345
 0.0773059266874165
 0.0008630604742475319
 0.0773059266874165
 0.004273695862101344
 0.0003130823890856628
 0.00103819322646843
 0.01732814506911729
 0.03501281134579266
 0.0773059266874165
 0.0773059266874165
 0.0773059266874165
 0.0008630604742475319
 0.0773059266874165
 0.004273695862101344
 0.0003130823890856628
 0.00103819322646843
 0.01732814506911729
 0.03501281134579266
 0.0773059266874165
 0.0773059266874165
 0.0773059266874165
 0.004219792962940802
 0.0773059266874165
 0.03501281134579266
 0.01039422528245176
 0.002564651132349826
 0.01732814506911729
 0.03501281134579266
 0.0773059266874165
 0.0773059266874165
 0.0773059266874165
 0.004219792962940802
 0.0773059266874165
 0.03501281134579266
 0.03501281134579266
 0.002564651132349826
 0
 0.03501281134579266
 0.0773059266874165
 0.0773059266874165
 0.0773059266874165
 0.004219792962940802
 0.0773059266874165
 0.03501281134579266
 0.03501281134579266
 0.002564651132349826
 0
 0.03501281134579266
 0.0773059266874165
 0.0773059266874165
 0
 0.004219792962940802
 0
 0.03501281134579266
 0.03501281134579266
 0.004533630462995725
 0
 0.03501281134579266
 0
 0.0773059266874165
 0
 0.004219792962940802
 0
 0.03501281134579266
 0.03501281134579266
 0.01732814506911729
 0
 0.03501281134579266
 0
 0.0773059266874165
 0
 0.004219792962940802
 0
 0.03501281134579266
 0.03501281134579266
 0.01732814506911729
 0
 0
 0
 0
 0
 0.01258171303648144
 0
 0.03501281134579266
 0.03501281134579266
 0.01732814506911729
 0
 0
 0
 0
 0
 0.01258171303648144
 0
 0
 0.03501281134579266
 0.01732814506911729
 0
 0
 0
 0
 0
 0.01258171303648144
 0
 0
 0
 0.02185537636985489
 0
 0
 0
 0
 0
 0.01258171303648144
 0
 0
 0
 0.01732814506911729
 0
 0
 0
 0
 0
 0.03501281134579266
 0
 0
 0
 0.02516157112212958
 0
 0
 0
 0
 0
 0.01258171303648144
 0
 0
 0
 0.01732814506911729
 0
 0
 0
 0
 0
 0.03501281134579266
 0
 0
 0
 0.01732814506911729
 0
 0
 0
 0
 0
 0.03501281134579266
 0
 0
 0
 0.01732814506911729
 0
 0
 0
 0
 0
 0.03501281134579266
 0
 0
 0
 0.03870662001594127
 0
 0
 0
 0
 0
 0.03501281134579266
 0
 0
 0
 0.03870662001594127
 0
 0
 0
 0
