# Created by Octave 3.2.4, Tue Feb 05 11:30:09 2013 EST <rbom@zaphod>
# name: small_First_Fit
# type: matrix
# ndims: 3
 1 10 30
 3.338519363396719e-11
 5.265144068632132e-11
 2.907825800156164e-10
 3.206019895726014e-11
 9.49634419965369e-11
 5.130461893787417e-07
 4.432695577994512e-10
 1.357277655572648e-09
 9.781783395572794e-10
 1.23525537904608e-10
 3.338519363396719e-11
 1.646159969595659e-09
 4.697603123959043e-07
 1.082543908339299e-09
 9.49634419965369e-11
 5.130461893787417e-07
 1.538621815640051e-08
 0.0001314594789433824
 1.432633214176673e-07
 1.523232853830296e-07
 8.447279655805835e-08
 6.709805573959214e-09
 4.697603123959043e-07
 1.082543908339299e-09
 3.279963318316581e-09
 1.286706738327501e-06
 7.355492923852644e-08
 0.003159393445958919
 1.432633214176673e-07
 0.0001882520081916331
 8.477229368511667e-08
 1.357565708052395e-06
 4.697603123959043e-07
 1.511367958651755e-07
 1.587500869948076e-08
 1.286706738327501e-06
 4.82663273739871e-07
 0.003159393445958919
 1.873158625262873e-07
 0.0001882520081916331
 1.969611402684022e-06
 1.986141720393694e-05
 6.400676814846827e-06
 1.903535747984796e-06
 1.970535672804873e-06
 1.286706738327501e-06
 4.82663273739871e-07
 0.003159393445958919
 3.9607795219268e-07
 0.0001882520081916331
 1.969611402684022e-06
 1.986141720393694e-05
 2.374464993354013e-05
 2.777625587636589e-05
 6.22270440010969e-05
 1.549834723047668e-05
 2.25814084087451e-06
 0.003159393445958919
 1.852998831874386e-06
 0.0001882520081916331
 1.969611402684022e-06
 1.986141720393694e-05
 2.668153527093348e-05
 0.0006648399569205924
 0.001582532410786182
 0.001016560010925578
 1.517490289250853e-05
 0.04728245987001181
 5.184516550541384e-07
 0.0001882520081916331
 5.678728900210756e-05
 3.223754801124272e-05
 0.0003524922496780993
 0.0006648399569205924
 0.001582532410786182
 0.001016560010925578
 0.000306665890491774
 0.04728245987001181
 5.184516550541384e-07
 0.002154024092854923
 0.001402255404838229
 1.986141720393694e-05
 0.0003524922496780993
 0.0008115065944325409
 0.001582532410786182
 0.001016560010925578
 0.003818669229726517
 0.04728245987001181
 5.184516550541384e-07
 0.005798996318409579
 0.001402255404838229
 0.001369093759728136
 0.0003524922496780993
 0.0008115065944325409
 0.002542964583759433
 0.001016560010925578
 0.003818669229726517
 0.06580384369659202
 3.9607795219268e-07
 0.005798996318409579
 0.001402255404838229
 0.0201871712102046
 0.000354619581277301
 0.0008115065944325409
 0.002559298821145431
 0.001233772261046099
 0.003818669229726517
 0.04728245987001181
 0.0005300052010560212
 0.04728245987001181
 0.002551748885189794
 0.06580384369659202
 0.0003524922496780993
 0.0008115065944325409
 0.002559298821145431
 0.001233772261046099
 0.003818669229726517
 0.04728245987001181
 0.01337092217349321
 0.04728245987001181
 0.001402255404838229
 0.06580384369659202
 0.0003524922496780993
 0.01653723767883586
 0.002559298821145431
 0.001233772261046099
 0.005385834998394059
 0.06580384369659202
 0.01337092217349321
 0.06580384369659202
 0.001402255404838229
 0.06580384369659202
 0.0003524922496780993
 0.01719921566119625
 0.002559298821145431
 0.002235961866945126
 0.005385834998394059
 0.04728245987001181
 0.01983194432870538
 0.06580384369659202
 0.002551748885189794
 0.06580384369659202
 0.01906077128279093
 0.01719921566119625
 0.002559298821145431
 0.003159393445958919
 0.005385834998394059
 0.04728245987001181
 0.01983194432870538
 0.06580384369659202
 0.002551748885189794
 0.06580384369659202
 0.01906077128279093
 0.01719921566119625
 0.002559298821145431
 0.003159393445958919
 0.005385834998394059
 0.04728245987001181
 0.01983194432870538
 0.04728245987001181
 0.005798996318409579
 0.06580384369659202
 0.03385723487373984
 0.01719921566119625
 0.002559298821145431
 0.00220300249581144
 0.01073365146933966
 0.04728245987001181
 0.01983194432870538
 0.04728245987001181
 0.005798996318409579
 0.06580384369659202
 0.03385723487373984
 0.03385723487373984
 0
 0.00220300249581144
 0.01073365146933966
 0.04728245987001181
 0.01983194432870538
 0.06580384369659202
 0.005798996318409579
 0
 0.03385723487373984
 0.03385723487373984
 0
 0.00220300249581144
 0.01073365146933966
 0.04728245987001181
 0.03748199841126414
 0.06580384369659202
 0.005798996318409579
 0
 0.03385723487373984
 0.03385723487373984
 0
 0.001976638520601389
 0.01073365146933966
 0
 0.03748199841126414
 0.06580384369659202
 0.005798996318409579
 0
 0.03385723487373984
 0.03385723487373984
 0
 0.003159393445958919
 0.01073365146933966
 0
 0.03748199841126414
 0.06580384369659202
 0.005798996318409579
 0
 0.03385723487373984
 0.03385723487373984
 0
 0.001976638520601389
 0.01073365146933966
 0
 0.03748199841126414
 0.06580384369659202
 0.005798996318409579
 0
 0.03385723487373984
 0.03385723487373984
 0
 0.00220300249581144
 0.01073365146933966
 0
 0.03748199841126414
 0.06580384369659202
 0
 0
 0
 0.03385723487373984
 0
 0.00220300249581144
 0
 0
 0.03748199841126414
 0.06580384369659202
 0
 0
 0
 0
 0
 0.00220300249581144
 0
 0
 0.03748199841126414
 0
 0
 0
 0
 0
 0
 0.001976638520601389
 0
 0
 0
 0
 0
 0
 0
 0
 0
 0.003159393445958919
 0
 0
 0
 0
 0
 0
 0
 0
 0
 0.00220300249581144
 0
 0
 0
 0
 0
 0
 0
 0
 0
 0.001976638520601389
 0
 0
 0
 0
 0
 0
 0
 0
 0
 0.001976638520601389
 0
 0
 0
 0
