# Created by Octave 3.2.4, Tue Feb 05 14:08:50 2013 EST <rbom@zaphod>
# name: small_First_Fit
# type: matrix
# ndims: 3
 1 10 30
 1.220922611682215e-08
 3.374643162231841e-16
 7.172388413195816e-11
 6.979080340216142e-16
 1.470140143383508e-15
 1.463104009721655e-13
 1.057496764842762e-13
 1.569550055688254e-13
 8.365975809315735e-16
 1.641277950155505e-13
 1.220922611682215e-08
 9.424708436635011e-13
 3.672016434098167e-07
 1.043896216281377e-08
 8.821312924131641e-11
 2.024438324644795e-10
 2.711590037793598e-12
 3.480347718284775e-11
 3.265156625477548e-12
 5.270337410879701e-10
 3.716397327525003e-07
 3.242666806238481e-10
 2.242952929719641e-06
 1.660206376156593e-07
 2.48662997031271e-07
 1.318581620926788e-08
 5.337294697051211e-09
 7.050889074689122e-08
 8.371527394659102e-09
 1.619727638015306e-06
 5.214789492974719e-07
 7.055178290857444e-08
 2.102480733358776e-05
 1.660206376156593e-07
 9.595107310689977e-06
 4.406978430169308e-07
 3.581859714549543e-07
 2.117488562163281e-06
 8.257379097624754e-07
 1.619727638015306e-06
 0.0001865167005198903
 4.527013484301319e-06
 0.0001157735823865525
 2.111652645516829e-07
 9.595107310689977e-06
 8.422802995134936e-08
 1.298092969940996e-05
 2.117488562163281e-06
 4.056510783757113e-06
 0.002269118294627088
 0.0001865167005198903
 4.527013484301319e-06
 0.001868799825904019
 6.2373238860104e-07
 3.990878753349204e-05
 8.220782380564421e-07
 0.001218114591511046
 2.542375467526963e-06
 4.616049436737209e-05
 0.002269118294627088
 0.0001865167005198903
 4.527013484301319e-06
 0.001868799825904019
 6.2373238860104e-07
 0.001071103402541857
 8.220782380564421e-07
 0.001218114591511046
 2.542375467526963e-06
 4.616049436737209e-05
 0.008847270307818119
 0.0001865167005198903
 4.527013484301319e-06
 0.001868799825904019
 2.571267591304417e-06
 0.003587782444554695
 3.311826160175206e-06
 0.001218114591511046
 5.507167347425373e-05
 0.0007654355647085963
 0.008847270307818119
 0.0001865167005198903
 0.0001700986568803105
 0.001868799825904019
 0.0001157735823865525
 0.003587782444554695
 3.311826160175206e-06
 0.001234668631703566
 5.507167347425373e-05
 0.0007654355647085963
 0.008847270307818119
 0.0001865167005198903
 0.0001700986568803105
 0.001868799825904019
 0.0001157735823865525
 0.03051372826691834
 2.746840778153097e-05
 0.001218114591511046
 0.002269118294627088
 0.0007654355647085963
 0.008847270307818119
 0.0001865167005198903
 0.0001700986568803105
 0.001868799825904019
 0.001868799825904019
 0.03051372826691834
 3.311826160175206e-06
 0.001218114591511046
 0.002269118294627088
 0.0007654355647085963
 0.008847270307818119
 0
 0.0001700986568803105
 0.001868799825904019
 0.001868799825904019
 0.03051372826691834
 3.311826160175206e-06
 0.001218114591511046
 0.002269118294627088
 0.0007654355647085963
 0.008847270307818119
 0
 0.0001700986568803105
 0
 0.001868799825904019
 0.03051372826691834
 0.001497298660422852
 0.001218114591511046
 0.002269118294627088
 0.0007654355647085963
 0.008847270307818119
 0
 0.0007609354825918062
 0
 0.001868799825904019
 0.03051372826691834
 0.001497298660422852
 0.001218114591511046
 0.002269118294627088
 0.0007654355647085963
 0
 0
 0.0007609354825918062
 0
 0.001868799825904019
 0.03051372826691834
 0.04434881285687586
 0.001218114591511046
 0.002269118294627088
 0
 0
 0
 0.0007609354825918062
 0
 0.001868799825904019
 0.03051372826691834
 0.04434881285687586
 0
 0.008847270307818119
 0
 0
 0
 0.0007609354825918062
 0
 0.001868799825904019
 0
 0.04434881285687586
 0
 0.008847270307818119
 0
 0
 0
 0.0007609354825918062
 0
 0
 0
 0.04434881285687586
 0
 0.008847270307818119
 0
 0
 0
 0.0007609354825918062
 0
 0
 0
 0.04434881285687586
 0
 0.008847270307818119
 0
 0
 0
 0.0007609354825918062
 0
 0
 0
 0.04434881285687586
 0
 0.008847270307818119
 0
 0
 0
 0
 0
 0
 0
 0.04434881285687586
 0
 0.008847270307818119
 0
 0
 0
 0
 0
 0
 0
 0
 0
 0.008847270307818119
 0
 0
 0
 0
 0
 0
 0
 0
 0
 0
 0
 0
 0
 0
 0
 0
 0
 0
 0
 0
 0
 0
 0
 0
 0
 0
 0
 0
 0
 0
 0
 0
 0
 0
 0
 0
 0
 0
 0
 0
 0
 0
 0
 0
 0
 0
 0
 0
 0
 0
 0
 0
 0
 0
 0
 0
 0
 0
 0
 0
 0
 0
 0
 0
 0
 0
 0
 0
 0
 0
 0
 0
 0
 0
 0
 0
 0
 0
 0
 0
 0
 0
