# Created by Octave 3.2.4, Wed Feb 06 10:40:34 2013 EST <rbom@zaphod>
# name: small_First_Fit
# type: matrix
# ndims: 3
 1 10 30
 2.751555826570018e-09
 2.113803747140027e-13
 1.365025995701124e-10
 7.084122404470303e-09
 2.031085919223085e-07
 1.755174429035896e-09
 1.819843455113826e-12
 6.234957823190926e-11
 1.644404559948396e-11
 2.979746254472558e-11
 1.138362885968167e-06
 1.093747862380935e-10
 1.365025995701124e-10
 2.721566017012526e-08
 2.14279316057712e-06
 1.755174429035896e-09
 2.813659155855235e-07
 0.002940514372085112
 9.575554162598595e-07
 1.213977699544405e-10
 5.980130640178137e-05
 2.05279993122661e-10
 1.365025995701124e-10
 3.805362031149912e-07
 2.356657314373171e-05
 2.730548479182755e-08
 4.549758893258154e-06
 0.002940514372085112
 2.822431622544007e-06
 1.492067406154266e-10
 0.0007045696124212557
 3.871158136592742e-10
 5.880278682555323e-09
 1.457048058347065e-06
 0.0001866897548946588
 2.730548479182755e-08
 3.379755792517844e-05
 0.003642427328309283
 3.616635760460566e-05
 4.585144260135712e-09
 0.001983800301145538
 3.871158136592742e-10
 5.880278682555323e-09
 4.526049644864575e-06
 0.000273797832785222
 3.279044180513738e-07
 0.0004692785704373214
 0.002940514372085112
 3.616635760460566e-05
 5.502873496683298e-08
 0.00894254536944142
 3.871158136592742e-10
 1.060608780978887e-06
 9.348852470611001e-06
 0.0005114360250302786
 1.023124095043673e-06
 0.0004692785704373214
 0.00894254536944142
 0.000101530667995278
 1.598943420991786e-07
 0.01324328013222499
 3.871158136592742e-10
 2.070830473164337e-05
 1.744512623684939e-05
 0.003517907741691439
 0.004544857182561901
 0.0008139328727316256
 0.00894254536944142
 0.0002002747200245537
 1.598943420991786e-07
 0.0186968888350306
 5.162356990353145e-08
 0.001236938071443987
 5.145498232409643e-05
 0.00272046564130742
 0.004544857182561901
 0.01637512482244632
 0.00894254536944142
 0.000383339288144018
 1.598943420991786e-07
 0.0186968888350306
 2.338957765478006e-06
 0.01946523574723969
 0.0002074350850296578
 0.01046431317479976
 0.01285890073321842
 0.01637512482244632
 0.00894254536944142
 0.001071800881532675
 3.192156701941749e-07
 0.0186968888350306
 1.04841384178409e-05
 0.01946523574723969
 0.001717424277267762
 0.01046431317479976
 0.008326809486136431
 0.02271862133922218
 0.00894254536944142
 0.002857255582819879
 0.0001035578381149592
 0.01324328013222499
 7.481947351254232e-05
 0.01946523574723969
 0.003625678919482563
 0.01046431317479976
 0.01285890073321842
 0.02271862133922218
 0.00894254536944142
 0.01946523574723969
 0.000300055687191559
 0.01324328013222499
 0.0002742152373287813
 0.01946523574723969
 0.003625678919482563
 0.01046431317479976
 0.02041181015831251
 0.01637512482244632
 0.0186968888350306
 0.01144033446936215
 0.000300055687191559
 0.01324328013222499
 0.0002742152373287813
 0.01946523574723969
 0.003625678919482563
 0.04786965399965516
 0.02531065537035769
 0.01637512482244632
 0.0186968888350306
 0.01946523574723969
 0.000300055687191559
 0.0186968888350306
 0.0002742152373287813
 0.01946523574723969
 0.003625678919482563
 0.04786965399965516
 0.02531065537035769
 0.02271862133922218
 0.00894254536944142
 0.002857255582819879
 0.000300055687191559
 0.0186968888350306
 0.000783513630869324
 0.04796715161589134
 0.0365331006653189
 0.04786965399965516
 0.02531065537035769
 0.02271862133922218
 0.00894254536944142
 0.002857255582819879
 0.000300055687191559
 0.01324328013222499
 0.000783513630869324
 0.04796715161589134
 0.06235319369940127
 0.04786965399965516
 0.02531065537035769
 0.02271862133922218
 0.01324328013222499
 0.002857255582819879
 0.001366787323633328
 0.01324328013222499
 0.004383469799408487
 0.04796715161589134
 0.06235319369940127
 0.04786965399965516
 0.02531065537035769
 0.01637512482244632
 0.00894254536944142
 0.002857255582819879
 0.001366787323633328
 0.0186968888350306
 0.004383469799408487
 0.04796715161589134
 0.06235319369940127
 0.04786965399965516
 0.02531065537035769
 0.01637512482244632
 0.00894254536944142
 0.01946523574723969
 0.001366787323633328
 0.01324328013222499
 0.04786965399965516
 0.06235319369940127
 0.06235319369940127
 0.04786965399965516
 0.02531065537035769
 0.01637512482244632
 0.01324328013222499
 0.01946523574723969
 0.008736615505343727
 0.01324328013222499
 0.04786965399965516
 0.06235319369940127
 0.06235319369940127
 0
 0
 0.01637512482244632
 0.00894254536944142
 0.01946523574723969
 0.001366787323633328
 0.01324328013222499
 0.04786965399965516
 0.06235319369940127
 0.06235319369940127
 0
 0
 0
 0.00894254536944142
 0.01946523574723969
 0.002280604652028624
 0.01324328013222499
 0.04796715161589134
 0.06235319369940127
 0.06235319369940127
 0
 0
 0
 0.00894254536944142
 0.04796715161589134
 0.001366787323633328
 0.01324328013222499
 0.04796715161589134
 0.06235319369940127
 0
 0
 0
 0
 0.00894254536944142
 0.01946523574723969
 0.008736615505343727
 0.01324328013222499
 0.04786965399965516
 0.06235319369940127
 0
 0
 0
 0
 0.00894254536944142
 0.01946523574723969
 0.001366787323633328
 0
 0.04796715161589134
 0.06235319369940127
 0
 0
 0
 0
 0.00894254536944142
 0.04796715161589134
 0.00272046564130742
 0
 0.04796715161589134
 0
 0
 0
 0
 0
 0
 0.04796715161589134
 0.00272046564130742
 0
 0.04796715161589134
 0
 0
 0
 0
 0
 0
 0.04796715161589134
 0.00272046564130742
 0
 0.04786965399965516
 0
 0
 0
 0
 0
 0
 0.06235319369940127
 0.008736615505343727
 0
 0.04796715161589134
 0
 0
 0
 0
 0
 0
 0.04796715161589134
 0.008736615505343727
 0
 0.04786965399965516
 0
 0
 0
 0
 0
 0
 0.04796715161589134
 0.008736615505343727
