# Created by Octave 3.2.4, Mon Feb 04 13:10:02 2013 EST <rbom@zaphod>
# name: small_First_Fit
# type: matrix
# ndims: 3
 1 10 30
 8.623954699305104e-16
 4.951376528712142e-19
 4.214382541739979e-14
 4.629761455428478e-19
 8.583217657246598e-19
 1.011402633351126e-17
 2.538931504614054e-18
 5.078598694574121e-20
 3.575661858429225e-17
 1.699764519787986e-15
 1.242939929881341e-13
 5.232691194514913e-16
 1.74653270603479e-12
 4.915902558366068e-16
 3.585368633823066e-17
 4.198658144440187e-16
 7.3411949480965e-16
 5.49612510365109e-14
 3.101480997589722e-12
 8.008019802481501e-12
 1.034965041054371e-11
 3.262161769922992e-14
 2.170594617737125e-11
 4.915902558366068e-16
 5.347452654758064e-15
 2.64493031322994e-14
 2.572975481008085e-13
 5.49612510365109e-14
 9.095890484188569e-09
 5.736811297806657e-09
 2.52507794522833e-08
 3.262161769922992e-14
 1.286350640574932e-08
 1.734486134342013e-12
 3.181538085061013e-13
 6.997412416979049e-12
 2.572975481008085e-13
 5.49612510365109e-14
 2.489586532096583e-06
 2.208195261448569e-08
 2.52507794522833e-08
 2.12456225740097e-11
 6.283918797978852e-06
 5.818232085439629e-09
 2.817200377387647e-10
 6.997412416979049e-12
 2.572975481008085e-13
 3.218137992772069e-11
 0.0001799952214145104
 2.396145816198769e-07
 2.52507794522833e-08
 7.21203065116957e-09
 6.283918797978852e-06
 3.555190500309235e-06
 1.445203518160746e-09
 1.984592651439572e-08
 2.149785875296345e-11
 1.609030490401354e-09
 0.0001799952214145104
 2.396145816198769e-07
 0.0001107459352766235
 7.21203065116957e-09
 6.283918797978852e-06
 3.555190500309235e-06
 4.193985940666805e-08
 1.984592651439572e-08
 6.41815425672646e-07
 1.609030490401354e-09
 0.0001799952214145104
 9.201720816757495e-07
 0.0001107459352766235
 7.21203065116957e-09
 6.283918797978852e-06
 0.000144764751025463
 3.544549387411347e-06
 1.984592651439572e-08
 6.41815425672646e-07
 1.333120187696886e-07
 0.0001799952214145104
 7.025296894099388e-06
 0.0001107459352766235
 7.21203065116957e-09
 0.004393117322202368
 0.000144764751025463
 3.544549387411347e-06
 1.984592651439572e-08
 0.0003723913397741429
 2.033003699226537e-06
 0.0001799952214145104
 7.025296894099388e-06
 0.00431462257341396
 7.21203065116957e-09
 0.004393117322202368
 0.000144764751025463
 3.544549387411347e-06
 3.936901394986337e-07
 0.0003723913397741429
 0.0001684337431185565
 0.0001799952214145104
 7.025296894099388e-06
 0.00431462257341396
 7.21203065116957e-09
 0.004393117322202368
 0.000144764751025463
 0.001183608626734284
 3.936901394986337e-07
 0.0003723913397741429
 0.0001684337431185565
 0.0001799952214145104
 2.544930826590502e-05
 0.00431462257341396
 7.21203065116957e-09
 0.004393117322202368
 0.000144764751025463
 0.001183608626734284
 0.00211564915320486
 0.0003723913397741429
 0.0001684337431185565
 0
 0.001183608626734284
 0.00431462257341396
 0
 0.004393117322202368
 0.02403029902994583
 0.001183608626734284
 0.00211564915320486
 0.0003723913397741429
 0.02403029902994583
 0
 0.001183608626734284
 0.00431462257341396
 0
 0.004393117322202368
 0.02403029902994583
 0.001215260310192068
 0.00211564915320486
 0.004393117322202368
 0.02403029902994583
 0
 0.001183608626734284
 0.00431462257341396
 0
 0.004393117322202368
 0.02403029902994583
 0.001215260310192068
 0.00211564915320486
 0.004393117322202368
 0.02403029902994583
 0
 0.001183608626734284
 0.00431462257341396
 0
 0
 0.02403029902994583
 0.001215260310192068
 0.00211564915320486
 0.004393117322202368
 0.02403029902994583
 0
 0.001183608626734284
 0
 0
 0
 0.02403029902994583
 0.02403029902994583
 0.00211564915320486
 0.004393117322202368
 0.02403029902994583
 0
 0.001215260310192068
 0
 0
 0
 0.02403029902994583
 0.02403029902994583
 0.00211564915320486
 0.004393117322202368
 0.02403029902994583
 0
 0.001215260310192068
 0
 0
 0
 0.02403029902994583
 0.02403029902994583
 0
 0.004393117322202368
 0.02403029902994583
 0
 0.001215260310192068
 0
 0
 0
 0
 0.02403029902994583
 0
 0.004393117322202368
 0
 0
 0.02403029902994583
 0
 0
 0
 0
 0.02403029902994583
 0
 0
 0
 0
 0.02403029902994583
 0
 0
 0
 0
 0.02403029902994583
 0
 0
 0
 0
 0.02403029902994583
 0
 0
 0
 0
 0.02403029902994583
 0
 0
 0
 0
 0.02403029902994583
 0
 0
 0
 0
 0
 0
 0
 0
 0
 0.02403029902994583
 0
 0
 0
 0
 0
 0
 0
 0
 0
 0.02403029902994583
 0
 0
 0
 0
 0
 0
 0
 0
 0
 0.02403029902994583
 0
 0
 0
 0
 0
 0
 0
 0
 0
 0
 0
 0
 0
 0
 0
 0
 0
 0
 0
 0
 0
 0
 0
 0
 0
 0
 0
 0
 0
 0
 0
 0
 0
 0
 0
 0
 0
 0
 0
 0
