# Created by Octave 3.2.4, Mon Feb 04 21:42:01 2013 EST <rbom@zaphod>
# name: small_First_Fit
# type: matrix
# ndims: 3
 1 10 30
 1.173462097480308e-14
 2.022359172971645e-12
 5.872387420733853e-15
 6.562197914440823e-16
 4.817367496809348e-12
 3.231455039001866e-17
 7.181309786588699e-16
 1.885900059182239e-15
 5.889663363972773e-17
 1.097006220570013e-12
 1.222840030063304e-11
 6.33775538267072e-10
 2.581590647667377e-12
 1.498942328406158e-10
 8.892034692828817e-08
 2.983562662944947e-13
 3.015530764203892e-12
 1.218442660365124e-11
 6.736023319620174e-10
 1.097006220570013e-12
 2.162377969608706e-11
 2.467470958466936e-08
 2.458476173780613e-09
 7.632564910302316e-10
 8.892034692828817e-08
 3.470598337378522e-12
 1.77162973419712e-11
 1.218442660365124e-11
 8.008863112868295e-09
 1.097006220570013e-12
 7.85218583449291e-10
 2.467470958466936e-08
 5.386612057046505e-07
 4.392848219713142e-07
 8.892034692828817e-08
 5.287280392507294e-10
 1.941804451185341e-08
 6.133741481261304e-09
 1.222291779965988e-06
 1.454899206964577e-10
 7.85218583449291e-10
 2.467470958466936e-08
 2.196758250207254e-05
 8.344608523244933e-06
 8.892034692828817e-08
 2.15091232724315e-08
 2.972308270379999e-06
 6.133741481261304e-09
 0.0003760366197453886
 1.03618513892368e-08
 7.666003761617436e-08
 1.693531930759722e-07
 2.196758250207254e-05
 8.344608523244933e-06
 8.892034692828817e-08
 3.188855780820671e-06
 9.963782153527061e-06
 3.978804756408265e-07
 0.0003760366197453886
 1.03618513892368e-08
 7.666003761617436e-08
 7.234398106136377e-05
 2.196758250207254e-05
 0.0008702894494598654
 8.892034692828817e-08
 0.0001289604786924472
 0.0001204084523540131
 1.543323934973243e-05
 0.0003760366197453886
 7.566540801413737e-07
 4.263665273367045e-06
 0.0008415834515467879
 0.0002413583245738469
 0.0008702894494598654
 8.892034692828817e-08
 0.005412724069740298
 0.0001204084523540131
 0.0005574006568997994
 0.005412724069740298
 7.566540801413737e-07
 4.263665273367045e-06
 0.0008415834515467879
 0.0002413583245738469
 0.04655432053529598
 0.002231364214451013
 0.005412724069740298
 0.0002340028512063316
 0.0005574006568997994
 0.005412724069740298
 7.566540801413737e-07
 4.263665273367045e-06
 0.0008415834515467879
 0.0002413583245738469
 0.04655432053529598
 0.002231364214451013
 0.005412724069740298
 0.004391973735683787
 0.0005574006568997994
 0.005412724069740298
 7.566540801413737e-07
 4.263665273367045e-06
 0.0008415834515467879
 0.0002413583245738469
 0.04655432053529598
 0.002231364214451013
 0.005412724069740298
 0.04655432053529598
 0.0005574006568997994
 0.005412724069740298
 7.566540801413737e-07
 4.263665273367045e-06
 0.0008415834515467879
 0.002231364214451013
 0.04655432053529598
 0.002231364214451013
 0.04655432053529598
 0.04655432053529598
 0.0005574006568997994
 0.005412724069740298
 7.65958234351319e-07
 4.263665273367045e-06
 0.0008415834515467879
 0.002231364214451013
 0.04655432053529598
 0.002231364214451013
 0.04655432053529598
 0.04655432053529598
 0.0005574006568997994
 0.005412724069740298
 7.566540801413737e-07
 0.0005574006568997994
 0.04655432053529598
 0.004305778108897263
 0.04655432053529598
 0.004305778108897263
 0.04655432053529598
 0.04655432053529598
 0.0005574006568997994
 0.005412724069740298
 7.566540801413737e-07
 0.0005574006568997994
 0.04655432053529598
 0.04655432053529598
 0.04655432053529598
 0.004305778108897263
 0.04655432053529598
 0.04655432053529598
 0
 0
 2.058132113638479e-06
 0.0005574006568997994
 0.04655432053529598
 0.04655432053529598
 0
 0.004305778108897263
 0.04655432053529598
 0.04655432053529598
 0
 0
 2.058132113638479e-06
 0.04655432053529598
 0.04655432053529598
 0.04655432053529598
 0
 0.004305778108897263
 0.04655432053529598
 0.04655432053529598
 0
 0
 2.058132113638479e-06
 0.04655432053529598
 0.04655432053529598
 0.04655432053529598
 0
 0.004305778108897263
 0.04655432053529598
 0
 0
 0
 2.058132113638479e-06
 0.04655432053529598
 0.04655432053529598
 0.04655432053529598
 0
 0.004305778108897263
 0
 0
 0
 0
 0.0006667662362471789
 0.04655432053529598
 0.04655432053529598
 0.04655432053529598
 0
 0.004305778108897263
 0
 0
 0
 0
 0.0006667662362471789
 0.04655432053529598
 0
 0.04655432053529598
 0
 0
 0
 0
 0
 0
 0.0006667662362471789
 0.04655432053529598
 0
 0
 0
 0
 0
 0
 0
 0
 0.0006667662362471789
 0.04655432053529598
 0
 0
 0
 0
 0
 0
 0
 0
 0.04655432053529598
 0
 0
 0
 0
 0
 0
 0
 0
 0
 0.04655432053529598
 0
 0
 0
 0
 0
 0
 0
 0
 0
 0.04655432053529598
 0
 0
 0
 0
 0
 0
 0
 0
 0
 0.04655432053529598
 0
 0
 0
 0
 0
 0
 0
 0
 0
 0.04655432053529598
 0
 0
 0
 0
 0
 0
 0
 0
 0
 0.04655432053529598
 0
 0
 0
 0
 0
 0
 0
 0
 0
 0.04655432053529598
 0
 0
 0
 0
 0
 0
 0
 0
 0
 0
