# Created by Octave 3.2.4, Tue Feb 05 09:59:45 2013 EST <rbom@zaphod>
# name: small_First_Fit
# type: matrix
# ndims: 3
 1 10 30
 1.010216633671933e-08
 3.00351319538966e-13
 1.133856438376523e-11
 2.182034315966428e-10
 1.387253206482374e-11
 1.127746398230294e-11
 2.276329787732e-14
 1.496037976104547e-14
 2.195045762400603e-14
 7.379926336433873e-14
 1.010216633671933e-08
 8.639196426495967e-12
 3.21719503247405e-10
 8.190265486684929e-09
 2.239207721783006e-10
 8.873085128752162e-11
 1.661847128401161e-11
 1.387886065516019e-13
 1.268703850357962e-09
 7.379926336433873e-14
 2.297534239068885e-07
 3.651876387973278e-10
 8.952731342076237e-09
 8.190265486684929e-09
 5.923337718312202e-08
 3.409161070483134e-10
 3.151754303271444e-09
 1.26730454411799e-12
 1.639188944477126e-07
 9.106604519549222e-12
 1.792568755745326e-06
 1.027026040930383e-08
 1.429989992488119e-07
 1.537308869210496e-06
 5.824922308502418e-06
 2.620203427909518e-09
 3.310807662701162e-07
 2.337360797046046e-11
 1.639188944477126e-07
 1.326945843256325e-09
 1.792568755745326e-06
 3.430160467924744e-07
 9.712243472244432e-07
 4.351304218768569e-05
 5.824922308502418e-06
 4.207644229778886e-08
 3.310807662701162e-07
 2.337360797046046e-11
 7.598001996492883e-06
 1.197290740948449e-07
 5.67491340753826e-06
 9.503370767182541e-06
 4.045657591177237e-05
 4.351304218768569e-05
 0.0002889386400332555
 1.314929902057815e-05
 8.040048402782581e-06
 3.999406137545769e-09
 4.424299076776843e-05
 3.149644372225474e-06
 2.297534239068885e-07
 1.925621137327762e-05
 0.0007685111169181041
 0.0001031577278352309
 0.0002889386400332555
 5.335629217291926e-05
 0.0001339129011480452
 6.223517473432135e-08
 4.424299076776843e-05
 2.592284360920019e-05
 5.67491340753826e-06
 0.001834300539287257
 0.0007685111169181041
 0.0001031577278352309
 0.001057435621376039
 5.335629217291926e-05
 0.01173871175257931
 6.223517473432135e-08
 0.0001264124063935254
 2.592284360920019e-05
 5.67491340753826e-06
 0.002700823565985044
 0.0007685111169181041
 0.001834300539287257
 0.0002889386400332555
 0.0007161049080856698
 0.01173871175257931
 6.289354214733903e-07
 0.0001264124063935254
 2.592284360920019e-05
 0.0007098159254535518
 0.002700823565985044
 0.0007685111169181041
 0.001834300539287257
 0.0002889386400332555
 0.0007161049080856698
 0.01173871175257931
 7.6805228562706e-05
 0.0007916227255542013
 2.592284360920019e-05
 0.002628069815031575
 0.002700823565985044
 0.01520006221986897
 0.001834300539287257
 0.001057435621376039
 0.0007161049080856698
 0.01173871175257931
 7.6805228562706e-05
 0.0007916227255542013
 3.424243109224289e-05
 0.002628069815031575
 0.01173871175257931
 0.01520006221986897
 0.001834300539287257
 0.001057435621376039
 0.0007161049080856698
 0.01173871175257931
 0.01173871175257931
 0.0007916227255542013
 3.424243109224289e-05
 0.002628069815031575
 0.01173871175257931
 0.01520006221986897
 0.001834300539287257
 0.001057435621376039
 0.002628069815031575
 0.01520006221986897
 0.01173871175257931
 0.0007916227255542013
 2.592284360920019e-05
 0.002628069815031575
 0.01520006221986897
 0.01520006221986897
 0.01173871175257931
 0.001057435621376039
 0.002628069815031575
 0.01173871175257931
 0.01173871175257931
 0.0007916227255542013
 2.592284360920019e-05
 0.002628069815031575
 0.01520006221986897
 0.01520006221986897
 0.01173871175257931
 0.001057435621376039
 0.002628069815031575
 0.01173871175257931
 0.01173871175257931
 0.0007916227255542013
 2.592284360920019e-05
 0.002628069815031575
 0.01173871175257931
 0.01520006221986897
 0.01173871175257931
 0.002217883041618975
 0.006858307219749637
 0.01520006221986897
 0.01173871175257931
 0.0007916227255542013
 2.592284360920019e-05
 0.006858307219749637
 0.01173871175257931
 0.01520006221986897
 0.01173871175257931
 0.001057435621376039
 0.006858307219749637
 0.01520006221986897
 0.01173871175257931
 0
 2.592284360920019e-05
 0.002628069815031575
 0.01520006221986897
 0
 0.01173871175257931
 0.001057435621376039
 0.006858307219749637
 0.01173871175257931
 0.01173871175257931
 0
 0
 0.002628069815031575
 0.01173871175257931
 0
 0.01173871175257931
 0.001057435621376039
 0.006858307219749637
 0.01173871175257931
 0
 0
 0
 0.002628069815031575
 0.01173871175257931
 0
 0.01520006221986897
 0.001057435621376039
 0.006858307219749637
 0.01173871175257931
 0
 0
 0
 0.002628069815031575
 0.01520006221986897
 0
 0.01173871175257931
 0.001057435621376039
 0.006858307219749637
 0.01173871175257931
 0
 0
 0
 0.006858307219749637
 0.01520006221986897
 0
 0.01173871175257931
 0.001057435621376039
 0.01520006221986897
 0.01520006221986897
 0
 0
 0
 0.006858307219749637
 0.01520006221986897
 0
 0.01173871175257931
 0
 0.01520006221986897
 0.01520006221986897
 0
 0
 0
 0.006858307219749637
 0.01520006221986897
 0
 0.01520006221986897
 0
 0.01520006221986897
 0.01520006221986897
 0
 0
 0
 0.006858307219749637
 0.01520006221986897
 0
 0.01173871175257931
 0
 0.01520006221986897
 0.01520006221986897
 0
 0
 0
 0.006858307219749637
 0.01520006221986897
 0
 0.01173871175257931
 0
 0.01520006221986897
 0.01173871175257931
 0
 0
 0
 0.006858307219749637
 0.01520006221986897
 0
 0.01173871175257931
 0
 0.01520006221986897
 0.01520006221986897
 0
 0
 0
 0.01520006221986897
 0
 0
 0.01173871175257931
 0
 0.01520006221986897
 0.01520006221986897
 0
 0
 0
 0.01520006221986897
 0
 0
 0.01520006221986897
 0
 0
 0.01173871175257931
 0
 0
 0
 0.01520006221986897
 0
 0
 0.01520006221986897
 0
 0
 0.01173871175257931
 0
 0
 0
