# Created by Octave 3.2.4, Mon Feb 04 06:01:27 2013 EST <rbom@zaphod>
# name: small_First_Fit
# type: matrix
# ndims: 3
 1 10 30
 8.395339288546005e-15
 1.686208852697239e-14
 5.250420562684226e-14
 1.602171200589617e-17
 1.208248628389361e-10
 3.500932920813961e-13
 4.179418302488085e-15
 3.357077241939386e-15
 2.776446136808122e-16
 1.875131365855968e-17
 2.847302865979075e-12
 7.442096038571554e-12
 2.755363139830679e-11
 5.343927275457184e-14
 1.374347710614672e-08
 7.355881386217726e-10
 1.260029301851989e-12
 2.433106652765417e-12
 8.493442573776342e-14
 1.044500242602728e-15
 3.927894624203939e-10
 1.713535683679839e-10
 3.908153173234587e-09
 1.489353797796886e-11
 1.485265721691104e-06
 5.458354341085859e-07
 2.635175216688609e-09
 3.362827856206841e-10
 4.076139733111021e-11
 1.327853820337612e-15
 3.927894624203939e-10
 5.866364479128932e-09
 3.668118524042121e-06
 1.489353797796886e-11
 3.604447846290931e-05
 9.298301303942689e-06
 4.006879620428003e-06
 7.832340519874152e-09
 1.238691657761797e-07
 4.141092282949199e-12
 6.858613678001526e-09
 1.061934538355166e-07
 2.758852057216857e-05
 1.489353797796886e-11
 3.604447846290931e-05
 9.298301303942689e-06
 4.006879620428003e-06
 1.190096934702608e-05
 1.995781891941751e-06
 5.550352646410279e-10
 3.927894624203939e-10
 1.574634064570419e-06
 4.400324043458665e-05
 7.84485343927573e-10
 3.604447846290931e-05
 0.0004848212439832923
 4.006879620428003e-06
 0.0001893396624144319
 1.794481151412144e-05
 9.664383281770628e-09
 6.858613678001526e-09
 3.737827048635578e-05
 0.0002385299830055312
 7.84485343927573e-10
 0.0003877246867864257
 0.0004848212439832923
 6.603609036247881e-05
 0.0001893396624144319
 0.0009295621820451915
 5.227229375641688e-07
 2.175180978279648e-08
 7.941723729457563e-05
 0.0005372799409169486
 7.84485343927573e-10
 0.0003877246867864257
 0.00379541980546819
 6.603609036247881e-05
 0.0001893396624144319
 0.006642977913090446
 3.737827048635578e-05
 7.434063306735081e-06
 7.941723729457563e-05
 0.00379541980546819
 7.84485343927573e-10
 0.0003877246867864257
 0.00379541980546819
 0.001113691088061668
 0.0001893396624144319
 0.006642977913090446
 3.737827048635578e-05
 0.0002385299830055312
 3.737827048635578e-05
 0.00379541980546819
 7.84485343927573e-10
 0.001218679021179461
 0.00379541980546819
 0.001113691088061668
 0.0001893396624144319
 0.006642977913090446
 3.737827048635578e-05
 0.0002385299830055312
 3.737827048635578e-05
 0.00379541980546819
 7.84485343927573e-10
 0.001218679021179461
 0.00379541980546819
 0.00379541980546819
 0.00379541980546819
 0.006642977913090446
 3.737827048635578e-05
 0.00379541980546819
 3.737827048635578e-05
 0.00379541980546819
 7.613453538842202e-07
 0.002299665450035438
 0.00379541980546819
 0.00379541980546819
 0.00379541980546819
 0.006642977913090446
 3.737827048635578e-05
 0.00379541980546819
 3.737827048635578e-05
 0.00379541980546819
 0.000171891375929273
 0.002299665450035438
 0.00379541980546819
 0.00379541980546819
 0.00379541980546819
 0.006642977913090446
 3.737827048635578e-05
 0.00379541980546819
 3.737827048635578e-05
 0.00379541980546819
 0.0002385299830055312
 0.002299665450035438
 0.00379541980546819
 0.00379541980546819
 0.00379541980546819
 0.006642977913090446
 3.737827048635578e-05
 0.00379541980546819
 3.737827048635578e-05
 0.00379541980546819
 0.0002385299830055312
 0.003011887982050837
 0.00379541980546819
 0.00379541980546819
 0.00379541980546819
 0.006642977913090446
 3.737827048635578e-05
 0.00379541980546819
 3.737827048635578e-05
 0.00379541980546819
 0.0002270143374386011
 0.004831835955188787
 0.00379541980546819
 0.00379541980546819
 0.00379541980546819
 0.006642977913090446
 3.737827048635578e-05
 0.00379541980546819
 3.737827048635578e-05
 0.00379541980546819
 0.0002074678677753182
 0.004831835955188787
 0.00379541980546819
 0.00379541980546819
 0.00379541980546819
 0.006642977913090446
 3.737827048635578e-05
 0.00379541980546819
 3.737827048635578e-05
 0.00379541980546819
 0.0002074678677753182
 0.004831835955188787
 0.00379541980546819
 0.00379541980546819
 0.00379541980546819
 0.006642977913090446
 3.737827048635578e-05
 0.00379541980546819
 3.737827048635578e-05
 0.00379541980546819
 0.0002037943744604368
 0.004831835955188787
 0.00379541980546819
 0.00379541980546819
 0.00379541980546819
 0.006642977913090446
 3.737827048635578e-05
 0.00379541980546819
 3.737827048635578e-05
 0.00379541980546819
 0.0002074678677753182
 0.004831835955188787
 0.00379541980546819
 0.00379541980546819
 0.00379541980546819
 0.006642977913090446
 0.0001259634610968682
 0.00379541980546819
 3.737827048635578e-05
 0.00379541980546819
 0.0003877246867864257
 0.004831835955188787
 0.00379541980546819
 0.00379541980546819
 0.00379541980546819
 0.006642977913090446
 0.0001259634610968682
 0.00379541980546819
 3.737827048635578e-05
 0.00379541980546819
 0.0002270143374386011
 0.004831835955188787
 0.00379541980546819
 0.00379541980546819
 0.00379541980546819
 0.006642977913090446
 3.737827048635578e-05
 0.00379541980546819
 3.737827048635578e-05
 0.00379541980546819
 0.0002593457421944908
 0.004831835955188787
 0.00379541980546819
 0.00379541980546819
 0.00379541980546819
 0.006642977913090446
 3.737827048635578e-05
 0.00379541980546819
 3.737827048635578e-05
 0.00379541980546819
 0.002299665450035438
 0.004831835955188787
 0.00379541980546819
 0.00379541980546819
 0.00379541980546819
 0.006642977913090446
 3.737827048635578e-05
 0.00379541980546819
 3.737827048635578e-05
 0.00379541980546819
 0.002299665450035438
 0.004831835955188787
 0.00379541980546819
 0.00379541980546819
 0.00379541980546819
 0.006642977913090446
 3.737827048635578e-05
 0.00379541980546819
 3.737827048635578e-05
 0.00379541980546819
 0.002299665450035438
 0.004831835955188787
 0.00379541980546819
 0.00379541980546819
 0.00379541980546819
 0.006642977913090446
 3.737827048635578e-05
 0.00379541980546819
 3.737827048635578e-05
 0.00379541980546819
 0.002299665450035438
 0.004831835955188787
 0.00379541980546819
 0.00379541980546819
 0.00379541980546819
 0.006642977913090446
 3.737827048635578e-05
 0.00379541980546819
 3.737827048635578e-05
 0.00379541980546819
 0.002299665450035438
 0.004831835955188787
 0.00379541980546819
 0.00379541980546819
 0.00379541980546819
 0.006642977913090446
 0.0001066004792447934
 0.00379541980546819
 3.737827048635578e-05
 0.00379541980546819
 0.002299665450035438
 0.004831835955188787
 0.00379541980546819
 0.00379541980546819
 0.00379541980546819
 0.006642977913090446
 3.737827048635578e-05
 0.00379541980546819
 3.737827048635578e-05
 0.00379541980546819
 0.002299665450035438
 0.004831835955188787
 0.00379541980546819
 0.00379541980546819
 0.00379541980546819
 0.006642977913090446
 3.737827048635578e-05
