# Created by Octave 3.2.4, Wed Feb 06 02:04:40 2013 EST <rbom@zaphod>
# name: small_First_Fit
# type: matrix
# ndims: 3
 1 10 30
 4.67267908954168e-15
 4.517913295352867e-16
 5.858566131691962e-16
 1.570173312190558e-13
 3.010419408979123e-16
 9.544242830297364e-17
 5.506573463453682e-17
 3.304886445435056e-11
 9.896594751940126e-14
 2.145278511111939e-17
 1.694603397648529e-11
 6.995856728100608e-11
 4.611797704595377e-08
 1.397509937607776e-12
 1.249895007269981e-12
 3.618998934354778e-12
 1.700263237762327e-10
 1.615222724915562e-09
 9.896594751940126e-14
 5.539069669675904e-09
 2.202985240702067e-09
 8.354235781850027e-09
 4.611797704595377e-08
 1.397509937607776e-12
 1.454393377786772e-09
 3.618998934354778e-12
 1.700263237762327e-10
 3.551848275425303e-08
 9.896594751940126e-14
 4.673071921259609e-08
 9.789856430887618e-07
 6.280305701247709e-08
 1.009689338872033e-05
 8.710283248091181e-08
 1.940918875544208e-07
 5.007478260518847e-10
 7.912160912033064e-09
 3.888267372630838e-07
 1.664818116494653e-10
 2.584185485671972e-06
 1.011919464230114e-05
 6.280305701247709e-08
 1.009689338872033e-05
 5.939597663858921e-06
 3.461785791896379e-06
 2.02299647966013e-08
 4.423168524009362e-07
 1.069766262815653e-06
 1.867998470368653e-09
 2.584185485671972e-06
 1.011919464230114e-05
 8.354235781850027e-09
 1.009689338872033e-05
 5.939597663858921e-06
 3.461785791896379e-06
 2.02299647966013e-08
 4.423168524009362e-07
 4.397993639548397e-05
 4.318157618407242e-09
 0.0002124381439397146
 1.011919464230114e-05
 2.787566968510881e-06
 1.009689338872033e-05
 1.216853950595436e-05
 1.594198734391568e-05
 4.309672596993558e-07
 7.023315486480921e-06
 0.000453582861449395
 4.318157618407242e-09
 0.0002124381439397146
 1.011919464230114e-05
 1.915185947814239e-05
 1.009689338872033e-05
 1.216853950595436e-05
 0.0002323028100639315
 5.767189216039396e-05
 7.023315486480921e-06
 0.000453582861449395
 1.265223864032712e-07
 0.011399767049679
 0.0007977707322835945
 1.915185947814239e-05
 1.009689338872033e-05
 1.216853950595436e-05
 0.0002323028100639315
 5.767189216039396e-05
 9.46611740400835e-05
 0.011399767049679
 1.265223864032712e-07
 0.011399767049679
 0.0007977707322835945
 1.915185947814239e-05
 1.009689338872033e-05
 1.216853950595436e-05
 0.0002323028100639315
 0.001223446396140499
 0.0001095516383453351
 0.011399767049679
 1.265223864032712e-07
 0.011399767049679
 0.0167033696529721
 2.743854916917718e-05
 0
 1.216853950595436e-05
 0.0002323028100639315
 0.0167033696529721
 0.001223446396140499
 0.011399767049679
 0.0002834621114412485
 0.011399767049679
 0.0167033696529721
 2.743854916917718e-05
 0
 1.216853950595436e-05
 0.0006386670926413941
 0.0167033696529721
 0.01105143244238783
 0.011399767049679
 0.0002834621114412485
 0.06495333902360194
 0.0167033696529721
 4.492540200887685e-05
 0
 0.0007977707322835945
 0.0006386670926413941
 0.0167033696529721
 0.06495333902360194
 0.06495333902360194
 0.0002834621114412485
 0.011399767049679
 0.0167033696529721
 4.492540200887685e-05
 0
 0.0167033696529721
 0.0006386670926413941
 0.0167033696529721
 0.01105143244238783
 0.06495333902360194
 0.0002834621114412485
 0.011399767049679
 0.0167033696529721
 4.492540200887685e-05
 0
 0.06495333902360194
 0.0006386670926413941
 0.0167033696529721
 0.06495333902360194
 0.06495333902360194
 0.0002834621114412485
 0.011399767049679
 0.0167033696529721
 4.492540200887685e-05
 0
 0.06495333902360194
 0.0006386670926413941
 0.0167033696529721
 0.06495333902360194
 0.06495333902360194
 0.0002834621114412485
 0.011399767049679
 0.0167033696529721
 0.000161552661998925
 0
 0.06495333902360194
 0.0006386670926413941
 0.06495333902360194
 0.06495333902360194
 0.06495333902360194
 0.0002834621114412485
 0.011399767049679
 0
 0.000161552661998925
 0
 0.06495333902360194
 0.01105143244238783
 0.06495333902360194
 0.06495333902360194
 0.06495333902360194
 0
 0.011399767049679
 0
 0.000161552661998925
 0
 0.06495333902360194
 0.01105143244238783
 0.06495333902360194
 0.06495333902360194
 0.06495333902360194
 0
 0
 0
 0.000161552661998925
 0
 0.06495333902360194
 0.01105143244238783
 0.06495333902360194
 0.06495333902360194
 0
 0
 0
 0
 0.000161552661998925
 0
 0.06495333902360194
 0.01105143244238783
 0.06495333902360194
 0.06495333902360194
 0
 0
 0
 0
 0.01105143244238783
 0
 0
 0.01105143244238783
 0.06495333902360194
 0
 0
 0
 0
 0
 0.01105143244238783
 0
 0
 0.01105143244238783
 0.06495333902360194
 0
 0
 0
 0
 0
 0.01105143244238783
 0
 0
 0.06495333902360194
 0
 0
 0
 0
 0
 0
 0.01105143244238783
 0
 0
 0.06495333902360194
 0
 0
 0
 0
 0
 0
 0.01105143244238783
 0
 0
 0.06495333902360194
 0
 0
 0
 0
 0
 0
 0.01105143244238783
 0
 0
 0.06495333902360194
 0
 0
 0
 0
 0
 0
 0.01105143244238783
 0
 0
 0.06495333902360194
 0
 0
 0
 0
 0
 0
 0
 0
 0
 0.06495333902360194
 0
 0
 0
 0
 0
 0
 0
 0
 0
 0.06495333902360194
 0
 0
 0
 0
 0
