# Created by Octave 3.2.4, Tue Feb 05 10:07:31 2013 EST <rbom@zaphod>
# name: small_First_Fit
# type: matrix
# ndims: 3
 1 10 30
 1.258166733991148e-11
 1.233989858697907e-11
 1.431154541430192e-10
 1.86472708620375e-13
 7.526257004138054e-13
 1.592339984327132e-11
 1.116822227500088e-11
 1.837717020449459e-12
 1.425144763645592e-13
 1.798145952286369e-09
 4.252068502374804e-09
 3.821860952402502e-11
 7.21708003827452e-10
 1.703168980269003e-08
 5.793949893108169e-10
 5.090485934292693e-11
 2.305366328388485e-09
 8.080897106624851e-07
 4.724953774084527e-10
 1.617431633271013e-07
 4.252068502374804e-09
 3.821860952402502e-11
 1.982283478997743e-07
 2.546675408622357e-08
 3.875716082581767e-07
 1.238601457946114e-09
 2.108262314628646e-07
 4.711820168791922e-06
 1.020681861387564e-07
 1.617431633271013e-07
 4.745799014704917e-09
 2.801628181635635e-10
 1.752268986812862e-05
 9.780343865308747e-05
 3.875716082581767e-07
 3.656276973469898e-09
 1.017305407688288e-05
 4.711820168791922e-06
 7.892867770529091e-06
 8.64856326451744e-07
 2.527367070025462e-08
 2.706288680002866e-09
 1.757133373619416e-05
 0.0002138997544604396
 3.875716082581767e-07
 1.344395941788791e-08
 5.644106194527763e-05
 0.000105803994446454
 9.054992618244129e-05
 0.0002844677014558915
 1.292769739381614e-07
 6.112755401061396e-07
 0.0001590196258724873
 0.0004972125434521473
 7.35710619849214e-07
 1.931091755060819e-06
 0.0002387371832706028
 0.0003706436413025715
 0.0005774169756308644
 0.0002844677014558915
 5.120909031634366e-07
 1.006849309895893e-05
 0.001472136062574143
 0.0004972125434521473
 1.52975629712686e-06
 2.868849460376222e-05
 0.0002387371832706028
 0.0003706436413025715
 0.0005774169756308644
 0.0002844677014558915
 2.367769528208394e-05
 1.006849309895893e-05
 0.001472136062574143
 0.0004972125434521473
 3.886030994038941e-06
 2.868849460376222e-05
 0.0002387371832706028
 0.00608347306124431
 0.0005774169756308644
 0.0002844677014558915
 2.945408345602338e-05
 2.003360965448952e-05
 0.004373204680129884
 0.0004972125434521473
 3.886030994038941e-06
 0.001584979228304205
 0.0002387371832706028
 0.00608347306124431
 0.002154957628203127
 0.0002844677014558915
 0.0001457556518601665
 0.0002690862552098325
 0.004373204680129884
 0.0004972125434521473
 0.0001262802839716507
 0.002624206853052433
 0.0003173212254443349
 0.007877053462899131
 0.002154957628203127
 0.0002844677014558915
 0.0001457556518601665
 0.00174021430644643
 0.005065901431232117
 0.0004972125434521473
 0.0001262802839716507
 0.00608347306124431
 0.0003173212254443349
 0.007877053462899131
 0.002154957628203127
 0.0002844677014558915
 0.0003982734030427819
 0.003301736524645763
 0.007877053462899131
 0.0004972125434521473
 0.0001262802839716507
 0.00608347306124431
 0.0002844677014558915
 0.007877053462899131
 0.004373204680129884
 0
 0.0001457556518601665
 0.00190750868281553
 0.007877053462899131
 0
 0.0002989517076427054
 0.00608347306124431
 0.0005601500320693933
 0.007877053462899131
 0.004373204680129884
 0
 0.003640592964672496
 0.00190750868281553
 0.007877053462899131
 0
 0.0002989517076427054
 0.007646105291225432
 0.0005601500320693933
 0.007877053462899131
 0.004373204680129884
 0
 0.003640592964672496
 0.003301736524645763
 0.007877053462899131
 0
 0.0002989517076427054
 0.007877053462899131
 0.0005601500320693933
 0.007877053462899131
 0.007877053462899131
 0
 0.003640592964672496
 0.003301736524645763
 0.007877053462899131
 0
 0.0002989517076427054
 0.00608347306124431
 0.0009209878691545568
 0.007877053462899131
 0.007877053462899131
 0
 0.007877053462899131
 0.003301736524645763
 0.01988578288248764
 0
 0.0002989517076427054
 0.007877053462899131
 0.0009209878691545568
 0
 0.007877053462899131
 0
 0.003640592964672496
 0.004870965663602175
 0.01988578288248764
 0
 0.0002989517076427054
 0.007877053462899131
 0.003881556092906482
 0
 0.007877053462899131
 0
 0.003640592964672496
 0.00608347306124431
 0.01988578288248764
 0
 0.0002989517076427054
 0.00608347306124431
 0.003881556092906482
 0
 0.007877053462899131
 0
 0.007877053462899131
 0.00608347306124431
 0.01988578288248764
 0
 0
 0.007646105291225432
 0.004683877824011373
 0
 0.007877053462899131
 0
 0.003640592964672496
 0.007877053462899131
 0.01988578288248764
 0
 0
 0.00608347306124431
 0.004683877824011373
 0
 0.007877053462899131
 0
 0.003640592964672496
 0.00608347306124431
 0.01988578288248764
 0
 0
 0.007877053462899131
 0.004683877824011373
 0
 0
 0
 0.003640592964672496
 0.00608347306124431
 0.01988578288248764
 0
 0
 0.007646105291225432
 0.004683877824011373
 0
 0
 0
 0.003640592964672496
 0.00608347306124431
 0
 0
 0
 0.007877053462899131
 0.004683877824011373
 0
 0
 0
 0.003640592964672496
 0.00608347306124431
 0
 0
 0
 0.007877053462899131
 0.004683877824011373
 0
 0
 0
 0.003640592964672496
 0.007646105291225432
 0
 0
 0
 0.01988578288248764
 0.004683877824011373
 0
 0
 0
 0
 0.00608347306124431
 0
 0
 0
 0.01988578288248764
 0
 0
 0
 0
 0
 0.007877053462899131
 0
 0
 0
 0.01988578288248764
 0
 0
 0
 0
 0
 0.00608347306124431
 0
 0
 0
 0.01988578288248764
 0
 0
 0
 0
 0
 0.00608347306124431
 0
 0
 0
 0.01988578288248764
 0
 0
 0
 0
