# Created by Octave 3.2.4, Mon Feb 04 18:24:32 2013 EST <rbom@zaphod>
# name: small_First_Fit
# type: matrix
# ndims: 3
 1 10 30
 1.6572908314462e-09
 2.684278760446937e-10
 9.229056377467531e-13
 1.195325646098654e-08
 1.008732300695842e-08
 3.346226264283132e-11
 1.589330662754059e-11
 3.710441661764512e-09
 1.188247971622313e-08
 2.075296931807947e-09
 8.400459169548774e-05
 0.0006654634139159711
 2.309065548984032e-08
 4.730767048781924e-07
 1.008732300695842e-08
 8.802115130519055e-10
 8.86572441402962e-09
 1.010187409243645e-07
 1.510541451432431e-06
 7.088564032225389e-06
 8.400459169548774e-05
 0.006660082160913657
 1.17852318773311e-06
 4.730767048781924e-07
 1.008732300695842e-08
 1.992602020129127e-08
 2.925949725775027e-07
 6.184495994747122e-06
 5.628559365915096e-05
 7.088564032225389e-06
 0.008241135645389324
 0.006660082160913657
 1.17852318773311e-06
 5.884201523953385e-06
 3.595988026729695e-08
 3.864801468134963e-06
 6.468511183398474e-05
 0.0001662104109259888
 0.0001561582388804509
 7.088564032225389e-06
 0.008241135645389324
 0.007349243764349637
 3.025733148504787e-06
 7.970853952022566e-06
 3.595988026729695e-08
 3.874420546276669e-05
 6.468511183398474e-05
 0.0004661502168735452
 0.000171440938519784
 7.088564032225389e-06
 0.008241135645389324
 0.03031268248750087
 1.813408867112751e-05
 0.0002280770470632043
 3.595988026729695e-08
 3.874420546276669e-05
 6.468511183398474e-05
 0.001539811147467736
 0.000171440938519784
 7.088564032225389e-06
 0.008241135645389324
 0.03031268248750087
 3.14003824684135e-05
 0.007172142386759728
 1.652379897639542e-05
 9.041524202376882e-05
 6.468511183398474e-05
 0.001620440463490467
 0.000171440938519784
 0.0007325652261470268
 0.008241135645389324
 0.03031268248750087
 0.0004653061512399453
 0.007172142386759728
 0.0005192919523384926
 0.0003414125009143979
 0.0001067103664442253
 0.002822881117826506
 0.000171440938519784
 0.0007325652261470268
 0.00832283951448909
 0.03031268248750087
 0.0004653061512399453
 0.007172142386759728
 0.006660082160913657
 0.0003414125009143979
 0.0006264758306009621
 0.002822881117826506
 0.000171440938519784
 0.0007325652261470268
 0.00832283951448909
 0.03031268248750087
 0.01345775079166052
 0.007172142386759728
 0.01154583100863178
 0.0003414125009143979
 0.0008509352013727063
 0.002822881117826506
 0.0001724683743055237
 0.0007325652261470268
 0.00832283951448909
 0.03031268248750087
 0.01345775079166052
 0.01433986884704522
 0.007349243764349637
 0.0003414125009143979
 0.0008509352013727063
 0.002822881117826506
 0.0001724683743055237
 0.01154583100863178
 0.00832283951448909
 0.03031268248750087
 0.01345775079166052
 0.01433986884704522
 0.03031268248750087
 0.007072455336856361
 0.0008509352013727063
 0.002822881117826506
 0.003086812663596455
 0.01154583100863178
 0.00832283951448909
 0
 0.01345775079166052
 0.01433986884704522
 0.03031268248750087
 0.007072455336856361
 0.0008509352013727063
 0.002822881117826506
 0.003086812663596455
 0.01154583100863178
 0.00832283951448909
 0
 0.03031268248750087
 0.01433986884704522
 0.03031268248750087
 0.007172142386759728
 0.008241135645389324
 0.002822881117826506
 0.006660082160913657
 0.01154583100863178
 0.00832283951448909
 0
 0.03031268248750087
 0.01433986884704522
 0.03031268248750087
 0.007072455336856361
 0.0008509352013727063
 0
 0.006660082160913657
 0.01154583100863178
 0
 0
 0.03031268248750087
 0.01433986884704522
 0.03031268248750087
 0.007172142386759728
 0.0008509352013727063
 0
 0.006660082160913657
 0.01154583100863178
 0
 0
 0.03031268248750087
 0.01433986884704522
 0.03031268248750087
 0.007072455336856361
 0.008241135645389324
 0
 0.006660082160913657
 0.01154583100863178
 0
 0
 0.03031268248750087
 0
 0.03031268248750087
 0.007072455336856361
 0.008241135645389324
 0
 0.006660082160913657
 0
 0
 0
 0.03031268248750087
 0
 0
 0.01345775079166052
 0.008241135645389324
 0
 0.007072455336856361
 0
 0
 0
 0.03031268248750087
 0
 0
 0.007072455336856361
 0.008241135645389324
 0
 0.01154583100863178
 0
 0
 0
 0
 0
 0
 0.007072455336856361
 0.008241135645389324
 0
 0.01154583100863178
 0
 0
 0
 0
 0
 0
 0.007072455336856361
 0.008241135645389324
 0
 0.01154583100863178
 0
 0
 0
 0
 0
 0
 0.007072455336856361
 0.008241135645389324
 0
 0.01154583100863178
 0
 0
 0
 0
 0
 0
 0.007072455336856361
 0
 0
 0.01433986884704522
 0
 0
 0
 0
 0
 0
 0.01345775079166052
 0
 0
 0.03031268248750087
 0
 0
 0
 0
 0
 0
 0.007072455336856361
 0
 0
 0.007072455336856361
 0
 0
 0
 0
 0
 0
 0.007072455336856361
 0
 0
 0.03031268248750087
 0
 0
 0
 0
 0
 0
 0.007072455336856361
 0
 0
 0.03031268248750087
 0
 0
 0
 0
 0
 0
 0.007072455336856361
 0
 0
 0.03031268248750087
 0
 0
 0
 0
 0
 0
 0.007072455336856361
 0
 0
 0.03031268248750087
 0
