# Created by Octave 3.2.4, Tue Feb 05 14:21:25 2013 EST <rbom@zaphod>
# name: small_First_Fit
# type: matrix
# ndims: 3
 1 10 30
 1.269520665652722e-17
 1.53788805063406e-17
 3.493134193921601e-17
 8.042518945717532e-14
 1.382299401214509e-16
 5.450012251042091e-18
 2.341691368003539e-13
 7.970281257432937e-15
 5.263860951534995e-19
 8.5774460551036e-17
 3.187948364350726e-11
 9.684579254954304e-14
 3.493134193921601e-17
 2.043889131205642e-13
 3.561906628858675e-14
 1.203111838622592e-12
 2.436961392364431e-11
 1.566815281923298e-12
 1.298222001287035e-17
 8.5774460551036e-17
 1.943062055311633e-09
 3.097175149334307e-10
 4.2981568398055e-14
 5.134262741249919e-10
 6.56154906826325e-12
 3.283718891253671e-11
 3.044287259551077e-10
 1.566815281923298e-12
 1.582073929149283e-13
 2.458597988057467e-15
 2.864595645832472e-07
 3.097175149334307e-10
 6.335925760489759e-11
 5.134262741249919e-10
 5.416255545235447e-10
 3.283718891253671e-11
 1.363970789034803e-07
 1.566815281923298e-12
 6.030386984209399e-10
 3.62681309572884e-12
 1.759129174123069e-06
 2.698865525276715e-07
 1.410583950723234e-09
 5.134262741249919e-10
 1.233844748397581e-08
 9.470264760226704e-08
 1.012123059289158e-05
 1.858122060577952e-09
 6.030386984209399e-10
 3.51947447930241e-09
 0.0003138351563367336
 2.531174900049376e-06
 5.643235920754431e-08
 3.859395467914709e-07
 4.589491200590751e-07
 8.023151616395107e-06
 1.012123059289158e-05
 1.836598926484686e-06
 9.624562023327948e-07
 3.51947447930241e-09
 0.01158845091326941
 2.188379915998117e-05
 1.141985316136421e-06
 3.225628841202389e-05
 9.810267976438113e-05
 8.023151616395107e-06
 1.012123059289158e-05
 0.0002494845798237878
 0.0001743073140391698
 1.38736588489334e-06
 0.01158845091326941
 2.188379915998117e-05
 5.248370683886465e-06
 3.225628841202389e-05
 9.810267976438113e-05
 8.023151616395107e-06
 1.012123059289158e-05
 0.0002494845798237878
 0.0001743073140391698
 2.823354050748738e-05
 0.01158845091326941
 2.188379915998117e-05
 8.156244231388729e-05
 3.225628841202389e-05
 9.810267976438113e-05
 8.023151616395107e-06
 1.012123059289158e-05
 0.0002494845798237878
 0.0001743073140391698
 2.823354050748738e-05
 0.01158845091326941
 2.188379915998117e-05
 8.156244231388729e-05
 3.225628841202389e-05
 9.810267976438113e-05
 0.0003138351563367336
 0.0002494845798237878
 0.0002494845798237878
 0.0001743073140391698
 2.823354050748738e-05
 0.01158845091326941
 2.188379915998117e-05
 8.156244231388729e-05
 3.225628841202389e-05
 9.810267976438113e-05
 0.0003138351563367336
 1.012123059289158e-05
 0.0002700394553685459
 0.0001743073140391698
 2.823354050748738e-05
 0.01158845091326941
 2.188379915998117e-05
 8.156244231388729e-05
 0.03463795083707923
 9.810267976438113e-05
 0.0003138351563367336
 1.012123059289158e-05
 0.0002700394553685459
 0.0001743073140391698
 0.03463795083707923
 0.01158845091326941
 2.188379915998117e-05
 0.03463795083707923
 0.03463795083707923
 9.810267976438113e-05
 0.0003138351563367336
 1.012123059289158e-05
 0.0002700394553685459
 0.0001743073140391698
 0.03463795083707923
 0
 0
 0.03463795083707923
 0.03463795083707923
 0
 0.0003138351563367336
 1.012123059289158e-05
 0.0002700394553685459
 0
 0.03463795083707923
 0
 0
 0.03463795083707923
 0.03463795083707923
 0
 0.0003138351563367336
 1.012123059289158e-05
 0.0002700394553685459
 0
 0.03463795083707923
 0
 0
 0.03463795083707923
 0.03463795083707923
 0
 0.0003138351563367336
 1.012123059289158e-05
 0.0002700394553685459
 0
 0.03463795083707923
 0
 0
 0.03463795083707923
 0.03463795083707923
 0
 0
 0
 0.0002494845798237878
 0
 0.03463795083707923
 0
 0
 0.03463795083707923
 0.03463795083707923
 0
 0
 0
 0
 0
 0.03463795083707923
 0
 0
 0.03463795083707923
 0
 0
 0
 0
 0
 0
 0
 0
 0
 0
 0
 0
 0
 0
 0
 0
 0
 0
 0
 0
 0
 0
 0
 0
 0
 0
 0
 0
 0
 0
 0
 0
 0
 0
 0
 0
 0
 0
 0
 0
 0
 0
 0
 0
 0
 0
 0
 0
 0
 0
 0
 0
 0
 0
 0
 0
 0
 0
 0
 0
 0
 0
 0
 0
 0
 0
 0
 0
 0
 0
 0
 0
 0
 0
 0
 0
 0
 0
 0
 0
 0
 0
 0
 0
 0
 0
 0
 0
 0
 0
 0
 0
 0
 0
 0
 0
 0
 0
 0
 0
 0
 0
 0
 0
 0
 0
 0
 0
 0
 0
 0
 0
 0
 0
 0
 0
 0
