# Created by Octave 3.2.4, Wed Feb 06 18:09:16 2013 EST <rbom@zaphod>
# name: small_First_Fit
# type: matrix
# ndims: 3
 1 10 30
 1.011763365845007e-12
 7.953701240378975e-12
 2.863293125789888e-10
 9.920323104828478e-14
 1.921622205204064e-13
 5.780949350999412e-10
 1.393512713139497e-11
 3.702651987250698e-12
 7.523408583895498e-12
 3.156340254318485e-12
 4.118840219211451e-11
 5.73846922282134e-10
 9.92163794720802e-09
 9.424891647042443e-09
 1.599127563264863e-09
 7.724756400595304e-07
 1.666719015863303e-07
 1.492324741120704e-08
 1.05967727071953e-08
 7.709867869637662e-09
 4.118840219211451e-11
 2.663449819016744e-08
 3.646595119688915e-08
 2.54583481508054e-07
 7.234867462264167e-08
 3.634373654051924e-05
 5.801526296107604e-07
 3.179847322255098e-06
 2.275090371891694e-06
 9.07934893454771e-08
 1.136951539318005e-09
 1.030633312202766e-06
 2.009630881193477e-06
 2.54583481508054e-07
 5.588096715009898e-05
 0.0005279124570601749
 2.134100416382218e-05
 3.179847322255098e-06
 7.216529958489545e-05
 7.798737208645879e-07
 3.015073770892528e-09
 1.030633312202766e-06
 8.48651886482589e-05
 7.974222132244199e-06
 5.588096715009898e-05
 0.002175131251663305
 8.677448222308626e-05
 0.0002002857535010487
 0.0003113524781947387
 7.798737208645879e-07
 2.137287134064445e-08
 6.960960888616198e-05
 5.389236773325762e-06
 7.974222132244199e-06
 5.588096715009898e-05
 0.003332390069179778
 8.677448222308626e-05
 0.0002002857535010487
 0.003332390069179778
 3.403766139521606e-06
 5.52134734985885e-07
 6.960960888616198e-05
 5.389236773325762e-06
 0.0001268028042059053
 5.588096715009898e-05
 0.003332390069179778
 0.001343909123797729
 0.0007617162342032027
 0.01329070157954357
 3.403766139521606e-06
 1.197431856969227e-05
 0.002309510312774661
 5.632850125542566e-06
 7.394661548664588e-05
 5.588096715009898e-05
 0.003332390069179778
 0.001343909123797729
 0.0007617162342032027
 0.01991178889883207
 3.403766139521606e-06
 4.860727183929145e-05
 0.002309510312774661
 5.632850125542566e-06
 7.394661548664588e-05
 0.001339130196112876
 0.01329070157954357
 8.677448222308626e-05
 0.0007617162342032027
 0.01329070157954357
 7.005699695294745e-05
 0.001104204866585229
 0.01600345563925572
 8.48651886482589e-05
 0.0001178145413947841
 0.001339130196112876
 0.01329070157954357
 9.045515379047466e-05
 0.0007617162342032027
 0.01329070157954357
 7.005699695294745e-05
 0.001104204866585229
 0.01600345563925572
 8.48651886482589e-05
 0.003416899711618301
 0.001339130196112876
 0.01329070157954357
 0.000374703335919896
 0.007165241687944697
 0.01329070157954357
 0.0001628946824773688
 0.001104204866585229
 0.01600345563925572
 0.0002151764289709573
 0.003416899711618301
 0.001339130196112876
 0.01329070157954357
 0.005277010937428521
 0.02403243669171422
 0.01329070157954357
 0.0002226820829946564
 0.001104204866585229
 0.01600345563925572
 0.0002151764289709573
 0.003416899711618301
 0.001339130196112876
 0.01991178889883207
 0.005277010937428521
 0.02403243669171422
 0.01329070157954357
 0.0001628946824773688
 0.002009117820863097
 0.01991178889883207
 0.0002696127995009016
 0.003416899711618301
 0.001339130196112876
 0.01991178889883207
 0.005277010937428521
 0.02403243669171422
 0.01329070157954357
 0.0002226820829946564
 0.001104204866585229
 0.01991178889883207
 0.0003810171628229075
 0.003416899711618301
 0.001339130196112876
 0.01329070157954357
 0.01329070157954357
 0.02403243669171422
 0
 0.0002226820829946564
 0.002009117820863097
 0.01991178889883207
 0.0002696127995009016
 0.005221374742605503
 0
 0.01991178889883207
 0.01329070157954357
 0.02403243669171422
 0
 0.0001628946824773688
 0.004376761301728088
 0.01991178889883207
 0.0003810171628229075
 0.005221374742605503
 0
 0.01991178889883207
 0.01329070157954357
 0.02403243669171422
 0
 0.0001782807093671821
 0.002009117820863097
 0.01991178889883207
 0.0003810171628229075
 0.005221374742605503
 0
 0.01991178889883207
 0.01329070157954357
 0.02403243669171422
 0
 0.0001628946824773688
 0.002009117820863097
 0.01991178889883207
 0.0003810171628229075
 0.005221374742605503
 0
 0.01329070157954357
 0.01329070157954357
 0
 0
 0.0001628946824773688
 0.002009117820863097
 0.01991178889883207
 0.0003810171628229075
 0.005221374742605503
 0
 0.01329070157954357
 0.01329070157954357
 0
 0
 0.0001628946824773688
 0.002009117820863097
 0
 0.0006415716812511088
 0.005221374742605503
 0
 0.01329070157954357
 0.01329070157954357
 0
 0
 0.0001782807093671821
 0.002009117820863097
 0
 0.0003810171628229075
 0.005221374742605503
 0
 0.01329070157954357
 0
 0
 0
 0.0001628946824773688
 0.002009117820863097
 0
 0.0004519218290055264
 0
 0
 0
 0
 0
 0
 0.0002226820829946564
 0
 0
 0.0003810171628229075
 0
 0
 0
 0
 0
 0
 0.0002226820829946564
 0
 0
 0.0004519218290055264
 0
 0
 0
 0
 0
 0
 0.0002226820829946564
 0
 0
 0.0003810171628229075
 0
 0
 0
 0
 0
 0
 0.0001782807093671821
 0
 0
 0.0003810171628229075
 0
 0
 0
 0
 0
 0
 0.0001782807093671821
 0
 0
 0.0003810171628229075
 0
 0
 0
 0
 0
 0
 0.0001782807093671821
 0
 0
 0.0005993702818672061
 0
 0
 0
 0
 0
 0
 0.0001628946824773688
 0
 0
 0.0005993702818672061
 0
 0
 0
 0
 0
 0
 0
