# Created by Octave 3.2.4, Wed Feb 06 11:31:23 2013 EST <rbom@zaphod>
# name: small_First_Fit
# type: matrix
# ndims: 3
 1 10 30
 2.626069003620302e-09
 4.130102215994769e-10
 9.618307403684839e-10
 3.782782987258534e-12
 4.371081340791298e-09
 3.804889695770617e-11
 1.366729780495303e-10
 5.250131714327094e-08
 9.257582586962639e-10
 8.189903508935994e-07
 1.29669450800587e-07
 4.130102215994769e-10
 0.0001705664751264218
 3.135600623427152e-08
 5.171154656962433e-07
 1.239378110582353e-08
 3.144652501031171e-08
 1.392535798547179e-05
 9.856768259502342e-08
 2.482259340758689e-05
 3.972706247425952e-06
 4.008282428896095e-08
 0.0003294277834035534
 1.626258359400169e-05
 0.0001221713819622549
 4.50467837526181e-08
 3.608296561207054e-07
 0.0007978753909403576
 1.662276928273303e-07
 2.482259340758689e-05
 0.0002144705092067075
 4.008282428896095e-08
 0.0003304427028308345
 0.0001596653470565397
 0.003000585418486046
 7.823834331321573e-08
 2.394741377650755e-06
 0.003672935172899855
 9.856768259502342e-08
 2.482259340758689e-05
 0.0002144705092067075
 1.949123853296988e-07
 0.001190083755138843
 0.0005403870932974664
 0.003000585418486046
 7.823834331321573e-08
 4.12364908250683e-06
 0.0007978753909403576
 9.856768259502342e-08
 0.0001486550435255827
 0.0008176267505037098
 1.949123853296988e-07
 0.008022435728405067
 0.001011111924112833
 0.01299758312828578
 3.311434650560025e-07
 4.12364908250683e-06
 0.004008417204541825
 5.602845858595182e-07
 0.0001486550435255827
 0.0008176267505037098
 1.949123853296988e-07
 0.02585689202225907
 0.0008869956180965437
 0.01299758312828578
 4.940055266935895e-07
 7.620968083057783e-06
 0.004008417204541825
 1.434932182394302e-06
 0.0004032050774264794
 0.0008176267505037098
 1.949123853296988e-07
 0.02585689202225907
 0.002930340339366253
 0.02585689202225907
 5.886682828773407e-07
 6.376140821300306e-06
 0.0113545391510982
 0.003028367645257902
 0.0004032050774264794
 0.0008176267505037098
 8.860525950168278e-05
 0.02585689202225907
 0.002930340339366253
 0.02585689202225907
 1.621552701134864e-06
 1.603996436903883e-05
 0.01299758312828578
 0.009007012940601668
 0.001868167202439362
 0.02585689202225907
 8.860525950168278e-05
 0.02585689202225907
 0.002930340339366253
 0.02585689202225907
 1.621552701134864e-06
 6.884208309551441e-05
 0.02585689202225907
 0.009007012940601668
 0.003339804468653521
 0.02585689202225907
 0.005301849378736827
 0.02585689202225907
 0.002930340339366253
 0.02585689202225907
 9.554822584517381e-05
 0.0004112962378914582
 0.02585689202225907
 0.009007012940601668
 0.003339804468653521
 0.02585689202225907
 0.005301849378736827
 0.02585689202225907
 0.002930340339366253
 0.02585689202225907
 0.0001458457700371931
 0.002146719960746403
 0.02585689202225907
 0.009007012940601668
 0.004049672680383025
 0.02585689202225907
 0.005301849378736827
 0.02585689202225907
 0.002930340339366253
 0.02585689202225907
 0.0002010369887633021
 0.002146719960746403
 0.02585689202225907
 0.009007012940601668
 0.003339804468653521
 0.02585689202225907
 0.005301849378736827
 0
 0.002930340339366253
 0.02585689202225907
 0.0002010369887633021
 0.003772897757614092
 0.02585689202225907
 0.009007012940601668
 0.01620481065396358
 0.02585689202225907
 0.01097032066355697
 0
 0
 0
 0.0002010369887633021
 0.002146719960746403
 0.02585689202225907
 0.009007012940601668
 0.01620481065396358
 0.02585689202225907
 0.006310253395372093
 0
 0
 0
 0.0002010369887633021
 0.004863801299819014
 0.02585689202225907
 0
 0.01620481065396358
 0
 0.006310253395372093
 0
 0
 0
 0.0006836510531956613
 0.004863801299819014
 0
 0
 0.01620481065396358
 0
 0.01097032066355697
 0
 0
 0
 0.0007577608802042023
 0.004863801299819014
 0
 0
 0.02585689202225907
 0
 0.01097032066355697
 0
 0
 0
 0.0007577608802042023
 0.004863801299819014
 0
 0
 0.02585689202225907
 0
 0.01097032066355697
 0
 0
 0
 0.0007577608802042023
 0.004863801299819014
 0
 0
 0.02585689202225907
 0
 0.01097032066355697
 0
 0
 0
 0.01620481065396358
 0.004863801299819014
 0
 0
 0.02585689202225907
 0
 0.01097032066355697
 0
 0
 0
 0.01620481065396358
 0.004863801299819014
 0
 0
 0.02585689202225907
 0
 0.01097032066355697
 0
 0
 0
 0.01620481065396358
 0
 0
 0
 0.02585689202225907
 0
 0.01097032066355697
 0
 0
 0
 0.01620481065396358
 0
 0
 0
 0.02585689202225907
 0
 0
 0
 0
 0
 0.01620481065396358
 0
 0
 0
 0
 0
 0
 0
 0
 0
 0.01620481065396358
 0
 0
 0
 0
 0
 0
 0
 0
 0
 0.01620481065396358
 0
 0
 0
 0
 0
 0
 0
 0
 0
 0
 0
 0
 0
 0
 0
 0
 0
 0
 0
 0
 0
 0
 0
 0
 0
 0
 0
 0
 0
 0
 0
 0
 0
 0
