# Created by Octave 3.2.4, Tue Feb 05 16:45:42 2013 EST <rbom@zaphod>
# name: small_First_Fit
# type: matrix
# ndims: 3
 1 10 30
 3.926817074149897e-15
 1.382731501027616e-15
 9.057127803492473e-15
 6.154812906765208e-17
 1.533902579971303e-15
 1.302790621525926e-16
 3.792000143644799e-15
 7.789713262858162e-17
 4.272644043269972e-14
 2.890599665393004e-12
 3.926817074149897e-15
 1.792909390691275e-12
 1.028998863630699e-11
 2.331466311908704e-09
 6.025591983195423e-12
 2.935780376385938e-12
 1.439974619992156e-11
 1.878327921951186e-10
 7.521548554671222e-08
 1.260430684483498e-08
 1.774512788283943e-13
 1.792909390691275e-12
 5.145594175677627e-10
 2.44436451688475e-07
 4.122057536498845e-10
 7.774192161738595e-11
 7.043384543140134e-10
 1.984338533480091e-08
 5.138577271792682e-06
 2.435236980790254e-07
 1.372605783114718e-12
 3.97912260927692e-12
 5.145594175677627e-10
 2.44436451688475e-07
 2.988521583056661e-08
 7.774192161738595e-11
 7.146386307546304e-09
 1.984338533480091e-08
 5.138577271792682e-06
 2.435236980790254e-07
 6.902068843157884e-11
 3.75914445981259e-10
 3.520254137627668e-08
 1.671148398458965e-05
 0.0001163810785059025
 4.425732247529831e-09
 3.474660700412923e-07
 1.984338533480091e-08
 5.138577271792682e-06
 8.495483755791513e-05
 2.362474130053375e-09
 7.353671207885484e-10
 6.15387924823635e-07
 1.671148398458965e-05
 0.0002452817264642008
 2.628999126191331e-06
 5.107895448986352e-06
 4.688773068640268e-06
 5.138577271792682e-06
 8.495483755791513e-05
 5.93921144871929e-07
 8.753267843287909e-08
 1.401446349104345e-06
 1.671148398458965e-05
 0.0002452817264642008
 0.0001141409388959996
 4.284183486007784e-05
 1.77515505060713e-05
 5.138577271792682e-06
 8.495483755791513e-05
 1.64396638293181e-05
 8.753267843287909e-08
 1.401446349104345e-06
 0.0002604874121903961
 0.0002452817264642008
 0.001978134951965488
 4.284183486007784e-05
 1.179728940807994e-05
 5.138577271792682e-06
 0.0002792878866640239
 0.0007421527919070377
 5.068009833465504e-06
 0.000169280815675428
 0.0002604874121903961
 0.0002452817264642008
 0.001978134951965488
 0.001978134951965488
 1.179728940807994e-05
 0.0002450059199162006
 0.0002792878866640239
 0.0007421527919070377
 5.068009833465504e-06
 0.001219098852064532
 0.0002604874121903961
 0.0002452817264642008
 0.001978134951965488
 0.00259669149820837
 1.179728940807994e-05
 0.0002450059199162006
 0.01835337300618121
 0.0007421527919070377
 5.068009833465504e-06
 0.001219098852064532
 0.0002604874121903961
 0.003569877538417247
 0.001978134951965488
 0.00259669149820837
 0.04326480212116472
 0.0002450059199162006
 0.01835337300618121
 0.001773946581573517
 0.0002411615387432093
 0.006666013969964348
 0.0002604874121903961
 0.003569877538417247
 0.001978134951965488
 0.001978134951965488
 0.04326480212116472
 0.0002450059199162006
 0.04326480212116472
 0.001773946581573517
 0.001520469377408573
 0.04599288919131788
 0.0002604874121903961
 0.003569877538417247
 0.00259669149820837
 0.001978134951965488
 0.04326480212116472
 0.005769523167937819
 0.04326480212116472
 0.005769523167937819
 0.001520469377408573
 0.04599288919131788
 0.0002604874121903961
 0.003569877538417247
 0.001978134951965488
 0.001978134951965488
 0.04326480212116472
 0.005769523167937819
 0.04326480212116472
 0.04599288919131788
 0.006974675814827532
 0.04599288919131788
 0
 0.003569877538417247
 0.00259669149820837
 0.001978134951965488
 0.04326480212116472
 0.005769523167937819
 0.04326480212116472
 0.04599288919131788
 0.006974675814827532
 0.04599288919131788
 0
 0.04326480212116472
 0.00259669149820837
 0.001978134951965488
 0.04326480212116472
 0.04599288919131788
 0.04326480212116472
 0.04599288919131788
 0.02058111902755291
 0.04599288919131788
 0
 0.04326480212116472
 0.00259669149820837
 0
 0.04326480212116472
 0.04599288919131788
 0.04326480212116472
 0.04599288919131788
 0.02058111902755291
 0.04599288919131788
 0
 0.04326480212116472
 0.00259669149820837
 0
 0
 0.04599288919131788
 0.04326480212116472
 0.04599288919131788
 0.02058111902755291
 0.04599288919131788
 0
 0.04326480212116472
 0.001978134951965488
 0
 0
 0.04599288919131788
 0
 0.04599288919131788
 0.02058111902755291
 0
 0
 0.04326480212116472
 0.001978134951965488
 0
 0
 0.04599288919131788
 0
 0.04599288919131788
 0.02058111902755291
 0
 0
 0.04326480212116472
 0.001978134951965488
 0
 0
 0.04599288919131788
 0
 0
 0.02058111902755291
 0
 0
 0.04326480212116472
 0
 0
 0
 0.04599288919131788
 0
 0
 0.02058111902755291
 0
 0
 0
 0
 0
 0
 0
 0
 0
 0
 0
 0
 0
 0
 0
 0
 0
 0
 0
 0
 0
 0
 0
 0
 0
 0
 0
 0
 0
 0
 0
 0
 0
 0
 0
 0
 0
 0
 0
 0
 0
 0
 0
 0
 0
 0
 0
 0
 0
 0
 0
 0
 0
 0
 0
 0
 0
 0
 0
 0
 0
 0
 0
 0
 0
 0
 0
 0
 0
 0
 0
 0
 0
 0
 0
 0
 0
 0
