# Created by Octave 3.2.4, Wed Feb 06 12:49:08 2013 EST <rbom@zaphod>
# name: small_First_Fit
# type: matrix
# ndims: 3
 1 10 30
 2.551521205152671e-06
 4.976985722529208e-08
 5.011731870648692e-07
 1.318538241797158e-06
 4.166678216072524e-10
 0.0001661394119025829
 4.716679846967497e-08
 3.039907418980578e-07
 1.719374098221793e-07
 3.357008750562297e-05
 0.001035312092509357
 2.231086525127126e-07
 4.904521867925151e-06
 4.483136284839845e-06
 3.238797097343323e-07
 0.005134200972023802
 4.197679252246573e-05
 1.251381962219751e-05
 2.421264491669113e-06
 3.357008750562297e-05
 0.00255155264511325
 4.397547296700576e-06
 1.508091348280375e-05
 5.676874883679547e-06
 6.910458686357262e-05
 0.005134200972023802
 0.001773041822972966
 5.073962532739007e-05
 2.421264491669113e-06
 0.008271297775842774
 0.003049210540139426
 4.397547296700576e-06
 6.113820253495424e-05
 5.676874883679547e-06
 0.0001852011112549826
 0.005134200972023802
 0.00216251141153552
 5.073962532739007e-05
 0.0001442302748875399
 0.008271297775842774
 0.003049210540139426
 8.944582291006111e-05
 8.713334022690361e-05
 1.857744442076784e-05
 6.910458686357262e-05
 0.005134200972023802
 0.00216251141153552
 6.792316308397676e-05
 0.0002925269171075049
 0.0612379725194434
 0.003049210540139426
 0.0002927599502801529
 0.0001706726658171177
 1.857744442076784e-05
 0.0002291511568426137
 0.01378841896743051
 0.001773041822972966
 0.0001553668417215822
 0.0003274780127684939
 0.0612379725194434
 0.007529940447103387
 0.001488683462520183
 6.113820253495424e-05
 1.857744442076784e-05
 0.001935917377882199
 0.01378841896743051
 0.001773041822972966
 0.0001553668417215822
 0.0005523061192435839
 0.0612379725194434
 0.004681849769403301
 0.003567174377200452
 0.01710889715244469
 7.059876631244241e-05
 0.001935917377882199
 0.01378841896743051
 0.00216251141153552
 0.0001799965991913112
 0.0008481053253360011
 0.0612379725194434
 0.01330011495431424
 0.003998325852208165
 0.01710889715244469
 0.0009223314122157657
 0.002591853081743938
 0.03345926821755831
 0.001773041822972966
 0.0008553105093623288
 0.002018658743884088
 0.211877905788234
 0.003049210540139426
 0.01198853520088649
 0.0364045368812107
 0.01245932127420683
 0.002591853081743938
 0.03345926821755831
 0.001773041822972966
 0.0008553105093623288
 0.01330011495431424
 0.211877905788234
 0.003049210540139426
 0.01198853520088649
 0.0364045368812107
 0.01245932127420683
 0.01370721597914386
 0.07820995405534942
 0.03990034434644074
 0.001664145848289664
 0.01330011495431424
 0.211877905788234
 0.01330011495431424
 0.01198853520088649
 0.0364045368812107
 0.01245932127420683
 0.01370721597914386
 0.07820995405534942
 0.03990034434644074
 0.01330011495431424
 0.01330011495431424
 0.211877905788234
 0.01330011495431424
 0.01198853520088649
 0.0364045368812107
 0.04867681421921636
 0.03430629573179824
 0.07820995405534942
 0.03990034434644074
 0.01330011495431424
 0.01330011495431424
 0.211877905788234
 0.01330011495431424
 0.01198853520088649
 0.0364045368812107
 0.04867681421921636
 0.03430629573179824
 0.07820995405534942
 0.2840752497334569
 0.01330011495431424
 0.0612379725194434
 0.211877905788234
 0.03105600728031547
 0.03873824887137069
 0.0364045368812107
 0.04867681421921636
 0.03430629573179824
 0.07820995405534942
 0.2840752497334569
 0.01330011495431424
 0.0612379725194434
 0.211877905788234
 0.01440459105604454
 0.03873824887137069
 0.07820995405534942
 0.04867681421921636
 0.03430629573179824
 0.07820995405534942
 0.2840752497334569
 0.01330011495431424
 0.0612379725194434
 0
 0.03105600728031547
 0.03873824887137069
 0.03873824887137069
 0.211877905788234
 0.03430629573179824
 0.07820995405534942
 0.2840752497334569
 0.0612379725194434
 0.0612379725194434
 0
 0.01330011495431424
 0.07807250609277927
 0.0364045368812107
 0.211877905788234
 0.03430629573179824
 0
 0.2840752497334569
 0.0612379725194434
 0.211877905788234
 0
 0.01338877175734913
 0.2840752497334569
 0.0364045368812107
 0.211877905788234
 0.03430629573179824
 0
 0.2840752497334569
 0.0612379725194434
 0.211877905788234
 0
 0.01440459105604454
 0.2840752497334569
 0.03873824887137069
 0.211877905788234
 0
 0
 0.2840752497334569
 0.0612379725194434
 0.211877905788234
 0
 0.01330011495431424
 0.2840752497334569
 0.0687424244880217
 0.2840752497334569
 0
 0
 0
 0.211877905788234
 0.211877905788234
 0
 0.01330011495431424
 0.2840752497334569
 0.0687424244880217
 0.2840752497334569
 0
 0
 0
 0.0612379725194434
 0.2840752497334569
 0
 0.0612379725194434
 0.2840752497334569
 0.0687424244880217
 0.2840752497334569
 0
 0
 0
 0.211877905788234
 0.2840752497334569
 0
 0.0612379725194434
 0.2840752497334569
 0.0687424244880217
 0.2840752497334569
 0
 0
 0
 0.211877905788234
 0.2840752497334569
 0
 0.211877905788234
 0.2840752497334569
 0.0687424244880217
 0.2840752497334569
 0
 0
 0
 0.211877905788234
 0.211877905788234
 0
 0.211877905788234
 0
 0.0687424244880217
 0.2840752497334569
 0
 0
 0
 0.211877905788234
 0.211877905788234
 0
 0.211877905788234
 0
 0.0687424244880217
 0.2840752497334569
 0
 0
 0
 0.211877905788234
 0.211877905788234
 0
 0.211877905788234
 0
 0
 0
 0
 0
 0
 0.2840752497334569
 0.211877905788234
 0
 0.211877905788234
 0
 0
 0
 0
 0
 0
 0.2840752497334569
 0
 0
 0.211877905788234
 0
 0
 0
 0
 0
 0
 0.2840752497334569
 0
 0
