# Created by Octave 3.2.4, Wed Feb 06 02:41:37 2013 EST <rbom@zaphod>
# name: small_First_Fit
# type: matrix
# ndims: 3
 1 10 30
 7.757257157871626e-08
 7.597949914803408e-11
 1.270267452672012e-09
 9.23376241326799e-08
 3.508694233866859e-09
 1.727552048987799e-08
 2.945116073182975e-09
 3.660325025634263e-09
 1.06147825630987e-07
 1.066837349689464e-08
 7.757257157871626e-08
 3.79699677614217e-09
 1.60679639931606e-06
 2.931189983790941e-06
 7.857971726469713e-08
 3.020348984467964e-07
 6.654906956265153e-08
 4.876290602316975e-06
 0.0001348557449445014
 1.929021942423839e-05
 3.438302072034393e-06
 2.327057934055645e-07
 6.318096413927181e-06
 4.714498327432868e-06
 3.690997205037734e-06
 6.331388187611659e-06
 6.654906956265153e-08
 3.62106091620692e-05
 0.005420612755737063
 0.0001656525744600747
 1.560732441098691e-05
 1.368571006665745e-05
 3.200170031778473e-05
 5.124561135444743e-05
 3.707103333499804e-05
 0.0001085076785382831
 6.654906956265153e-08
 3.62106091620692e-05
 0.04340262680638923
 0.0001656525744600747
 5.725527979450237e-05
 1.368571006665745e-05
 9.785676693865502e-05
 5.124561135444743e-05
 0.001691967286908694
 0.0002213407403728957
 6.654906956265153e-08
 0.0001533415087864655
 0.04340262680638923
 0.0001656525744600747
 0.0003094233308940782
 0.0002377902047380944
 0.0002824295171159508
 0.0002754122631720981
 0.003251696198983288
 0.001388410987081255
 6.654906956265153e-08
 0.0001533415087864655
 0.04340262680638923
 0.0001656525744600747
 0.0003094233308940782
 0.0002377902047380944
 0.0002824295171159508
 0.004528598340917169
 0.004201912735600511
 0.001388410987081255
 2.933317383318241e-05
 0.0001533415087864655
 0.04340262680638923
 0.008724583548993562
 0.001352122512410969
 0.001545142661380394
 0.0002824295171159508
 0.004528598340917169
 0.004201912735600511
 0.001388410987081255
 5.05236991629187e-05
 0.0006337167618480382
 0.04340262680638923
 0.008724583548993562
 0.001352122512410969
 0.003761905255914852
 0.0002824295171159508
 0.004528598340917169
 0.003251696198983288
 0.001388410987081255
 0.0001780184221119546
 0.0006337167618480382
 0.04340262680638923
 0.008724583548993562
 0.003822422138392052
 0.003761905255914852
 0.0002824295171159508
 0.004528598340917169
 0.002893389829042972
 0.001388410987081255
 0.0001780184221119546
 0.0006337167618480382
 0.04340262680638923
 0.008724583548993562
 0.003822422138392052
 0.02060169026497536
 0.0002824295171159508
 0.03593152941586214
 0.004201912735600511
 0.001388410987081255
 0.0001780184221119546
 0.0006337167618480382
 0
 0.008724583548993562
 0.003822422138392052
 0.02060169026497536
 0.0002824295171159508
 0.03593152941586214
 0.004201912735600511
 0.02235327815335059
 0.0004245366332985335
 0.0006337167618480382
 0
 0.008724583548993562
 0.003822422138392052
 0.02060169026497536
 0
 0.03864160837788159
 0.004201912735600511
 0.02235327815335059
 0.0004245366332985335
 0.0006337167618480382
 0
 0.008724583548993562
 0.003822422138392052
 0.02060169026497536
 0
 0.03864160837788159
 0.004201912735600511
 0.02235327815335059
 0.0004245366332985335
 0.0008100638740489685
 0
 0
 0.003822422138392052
 0.04368493003675095
 0
 0.03864160837788159
 0.004201912735600511
 0.02235327815335059
 0.001266281347161176
 0.0008100638740489685
 0
 0
 0.003822422138392052
 0.04368493003675095
 0
 0.03864160837788159
 0.02661973013246147
 0.03593152941586214
 0.003577266482640951
 0.0008100638740489685
 0
 0
 0
 0.04368493003675095
 0
 0.03864160837788159
 0.02661973013246147
 0.04340262680638923
 0.001266281347161176
 0.0008100638740489685
 0
 0
 0
 0.04368493003675095
 0
 0.03864160837788159
 0.02661973013246147
 0.03593152941586214
 0.001266281347161176
 0.0008100638740489685
 0
 0
 0
 0.04368493003675095
 0
 0.03864160837788159
 0.03864160837788159
 0.03593152941586214
 0.002189991421117387
 0.0008100638740489685
 0
 0
 0
 0.04368493003675095
 0
 0
 0.03864160837788159
 0.04340262680638923
 0.005138837022925817
 0.0008100638740489685
 0
 0
 0
 0.04368493003675095
 0
 0
 0.03864160837788159
 0.03593152941586214
 0.01150840154689466
 0
 0
 0
 0
 0
 0
 0
 0.03864160837788159
 0.03593152941586214
 0.03864160837788159
 0
 0
 0
 0
 0
 0
 0
 0.07931855368649303
 0.03593152941586214
 0.03864160837788159
 0
 0
 0
 0
 0
 0
 0
 0.07931855368649303
 0.03593152941586214
 0.03864160837788159
 0
 0
 0
 0
 0
 0
 0
 0.07931855368649303
 0.03593152941586214
 0.03864160837788159
 0
 0
 0
 0
 0
 0
 0
 0.07931855368649303
 0.03593152941586214
 0.03864160837788159
 0
 0
 0
 0
 0
 0
 0
 0.07931855368649303
 0
 0.03864160837788159
 0
 0
 0
 0
 0
 0
 0
 0.07931855368649303
 0
 0.03864160837788159
 0
 0
 0
 0
 0
 0
 0
 0.07931855368649303
 0
 0
 0
 0
 0
 0
 0
 0
 0
 0
 0
 0
 0
 0
 0
