# Created by Octave 3.2.4, Mon Feb 04 20:30:31 2013 EST <rbom@zaphod>
# name: small_First_Fit
# type: matrix
# ndims: 3
 1 10 30
 3.841988542018124e-19
 1.050289361657971e-25
 2.712704363032426e-18
 2.544145423046557e-21
 2.1109470493059e-22
 8.647700964601913e-24
 2.513947585974148e-20
 2.28307398084635e-19
 2.168854024982272e-15
 1.546706231929608e-14
 1.758160546169892e-12
 3.272148160843026e-20
 8.263503559581351e-14
 7.411318125339825e-14
 1.540182446971678e-15
 5.776199020381424e-21
 3.599346657574877e-16
 1.52546003949517e-16
 2.800554333900296e-13
 5.840206865177246e-12
 3.692624112208745e-11
 1.604633256822134e-17
 8.263503559581351e-14
 7.411318125339825e-14
 1.540182446971678e-15
 4.690661621180639e-19
 1.671151739503818e-14
 4.550834967601854e-12
 4.997809653163949e-10
 3.920106091495868e-10
 3.692624112208745e-11
 7.28207441972905e-15
 4.569870417394937e-11
 7.411318125339825e-14
 5.939741844233633e-13
 1.542080002281857e-16
 6.187293620618316e-11
 2.046289866669344e-09
 1.565592595835407e-08
 3.920106091495868e-10
 3.692624112208745e-11
 1.303247875061569e-11
 2.087722363046496e-08
 2.369714970471758e-10
 3.830007096094734e-11
 1.061131760656634e-12
 1.01397096343029e-06
 7.46803851653774e-07
 1.565592595835407e-08
 3.920106091495868e-10
 3.692624112208745e-11
 4.356081856451867e-08
 8.420344961109763e-07
 1.005236440764795e-07
 1.141611743251e-10
 1.822954516519999e-09
 1.01397096343029e-06
 1.729786553160532e-05
 1.565592595835407e-08
 6.903433337433309e-07
 3.692624112208745e-11
 3.342250646458803e-06
 8.420344961109763e-07
 2.194517777242262e-06
 6.448820882334503e-09
 2.076647431052914e-07
 1.01397096343029e-06
 1.729786553160532e-05
 2.586849046693785e-06
 6.903433337433309e-07
 3.692624112208745e-11
 3.342250646458803e-06
 8.420344961109763e-07
 2.327120453276996e-05
 6.448820882334503e-09
 4.016490112376134e-05
 1.01397096343029e-06
 1.729786553160532e-05
 0.0001000195085132201
 6.903433337433309e-07
 3.692624112208745e-11
 3.166757609221147e-05
 9.511639045205681e-06
 2.327120453276996e-05
 2.184456667578293e-07
 4.016490112376134e-05
 1.01397096343029e-06
 1.729786553160532e-05
 0.0001000195085132201
 6.903433337433309e-07
 3.231022081002047e-08
 3.166757609221147e-05
 9.511639045205681e-06
 2.327120453276996e-05
 1.065590987770355e-06
 4.016490112376134e-05
 1.01397096343029e-06
 1.729786553160532e-05
 0.0001000195085132201
 0.0001140712460988534
 1.216428591218399e-05
 3.166757609221147e-05
 9.511639045205681e-06
 2.327120453276996e-05
 3.609486597344167e-05
 0.001068219659355333
 1.01397096343029e-06
 1.729786553160532e-05
 0.0001000195085132201
 0.0001140712460988534
 1.216428591218399e-05
 3.166757609221147e-05
 9.511639045205681e-06
 2.327120453276996e-05
 3.609486597344167e-05
 0.001068219659355333
 0
 0.0004687242607573623
 0.0001000195085132201
 0.0001140712460988534
 1.216428591218399e-05
 3.166757609221147e-05
 9.511639045205681e-06
 2.327120453276996e-05
 3.609486597344167e-05
 0.001068219659355333
 0
 0.0004687242607573623
 0.0001000195085132201
 0.0001140712460988534
 1.216428591218399e-05
 3.166757609221147e-05
 9.511639045205681e-06
 2.327120453276996e-05
 3.609486597344167e-05
 0.001068219659355333
 0
 0.0004687242607573623
 0.0001000195085132201
 0.0001140712460988534
 1.216428591218399e-05
 3.166757609221147e-05
 9.511639045205681e-06
 0
 3.609486597344167e-05
 0.001068219659355333
 0
 0.0004687242607573623
 0
 0.0001140712460988534
 1.216428591218399e-05
 0
 0
 0
 3.609486597344167e-05
 0.001068219659355333
 0
 0.0004687242607573623
 0
 0.0001140712460988534
 1.216428591218399e-05
 0
 0
 0
 3.609486597344167e-05
 0.001068219659355333
 0
 0.0004687242607573623
 0
 0
 0
 0
 0
 0
 0
 0
 0
 0.0004687242607573623
 0
 0
 0
 0
 0
 0
 0
 0
 0
 0
 0
 0
 0
 0
 0
 0
 0
 0
 0
 0
 0
 0
 0
 0
 0
 0
 0
 0
 0
 0
 0
 0
 0
 0
 0
 0
 0
 0
 0
 0
 0
 0
 0
 0
 0
 0
 0
 0
 0
 0
 0
 0
 0
 0
 0
 0
 0
 0
 0
 0
 0
 0
 0
 0
 0
 0
 0
 0
 0
 0
 0
 0
 0
 0
 0
 0
 0
 0
 0
 0
 0
 0
 0
 0
 0
 0
 0
 0
 0
 0
 0
 0
 0
 0
 0
 0
 0
 0
 0
 0
 0
 0
 0
 0
 0
 0
 0
 0
 0
 0
 0
 0
 0
 0
 0
 0
 0
 0
 0
 0
 0
 0
