# Created by Octave 3.2.4, Mon Feb 04 22:43:13 2013 EST <rbom@zaphod>
# name: small_First_Fit
# type: matrix
# ndims: 3
 1 10 30
 7.705418757697081e-15
 2.754381193804865e-11
 3.572173482596026e-17
 3.669333408013643e-17
 1.236811373317684e-13
 2.557538787137578e-14
 8.378639808664004e-14
 6.15045102368215e-11
 1.989579380826901e-16
 1.377798565098648e-12
 8.09992093429621e-12
 1.601209497194114e-09
 9.250259258371685e-14
 2.550829932986041e-10
 3.152095122658973e-12
 1.848281004382483e-10
 8.873322653851956e-11
 2.493692184619244e-10
 1.657880033149636e-13
 2.035484594158372e-09
 5.88716691863e-11
 7.67977745485965e-08
 9.650295527660516e-11
 2.149991969404006e-08
 4.579313905101706e-11
 1.848281004382483e-10
 7.297992291548327e-08
 1.909715615181935e-09
 1.695774455898057e-10
 4.96892086641658e-08
 1.907490472792756e-09
 8.481971836736427e-06
 4.799527717030949e-09
 2.149991969404006e-08
 4.579313905101706e-11
 1.229112910859251e-07
 3.009171063601074e-07
 1.996287342526773e-09
 3.790949388481326e-08
 6.459318369125602e-08
 9.262392436236755e-06
 0.0002818432028735372
 4.799527717030949e-09
 5.12199513435335e-05
 4.579313905101706e-11
 9.29267478648347e-06
 1.259445212834215e-05
 1.335705650093628e-08
 3.790949388481326e-08
 4.474858584796817e-07
 3.180805019357199e-05
 0.0007845825590279498
 9.468300284441479e-07
 0.0006672531189325616
 2.697290363971478e-09
 0.0002709228041078478
 1.259445212834215e-05
 1.110960519770569e-07
 3.790949388481326e-08
 2.358524393026603e-06
 3.180805019357199e-05
 0.0007845825590279498
 0.0001177745302910484
 0.0006672531189325616
 4.205242666684417e-08
 0.001936972419900815
 0.0002561508907755572
 7.703664398784545e-07
 1.838795334932691e-05
 2.358524393026603e-06
 3.180805019357199e-05
 0.0007845825590279498
 0.0001177745302910484
 0.0006672531189325616
 6.327979048121415e-07
 0.001936972419900815
 0.0002561508907755572
 7.703664398784545e-07
 1.838795334932691e-05
 1.600348361272313e-05
 3.180805019357199e-05
 0.0007845825590279498
 0.0001177745302910484
 0.001248671450623337
 1.989455647976475e-06
 0.001936972419900815
 0.0002561508907755572
 0.0004712932812984525
 1.838795334932691e-05
 5.374207203163062e-05
 3.180805019357199e-05
 0.0007845825590279498
 0.0002027833965147151
 0.001248671450623337
 1.989455647976475e-06
 0.001936972419900815
 0.0002561508907755572
 0.0004712932812984525
 0.001851494214976814
 0.0002709228041078478
 3.180805019357199e-05
 0.0007845825590279498
 0.0002027833965147151
 0.001248671450623337
 1.989455647976475e-06
 0.002293535887524198
 0.004781626492260715
 0.002606347789171634
 0.01382724960223088
 0.0002709228041078478
 3.180805019357199e-05
 0.0007845825590279498
 0.0002027833965147151
 0.001248671450623337
 1.989455647976475e-06
 0.001936972419900815
 0.004781626492260715
 0.002606347789171634
 0.01382724960223088
 0.0002709228041078478
 0
 0
 0.0002027833965147151
 0.001248671450623337
 1.989455647976475e-06
 0.002919060713202578
 0.004781626492260715
 0.002606347789171634
 0.01382724960223088
 0.001936972419900815
 0
 0
 0.0002027833965147151
 0.003673523655796608
 5.66525635968851e-05
 0.002919060713202578
 0.004781626492260715
 0.002606347789171634
 0.01382724960223088
 0.001936972419900815
 0
 0
 0.0007364114046000808
 0.003673523655796608
 0.001763306408017926
 0.002919060713202578
 0.004781626492260715
 0.002606347789171634
 0.01382724960223088
 0.002293535887524198
 0
 0
 0.0007364114046000808
 0.01382724960223088
 0.001763306408017926
 0.002919060713202578
 0.004781626492260715
 0.002606347789171634
 0.01382724960223088
 0.002293535887524198
 0
 0
 0.0007364114046000808
 0.01382724960223088
 0.001763306408017926
 0.002293535887524198
 0.004781626492260715
 0.002606347789171634
 0.01382724960223088
 0.002293535887524198
 0
 0
 0.0007364114046000808
 0.01382724960223088
 0.001763306408017926
 0.002919060713202578
 0
 0
 0
 0.002293535887524198
 0
 0
 0.0007364114046000808
 0.01382724960223088
 0.001763306408017926
 0.002919060713202578
 0
 0
 0
 0.002293535887524198
 0
 0
 0.001248671450623337
 0.01382724960223088
 0.001763306408017926
 0.001936972419900815
 0
 0
 0
 0.002293535887524198
 0
 0
 0.001248671450623337
 0.01382724960223088
 0.001763306408017926
 0.002919060713202578
 0
 0
 0
 0.002293535887524198
 0
 0
 0.0007364114046000808
 0.01382724960223088
 0
 0.002919060713202578
 0
 0
 0
 0
 0
 0
 0.0007364114046000808
 0
 0
 0.002919060713202578
 0
 0
 0
 0
 0
 0
 0.001248671450623337
 0
 0
 0.002293535887524198
 0
 0
 0
 0
 0
 0
 0.001248671450623337
 0
 0
 0.002293535887524198
 0
 0
 0
 0
 0
 0
 0.001248671450623337
 0
 0
 0.001936972419900815
 0
 0
 0
 0
 0
 0
 0.002293535887524198
 0
 0
 0.001936972419900815
 0
 0
 0
 0
 0
 0
 0.002293535887524198
 0
 0
 0
 0
 0
 0
 0
 0
 0
 0.002293535887524198
 0
 0
 0
 0
 0
 0
 0
 0
 0
 0.002293535887524198
 0
 0
 0
 0
 0
 0
 0
