# Created by Octave 3.2.4, Tue Feb 05 20:47:41 2013 EST <rbom@zaphod>
# name: small_First_Fit
# type: matrix
# ndims: 3
 1 10 30
 4.612455181978162e-16
 9.062182215843007e-12
 3.708968541045037e-10
 2.225427104377016e-13
 1.841513187334415e-10
 5.468668970001365e-14
 1.759126858924005e-09
 1.141872435469681e-12
 2.366859352894668e-15
 1.693273635726336e-14
 1.559012011275288e-12
 3.715866860666902e-10
 8.59851206447387e-09
 3.131762740794536e-06
 1.841513187334415e-10
 2.493356962251374e-10
 2.643093118908561e-06
 4.086113771657623e-07
 2.403073411424627e-10
 7.964277936231689e-09
 1.559012011275288e-12
 3.720700367056492e-08
 8.735429565036114e-08
 0.0003788529829623648
 3.502078294216073e-08
 4.298996799871615e-09
 2.643093118908561e-06
 4.086113771657623e-07
 2.248750293759712e-08
 7.964277936231689e-09
 2.685433085863368e-11
 3.720700367056492e-08
 1.336654488820077e-06
 0.0003788529829623648
 8.749661124727588e-07
 4.298996799871615e-09
 5.953897291520194e-05
 5.696860340149811e-06
 8.926919478858078e-07
 8.743020764619352e-09
 1.684999474310794e-08
 7.634417422191938e-07
 1.47331072913557e-05
 0.001896436334837495
 8.749661124727588e-07
 4.063283833555686e-07
 5.953897291520194e-05
 7.061986214130709e-06
 9.565675991465616e-06
 7.036033582618904e-08
 1.589301136393855e-06
 4.290277145040471e-05
 3.11473122115993e-05
 0.002549778454291104
 8.749661124727588e-07
 4.063283833555686e-07
 5.953897291520194e-05
 6.234797454592642e-05
 2.803294174874494e-05
 7.036033582618904e-08
 4.526998038937341e-05
 4.290277145040471e-05
 3.11473122115993e-05
 0.002549778454291104
 7.483467421379698e-06
 4.063283833555686e-07
 5.953897291520194e-05
 8.781997744320543e-05
 2.803294174874494e-05
 3.846324982040644e-06
 0.0006990095619813338
 4.290277145040471e-05
 3.11473122115993e-05
 0.002549778454291104
 7.483467421379698e-06
 1.70003269151884e-05
 5.953897291520194e-05
 0.0002034285416350738
 0.0001541119239158259
 0.000178962811041016
 0.0006990095619813338
 4.290277145040471e-05
 3.11473122115993e-05
 0.002549778454291104
 7.483467421379698e-06
 0.000138128302393248
 5.953897291520194e-05
 0.0004345531884456216
 0.0005951720212645244
 0.000178962811041016
 0.0006990095619813338
 0.0004626050643013504
 3.11473122115993e-05
 0.002549778454291104
 7.483467421379698e-06
 0.000138128302393248
 0.0001885476357844612
 0.0004345531884456216
 0.0005951720212645244
 0.002549778454291104
 0.0006990095619813338
 0.0004626050643013504
 3.11473122115993e-05
 0.002549778454291104
 7.483467421379698e-06
 0.000138128302393248
 5.953897291520194e-05
 0.0004345531884456216
 0.0005951720212645244
 0.002549778454291104
 0.0006990095619813338
 0.0004626050643013504
 6.71385207839603e-05
 0.002549778454291104
 1.665607839993851e-05
 0.000138128302393248
 5.953897291520194e-05
 0.0004345531884456216
 0.0005951720212645244
 0.002549778454291104
 0.001344025350812374
 0.0006990095619813338
 6.71385207839603e-05
 0
 1.665607839993851e-05
 0.000138128302393248
 5.953897291520194e-05
 0.0004345531884456216
 0.0005951720212645244
 0.002549778454291104
 0.001344025350812374
 0.001344025350812374
 6.71385207839603e-05
 0
 1.665607839993851e-05
 0.000138128302393248
 5.953897291520194e-05
 0.0004345531884456216
 0.0005951720212645244
 0.002549778454291104
 0.001344025350812374
 0.001344025350812374
 6.71385207839603e-05
 0
 0.002549778454291104
 0.000138128302393248
 5.953897291520194e-05
 0.0004345531884456216
 0.0005951720212645244
 0.002549778454291104
 0.001344025350812374
 0.004029110608443677
 6.71385207839603e-05
 0
 0.002549778454291104
 0
 5.953897291520194e-05
 0
 0
 0.002549778454291104
 0.001344025350812374
 0.004029110608443677
 6.71385207839603e-05
 0
 0.002549778454291104
 0
 0
 0
 0
 0
 0.001344025350812374
 0.004029110608443677
 6.71385207839603e-05
 0
 0.002549778454291104
 0
 0
 0
 0
 0
 0.001344025350812374
 0.004029110608443677
 0
 0
 0.002549778454291104
 0
 0
 0
 0
 0
 0
 0.004029110608443677
 0
 0
 0.002549778454291104
 0
 0
 0
 0
 0
 0
 0.004029110608443677
 0
 0
 0.002549778454291104
 0
 0
 0
 0
 0
 0
 0.004029110608443677
 0
 0
 0
 0
 0
 0
 0
 0
 0
 0
 0
 0
 0
 0
 0
 0
 0
 0
 0
 0
 0
 0
 0
 0
 0
 0
 0
 0
 0
 0
 0
 0
 0
 0
 0
 0
 0
 0
 0
 0
 0
 0
 0
 0
 0
 0
 0
 0
 0
 0
 0
 0
 0
 0
 0
 0
 0
 0
 0
 0
 0
 0
 0
 0
 0
 0
 0
 0
 0
 0
 0
 0
 0
 0
 0
 0
 0
 0
 0
 0
 0
 0
 0
 0
 0
 0
 0
 0
