# Created by Octave 3.2.4, Wed Feb 06 11:38:13 2013 EST <rbom@zaphod>
# name: small_First_Fit
# type: matrix
# ndims: 3
 1 10 30
 2.648188503236625e-13
 1.584227471593258e-11
 3.623583138688393e-11
 3.258017516509352e-12
 2.183881104366496e-10
 1.326610556479917e-14
 2.869140160584866e-13
 6.64156005483558e-14
 4.409883907976274e-16
 3.128991305279834e-14
 8.050496415434454e-10
 6.526971227164257e-08
 2.142000425501539e-09
 3.091852296616566e-10
 1.982003433882556e-08
 7.976786612767771e-14
 2.078254204038073e-10
 1.834530191518326e-08
 4.322985427657421e-13
 3.197936045638023e-12
 1.131327457158877e-08
 2.99128201120856e-06
 2.142000425501539e-09
 3.091852296616566e-10
 1.982003433882556e-08
 7.976786612767771e-14
 3.265946797793973e-07
 5.048944964789594e-08
 2.731664666432333e-11
 3.197936045638023e-12
 1.319087981395897e-07
 8.365236293172178e-05
 3.240843193982743e-08
 1.894953342040123e-07
 6.902892365849736e-07
 7.155483101276193e-12
 3.265946797793973e-07
 2.171254390627098e-06
 2.081092729370504e-10
 1.716803045131484e-10
 8.068428366063078e-06
 0.0004036497170649706
 9.914944892543014e-08
 3.538830081582241e-06
 2.095350352947433e-05
 1.242099275967379e-07
 2.319361554921049e-05
 0.0001326809425901996
 7.567159765384685e-10
 3.09386949521272e-09
 0.0001328029291005049
 0.0004036497170649706
 1.003745870068419e-05
 3.538830081582241e-06
 2.095350352947433e-05
 3.021931052813755e-06
 2.319361554921049e-05
 0.0001803781378649703
 2.239992404619837e-06
 5.933887903012328e-09
 0.001593656878726336
 0.0004036497170649706
 0.0001387102501948133
 7.662477544713128e-06
 2.095350352947433e-05
 7.82719207427237e-06
 2.319361554921049e-05
 0.0113688692283508
 2.239992404619837e-06
 1.053887647429835e-07
 0.001593656878726336
 0.0004036497170649706
 0.0001387102501948133
 3.538830081582241e-06
 2.095350352947433e-05
 0.000189648059487259
 2.319361554921049e-05
 0.0113688692283508
 5.833720176427692e-05
 2.512529519034446e-07
 0.0001328029291005049
 0.004542312961506858
 0.0001387102501948133
 5.287649756863014e-05
 0.0003478605156155193
 0.000189648059487259
 2.319361554921049e-05
 0.0113688692283508
 0.0008124706819070663
 9.586400483811915e-06
 0.0001328029291005049
 0.004542312961506858
 0.0001387102501948133
 0.0008184757245547024
 0.0003478605156155193
 0.002367835215196915
 2.319361554921049e-05
 0.0113688692283508
 0.0008124706819070663
 0.000463493990212015
 0.0002471715954485221
 0.004542312961506858
 0.003015046711138179
 0.0008184757245547024
 0.0003478605156155193
 0.002367835215196915
 2.319361554921049e-05
 0.0113688692283508
 0.0008124706819070663
 0.004639764518683845
 0.001593656878726336
 0.004542312961506858
 0.0113688692283508
 0.0008184757245547024
 0.0003478605156155193
 0.002367835215196915
 0
 0.0113688692283508
 0.0008124706819070663
 0.004639764518683845
 0.001593656878726336
 0.004542312961506858
 0.0113688692283508
 0.0008184757245547024
 0.0005864559923759142
 0.002367835215196915
 0
 0.0113688692283508
 0.0008124706819070663
 0.004639764518683845
 0.002059072416036198
 0.004542312961506858
 0.0113688692283508
 0.0008184757245547024
 0.0005864559923759142
 0.002367835215196915
 0
 0
 0.0008124706819070663
 0.004639764518683845
 0.002059072416036198
 0.004542312961506858
 0.0113688692283508
 0.007112725620125647
 0.0005864559923759142
 0.002367835215196915
 0
 0
 0.0008124706819070663
 0.004639764518683845
 0.002059072416036198
 0
 0.0113688692283508
 0.007112725620125647
 0.0005864559923759142
 0.002367835215196915
 0
 0
 0
 0.004639764518683845
 0.002059072416036198
 0
 0.0113688692283508
 0.007112725620125647
 0.0005864559923759142
 0
 0
 0
 0
 0.004639764518683845
 0.002059072416036198
 0
 0.0113688692283508
 0.007112725620125647
 0.0005864559923759142
 0
 0
 0
 0
 0
 0.0113688692283508
 0
 0
 0.007112725620125647
 0.0005864559923759142
 0
 0
 0
 0
 0
 0.0113688692283508
 0
 0
 0.007112725620125647
 0
 0
 0
 0
 0
 0
 0.0113688692283508
 0
 0
 0.007112725620125647
 0
 0
 0
 0
 0
 0
 0.0113688692283508
 0
 0
 0
 0
 0
 0
 0
 0
 0
 0.0113688692283508
 0
 0
 0
 0
 0
 0
 0
 0
 0
 0.0113688692283508
 0
 0
 0
 0
 0
 0
 0
 0
 0
 0.0113688692283508
 0
 0
 0
 0
 0
 0
 0
 0
 0
 0
 0
 0
 0
 0
 0
 0
 0
 0
 0
 0
 0
 0
 0
 0
 0
 0
 0
 0
 0
 0
 0
 0
 0
 0
 0
 0
 0
 0
 0
 0
 0
 0
 0
 0
 0
 0
 0
 0
 0
 0
 0
 0
 0
 0
 0
 0
 0
 0
 0
