# Created by Octave 3.2.4, Tue Feb 05 19:21:21 2013 EST <rbom@zaphod>
# name: small_First_Fit
# type: matrix
# ndims: 3
 1 10 30
 1.658226202869136e-11
 2.741408459049917e-11
 2.650849589947181e-07
 1.643281715226545e-11
 8.841652727513104e-12
 2.995103994946234e-09
 5.263911099749084e-11
 3.069131675942929e-08
 2.025825482708874e-10
 6.908561406757023e-12
 9.792249014954432e-09
 1.499860501596028e-08
 5.057280073937784e-06
 1.423966959777277e-09
 1.256483336430881e-08
 2.210917212510259e-05
 2.09155174338286e-09
 9.829086453231561e-08
 2.025825482708874e-10
 2.906857096340903e-09
 9.792249014954432e-09
 6.196163456660897e-07
 0.002657681023028416
 3.334030301845716e-09
 2.270432225394647e-06
 2.210917212510259e-05
 1.166634817127844e-06
 9.829086453231561e-08
 1.332506652224645e-08
 2.745554083937176e-07
 3.861329404310141e-07
 6.196163456660897e-07
 0.002678043812799501
 7.392474578678681e-07
 1.586085573201259e-05
 2.210917212510259e-05
 1.166634817127844e-06
 1.869015635840962e-07
 2.205848288548514e-08
 2.745554083937176e-07
 6.956914892957429e-07
 0.0002250366151391403
 0.002678043812799501
 5.611142734128689e-06
 1.588843005831128e-05
 5.310009077398674e-05
 3.417792909786118e-05
 2.589061005894691e-07
 4.214038040892992e-07
 1.083525460445605e-05
 1.094937241672727e-05
 0.007360459304248206
 0.002678043812799501
 5.611142734128689e-06
 0.0003794674937400073
 0.0001148203007523121
 9.85983771701182e-05
 3.265526606946498e-05
 4.214038040892992e-07
 0.000307246809555923
 3.433458476738404e-05
 0.007360459304248206
 0.01194847621802233
 1.586085573201259e-05
 0.0009182384658678227
 0.0001148203007523121
 9.85983771701182e-05
 0.0001962503664069031
 4.214038040892992e-07
 0.0008451648063353305
 3.433458476738404e-05
 0.0186698616267179
 0.01194847621802233
 1.586085573201259e-05
 0.0009182384658678227
 0.0001148203007523121
 0.001010922501959632
 0.002187908518613771
 4.214038040892992e-07
 0.0008451648063353305
 0.0004139804666617407
 0.0186698616267179
 0.01194847621802233
 5.611142734128689e-06
 0.0009182384658678227
 0.0001148203007523121
 0.001010922501959632
 0.01295356529781039
 4.214038040892992e-07
 0.02287267427035111
 0.002244811763995599
 0.0186698616267179
 0.02542554554130701
 9.919870986058954e-06
 0.000875303079375822
 0.0001148203007523121
 0.00176851620356089
 0.01922403619275207
 8.431985495805725e-07
 0.0472083900546606
 0.01100317420158738
 0.0186698616267179
 0.02542554554130701
 0.0001540323757816225
 0.013442455512442
 0.0001587791974353124
 0.003917193756095797
 0.0234472815317469
 2.290316981546861e-06
 0.02287267427035111
 0.01178815244644861
 0.1258278567425045
 0.02542554554130701
 0.0001540323757816225
 0.013442455512442
 0.0001148203007523121
 0.00176851620356089
 0.1153315663634951
 8.09297736297855e-06
 0.02287267427035111
 0.04664589653446832
 0.1258278567425045
 0.1423952538618357
 0.0003794674937400073
 0.01840338785717275
 0.0472083900546606
 0.02542554554130701
 0.1153315663634951
 8.09297736297855e-06
 0.02737920525360604
 0.04664589653446832
 0.1258278567425045
 0.1423952538618357
 0.0003794674937400073
 0.01919300620983001
 0.05136262370829311
 0.02542554554130701
 0.1153315663634951
 8.09297736297855e-06
 0.04664589653446832
 0.04664589653446832
 0.1258278567425045
 0.1423952538618357
 0.002617838130106011
 0.01840338785717275
 0.05136262370829311
 0.06325911123125015
 0.1153315663634951
 8.09297736297855e-06
 0.07989244959026799
 0.04664589653446832
 0.1258278567425045
 0.1423952538618357
 0.002617838130106011
 0.01840338785717275
 0.07989244959026799
 0.06325911123125015
 0.1153315663634951
 0.1024017637005854
 0.04664589653446832
 0.04664589653446832
 0.1258278567425045
 0.1423952538618357
 0.002107249404961307
 0.04493834433962334
 0.07989244959026799
 0.06325911123125015
 0.1153315663634951
 0.1409379678616445
 0.04664589653446832
 0.04664589653446832
 0.1258278567425045
 0.1423952538618357
 0.002107249404961307
 0.04493834433962334
 0.07989244959026799
 0.06325911123125015
 0.1153315663634951
 0.1409379678616445
 0.0472083900546606
 0.04664589653446832
 0
 0.1423952538618357
 0.002107249404961307
 0.01840338785717275
 0.05136262370829311
 0.06325911123125015
 0
 0.1409379678616445
 0.07262360515271436
 0
 0
 0
 0.00593312144782046
 0.03972984368128963
 0.06325911123125015
 0.06325911123125015
 0
 0.1024017637005854
 0.1258278567425045
 0
 0
 0
 0.004368309200189578
 0.01919300620983001
 0.07989244959026799
 0.06325911123125015
 0
 0.1409379678616445
 0.1258278567425045
 0
 0
 0
 0.00984912022878808
 0.04493834433962334
 0.07989244959026799
 0
 0
 0.1409379678616445
 0.1258278567425045
 0
 0
 0
 0.01608083495114637
 0.04493834433962334
 0.07989244959026799
 0
 0
 0.1409379678616445
 0.07262360515271436
 0
 0
 0
 0.02737920525360604
 0.04493834433962334
 0.07989244959026799
 0
 0
 0.1409379678616445
 0.07262360515271436
 0
 0
 0
 0.07989244959026799
 0.056090546245543
 0.07989244959026799
 0
 0
 0.1409379678616445
 0.07262360515271436
 0
 0
 0
 0.1153315663634951
 0.1024017637005854
 0.07989244959026799
 0
 0
 0.1409379678616445
 0.07262360515271436
 0
 0
 0
 0.1258278567425045
 0.056090546245543
 0.1423952538618357
 0
 0
 0.1409379678616445
 0
 0
 0
 0
 0.1258278567425045
 0.1024017637005854
 0.1423952538618357
 0
 0
 0
 0
 0
 0
 0
 0.1258278567425045
 0.1024017637005854
 0.1423952538618357
 0
 0
 0
 0
 0
 0
 0
 0.1258278567425045
 0.1024017637005854
 0.1423952538618357
 0
 0
 0
 0
