# Created by Octave 3.2.4, Tue Feb 05 04:20:20 2013 EST <rbom@zaphod>
# name: small_First_Fit
# type: matrix
# ndims: 3
 1 10 30
 3.199521688194772e-08
 1.888455104343523e-08
 0.0005633289507665279
 1.6266259773963e-10
 2.612723619434585e-05
 9.694405648963572e-10
 8.607221733873163e-07
 3.330557769929193e-08
 2.041128399999239e-06
 8.821928933868501e-07
 1.205537084599764e-06
 1.645105917900294e-06
 0.0005633289507665279
 1.416897587091353e-08
 2.612723619434585e-05
 6.217094279012519e-07
 3.236761745769035e-06
 2.528464478824922e-05
 9.243025670015525e-05
 0.0001126038445299287
 0.000313532587112919
 0.007205876560171185
 0.002489681777620099
 5.162822433112168e-06
 7.288578082446046e-05
 6.217094279012519e-07
 3.236761745769035e-06
 0.0001283124982002969
 0.01832274882696858
 0.002465394901408062
 0.0004918926832807126
 0.007205876560171185
 0.002489681777620099
 2.917859888873295e-05
 0.002251595035329886
 0.000214030237592365
 1.044266645644077e-05
 0.0004585530733671097
 0.02968459149459923
 0.002465394901408062
 0.0004918926832807126
 0.01890547711112067
 0.002489681777620099
 2.917859888873295e-05
 0.01264567524493984
 0.0004999178615280447
 0.0002237292403281035
 0.001742717318369037
 0.02968459149459923
 0.009087386280096196
 0.0006011407983034652
 0.01890547711112067
 0.006050304329715888
 0.0006085123719104418
 0.01264567524493984
 0.002732292699064195
 0.002518286132089682
 0.00427123300454869
 0.0357645755057277
 0.009087386280096196
 0.0004918926832807126
 0.01890547711112067
 0.007287024426188457
 0.008861775330760447
 0.01264567524493984
 0.01443214072430624
 0.002518286132089682
 0.004521619859764742
 0.04126190931080186
 0.01059588711311233
 0.0009128648040904788
 0.01890547711112067
 0.007287024426188457
 0.2065618474121898
 0.01264567524493984
 0.05092912794375869
 0.004633617736251036
 0.004521619859764742
 0.06337419078901838
 0.03738234234257549
 0.001114919783523865
 0.03835469863256698
 0.007287024426188457
 0.2065618474121898
 0.01264567524493984
 0.05092912794375869
 0.004633617736251036
 0.02943020698559466
 0.08909128513057173
 0.03738234234257549
 0.0006449593063615171
 0.06806591189667149
 0.01208686590217034
 0.2065618474121898
 0.021171249870957
 0.05092912794375869
 0.004633617736251036
 0.02943020698559466
 0.08909128513057173
 0.03738234234257549
 0.0007284317014045917
 0.06806591189667149
 0.01208686590217034
 0.2065618474121898
 0.01264567524493984
 0.05092912794375869
 0.004633617736251036
 0.05105501448750357
 0.08909128513057173
 0.03738234234257549
 0.001114919783523865
 0.06806591189667149
 0.008250394215723983
 0.2065618474121898
 0.021171249870957
 0.05612856748222237
 0.01158039656970295
 0.05105501448750357
 0.08909128513057173
 0.0228309500087274
 0.001945714916166763
 0.07185819482208085
 0.05962526727763376
 0.2065618474121898
 0.021171249870957
 0.1270641121179716
 0.01158039656970295
 0.07701745057921561
 0.2065618474121898
 0.03738234234257549
 0.001114919783523865
 0.07185819482208085
 0.06452153982467045
 0.2065618474121898
 0.01264567524493984
 0.1270641121179716
 0.01158039656970295
 0.07701745057921561
 0.2065618474121898
 0.04983426113346038
 0.003617761150747328
 0.07185819482208085
 0.06452153982467045
 0
 0.04310804403730545
 0.1270641121179716
 0.01158039656970295
 0.09028309254098307
 0.08909128513057173
 0.04983426113346038
 0.003623104774110614
 0.07185819482208085
 0.07819142555055404
 0
 0.04310804403730545
 0.05612856748222237
 0.01158039656970295
 0.09028309254098307
 0.2065618474121898
 0.08980055824624519
 0.004607176486526835
 0.07185819482208085
 0.08980055824624519
 0
 0.05553748473536536
 0.05612856748222237
 0.01158039656970295
 0.09028309254098307
 0.2065618474121898
 0.08980055824624519
 0.004607176486526835
 0.07185819482208085
 0.08980055824624519
 0
 0.05553748473536536
 0.05612856748222237
 0.2065618474121898
 0.09028309254098307
 0.08909128513057173
 0.09028309254098307
 0.08980055824624519
 0.07185819482208085
 0.06452153982467045
 0
 0.04310804403730545
 0.05092912794375869
 0.2065618474121898
 0.09028309254098307
 0.08909128513057173
 0.08980055824624519
 0.08980055824624519
 0
 0.06452153982467045
 0
 0.04310804403730545
 0
 0.2065618474121898
 0.09028309254098307
 0.2065618474121898
 0.08980055824624519
 0.08980055824624519
 0
 0.06452153982467045
 0
 0.04310804403730545
 0
 0.2065618474121898
 0.09028309254098307
 0.2065618474121898
 0.08980055824624519
 0.08980055824624519
 0
 0.06452153982467045
 0
 0.04310804403730545
 0
 0.2065618474121898
 0
 0.2065618474121898
 0.09028309254098307
 0.09028309254098307
 0
 0.06452153982467045
 0
 0.04310804403730545
 0
 0.2065618474121898
 0
 0.08909128513057173
 0.09028309254098307
 0.1392468621629942
 0
 0
 0
 0
 0
 0.2065618474121898
 0
 0.08909128513057173
 0.08980055824624519
 0.1392468621629942
 0
 0
 0
 0
 0
 0
 0
 0.08909128513057173
 0.08980055824624519
 0.1392468621629942
 0
 0
 0
 0
 0
 0
 0
 0.2065618474121898
 0.08980055824624519
 0.1392468621629942
 0
 0
 0
 0
 0
 0
 0
 0.08909128513057173
 0.08980055824624519
 0.1392468621629942
 0
 0
 0
 0
 0
 0
 0
 0.08909128513057173
 0.08980055824624519
 0.1392468621629942
 0
 0
 0
 0
 0
 0
 0
 0.08909128513057173
 0
 0.1392468621629942
 0
 0
 0
 0
 0
 0
 0
 0.2065618474121898
 0
