# Created by Octave 3.2.4, Thu Feb 07 07:04:46 2013 EST <rbom@zaphod>
# name: small_First_Fit
# type: matrix
# ndims: 3
 1 10 30
 3.854798980255335e-11
 3.871036802503392e-11
 2.425358130122425e-11
 4.28992284494882e-13
 6.993749788846172e-13
 1.064989652224766e-11
 1.097700280847147e-10
 3.703190498645872e-14
 8.313727975621706e-13
 1.458164979449895e-14
 6.842312564398233e-09
 4.368126844796091e-09
 1.296789876285181e-06
 1.326167879982253e-10
 5.750658155558482e-10
 1.921823002212778e-10
 1.097700280847147e-10
 1.793321232078468e-09
 2.267081333110779e-11
 9.698103635768792e-13
 3.604713590666731e-08
 2.077148133957993e-07
 7.081111448071129e-06
 1.390571162735771e-08
 2.013871225008561e-07
 1.570616405075466e-09
 1.482627665635579e-08
 3.427332561592055e-06
 6.248676349074195e-10
 5.209912842026937e-09
 1.231242834174757e-06
 9.160025782653524e-06
 7.081111448071129e-06
 2.398992754778861e-09
 6.655933885018431e-05
 2.834090432105159e-08
 1.482627665635579e-08
 4.278966228918837e-06
 4.535588141149938e-07
 5.209912842026937e-09
 1.231242834174757e-06
 9.160025782653524e-06
 3.608791867682477e-05
 3.24914172135742e-08
 6.655933885018431e-05
 4.722017616578562e-07
 2.173372910335358e-06
 4.278966228918837e-06
 8.654121385679657e-06
 8.835967446702609e-09
 4.837895872879829e-05
 0.0003054635554092207
 3.608791867682477e-05
 3.24914172135742e-08
 0.00516100683926068
 4.722017616578562e-07
 7.563789310540379e-05
 4.278966228918837e-06
 2.070222142289393e-05
 1.404720282100794e-07
 4.837895872879829e-05
 0.0009606616234204116
 3.608791867682477e-05
 4.533859310241538e-05
 0.00516100683926068
 9.622456105461513e-05
 0.0001521162163314689
 2.82577275080833e-05
 0.0002379470993435539
 1.404720282100794e-07
 4.837895872879829e-05
 0.002158446383547891
 3.608791867682477e-05
 4.533859310241538e-05
 0.00516100683926068
 9.622456105461513e-05
 0.0001431274006120202
 2.82577275080833e-05
 0.0002379470993435539
 0.0001770327171916793
 4.837895872879829e-05
 0.002158446383547891
 3.608791867682477e-05
 4.533859310241538e-05
 0.00516100683926068
 0.00516100683926068
 0.0005350810943876477
 2.82577275080833e-05
 0.0005030203688530728
 0.0001770327171916793
 4.837895872879829e-05
 0.002158446383547891
 3.608791867682477e-05
 4.533859310241538e-05
 0.00516100683926068
 0.00516100683926068
 0.0005937555609016775
 0.0001097220536647285
 0.0005030203688530728
 0.0001770327171916793
 4.837895872879829e-05
 0.00516100683926068
 3.608791867682477e-05
 4.533859310241538e-05
 0.00516100683926068
 0.00516100683926068
 0.0005937555609016775
 0.0001097220536647285
 0.0002379470993435539
 0.0004280585007556431
 4.837895872879829e-05
 0.004043136835362866
 0
 4.533859310241538e-05
 0.00516100683926068
 0.00516100683926068
 0.0005937555609016775
 0.0001097220536647285
 0.0002379470993435539
 0.0004280585007556431
 0
 0.006641286319248684
 0
 0.0002400212394870214
 0
 0.00516100683926068
 0.0009922195055161454
 0.0009354137473834296
 0.0002379470993435539
 0.0004280585007556431
 0
 0.006641286319248684
 0
 0.0002400212394870214
 0
 0.00516100683926068
 0.0005937555609016775
 0.0009354137473834296
 0.0002379470993435539
 0.004043136835362866
 0
 0.006641286319248684
 0
 0.0002400212394870214
 0
 0.00516100683926068
 0.0005937555609016775
 0.0009354137473834296
 0.0002379470993435539
 0.004043136835362866
 0
 0.006641286319248684
 0
 0.0002400212394870214
 0
 0
 0.0005937555609016775
 0.002158446383547891
 0
 0.004043136835362866
 0
 0.00649415315279641
 0
 0.0002400212394870214
 0
 0
 0.0005937555609016775
 0.0009354137473834296
 0
 0.004043136835362866
 0
 0.00649415315279641
 0
 0.00649415315279641
 0
 0
 0.0005937555609016775
 0.0009354137473834296
 0
 0.004043136835362866
 0
 0.00649415315279641
 0
 0.00649415315279641
 0
 0
 0.0006052981962067395
 0.0009354137473834296
 0
 0.004043136835362866
 0
 0
 0
 0.00649415315279641
 0
 0
 0.0006052981962067395
 0.0009354137473834296
 0
 0.004043136835362866
 0
 0
 0
 0.00649415315279641
 0
 0
 0.0007332423913690037
 0.0009354137473834296
 0
 0
 0
 0
 0
 0.00649415315279641
 0
 0
 0.0006194044977019585
 0.002158446383547891
 0
 0
 0
 0
 0
 0.00649415315279641
 0
 0
 0.001209690984087445
 0.002158446383547891
 0
 0
 0
 0
 0
 0.00649415315279641
 0
 0
 0.0006194044977019585
 0.006641286319248684
 0
 0
 0
 0
 0
 0
 0
 0
 0.001209690984087445
 0.006641286319248684
 0
 0
 0
 0
 0
 0
 0
 0
 0.001209690984087445
 0.006641286319248684
 0
 0
 0
 0
 0
 0
 0
 0
 0.001209690984087445
 0.006641286319248684
 0
 0
 0
 0
 0
 0
 0
 0
 0.00649415315279641
 0.006641286319248684
 0
 0
 0
 0
 0
 0
 0
 0
 0.00649415315279641
 0.006641286319248684
 0
 0
 0
 0
 0
 0
 0
 0
 0.00649415315279641
 0.006641286319248684
 0
 0
