# Created by Octave 3.2.4, Tue Feb 05 01:59:40 2013 EST <rbom@zaphod>
# name: small_First_Fit
# type: matrix
# ndims: 3
 1 10 30
 2.292198186209015e-15
 2.65640733959512e-13
 2.486821169454862e-15
 2.30820270441153e-10
 1.349471997554352e-11
 5.598227629892654e-15
 9.075290163238998e-11
 1.343231646531563e-14
 4.201885143068618e-12
 5.653592265193471e-15
 2.292198186209015e-15
 1.062587227607325e-09
 3.192054111222058e-11
 6.026215304139737e-09
 5.278409266751483e-11
 6.881185179698806e-10
 1.11341648282236e-08
 3.416116874488274e-06
 4.815596695521477e-10
 1.13938543684003e-11
 1.073636807567471e-13
 7.844110188481845e-09
 1.170861292616662e-07
 1.808431572924275e-06
 4.596999662651404e-10
 2.355871417529358e-08
 1.11341648282236e-08
 3.416116874488274e-06
 4.815596695521477e-10
 1.740447034404277e-11
 1.350659423469074e-12
 5.967764595140238e-06
 2.802874275601467e-07
 1.004977011795224e-05
 2.458215803248141e-07
 2.355871417529358e-08
 2.163988304809632e-06
 1.162275974332285e-05
 6.598350575154853e-08
 4.410219922911411e-10
 1.383161966646936e-09
 3.523222705178971e-05
 3.471358046755585e-06
 1.004977011795224e-05
 5.416709043736642e-05
 2.355871417529358e-08
 1.231628339729863e-05
 1.162275974332285e-05
 6.598350575154853e-08
 4.739101679100408e-09
 1.383161966646936e-09
 0.002666274035736948
 4.287106157035528e-05
 3.282991366008358e-05
 0.0001214402256025331
 2.355871417529358e-08
 0.001686315874504088
 1.162275974332285e-05
 3.120713507582935e-07
 6.070235054816598e-08
 3.891783438516049e-07
 0.002666274035736948
 0.0001620055005545067
 3.282991366008358e-05
 0.0001214402256025331
 2.355871417529358e-08
 0.003469409830166914
 1.162275974332285e-05
 2.703155049774645e-06
 5.801398116646556e-07
 2.572944898756867e-05
 0.002666274035736948
 0.0001849355259735934
 3.282991366008358e-05
 0.0001214402256025331
 0.0002040798146864336
 0.001686315874504088
 0.001579499283446278
 2.703155049774645e-06
 1.457414211745085e-05
 7.13072681043085e-05
 0.002666274035736948
 0.003164097295356473
 3.282991366008358e-05
 0.0006323449273618298
 0.0002040798146864336
 0.001686315874504088
 0.001579499283446278
 7.02209699487993e-05
 5.611952259326029e-05
 0.0002297328141839901
 0.002666274035736948
 0.003164097295356473
 5.887505554836531e-05
 0.0001202390672920911
 0.0002040798146864336
 0.001686315874504088
 0.001579499283446278
 0.0002809687081868172
 5.611952259326029e-05
 0.008292870567392356
 0.002666274035736948
 0.003164097295356473
 0.000210033706752688
 0.0001202390672920911
 0.0002040798146864336
 0.001686315874504088
 0.001579499283446278
 0.006857376549811788
 5.611952259326029e-05
 0.01145256669864612
 0.01145256669864612
 0.003164097295356473
 0.000210033706752688
 0.002666274035736948
 0.0003327853898678771
 0.001686315874504088
 0.003388028191664415
 0.01145256669864612
 5.611952259326029e-05
 0.01145256669864612
 0.01145256669864612
 0.01145256669864612
 0.000210033706752688
 0.002666274035736948
 0.0003327853898678771
 0.001686315874504088
 0.003388028191664415
 0.01145256669864612
 5.611952259326029e-05
 0.01145256669864612
 0.01145256669864612
 0.01145256669864612
 0.000210033706752688
 0.002666274035736948
 0.0003327853898678771
 0
 0.001579499283446278
 0.01145256669864612
 5.611952259326029e-05
 0.01145256669864612
 0.01145256669864612
 0.01145256669864612
 0.000210033706752688
 0.002666274035736948
 0.004426396784722777
 0
 0.001579499283446278
 0.01145256669864612
 5.611952259326029e-05
 0.01145256669864612
 0.01145256669864612
 0.01145256669864612
 0.000210033706752688
 0.002666274035736948
 0.004426396784722777
 0
 0.001579499283446278
 0.01145256669864612
 0
 0.01145256669864612
 0.01145256669864612
 0.01145256669864612
 0.003469409830166914
 0.01145256669864612
 0.004426396784722777
 0
 0.003388028191664415
 0.01145256669864612
 0
 0.01145256669864612
 0.01145256669864612
 0.01145256669864612
 0.003469409830166914
 0.01145256669864612
 0.004426396784722777
 0
 0.001579499283446278
 0.01145256669864612
 0
 0
 0
 0.01145256669864612
 0.004158630525088246
 0.01145256669864612
 0.004426396784722777
 0
 0.003388028191664415
 0
 0
 0
 0
 0
 0.003469409830166914
 0.01145256669864612
 0.004426396784722777
 0
 0.001579499283446278
 0
 0
 0
 0
 0
 0.003469409830166914
 0.01145256669864612
 0.004426396784722777
 0
 0.001579499283446278
 0
 0
 0
 0
 0
 0.003469409830166914
 0.01145256669864612
 0
 0
 0.001579499283446278
 0
 0
 0
 0
 0
 0.003469409830166914
 0.01145256669864612
 0
 0
 0.001579499283446278
 0
 0
 0
 0
 0
 0.003469409830166914
 0
 0
 0
 0.001579499283446278
 0
 0
 0
 0
 0
 0.003469409830166914
 0
 0
 0
 0.003388028191664415
 0
 0
 0
 0
 0
 0
 0
 0
 0
 0.001579499283446278
 0
 0
 0
 0
 0
 0
 0
 0
 0
 0.001579499283446278
 0
 0
 0
 0
 0
 0
 0
 0
 0
 0.001579499283446278
 0
 0
 0
 0
 0
 0
 0
 0
 0
 0.001579499283446278
 0
 0
 0
 0
 0
 0
 0
 0
 0
 0.001579499283446278
 0
 0
