# Created by Octave 3.2.4, Tue Feb 05 11:39:49 2013 EST <rbom@zaphod>
# name: small_First_Fit
# type: matrix
# ndims: 3
 1 10 30
 6.305991698938418e-08
 7.534210445029053e-08
 8.058863247108699e-07
 4.69037229459666e-07
 2.02399301371191e-09
 4.269137810343776e-08
 1.848025643714422e-08
 6.316676401845974e-09
 4.532857704807102e-09
 1.365855376655633e-05
 0.0001638920408877079
 1.167950112243095e-05
 0.0002765514709888913
 9.561989396371911e-05
 7.963354783116783e-08
 2.836356556463875e-05
 0.006255921510468941
 7.540152612434859e-05
 1.594875881798041e-06
 1.536394677452545e-05
 0.0004825214686323676
 6.964671177001378e-05
 0.0007241137046636037
 9.881356821972806e-05
 6.776231926257778e-07
 0.0005412220206163029
 0.01524226196380449
 0.0001084885596996521
 5.454180049341631e-05
 2.085028503833478e-05
 0.0004825214686323676
 6.964671177001378e-05
 0.002006386714381446
 0.0001042530705835291
 4.224710744165822e-05
 0.0005412220206163029
 0.006255921510468941
 9.152307041389494e-05
 0.0002220016903282522
 0.0003081450486638472
 0.0004825214686323676
 0.0002369371362836058
 0.002006386714381446
 0.002507236629802315
 0.0002850228637936981
 0.003757356235004488
 0.006255921510468941
 9.152307041389494e-05
 0.005088180997606698
 0.0003081450486638472
 0.003183022271713817
 0.0002369371362836058
 0.004782591265559098
 0.002507236629802315
 0.002541838987258321
 0.003757356235004488
 0.03395160372664659
 0.0004973481151896006
 0.01721930290438776
 0.00109684523824807
 0.003183022271713817
 0.003647670268873837
 0.004782591265559098
 0.007191565460452623
 0.01759170136947074
 0.004491837694824564
 0.03395160372664659
 0.0004973481151896006
 0.01721930290438776
 0.00109684523824807
 0.003183022271713817
 0.006272300368651069
 0.004782591265559098
 0.007191565460452623
 0.01759170136947074
 0.01233904784697325
 0.07436797596081592
 0.000532134469871298
 0.01721930290438776
 0.00109684523824807
 0.04275784506590087
 0.006272300368651069
 0.0196542380839295
 0.00801730484183634
 0.01759170136947074
 0.01233904784697325
 0.07436797596081592
 0.0006234762538769379
 0.01721930290438776
 0.00109684523824807
 0.04275784506590087
 0.02687497970230348
 0.0196542380839295
 0.007191565460452623
 0.04463307657974423
 0.01233904784697325
 0.07436797596081592
 0.0006234762538769379
 0.01721930290438776
 0.00109684523824807
 0.05690521592670787
 0.02687497970230348
 0.03668073076376215
 0.01741287192816335
 0.04463307657974423
 0.01233904784697325
 0.07436797596081592
 0.0006234762538769379
 0.01721930290438776
 0.003718454552498241
 0.04275784506590087
 0.02687497970230348
 0.03668073076376215
 0.02351297544776753
 0.09731479546060273
 0.01233904784697325
 0.07436797596081592
 0.0006234762538769379
 0.01721930290438776
 0.003718454552498241
 0.04784713480698451
 0.0341032003078619
 0.03668073076376215
 0.01741287192816335
 0.09731479546060273
 0.02457181659965574
 0.07436797596081592
 0.0006234762538769379
 0
 0.003718454552498241
 0.05690521592670787
 0.0341032003078619
 0.06535313811428048
 0.01741287192816335
 0.09731479546060273
 0.02457181659965574
 0.1089271435156277
 0.01228650205325182
 0
 0.006730821479263406
 0.05693422469460836
 0.0341032003078619
 0.06535313811428048
 0.02351297544776753
 0.1089271435156277
 0.02457181659965574
 0.1089271435156277
 0.01957860000346792
 0
 0.006730821479263406
 0.04784713480698451
 0.04113743470838662
 0.06535313811428048
 0.02351297544776753
 0.1089271435156277
 0.02457181659965574
 0.1089271435156277
 0.03155041281732848
 0
 0.006730821479263406
 0.05424640712641595
 0.0440544034856928
 0.06535313811428048
 0.1167981386138154
 0.1089271435156277
 0.02457181659965574
 0.1089271435156277
 0.01957860000346792
 0
 0.006730821479263406
 0.05424640712641595
 0.0440544034856928
 0.06769979954164783
 0.1167981386138154
 0.2111699905169451
 0.02457181659965574
 0.1089271435156277
 0.01957860000346792
 0
 0.006730821479263406
 0.05424640712641595
 0.0440544034856928
 0.06535313811428048
 0.1167981386138154
 0.2111699905169451
 0.02457181659965574
 0.07436797596081592
 0.01957860000346792
 0
 0.006730821479263406
 0.05424640712641595
 0.05650610013782547
 0.06769979954164783
 0.1167981386138154
 0.2111699905169451
 0
 0.07436797596081592
 0.03155041281732848
 0
 0.09876850910497527
 0.04784713480698451
 0.06345010654767735
 0.03668073076376215
 0.1167981386138154
 0.2111699905169451
 0
 0
 0.03155041281732848
 0
 0.09876850910497527
 0.05693422469460836
 0.06345010654767735
 0.03668073076376215
 0.1167981386138154
 0.2111699905169451
 0
 0
 0.03155041281732848
 0
 0.09876850910497527
 0.05693422469460836
 0.1167981386138154
 0.06535313811428048
 0.1167981386138154
 0.2111699905169451
 0
 0
 0.03155041281732848
 0
 0.09876850910497527
 0.05693422469460836
 0.1167981386138154
 0.06769979954164783
 0
 0.2111699905169451
 0
 0
 0.03155041281732848
 0
 0.09876850910497527
 0.1167981386138154
 0.1167981386138154
 0.03668073076376215
 0
 0
 0
 0
 0.04113743470838662
 0
 0.2111699905169451
 0.1167981386138154
 0.1167981386138154
 0.03668073076376215
 0
 0
 0
 0
 0.03155041281732848
 0
 0.2111699905169451
 0.1167981386138154
 0.1167981386138154
 0.06769979954164783
 0
 0
 0
 0
 0.03915081611320054
 0
 0.09876850910497527
 0.1167981386138154
 0.1167981386138154
 0.06535313811428048
 0
 0
 0
 0
 0.03915081611320054
 0
 0.09876850910497527
 0.1167981386138154
 0.1167981386138154
 0.06535313811428048
 0
 0
 0
 0
 0.03915081611320054
 0
 0.2111699905169451
 0.1167981386138154
 0
 0.06535313811428048
 0
 0
 0
 0
 0.03915081611320054
 0
 0.2111699905169451
