# Created by Octave 3.2.4, Tue Feb 05 13:00:56 2013 EST <rbom@zaphod>
# name: small_First_Fit
# type: matrix
# ndims: 3
 1 10 30
 1.044030279861019e-15
 1.755706827493164e-15
 7.016338971690179e-13
 1.993115580368134e-12
 5.446561088523388e-16
 1.440788239086601e-19
 9.823904860574816e-18
 1.630694281775993e-18
 1.070213191225663e-18
 1.508988395566469e-18
 7.263707115511219e-14
 1.659493743812853e-13
 7.016338971690179e-13
 1.025331333507771e-10
 3.881868155490048e-14
 2.421835280109439e-15
 9.823904860574816e-18
 1.678399551029145e-16
 8.050900906174662e-13
 1.668931498254743e-15
 2.677539496156468e-13
 1.659493743812853e-13
 1.179036370852395e-08
 1.725269897637977e-07
 5.083226477554679e-13
 7.097080745999041e-13
 5.816908295573306e-16
 1.678399551029145e-16
 8.050900906174662e-13
 5.727439782006599e-14
 1.830491822576813e-11
 5.996851964208728e-12
 8.034466810161971e-07
 1.725269897637977e-07
 1.388227341341382e-09
 8.045642573272276e-11
 7.293286321822701e-13
 9.000685069934746e-14
 2.116949766498529e-08
 5.727439782006599e-14
 6.751081219206621e-10
 7.829068950784489e-10
 8.034466810161971e-07
 3.092085064488206e-06
 4.606884054018005e-08
 1.114701455160049e-09
 3.734629473619894e-10
 8.251928849668573e-12
 1.128316585812638e-05
 5.327097218809038e-11
 6.204237381414101e-07
 2.630389924492616e-07
 7.591940102517486e-05
 0.0001066173021827254
 1.293761309738654e-06
 4.14281800957341e-08
 2.289597242436037e-07
 7.155497161933378e-11
 0.0008654842208877326
 3.506833519794091e-08
 6.204237381414101e-07
 2.630389924492616e-07
 0.001177367586824973
 0.007289777441701374
 3.975248174475231e-05
 4.14281800957341e-08
 2.439494832727123e-07
 4.260260313692522e-10
 0.0008654842208877326
 3.506833519794091e-08
 1.111115629772151e-06
 1.790158209835825e-05
 0.001177367586824973
 0.0787311631835072
 5.324651432610517e-05
 3.102020808016641e-05
 2.439494832727123e-07
 4.800267007750145e-08
 0.0787311631835072
 4.326716786987293e-06
 1.111115629772151e-06
 1.790158209835825e-05
 0.001177367586824973
 0.0787311631835072
 0.001052304108546841
 3.102020808016641e-05
 0.001428050811428594
 4.800267007750145e-08
 0.0787311631835072
 0.0004026085929124862
 1.111115629772151e-06
 0.001177367586824973
 0.001177367586824973
 0.0787311631835072
 0.001052304108546841
 0.0008749452465055032
 0.001428050811428594
 0.0007864608083996309
 0.0787311631835072
 0.0004026085929124862
 1.111115629772151e-06
 0.001177367586824973
 0.001177367586824973
 0.0787311631835072
 0.0787311631835072
 0.0008749452465055032
 0.001428050811428594
 0.0007864608083996309
 0.0787311631835072
 0.004920708240005274
 1.111115629772151e-06
 0.001177367586824973
 0.001177367586824973
 0.0787311631835072
 0.0787311631835072
 0.0008749452465055032
 0.001428050811428594
 0.0007864608083996309
 0.0787311631835072
 0.004920708240005274
 1.111115629772151e-06
 0.001177367586824973
 0.001177367586824973
 0.0787311631835072
 0.0787311631835072
 0.0008749452465055032
 0.004206699998352608
 0.0007864608083996309
 0.0787311631835072
 0.004920708240005274
 1.111115629772151e-06
 0.001177367586824973
 0
 0.0787311631835072
 0.0787311631835072
 0.0008749452465055032
 0.004206699998352608
 0.0007864608083996309
 0.0787311631835072
 0.004920708240005274
 0
 0.001177367586824973
 0
 0
 0.0787311631835072
 0.001177367586824973
 0.004206699998352608
 0.0007864608083996309
 0
 0.004920708240005274
 0
 0.001177367586824973
 0
 0
 0.0787311631835072
 0.0008749452465055032
 0.0787311631835072
 0.0007864608083996309
 0
 0.004920708240005274
 0
 0
 0
 0
 0.0787311631835072
 0.0008749452465055032
 0.0787311631835072
 0
 0
 0.004920708240005274
 0
 0
 0
 0
 0
 0.0008749452465055032
 0.0787311631835072
 0
 0
 0
 0
 0
 0
 0
 0
 0.001177367586824973
 0.0787311631835072
 0
 0
 0
 0
 0
 0
 0
 0
 0.001177367586824973
 0.0787311631835072
 0
 0
 0
 0
 0
 0
 0
 0
 0.001177367586824973
 0.0787311631835072
 0
 0
 0
 0
 0
 0
 0
 0
 0.001177367586824973
 0.0787311631835072
 0
 0
 0
 0
 0
 0
 0
 0
 0.0008749452465055032
 0
 0
 0
 0
 0
 0
 0
 0
 0
 0.0008749452465055032
 0
 0
 0
 0
 0
 0
 0
 0
 0
 0.001177367586824973
 0
 0
 0
 0
 0
 0
 0
 0
 0
 0.001177367586824973
 0
 0
 0
 0
 0
 0
 0
 0
 0
 0.001177367586824973
 0
 0
 0
 0
 0
 0
 0
 0
 0
 0.001177367586824973
 0
 0
 0
 0
 0
 0
 0
 0
 0
 0.0787311631835072
 0
 0
 0
 0
 0
 0
 0
 0
 0
 0.0787311631835072
 0
 0
 0
 0
