# Created by Octave 3.2.4, Wed Feb 06 00:39:12 2013 EST <rbom@zaphod>
# name: small_First_Fit
# type: matrix
# ndims: 3
 1 10 30
 1.019665754492161e-13
 2.654941656786558e-09
 3.25423025672778e-12
 2.06531761278613e-12
 1.319630416066295e-06
 1.54450083745364e-09
 4.553251595440306e-12
 6.729234224951464e-14
 3.14007993898063e-11
 7.145219729923183e-12
 7.316112668738366e-09
 1.49402785331858e-07
 3.500301437220638e-11
 1.190654319769243e-07
 5.998835380360932e-05
 2.384824376951541e-08
 2.125337884601842e-10
 2.630683316039527e-11
 8.256320754944179e-09
 8.458506177388412e-10
 2.740966939761086e-06
 1.111316403663383e-05
 1.354025365730259e-10
 1.190654319769243e-07
 5.998835380360932e-05
 2.114238350363354e-05
 6.943260908571842e-08
 1.082575667445323e-09
 5.799853110035843e-07
 1.386987812405285e-07
 9.493450235391289e-06
 3.536055828353672e-05
 1.356383522636315e-09
 1.190654319769243e-07
 5.998835380360932e-05
 2.114238350363354e-05
 4.694743200167586e-06
 2.668241944324163e-09
 1.259589795975501e-05
 1.386987812405285e-07
 0.0002044029886535757
 3.536055828353672e-05
 5.642880895358073e-08
 6.018210259329196e-05
 5.998835380360932e-05
 0.000660371627511516
 4.694743200167586e-06
 5.974880426022406e-08
 1.259589795975501e-05
 1.386987812405285e-07
 0.0007006149393925119
 3.931151607101798e-05
 9.598914824314855e-07
 0.002465523161003174
 5.998835380360932e-05
 0.000660371627511516
 4.694743200167586e-06
 5.974880426022406e-08
 1.712422634049769e-05
 2.231363932699988e-06
 0.0007006149393925119
 3.931151607101798e-05
 7.287261681283067e-05
 0.002465523161003174
 5.998835380360932e-05
 0.0009627247633753501
 4.739850680418822e-05
 5.974880426022406e-08
 1.712422634049769e-05
 3.382782838583852e-05
 0.0008926795263196124
 3.536055828353672e-05
 7.287261681283067e-05
 0.002465523161003174
 0.004176886899615663
 0.0009627247633753501
 0.00232516671852864
 5.619113806742654e-06
 0.0003386412936643144
 0.0001362559666994818
 0.001022696133480232
 0.001580183455981239
 0.001207380745638871
 0.002465523161003174
 0.004176886899615663
 0.001448678858723297
 0.01409159329537668
 0.0002213973436175048
 0.0007078775079256061
 0.0001362559666994818
 0.002671237944384003
 0.001580183455981239
 0.001207380745638871
 0.002465523161003174
 0.004176886899615663
 0.001448678858723297
 0.01409159329537668
 0.0002213973436175048
 0.0007078775079256061
 0.0001362559666994818
 0.002671237944384003
 0.001580183455981239
 0.001207380745638871
 0.002465523161003174
 0.004176886899615663
 0.001448678858723297
 0.01409159329537668
 0.0002213973436175048
 0.01409159329537668
 0.0001362559666994818
 0.01409159329537668
 0.001580183455981239
 0.001207380745638871
 0.002465523161003174
 0.004176886899615663
 0.001448678858723297
 0.01409159329537668
 0.002578509033236812
 0.01409159329537668
 0.0001362559666994818
 0.01409159329537668
 0.001666784983494525
 0.001207380745638871
 0
 0.004176886899615663
 0.001448678858723297
 0.01409159329537668
 0.002578509033236812
 0.01409159329537668
 0.0001362559666994818
 0.01409159329537668
 0.01118472793264394
 0.001207380745638871
 0
 0.004176886899615663
 0.01085201180802286
 0.01409159329537668
 0.002578509033236812
 0.01409159329537668
 0.0005515951103158049
 0.01409159329537668
 0.01118472793264394
 0.001207380745638871
 0
 0
 0.01085201180802286
 0.01409159329537668
 0.002578509033236812
 0.01409159329537668
 0.0005515951103158049
 0.01441236055847824
 0.01118472793264394
 0
 0
 0
 0.01223489370197818
 0
 0.002578509033236812
 0.01409159329537668
 0.0004020557310063525
 0.01441236055847824
 0.01118472793264394
 0
 0
 0
 0.01223489370197818
 0
 0.002578509033236812
 0.01409159329537668
 0.0004020557310063525
 0.01441236055847824
 0.01118472793264394
 0
 0
 0
 0.0128155216397821
 0
 0.002578509033236812
 0
 0.0004020557310063525
 0.01441236055847824
 0.01118472793264394
 0
 0
 0
 0.0128155216397821
 0
 0
 0
 0.01085201180802286
 0.01409159329537668
 0.01118472793264394
 0
 0
 0
 0.0128155216397821
 0
 0
 0
 0.0128155216397821
 0.01409159329537668
 0
 0
 0
 0
 0.0128155216397821
 0
 0
 0
 0.01409159329537668
 0.01409159329537668
 0
 0
 0
 0
 0.0128155216397821
 0
 0
 0
 0.01409159329537668
 0
 0
 0
 0
 0
 0.01223489370197818
 0
 0
 0
 0.01409159329537668
 0
 0
 0
 0
 0
 0.0128155216397821
 0
 0
 0
 0.01409159329537668
 0
 0
 0
 0
 0
 0.0128155216397821
 0
 0
 0
 0.01409159329537668
 0
 0
 0
 0
 0
 0.0128155216397821
 0
 0
 0
 0.0128155216397821
 0
 0
 0
 0
 0
 0.0128155216397821
 0
 0
 0
 0.0128155216397821
 0
 0
 0
 0
 0
 0.0128155216397821
 0
 0
 0
 0
 0
 0
 0
 0
 0
 0.0128155216397821
 0
 0
 0
 0
 0
 0
 0
 0
 0
 0.0128155216397821
 0
 0
 0
 0
