# Created by Octave 3.2.4, Wed Feb 06 15:22:57 2013 EST <rbom@zaphod>
# name: small_First_Fit
# type: matrix
# ndims: 3
 1 10 30
 1.903597236000504e-14
 8.212454851083766e-15
 1.815639505175051e-10
 7.979722980680291e-11
 6.228487649829005e-10
 8.182855027013119e-15
 2.247889925236407e-13
 1.142008488505564e-13
 4.009023447389673e-17
 4.049781167748777e-13
 2.696404079903649e-09
 4.753584022187098e-12
 1.815639505175051e-10
 6.077222061042451e-09
 8.859465180116945e-09
 5.147623689318116e-11
 1.665545090738378e-11
 1.456444570409959e-08
 9.607027765831014e-15
 3.141339996638959e-11
 1.018270849031123e-08
 1.35201969432721e-10
 4.38371088331677e-08
 1.653160221009539e-08
 8.859465180116945e-09
 2.024314851222053e-08
 4.666950084989224e-09
 3.394219213120251e-06
 8.705385857146936e-11
 1.216243918215764e-09
 6.613708318948801e-07
 1.112119068276523e-09
 3.513274141280765e-05
 1.569485740649721e-07
 8.859465180116945e-09
 9.534699510426798e-07
 6.832025983413494e-06
 0.0007737981810794684
 8.705385857146936e-11
 7.597197091947392e-09
 2.256370194386374e-06
 3.098269790995323e-08
 0.0001166156069135534
 0.0001624514919697087
 2.375569860515657e-08
 0.0003297475524588044
 0.001541964056453821
 0.01410624253452809
 3.988943638709051e-10
 4.502909118235547e-06
 2.256370194386374e-06
 1.428600370112571e-06
 0.001138055679263899
 0.0002223486815719367
 1.579779489277296e-06
 0.0003297475524588044
 0.004535702611813281
 0.01410624253452809
 1.999146814918293e-08
 0.0002643425451488397
 0.0001018513367249705
 1.428600370112571e-06
 0.001138055679263899
 0.0002223486815719367
 0.0001065257998321159
 0.0003297475524588044
 0.004535702611813281
 0.01410624253452809
 6.101178783343844e-06
 0.0002643425451488397
 0.0001018513367249705
 5.340475380238082e-06
 0.001752179258454598
 0.0002223486815719367
 0.0001065257998321159
 0.01142155400258371
 0.004535702611813281
 0.01410624253452809
 4.211632766136066e-05
 0.00223051009400335
 0.0007737981810794684
 6.862993777095403e-05
 0.001752179258454598
 0.0002223486815719367
 0.0001065257998321159
 0.01142155400258371
 0.004535702611813281
 0.01410624253452809
 4.211632766136066e-05
 0.008755849380105549
 0.0007737981810794684
 6.862993777095403e-05
 0.001752179258454598
 0.0002223486815719367
 0.0001065257998321159
 0.01142155400258371
 0.004535702611813281
 0.02848835416234013
 0.003655812438256633
 0.008755849380105549
 0.001752179258454598
 0.0003171222408073958
 0.001752179258454598
 0.0002223486815719367
 0.0001065257998321159
 0.01142155400258371
 0.004535702611813281
 0.01410624253452809
 0.003655812438256633
 0.008989746562231355
 0.001752179258454598
 0.001589932693328717
 0.001752179258454598
 0.0002223486815719367
 0.0001065257998321159
 0.01142155400258371
 0.004535702611813281
 0.01410624253452809
 0.003870326837294809
 0.008989746562231355
 0.01410624253452809
 0.001589932693328717
 0.02903027829551069
 0
 0.0001065257998321159
 0.01142155400258371
 0
 0.02848835416234013
 0.003870326837294809
 0.008989746562231355
 0.01410624253452809
 0.001589932693328717
 0.02903027829551069
 0
 0
 0.01142155400258371
 0
 0.02848835416234013
 0.008989746562231355
 0.008755849380105549
 0.01410624253452809
 0.001589932693328717
 0.02903027829551069
 0
 0
 0
 0
 0.02848835416234013
 0.008989746562231355
 0.008989746562231355
 0.02848835416234013
 0.001589932693328717
 0.02903027829551069
 0
 0
 0
 0
 0.02848835416234013
 0.008989746562231355
 0.008989746562231355
 0.02848835416234013
 0.001589932693328717
 0.02903027829551069
 0
 0
 0
 0
 0.02848835416234013
 0.008989746562231355
 0.008989746562231355
 0.02848835416234013
 0.00196065210307659
 0.02903027829551069
 0
 0
 0
 0
 0.02848835416234013
 0.02903027829551069
 0.009772796063926921
 0.02848835416234013
 0.00196065210307659
 0.02903027829551069
 0
 0
 0
 0
 0.02848835416234013
 0.008989746562231355
 0.009772796063926921
 0.02848835416234013
 0.00196065210307659
 0
 0
 0
 0
 0
 0
 0.008989746562231355
 0.009772796063926921
 0.02848835416234013
 0.00196065210307659
 0
 0
 0
 0
 0
 0
 0.008989746562231355
 0.009772796063926921
 0.02848835416234013
 0.00196065210307659
 0
 0
 0
 0
 0
 0
 0.008989746562231355
 0.009772796063926921
 0
 0.00196065210307659
 0
 0
 0
 0
 0
 0
 0.02903027829551069
 0.009772796063926921
 0
 0.00196065210307659
 0
 0
 0
 0
 0
 0
 0.02903027829551069
 0.009772796063926921
 0
 0
 0
 0
 0
 0
 0
 0
 0.02903027829551069
 0
 0
 0
 0
 0
 0
 0
 0
 0
 0.02903027829551069
 0
 0
 0
 0
 0
 0
 0
 0
 0
 0.02903027829551069
 0
 0
 0
 0
 0
 0
 0
 0
 0
 0.02903027829551069
 0
 0
 0
 0
 0
 0
 0
 0
 0
 0.02903027829551069
 0
 0
 0
 0
 0
 0
 0
 0
 0
 0
 0
