# Created by Octave 3.2.4, Tue Feb 05 04:11:14 2013 EST <rbom@zaphod>
# name: small_First_Fit
# type: matrix
# ndims: 3
 1 10 30
 4.085361045043915e-11
 2.985508767461204e-10
 2.487111189053261e-10
 6.064575229150984e-05
 1.234471350200804e-10
 9.655504238227058e-09
 3.240368624493889e-11
 3.172230919273572e-11
 5.339288872738654e-13
 7.225994448926206e-10
 2.80718591591541e-07
 1.624501162067827e-08
 6.578653682695918e-09
 6.064575229150984e-05
 9.53999191135948e-08
 9.743837989785808e-06
 1.371511136711406e-09
 2.470675654147023e-09
 3.41177565220506e-10
 3.499181529257483e-07
 7.226742446519205e-06
 6.467034443323981e-07
 5.578922056544951e-07
 0.0001395907275736515
 9.53999191135948e-08
 2.260124772110311e-05
 4.000342735700216e-08
 2.431401338999899e-07
 1.141645708564281e-07
 1.067460391164478e-06
 7.226742446519205e-06
 1.068787383230128e-06
 1.301544960772241e-05
 0.0001395907275736515
 2.736743624844386e-07
 2.260124772110311e-05
 7.030255264248866e-08
 6.021415651900126e-06
 7.220046805419994e-07
 9.228265366078618e-06
 0.0003611869376847569
 3.390638444377313e-05
 5.064362398895919e-05
 0.0001395907275736515
 3.822137625805008e-07
 2.260124772110311e-05
 2.220262289516049e-06
 7.691699605671673e-05
 1.897969436122768e-05
 1.882832589160444e-05
 0.0001716958763361233
 3.390638444377313e-05
 5.064362398895919e-05
 0.0001395907275736515
 1.324577097407668e-05
 2.260124772110311e-05
 0.0001679310777503441
 0.002023741445524255
 0.0005815656517764281
 1.882832589160444e-05
 7.226742446519205e-06
 0.0005235546071957653
 5.064362398895919e-05
 0.001413703022532371
 1.324577097407668e-05
 2.260124772110311e-05
 0.0001679310777503441
 0.002023741445524255
 0.0009407881139593885
 0.0004505736509770072
 4.183955610469022e-05
 0.0005235546071957653
 0.0004628593909998427
 0.001413703022532371
 0.0003439686670223686
 2.260124772110311e-05
 0.0002101821552822367
 0.002023741445524255
 0.0008232067007739736
 0.0004505736509770072
 4.183955610469022e-05
 0.0005235546071957653
 0.0004628593909998427
 0.001413703022532371
 0.0006286760623560446
 2.260124772110311e-05
 0.0002101821552822367
 0.01100220769198806
 0.001014845571119936
 0.001031984188014982
 4.183955610469022e-05
 0.0005235546071957653
 0.0008738856271052852
 0.001413703022532371
 0.0148902886696945
 2.260124772110311e-05
 0.005269663081816866
 0.01100220769198806
 0.005269663081816866
 0.001031984188014982
 0.0003611869376847569
 0.0005235546071957653
 0.0008738856271052852
 0.001413703022532371
 0.01683150181531766
 0
 0.005269663081816866
 0.01100220769198806
 0.005269663081816866
 0.001031984188014982
 0.00148700956697481
 0.0005235546071957653
 0.02345157744425351
 0.001413703022532371
 0.0148902886696945
 0
 0.01331177259979626
 0.01100220769198806
 0.01331177259979626
 0.001031984188014982
 0.005322022466874745
 0.0005235546071957653
 0.02345157744425351
 0.0198523789845219
 0.01683150181531766
 0
 0.01331177259979626
 0.01897308506087978
 0.008548361384891292
 0.001031984188014982
 0.005322022466874745
 0
 0.02345157744425351
 0.0198523789845219
 0.01683150181531766
 0
 0.01331177259979626
 0.01897308506087978
 0.008548361384891292
 0.001031984188014982
 0.005322022466874745
 0
 0.02345157744425351
 0.02232568039683394
 0.01683150181531766
 0
 0.01331177259979626
 0.01897308506087978
 0.01331177259979626
 0.001031984188014982
 0.005322022466874745
 0
 0.02345157744425351
 0.02232568039683394
 0.01683150181531766
 0
 0.02290958658456724
 0.01897308506087978
 0.008724437806609371
 0
 0.005322022466874745
 0
 0.02345157744425351
 0.0198523789845219
 0.01683150181531766
 0
 0.02290958658456724
 0.03068395464797352
 0.02232568039683394
 0
 0.005322022466874745
 0
 0.02345157744425351
 0.0198523789845219
 0.01683150181531766
 0
 0.02290958658456724
 0.03068395464797352
 0.02232568039683394
 0
 0.005322022466874745
 0
 0
 0.02232568039683394
 0.01683150181531766
 0
 0.01331177259979626
 0.03068395464797352
 0.02232568039683394
 0
 0
 0
 0
 0.02232568039683394
 0
 0
 0.02290958658456724
 0.03068395464797352
 0.02232568039683394
 0
 0
 0
 0
 0.02232568039683394
 0
 0
 0.02290958658456724
 0.03068395464797352
 0.02232568039683394
 0
 0
 0
 0
 0.02232568039683394
 0
 0
 0.02290958658456724
 0.03068395464797352
 0.02232568039683394
 0
 0
 0
 0
 0.02232568039683394
 0
 0
 0.02232568039683394
 0.03068395464797352
 0.02232568039683394
 0
 0
 0
 0
 0.02232568039683394
 0
 0
 0.02232568039683394
 0
 0
 0
 0
 0
 0
 0.02232568039683394
 0
 0
 0.02232568039683394
 0
 0
 0
 0
 0
 0
 0
 0
 0
 0.02290958658456724
 0
 0
 0
 0
 0
 0
 0
 0
 0
 0.02232568039683394
 0
 0
 0
 0
 0
 0
 0
 0
 0
 0.02232568039683394
 0
 0
 0
 0
 0
 0
 0
 0
 0
 0.02232568039683394
 0
 0
 0
 0
 0
 0
 0
 0
 0
 0.02232568039683394
 0
 0
 0
