# Created by Octave 3.2.4, Tue Feb 05 08:18:33 2013 EST <rbom@zaphod>
# name: small_First_Fit
# type: matrix
# ndims: 3
 1 10 30
 1.08861082419369e-06
 3.245359166160255e-19
 1.42615910285148e-17
 6.961208869612976e-13
 1.016574513469114e-16
 2.106523249861891e-18
 4.535161833325918e-16
 3.522796524482096e-19
 3.613904851259406e-15
 9.913877705799815e-20
 1.08861082419369e-06
 1.24407170476646e-14
 1.118531914756558e-13
 1.074722970731485e-11
 2.559484357210531e-13
 5.518837519212019e-16
 2.852127863791403e-11
 3.88857083514301e-17
 1.709086316751556e-13
 4.639520570522616e-16
 3.64147047404996e-05
 1.335789639104713e-11
 1.118531914756558e-13
 9.126294231271682e-11
 1.223458841867219e-09
 1.216680849592499e-13
 1.499119448109547e-09
 1.018632392615465e-14
 3.001301502422544e-12
 4.639520570522616e-16
 3.64147047404996e-05
 5.557936628592604e-09
 5.822414841618161e-11
 9.126294231271682e-11
 9.508022535728098e-08
 2.030346328127393e-11
 1.961276595364681e-09
 1.018632392615465e-14
 1.55220326727631e-09
 4.639520570522616e-16
 3.64147047404996e-05
 3.539939428842906e-07
 5.822414841618161e-11
 8.445308895990036e-10
 1.642244076821656e-07
 2.031119331823571e-10
 1.394786313659434e-07
 5.1035970361684e-12
 4.526430107930616e-07
 2.785458778717792e-12
 3.64147047404996e-05
 3.539939428842906e-07
 2.404966811807978e-09
 3.289244444210457e-08
 6.261017189183664e-06
 3.667327108205543e-08
 1.394786313659434e-07
 2.145938457146531e-09
 4.526430107930616e-07
 1.276002988737323e-10
 3.64147047404996e-05
 1.05090243632419e-05
 1.885025551071428e-07
 1.50180914852646e-05
 6.261017189183664e-06
 3.436675340031432e-07
 1.394786313659434e-07
 2.145938457146531e-09
 1.212013578620156e-05
 1.276002988737323e-10
 3.64147047404996e-05
 1.05090243632419e-05
 7.63539870803889e-06
 1.50180914852646e-05
 6.261017189183664e-06
 3.436675340031432e-07
 1.394786313659434e-07
 2.268355486613194e-07
 1.918990971754749e-05
 1.276002988737323e-10
 3.64147047404996e-05
 1.05090243632419e-05
 7.800550337375403e-05
 1.50180914852646e-05
 6.261017189183664e-06
 3.420052171433536e-06
 1.394786313659434e-07
 2.268355486613194e-07
 7.108929782555688e-05
 2.160917631668637e-08
 3.64147047404996e-05
 7.800550337375403e-05
 7.800550337375403e-05
 0.0004646317244883802
 6.261017189183664e-06
 3.420052171433536e-06
 1.394786313659434e-07
 2.297915003981706e-06
 4.343461217887716e-05
 1.08417661383181e-06
 0
 7.800550337375403e-05
 7.800550337375403e-05
 0.0004646317244883802
 6.261017189183664e-06
 3.420052171433536e-06
 1.394786313659434e-07
 2.297915003981706e-06
 4.343461217887716e-05
 1.08417661383181e-06
 0
 7.800550337375403e-05
 7.800550337375403e-05
 0.0004646317244883802
 6.261017189183664e-06
 3.420052171433536e-06
 0
 7.255910956537897e-06
 6.997236672118837e-05
 1.08417661383181e-06
 0
 7.800550337375403e-05
 7.800550337375403e-05
 0.0004646317244883802
 0
 3.420052171433536e-06
 0
 7.255910956537897e-06
 4.343461217887716e-05
 2.534721476057523e-05
 0
 7.800550337375403e-05
 7.800550337375403e-05
 0.0004646317244883802
 0
 3.420052171433536e-06
 0
 9.49523062083577e-05
 4.343461217887716e-05
 2.534721476057523e-05
 0
 7.800550337375403e-05
 7.800550337375403e-05
 0.0004646317244883802
 0
 3.420052171433536e-06
 0
 0.00227265861295579
 4.343461217887716e-05
 2.534721476057523e-05
 0
 7.800550337375403e-05
 0
 0.0004646317244883802
 0
 0
 0
 0.00227265861295579
 4.343461217887716e-05
 2.534721476057523e-05
 0
 0
 0
 0
 0
 0
 0
 0.00227265861295579
 4.343461217887716e-05
 2.534721476057523e-05
 0
 0
 0
 0
 0
 0
 0
 0.00227265861295579
 4.343461217887716e-05
 2.534721476057523e-05
 0
 0
 0
 0
 0
 0
 0
 0.00227265861295579
 0
 2.534721476057523e-05
 0
 0
 0
 0
 0
 0
 0
 0.00227265861295579
 0
 0
 0
 0
 0
 0
 0
 0
 0
 0.00227265861295579
 0
 0
 0
 0
 0
 0
 0
 0
 0
 0
 0
 0
 0
 0
 0
 0
 0
 0
 0
 0
 0
 0
 0
 0
 0
 0
 0
 0
 0
 0
 0
 0
 0
 0
 0
 0
 0
 0
 0
 0
 0
 0
 0
 0
 0
 0
 0
 0
 0
 0
 0
 0
 0
 0
 0
 0
 0
 0
 0
 0
 0
 0
 0
 0
 0
 0
 0
 0
 0
 0
 0
 0
 0
 0
 0
 0
 0
 0
 0
 0
 0
 0
 0
 0
 0
 0
 0
 0
 0
 0
 0
 0
