# Created by Octave 3.2.4, Mon Feb 04 04:29:43 2013 EST <rbom@zaphod>
# name: small_First_Fit
# type: matrix
# ndims: 3
 1 10 30
 1.164482899394251e-16
 2.233423335425301e-23
 1.974784032876924e-16
 1.768839125279907e-17
 5.776948463231471e-20
 2.254099908824353e-15
 3.619640693261161e-15
 4.651727515350418e-18
 5.404454244595501e-20
 5.006216962997322e-16
 4.73394861734527e-14
 6.154714173000989e-19
 4.601021378622566e-11
 5.136445200043019e-13
 7.04723237258563e-15
 3.972496899738225e-12
 4.024294013383026e-14
 3.325776983035916e-16
 1.885730863774478e-14
 6.937229936017813e-11
 4.73394861734527e-14
 3.285032798029025e-17
 4.601021378622566e-11
 1.803836930192705e-10
 1.891229323301743e-12
 1.332511534460532e-06
 5.696411099057184e-11
 1.042965042667115e-14
 1.885730863774478e-14
 9.992097028429759e-08
 4.73394861734527e-14
 4.912276324395545e-12
 3.633228804694111e-09
 1.003633230115647e-08
 1.485988373540513e-10
 1.332511534460532e-06
 3.393096286774225e-08
 5.804993240301158e-13
 1.885730863774478e-14
 5.040069608382882e-06
 4.73394861734527e-14
 1.031489971107294e-08
 8.282660342288204e-07
 1.070179783351454e-07
 1.045563987973591e-08
 1.332511534460532e-06
 4.075564520521611e-06
 5.804993240301158e-13
 6.118977939462074e-12
 5.040069608382882e-06
 4.73394861734527e-14
 1.031489971107294e-08
 3.941226354998294e-06
 6.161475247006866e-05
 1.598499097388586e-06
 1.332511534460532e-06
 6.29311393722442e-05
 1.377313640443694e-12
 1.273345192836062e-08
 5.040069608382882e-06
 4.73394861734527e-14
 1.031489971107294e-08
 0.0008636217471475444
 6.161475247006866e-05
 1.598499097388586e-06
 1.332511534460532e-06
 0.001635809860620427
 5.119214009844519e-09
 1.389166734231801e-05
 5.040069608382882e-06
 1.03512723072667e-13
 1.341043399747663e-05
 0.01093711411179898
 6.161475247006866e-05
 8.883630395026159e-05
 1.332511534460532e-06
 0.001635809860620427
 1.232507202814552e-07
 1.389166734231801e-05
 5.040069608382882e-06
 6.973570117446714e-13
 1.341043399747663e-05
 0.01093711411179898
 6.161475247006866e-05
 8.883630395026159e-05
 1.332511534460532e-06
 0.001635809860620427
 1.232507202814552e-07
 1.389166734231801e-05
 5.040069608382882e-06
 3.559648213196137e-12
 0.0008636217471475444
 0.01093711411179898
 6.161475247006866e-05
 8.883630395026159e-05
 1.350647353008752e-06
 0.001635809860620427
 1.232507202814552e-07
 1.389166734231801e-05
 5.040069608382882e-06
 4.377577793036003e-10
 0.0008636217471475444
 0.01093711411179898
 6.161475247006866e-05
 0.002472032190995244
 2.34447134437689e-05
 0.001635809860620427
 1.232507202814552e-07
 1.389166734231801e-05
 0.001119492366763777
 5.676171526309866e-10
 0.01093711411179898
 0.01093711411179898
 6.161475247006866e-05
 0.002472032190995244
 2.34447134437689e-05
 0.001635809860620427
 1.232507202814552e-07
 1.389166734231801e-05
 0.01883193010844484
 8.385748990539302e-10
 0.01093711411179898
 0.01093711411179898
 6.161475247006866e-05
 0.0129685838510172
 6.027614815003834e-05
 0.001635809860620427
 1.232507202814552e-07
 0.000105940896480886
 0.01883193010844484
 8.385748990539302e-10
 0.01093711411179898
 0.01093711411179898
 6.161475247006866e-05
 0.01883193010844484
 6.027614815003834e-05
 0.001635809860620427
 1.232507202814552e-07
 0.0006682747959967458
 0.01883193010844484
 8.385748990539302e-10
 0.01093711411179898
 0.01093711411179898
 6.161475247006866e-05
 0.01883193010844484
 7.817861670081076e-05
 0.001635809860620427
 1.232507202814552e-07
 0.0006682747959967458
 0.01883193010844484
 8.385748990539302e-10
 0.01093711411179898
 0.01093711411179898
 6.161475247006866e-05
 0.01883193010844484
 0.0005286312438630053
 0.001635809860620427
 1.232507202814552e-07
 0.01093711411179898
 0.01883193010844484
 8.385748990539302e-10
 0.01093711411179898
 0.01093711411179898
 6.161475247006866e-05
 0.01883193010844484
 0.0005286312438630053
 0.001635809860620427
 1.232507202814552e-07
 0.01093711411179898
 0.01883193010844484
 8.385748990539302e-10
 0.01093711411179898
 0.01093711411179898
 6.161475247006866e-05
 0.01883193010844484
 0.0005286312438630053
 0.001635809860620427
 1.232507202814552e-07
 0.01883193010844484
 0.01883193010844484
 8.385748990539302e-10
 0.01093711411179898
 0.01093711411179898
 6.161475247006866e-05
 0.01883193010844484
 0.0005286312438630053
 0.001635809860620427
 1.232507202814552e-07
 0.01093711411179898
 0.01883193010844484
 8.385748990539302e-10
 0.01093711411179898
 0.01093711411179898
 6.161475247006866e-05
 0.01883193010844484
 0.0005286312438630053
 0.001635809860620427
 1.232507202814552e-07
 0.01093711411179898
 0.01883193010844484
 8.385748990539302e-10
 0.01093711411179898
 0.01093711411179898
 6.161475247006866e-05
 0.01883193010844484
 0.0005286312438630053
 0.001635809860620427
 1.232507202814552e-07
 0.01093711411179898
 0.01883193010844484
 9.416095399391422e-08
 0.01093711411179898
 0.01093711411179898
 6.161475247006866e-05
 0.01883193010844484
 0.0005286312438630053
 0.001635809860620427
 1.232507202814552e-07
 0.01093711411179898
 0.01883193010844484
 9.416095399391422e-08
 0.01093711411179898
 0.01093711411179898
 6.161475247006866e-05
 0.01883193010844484
 0.0005286312438630053
 0.001635809860620427
 1.232507202814552e-07
 0.01093711411179898
 0.01883193010844484
 0.0129685838510172
 0.01093711411179898
 0.01093711411179898
 6.161475247006866e-05
 0.01883193010844484
 0.0005286312438630053
 0.001635809860620427
 1.232507202814552e-07
 0.01093711411179898
 0.01883193010844484
 0.0129685838510172
 0.01093711411179898
 0.01093711411179898
 6.161475247006866e-05
 0.01883193010844484
 0.0005286312438630053
 0.001635809860620427
 1.232507202814552e-07
 0.01093711411179898
 0.01883193010844484
 0.0129685838510172
 0.01093711411179898
 0.01093711411179898
 6.161475247006866e-05
 0.01883193010844484
 0.0005286312438630053
 0.001635809860620427
 1.232507202814552e-07
 0.01093711411179898
 0.01883193010844484
 0.0129685838510172
 0.01093711411179898
 0.01093711411179898
 6.161475247006866e-05
 0.01883193010844484
 0.0005286312438630053
 0.001635809860620427
 1.232507202814552e-07
 0.01093711411179898
 0.01883193010844484
 0.0129685838510172
 0.01093711411179898
 0.01093711411179898
 6.161475247006866e-05
 0.01883193010844484
 0.0005286312438630053
 0.001635809860620427
 1.232507202814552e-07
 0.01093711411179898
 0.01883193010844484
 0.0129685838510172
 0.01093711411179898
 0.01093711411179898
 6.161475247006866e-05
 0.01883193010844484
 0.0005286312438630053
 0.001635809860620427
 1.232507202814552e-07
 0.01093711411179898
 0.01883193010844484
 0.0129685838510172
 0.01093711411179898
 0.01093711411179898
 6.161475247006866e-05
 0.01883193010844484
 0.0005286312438630053
 0.001635809860620427
 1.232507202814552e-07
 0.01093711411179898
 0.01883193010844484
