# Created by Octave 3.2.4, Tue Feb 05 03:21:54 2013 EST <rbom@zaphod>
# name: small_First_Fit
# type: matrix
# ndims: 3
 1 10 30
 1.945981926097597e-09
 0.001459861492300098
 3.614123804373083e-09
 3.402543130972637e-06
 1.358472403526909e-11
 4.025544403646052e-09
 2.72914046734087e-11
 6.520778647379609e-11
 3.634169341059303e-13
 6.655615795237677e-12
 1.018345151133951e-08
 0.001459861492300098
 2.632451496723217e-08
 0.0006772150780475044
 8.175459551179502e-09
 2.259898714751399e-08
 3.513535237711514e-11
 1.154672618205655e-09
 5.555059959536669e-07
 3.656638689597541e-06
 4.858571090645622e-08
 0.001459861492300098
 1.211170595400462e-06
 0.0006772150780475044
 1.49087747764965e-06
 1.201604925826228e-06
 4.32974664423998e-10
 1.154672618205655e-09
 9.834815380241502e-06
 3.656638689597541e-06
 3.688078321381274e-06
 0.05446040562027898
 2.36021828412732e-05
 0.01300852128787728
 0.001383143323180638
 5.966680538799242e-06
 4.32974664423998e-10
 9.169355831696274e-09
 9.834815380241502e-06
 1.007948924594504e-05
 3.688078321381274e-06
 0.05446040562027898
 4.735292825818964e-05
 0.01300852128787728
 0.001383143323180638
 1.654816005782948e-05
 3.417917435398296e-08
 6.512589230036323e-08
 9.834815380241502e-06
 8.206572024855643e-05
 0.0001743612520319735
 0.05446040562027898
 0.0002531996162292175
 0.01300852128787728
 0.001383143323180638
 5.753227568116998e-05
 2.515469436841519e-05
 5.048973909553321e-07
 0.00100605278349358
 0.00180953742276962
 0.0002144298018171951
 0.05446040562027898
 0.000113178978586282
 0.01300852128787728
 0.01717606926912649
 0.0001285065888713291
 2.515469436841519e-05
 1.138655398451248e-05
 0.00100605278349358
 0.01938683406013197
 0.008258877954154375
 0.05446040562027898
 0.0002531996162292175
 0.01300852128787728
 0.01717606926912649
 0.0001285065888713291
 2.515469436841519e-05
 0.000245455836558562
 0.00100605278349358
 0.04292826132115619
 0.008258877954154375
 0.05446040562027898
 0.0002531996162292175
 0.01300852128787728
 0.02572599750036818
 0.0001285065888713291
 0.001577870956096689
 0.000245455836558562
 0.00100605278349358
 0.04292826132115619
 0.008258877954154375
 0.05446040562027898
 0.0007887911971483199
 0.01300852128787728
 0.02572599750036818
 0.0001285065888713291
 0.001577870956096689
 0.000245455836558562
 0.00100605278349358
 0.04292826132115619
 0.008258877954154375
 0
 0.001111053442842455
 0
 0.02572599750036818
 0.0004081624399987989
 0.02107905901778123
 0.007546783261352069
 0.00100605278349358
 0.04292826132115619
 0.01472730372658075
 0
 0.00599249599285483
 0
 0.02572599750036818
 0.008111889517541389
 0.03324602303283383
 0.007546783261352069
 0.005840699906729649
 0.04292826132115619
 0.01472730372658075
 0
 0.00599249599285483
 0
 0.02572599750036818
 0.008111889517541389
 0.03324602303283383
 0.007546783261352069
 0.005840699906729649
 0.04292826132115619
 0.01472730372658075
 0
 0.00599249599285483
 0
 0.02572599750036818
 0.02140131986338095
 0.03324602303283383
 0.03515861404777874
 0.01053725849049731
 0.04292826132115619
 0.01472730372658075
 0
 0.03324602303283383
 0
 0.02572599750036818
 0.03324602303283383
 0.03324602303283383
 0.03515861404777874
 0.01053725849049731
 0
 0.01472730372658075
 0
 0.03324602303283383
 0
 0
 0.03324602303283383
 0.03324602303283383
 0.03515861404777874
 0.01053725849049731
 0
 0.02140131986338095
 0
 0.03324602303283383
 0
 0
 0.02140131986338095
 0.03324602303283383
 0.03515861404777874
 0.02266181653205177
 0
 0.01472730372658075
 0
 0.03324602303283383
 0
 0
 0.02140131986338095
 0.05446040562027898
 0.03515861404777874
 0.02266181653205177
 0
 0.02140131986338095
 0
 0.03324602303283383
 0
 0
 0.02140131986338095
 0.03324602303283383
 0.03515861404777874
 0.02266181653205177
 0
 0.01472730372658075
 0
 0.03324602303283383
 0
 0
 0.02140131986338095
 0.03324602303283383
 0.03515861404777874
 0.02266181653205177
 0
 0.01472730372658075
 0
 0.03324602303283383
 0
 0
 0.02140131986338095
 0.03324602303283383
 0
 0.02266181653205177
 0
 0.01472730372658075
 0
 0
 0
 0
 0
 0.03324602303283383
 0
 0.02315052546584558
 0
 0.05446040562027898
 0
 0
 0
 0
 0
 0.03324602303283383
 0
 0.02330203917145842
 0
 0.02140131986338095
 0
 0
 0
 0
 0
 0.03324602303283383
 0
 0.02330203917145842
 0
 0.02140131986338095
 0
 0
 0
 0
 0
 0
 0
 0.03324602303283383
 0
 0.02140131986338095
 0
 0
 0
 0
 0
 0
 0
 0.03324602303283383
 0
 0.02140131986338095
 0
 0
 0
 0
 0
 0
 0
 0.03324602303283383
 0
 0.02140131986338095
 0
 0
 0
 0
 0
 0
 0
 0.03324602303283383
 0
 0.02140131986338095
 0
 0
 0
 0
 0
 0
 0
 0.03324602303283383
 0
 0
 0
 0
 0
 0
 0
 0
 0
 0.03324602303283383
 0
