# Created by Octave 3.2.4, Tue Feb 05 21:31:30 2013 EST <rbom@zaphod>
# name: small_First_Fit
# type: matrix
# ndims: 3
 1 10 30
 1.053865827389942e-18
 6.771105547252815e-18
 4.784771398700903e-18
 7.560847017853343e-14
 7.670026368254002e-19
 9.211373022479996e-17
 7.357842796039784e-10
 9.217358396785223e-15
 5.144683193561422e-15
 2.083983798956646e-17
 2.593379483014967e-14
 4.736149772864623e-10
 1.435460081912067e-11
 1.262061188808517e-11
 4.89331468309402e-14
 1.564036287599755e-14
 3.885551964626968e-06
 6.305848245487373e-13
 5.288687787395745e-11
 7.825629877957609e-12
 1.111811252119464e-11
 1.045188800753383e-06
 1.435460081912067e-11
 9.427051502895897e-09
 2.119767374757485e-11
 5.070878752284423e-11
 0.0001149555792535204
 3.25591700831479e-10
 1.020016176831732e-08
 6.799154786068949e-10
 3.575114351425864e-07
 1.045188800753383e-06
 1.435460081912067e-11
 6.111436219528806e-07
 3.205809360029014e-09
 5.070878752284423e-11
 0.000574624515825445
 9.697254783261287e-10
 1.060053377821334e-08
 6.799154786068949e-10
 3.575114351425864e-07
 7.833340274641095e-05
 4.429724764310563e-11
 0.000419474773870449
 4.649040955323987e-07
 1.434463679674309e-08
 0.000574624515825445
 1.816735029660793e-06
 1.040531690276242e-06
 7.730972935348652e-08
 3.616955330898541e-05
 7.833340274641095e-05
 7.642774126934394e-09
 0.0005279746680959945
 3.773829501478898e-05
 2.372264359173569e-08
 0.004689008466111953
 1.816735029660793e-06
 3.105351210413353e-05
 7.730972935348652e-08
 0.004598569844568886
 0.005344113535211905
 3.632362204568085e-06
 0.0005279746680959945
 3.773829501478898e-05
 1.348013637873066e-06
 0.005344113535211905
 3.105351210413353e-05
 3.105351210413353e-05
 8.519156409473995e-07
 0.004598569844568886
 0.005344113535211905
 0.0001955802666901529
 0.000419474773870449
 0.0008210663094819637
 9.190625782428945e-05
 0.005344113535211905
 0.004689008466111953
 3.105351210413353e-05
 8.519156409473995e-07
 0.005344113535211905
 0.005344113535211905
 0.004598569844568886
 0.00909761435503921
 0.0008210663094819637
 0.005344113535211905
 0.005344113535211905
 0.004689008466111953
 3.105351210413353e-05
 8.633067297697908e-06
 0.004598569844568886
 0.005344113535211905
 0.004598569844568886
 0.00909761435503921
 0.0008210663094819637
 0.005344113535211905
 0.005344113535211905
 0.005344113535211905
 7.809168134919707e-05
 0.005344113535211905
 0.004598569844568886
 0.005344113535211905
 0.004598569844568886
 0.00909761435503921
 0.0008210663094819637
 0.005344113535211905
 0.005344113535211905
 0.004689008466111953
 0.0001795717893868796
 0.005344113535211905
 0.005344113535211905
 0.005344113535211905
 0.004598569844568886
 0.00909761435503921
 0.0008210663094819637
 0.005344113535211905
 0.005344113535211905
 0.004689008466111953
 0.0001795717893868796
 0.005344113535211905
 0.004598569844568886
 0.005344113535211905
 0.004598569844568886
 0.00909761435503921
 0.0008210663094819637
 0.005344113535211905
 0.005344113535211905
 0.004689008466111953
 0.0001795717893868796
 0.005344113535211905
 0.004598569844568886
 0
 0.005344113535211905
 0.00909761435503921
 0.0008210663094819637
 0.005344113535211905
 0
 0.00909761435503921
 0.0001795717893868796
 0.005344113535211905
 0.004598569844568886
 0
 0.005344113535211905
 0.00909761435503921
 0
 0.005344113535211905
 0
 0.004689008466111953
 0.0001795717893868796
 0.005344113535211905
 0.004598569844568886
 0
 0.005344113535211905
 0
 0
 0
 0
 0.004689008466111953
 0.0001795717893868796
 0.005344113535211905
 0.004598569844568886
 0
 0.004598569844568886
 0
 0
 0
 0
 0.00909761435503921
 0.0001795717893868796
 0
 0.004598569844568886
 0
 0.004598569844568886
 0
 0
 0
 0
 0.00909761435503921
 0
 0
 0
 0
 0.004598569844568886
 0
 0
 0
 0
 0.00909761435503921
 0
 0
 0
 0
 0.004598569844568886
 0
 0
 0
 0
 0.00909761435503921
 0
 0
 0
 0
 0
 0
 0
 0
 0
 0.00909761435503921
 0
 0
 0
 0
 0
 0
 0
 0
 0
 0.00909761435503921
 0
 0
 0
 0
 0
 0
 0
 0
 0
 0.00909761435503921
 0
 0
 0
 0
 0
 0
 0
 0
 0
 0
 0
 0
 0
 0
 0
 0
 0
 0
 0
 0
 0
 0
 0
 0
 0
 0
 0
 0
 0
 0
 0
 0
 0
 0
 0
 0
 0
 0
 0
 0
 0
 0
 0
 0
 0
 0
 0
 0
 0
 0
 0
 0
 0
 0
 0
 0
 0
 0
 0
 0
 0
 0
 0
 0
 0
 0
 0
 0
 0
 0
 0
 0
