# Created by Octave 3.2.4, Wed Feb 06 16:24:11 2013 EST <rbom@zaphod>
# name: small_First_Fit
# type: matrix
# ndims: 3
 1 10 30
 7.050451861179412e-11
 1.719320571389736e-11
 1.452238184821943e-13
 9.541446221186318e-08
 8.582087362791248e-10
 1.872082004633726e-13
 1.33994222235594e-12
 2.74476010308129e-11
 1.696546612764992e-10
 2.222535724874419e-11
 7.202742197551873e-07
 1.015127661115872e-09
 2.810177311734935e-10
 9.541446221186318e-08
 1.111491523038147e-08
 7.884719389926914e-10
 5.239192948295568e-11
 1.021473063892141e-08
 4.322783673240627e-10
 4.841469922956276e-09
 4.01005041615064e-05
 4.475118327540227e-09
 3.012572653283553e-07
 9.541446221186318e-08
 1.147629721214949e-07
 4.673848304480296e-08
 3.383104456030226e-09
 6.314222153467788e-06
 5.310812024225193e-10
 3.945730238082178e-08
 0.0001336698007339448
 6.334752785531166e-07
 1.724158045171687e-05
 5.193380532444962e-06
 9.220230856256666e-07
 1.896985155985539e-06
 8.194628423914342e-05
 6.314222153467788e-06
 5.310812024225193e-10
 9.942491546674592e-07
 0.0009867790890205716
 1.864148433946079e-05
 4.794126256291112e-05
 5.193380532444962e-06
 5.044020509792553e-05
 4.579366522690409e-06
 0.0001030312250322099
 3.288128855419807e-05
 4.040283330272382e-08
 4.203346104584713e-06
 0.0009867790890205716
 1.864148433946079e-05
 8.197489447881362e-05
 0.0001036315009950818
 0.0001160690442565281
 0.002895714546236158
 0.0001030312250322099
 3.288128855419807e-05
 4.040283330272382e-08
 5.760716396108855e-05
 0.002018262982989006
 7.099457529301457e-05
 8.197489447881362e-05
 0.0001036315009950818
 0.0001160690442565281
 0.002895714546236158
 8.194628423914342e-05
 0.0004463153694284849
 2.460188561678915e-07
 0.0001633710078267411
 0.002018262982989006
 8.161150610129002e-05
 8.197489447881362e-05
 0.0001036315009950818
 0.004247097485337819
 0.002895714546236158
 8.194628423914342e-05
 0.00212139724426863
 2.460188561678915e-07
 0.000309350056109303
 0.002956093964442334
 8.161150610129002e-05
 0.003444039542429902
 0.001700683438397664
 0.004247097485337819
 0.002895714546236158
 8.194628423914342e-05
 0.00212139724426863
 2.460188561678915e-07
 0.001120000811682175
 0.002956093964442334
 7.099457529301457e-05
 0.003444039542429902
 0.001700683438397664
 0.004247097485337819
 0.004019723918022353
 0.005690911373728276
 0.008076187320334369
 0.0004463153694284849
 0.003032342835301028
 0.004763085452817801
 7.099457529301457e-05
 0.003444039542429902
 0.01394216376089054
 0.004247097485337819
 0.004019723918022353
 0.005878911738913193
 0.008076187320334369
 0.0004463153694284849
 0.008076187320334369
 0.004763085452817801
 7.099457529301457e-05
 0.003444039542429902
 0.01394216376089054
 0.004763085452817801
 0.004019723918022353
 0.005690911373728276
 0.01011377496748594
 0.003122690979382607
 0.008076187320334369
 0.01394216376089054
 7.099457529301457e-05
 0.003444039542429902
 0.01394216376089054
 0.004247097485337819
 0.004019723918022353
 0.006352042586100673
 0.01011377496748594
 0.003122690979382607
 0.008076187320334369
 0.01394216376089054
 7.099457529301457e-05
 0.003444039542429902
 0.01394216376089054
 0.004247097485337819
 0.004019723918022353
 0.005690911373728276
 0.01011377496748594
 0.003122690979382607
 0.008076187320334369
 0.01394216376089054
 0
 0.008076187320334369
 0.01394216376089054
 0.004247097485337819
 0.005690911373728276
 0.005690911373728276
 0.01011377496748594
 0.003122690979382607
 0.008076187320334369
 0.01394216376089054
 0
 0.008076187320334369
 0.01394216376089054
 0.004247097485337819
 0.006352042586100673
 0.005690911373728276
 0.01011377496748594
 0.01011377496748594
 0.008076187320334369
 0.01394216376089054
 0
 0.008076187320334369
 0.01394216376089054
 0.004247097485337819
 0.004019723918022353
 0.006352042586100673
 0.01011377496748594
 0.01011377496748594
 0.008076187320334369
 0.01394216376089054
 0
 0.008076187320334369
 0
 0.004247097485337819
 0.005690911373728276
 0.005690911373728276
 0.01011377496748594
 0.01011377496748594
 0
 0.01394216376089054
 0
 0.008076187320334369
 0
 0
 0.005690911373728276
 0.005690911373728276
 0
 0.01011377496748594
 0
 0
 0
 0.008076187320334369
 0
 0
 0.004019723918022353
 0.006352042586100673
 0
 0.01011377496748594
 0
 0
 0
 0.008076187320334369
 0
 0
 0.005690911373728276
 0.005878911738913193
 0
 0.01011377496748594
 0
 0
 0
 0
 0
 0
 0.004019723918022353
 0.005878911738913193
 0
 0.01011377496748594
 0
 0
 0
 0
 0
 0
 0.004019723918022353
 0.006352042586100673
 0
 0
 0
 0
 0
 0
 0
 0
 0.004019723918022353
 0.006352042586100673
 0
 0
 0
 0
 0
 0
 0
 0
 0.005690911373728276
 0.006352042586100673
 0
 0
 0
 0
 0
 0
 0
 0
 0.005690911373728276
 0.006352042586100673
 0
 0
 0
 0
 0
 0
 0
 0
 0.005690911373728276
 0.006352042586100673
 0
 0
 0
 0
 0
 0
 0
 0
 0.004514148950554958
 0.006352042586100673
 0
 0
 0
 0
 0
 0
 0
 0
 0.004019723918022353
 0.006352042586100673
 0
 0
 0
 0
 0
 0
 0
 0
 0.004019723918022353
 0
 0
 0
 0
