# Created by Octave 3.2.4, Wed Feb 06 09:26:47 2013 EST <rbom@zaphod>
# name: small_First_Fit
# type: matrix
# ndims: 3
 1 10 30
 4.876948243335815e-11
 1.164501128824312e-08
 1.429263400747809e-10
 1.331027905335452e-09
 6.598791957765261e-12
 1.574755615943638e-12
 1.72914637918996e-15
 1.826629696099525e-10
 1.756587563353861e-10
 6.642794720303752e-12
 2.481017286728823e-08
 8.595882118011655e-07
 8.817812317812297e-10
 6.46570898621317e-09
 3.25560049539935e-10
 1.577554390282415e-05
 6.637692235708086e-13
 1.826629696099525e-10
 6.557755610925105e-08
 3.161143780263486e-10
 2.481017286728823e-08
 1.194690328947888e-05
 8.817812317812297e-10
 6.46570898621317e-09
 2.416748431964659e-09
 1.577554390282415e-05
 1.12280957780449e-10
 2.123945842581958e-06
 5.357374008836378e-05
 3.161143780263486e-10
 8.77184416763781e-06
 1.194690328947888e-05
 1.765781101635337e-09
 1.949474611919037e-07
 1.536640864550613e-08
 0.0003486950531580016
 6.852370043314184e-10
 2.123945842581958e-06
 5.357374008836378e-05
 3.008947060937622e-07
 5.057217816634836e-05
 6.993126658281957e-05
 7.175300105937557e-07
 8.839047517425054e-07
 1.536640864550613e-08
 0.0003486950531580016
 8.815593933904913e-09
 0.0001425788803995009
 0.0001078909306283072
 9.628073052639323e-06
 5.057217816634836e-05
 0.0003986212092551786
 8.318857458243857e-06
 7.967066904286454e-06
 1.536640864550613e-08
 0.0003486950531580016
 2.656857163355362e-07
 0.000198868413426899
 0.003823590982824229
 1.357478412417884e-05
 5.057217816634836e-05
 0.00223793880796906
 8.318857458243857e-06
 2.96394026035105e-05
 1.358763818308689e-05
 0.0003486950531580016
 2.656857163355362e-07
 0.0003148978330089382
 0.003823590982824229
 2.822441293584439e-05
 5.057217816634836e-05
 0.00223793880796906
 8.318857458243857e-06
 0.0005779954938821062
 1.358763818308689e-05
 0.007676882640808411
 1.253126116077908e-05
 0.0003148978330089382
 0.003823590982824229
 2.822441293584439e-05
 0.00223793880796906
 0.03695709077495077
 3.411486555935026e-06
 0.0005779954938821062
 6.989270802216148e-05
 0.007676882640808411
 0.0004039630107662117
 0.0003148978330089382
 0.01558093531359945
 2.822441293584439e-05
 0.00223793880796906
 0.03695709077495077
 0.0001523958953601278
 0.0005779954938821062
 0.0004039630107662117
 0.007676882640808411
 0.0004039630107662117
 0.0003148978330089382
 0.01558093531359945
 2.822441293584439e-05
 0.00223793880796906
 0.03695709077495077
 0.0001523958953601278
 0.0005779954938821062
 0.0004039630107662117
 0.007676882640808411
 0.0004039630107662117
 0.02279195209471193
 0.01558093531359945
 0.001203991508602239
 0.00223793880796906
 0.03695709077495077
 0.0009048961724881709
 0.0005779954938821062
 0.003857450188769546
 0.007676882640808411
 0.0004039630107662117
 0.02279195209471193
 0.01558093531359945
 0.001203991508602239
 0.00223793880796906
 0.03695709077495077
 0.0009048961724881709
 0.0005779954938821062
 0.004500597097605892
 0.007676882640808411
 0.002022197469226807
 0.02279195209471193
 0.01558093531359945
 0.00201620414155887
 0.00223793880796906
 0.03695709077495077
 0.0009048961724881709
 0.0005779954938821062
 0.008380818400328725
 0.007676882640808411
 0.003857450188769546
 0.02279195209471193
 0.01558093531359945
 0.001203991508602239
 0.00223793880796906
 0.03695709077495077
 0.0009048961724881709
 0
 0.008380818400328725
 0
 0.003857450188769546
 0.02279195209471193
 0.01558093531359945
 0.001203991508602239
 0
 0
 0.0009048961724881709
 0
 0.008380818400328725
 0
 0.008380818400328725
 0.02279195209471193
 0
 0.001203991508602239
 0
 0
 0.0009048961724881709
 0
 0.008380818400328725
 0
 0.008380818400328725
 0.03695709077495077
 0
 0.001203991508602239
 0
 0
 0.0009048961724881709
 0
 0.01411687031093762
 0
 0.02279195209471193
 0.03695709077495077
 0
 0.001203991508602239
 0
 0
 0
 0
 0.004500597097605892
 0
 0.02279195209471193
 0.02279195209471193
 0
 0.001203991508602239
 0
 0
 0
 0
 0.01411687031093762
 0
 0.01558093531359945
 0.02279195209471193
 0
 0
 0
 0
 0
 0
 0.02279195209471193
 0
 0.01558093531359945
 0.03695709077495077
 0
 0
 0
 0
 0
 0
 0.02279195209471193
 0
 0.01558093531359945
 0.03695709077495077
 0
 0
 0
 0
 0
 0
 0.02279195209471193
 0
 0.01558093531359945
 0.03695709077495077
 0
 0
 0
 0
 0
 0
 0.02279195209471193
 0
 0.01558093531359945
 0.03695709077495077
 0
 0
 0
 0
 0
 0
 0.02279195209471193
 0
 0
 0.03695709077495077
 0
 0
 0
 0
 0
 0
 0.02279195209471193
 0
 0
 0.03695709077495077
 0
 0
 0
 0
 0
 0
 0.02279195209471193
 0
 0
 0.03695709077495077
 0
 0
 0
 0
 0
 0
 0
 0
 0
 0
 0
 0
 0
 0
 0
 0
 0
 0
 0
 0
 0
 0
 0
 0
 0
 0
 0
 0
 0
 0
 0
 0
