# Created by Octave 3.2.4, Wed Feb 06 22:24:25 2013 EST <rbom@zaphod>
# name: small_First_Fit
# type: matrix
# ndims: 3
 1 10 30
 1.840486068913295e-17
 4.321101270219809e-15
 5.126067698292057e-18
 2.240396220212732e-15
 1.563524686058949e-19
 5.835852125793003e-20
 2.552709774062716e-15
 1.594666048612248e-22
 1.305773636823542e-22
 8.664996082965686e-18
 1.840486068913295e-17
 1.177094253578643e-12
 3.470458175891138e-15
 1.027910091454737e-11
 2.48815940986316e-15
 8.905672544334318e-17
 6.367964882586024e-13
 1.686630535914454e-20
 1.994877235960982e-19
 1.283263384184625e-14
 5.275464118965993e-14
 3.373949571186828e-09
 8.432039211370988e-13
 1.569063821814966e-08
 3.783393994775978e-12
 6.01754201879627e-14
 4.202755282347298e-09
 1.444979127539145e-18
 1.392772893747439e-14
 2.090339697358502e-12
 7.191938240376148e-13
 8.011835623289921e-07
 2.845216894047081e-10
 5.578409542419915e-05
 3.783393994775978e-12
 7.327899190838336e-12
 4.972153621586304e-06
 1.444979127539145e-18
 9.056480563567516e-12
 1.073599142466413e-08
 7.191938240376148e-13
 8.47385772876405e-05
 7.909738402227229e-06
 7.601792874525118e-05
 5.19521947565861e-11
 1.056633687110635e-09
 0.002935497982776976
 5.498794590411836e-14
 9.578762597369649e-10
 2.687441244534644e-07
 1.448061280359253e-10
 8.47385772876405e-05
 0.002000990995276554
 0.002000990995276554
 3.973634111581537e-08
 4.854058225827214e-09
 0.002935497982776976
 9.049035524328889e-10
 1.168524103893684e-09
 2.687441244534644e-07
 1.448061280359253e-10
 0.01166581148729127
 0.002000990995276554
 0.01166581148729127
 3.973634111581537e-08
 3.156460662871209e-07
 0.002935497982776976
 1.996047243929902e-07
 1.235912209722761e-07
 9.939656278319711e-06
 1.448061280359253e-10
 0.01166581148729127
 0.002000990995276554
 0.01166581148729127
 3.973634111581537e-08
 3.338441082877245e-05
 0.002935497982776976
 1.996047243929902e-07
 2.139379520413128e-06
 9.939656278319711e-06
 1.448061280359253e-10
 0.01166581148729127
 0.002000990995276554
 0.01166581148729127
 3.973634111581537e-08
 3.338441082877245e-05
 0.004879934789075278
 1.996047243929902e-07
 1.235912209722761e-07
 9.939656278319711e-06
 1.448061280359253e-10
 0.01166581148729127
 0.002000990995276554
 0.01166581148729127
 0.0001306960969852986
 3.338441082877245e-05
 0.004879934789075278
 1.996047243929902e-07
 1.235912209722761e-07
 9.939656278319711e-06
 1.947979164435058e-09
 0.01166581148729127
 0.01166581148729127
 0.01166581148729127
 0.0001306960969852986
 0.01166581148729127
 0.004879934789075278
 1.996047243929902e-07
 2.139379520413128e-06
 0.0070365596254521
 4.762776172117926e-07
 0.01166581148729127
 0.01166581148729127
 0.01166581148729127
 0.0001306960969852986
 0.01166581148729127
 0.004879934789075278
 4.060251009615189e-06
 2.139379520413128e-06
 0.0070365596254521
 4.762776172117926e-07
 0.01166581148729127
 0.01166581148729127
 0.01166581148729127
 0.0001306960969852986
 0.01166581148729127
 0.004879934789075278
 0.0006565158458157235
 2.139379520413128e-06
 0.0070365596254521
 4.762776172117926e-07
 0
 0.01166581148729127
 0
 0.0001306960969852986
 0.01166581148729127
 0.004879934789075278
 0.01335444638394146
 2.139379520413128e-06
 0.0070365596254521
 4.762776172117926e-07
 0
 0.01166581148729127
 0
 0.0001306960969852986
 0.01166581148729127
 0.004879934789075278
 0.01335444638394146
 0.0070365596254521
 0.0070365596254521
 4.762776172117926e-07
 0
 0.01166581148729127
 0
 0.0001306960969852986
 0.01166581148729127
 0
 0.01335444638394146
 0.0070365596254521
 0.0070365596254521
 4.762776172117926e-07
 0
 0.01166581148729127
 0
 0
 0.01166581148729127
 0
 0.01335444638394146
 0.0070365596254521
 0.0070365596254521
 4.762776172117926e-07
 0
 0
 0
 0
 0
 0
 0.01335444638394146
 0.0070365596254521
 0
 0
 0
 0
 0
 0
 0
 0
 0.01335444638394146
 0.0070365596254521
 0
 0
 0
 0
 0
 0
 0
 0
 0.01335444638394146
 0.0070365596254521
 0
 0
 0
 0
 0
 0
 0
 0
 0
 0.0070365596254521
 0
 0
 0
 0
 0
 0
 0
 0
 0
 0
 0
 0
 0
 0
 0
 0
 0
 0
 0
 0
 0
 0
 0
 0
 0
 0
 0
 0
 0
 0
 0
 0
 0
 0
 0
 0
 0
 0
 0
 0
 0
 0
 0
 0
 0
 0
 0
 0
 0
 0
 0
 0
 0
 0
 0
 0
 0
 0
 0
 0
 0
 0
 0
 0
 0
 0
 0
 0
 0
 0
 0
 0
 0
 0
 0
 0
 0
 0
 0
 0
 0
 0
 0
 0
 0
 0
 0
 0
 0
 0
 0
