# Created by Octave 3.2.4, Wed Feb 06 17:32:19 2013 EST <rbom@zaphod>
# name: small_First_Fit
# type: matrix
# ndims: 3
 1 10 30
 1.241777076535407e-14
 4.780712350416132e-13
 1.45137534603916e-15
 2.568670266560043e-08
 6.597790809785329e-10
 2.135500346133409e-15
 9.719799519718304e-15
 2.376855195637668e-16
 7.855299872532412e-13
 3.897386260875932e-13
 2.06763879956667e-12
 4.780712350416132e-13
 1.622621925620766e-10
 2.568670266560043e-08
 6.597790809785329e-10
 4.833727064408477e-10
 2.523895779817736e-12
 2.661730387623712e-07
 7.855299872532412e-13
 3.400866889654876e-08
 2.852942865976941e-10
 7.525051670224058e-11
 3.574846334632675e-07
 3.114492796155234e-06
 2.911269205320112e-08
 1.953089548886461e-08
 1.256133142203007e-11
 2.661730387623712e-07
 7.855299872532412e-13
 8.812119678442469e-06
 3.052029293590872e-08
 2.539006745010608e-07
 8.044995497428595e-06
 8.701332167715409e-06
 1.116374188702696e-06
 1.953089548886461e-08
 7.271131076194447e-10
 2.8424827130095e-06
 6.974924100624795e-11
 8.812119678442469e-06
 7.170092034523022e-07
 5.456294837568126e-05
 8.044995497428595e-06
 8.701332167715409e-06
 1.116374188702696e-06
 4.025199532717872e-06
 3.364106278276634e-08
 4.583183256183054e-06
 4.312704782008808e-09
 8.812119678442469e-06
 7.170092034523022e-07
 5.456294837568126e-05
 8.044995497428595e-06
 3.114492796155234e-06
 0.0001549667846862207
 4.025199532717872e-06
 3.505074013060385e-07
 2.8424827130095e-06
 2.001371271055496e-07
 8.812119678442469e-06
 7.170092034523022e-07
 9.471837113542928e-05
 8.044995497428595e-06
 0.0001464552566966971
 0.0001549667846862207
 0.0001441875184792438
 2.358153858331191e-06
 4.856193095894302e-05
 2.001371271055496e-07
 8.812119678442469e-06
 7.170092034523022e-07
 9.471837113542928e-05
 0.0003546974500946966
 0.0001464552566966971
 0.0001549667846862207
 0.0001441875184792438
 6.026502390396494e-06
 0.0002207879356102635
 2.001371271055496e-07
 0.0005199303380575076
 9.723521069908284e-06
 0.008485290048684924
 0.0003546974500946966
 0.01126581239180711
 0.0006427431721926146
 0.0001441875184792438
 2.437741642838626e-05
 0.003657832840477146
 2.001371271055496e-07
 0.0005199303380575076
 2.308985406297442e-05
 0.008485290048684924
 0.0007487923944073935
 0.01126581239180711
 0.0006427431721926146
 0.0001441875184792438
 5.865956062386337e-05
 0.01126581239180711
 2.001371271055496e-07
 0.0005199303380575076
 0.0001495521022822032
 0.008485290048684924
 0.001559604892849745
 0.01126581239180711
 0.009025614710831893
 0.0001441875184792438
 0.0002207879356102635
 0.01126581239180711
 7.582324517099103e-07
 0.0005199303380575076
 0.0001715785481837861
 0.008485290048684924
 0.0007487923944073935
 0.01126581239180711
 0.009025614710831893
 0.0001441875184792438
 0.0002207879356102635
 0.01126581239180711
 7.582324517099103e-07
 0.0005199303380575076
 0.0001495521022822032
 0.008485290048684924
 0.001559604892849745
 0.01126581239180711
 0.009025614710831893
 0.0001441875184792438
 0.0006014480251745943
 0.01126581239180711
 7.582324517099103e-07
 0.0005199303380575076
 0.0001495521022822032
 0.008485290048684924
 0.001559604892849745
 0.01126581239180711
 0.01126581239180711
 0
 0.0007107745437943129
 0.01126581239180711
 7.582324517099103e-07
 0.0005199303380575076
 0.0001495521022822032
 0.009025614710831893
 0.001559604892849745
 0.01126581239180711
 0.009025614710831893
 0
 0.0007107745437943129
 0.01126581239180711
 0.001448081165993561
 0
 0.0001495521022822032
 0.009025614710831893
 0.001559604892849745
 0
 0.009025614710831893
 0
 0.0007107745437943129
 0.01126581239180711
 0.001448081165993561
 0
 0.0001495521022822032
 0.009025614710831893
 0.001559604892849745
 0
 0.009025614710831893
 0
 0.001011497486578932
 0
 0.001448081165993561
 0
 0.0001495521022822032
 0.009025614710831893
 0.001559604892849745
 0
 0.009025614710831893
 0
 0.001011497486578932
 0
 0.001448081165993561
 0
 0
 0.009025614710831893
 0.001559604892849745
 0
 0.009025614710831893
 0
 0.001011497486578932
 0
 0.001448081165993561
 0
 0
 0.009025614710831893
 0
 0
 0.009025614710831893
 0
 0.001011497486578932
 0
 0.001448081165993561
 0
 0
 0.009025614710831893
 0
 0
 0
 0
 0.001011497486578932
 0
 0.001448081165993561
 0
 0
 0
 0
 0
 0
 0
 0.001011497486578932
 0
 0
 0
 0
 0
 0
 0
 0
 0
 0.001011497486578932
 0
 0
 0
 0
 0
 0
 0
 0
 0
 0
 0
 0
 0
 0
 0
 0
 0
 0
 0
 0
 0
 0
 0
 0
 0
 0
 0
 0
 0
 0
 0
 0
 0
 0
 0
 0
 0
 0
 0
 0
 0
 0
 0
 0
 0
 0
 0
 0
 0
 0
 0
 0
 0
 0
 0
 0
 0
 0
 0
 0
 0
 0
 0
 0
 0
 0
 0
 0
 0
 0
 0
 0
 0
