# Created by Octave 3.2.4, Wed Feb 06 23:40:21 2013 EST <rbom@zaphod>
# name: small_First_Fit
# type: matrix
# ndims: 3
 1 10 30
 7.773079110927316e-16
 1.17633955658028e-18
 7.173482920327816e-18
 7.588980335980672e-18
 2.922934632769942e-15
 2.296528333352261e-17
 2.868657290825219e-21
 1.283307166358962e-18
 3.526434467302046e-19
 4.61578726462334e-14
 5.328703721071436e-11
 2.445644684563784e-11
 3.236281506925885e-14
 1.742020483099072e-13
 4.660210944198611e-13
 1.444035495104728e-12
 1.540721125846863e-17
 6.898499162952772e-15
 3.785086336401164e-15
 4.61578726462334e-14
 8.799998710335482e-09
 2.445644684563784e-11
 2.132724713170707e-08
 1.338170814589147e-09
 4.806968384669858e-11
 1.720745888109379e-10
 5.404332146061414e-14
 3.187029241413016e-13
 1.465924513472969e-11
 4.61578726462334e-14
 3.911077151704056e-07
 2.581125061620235e-09
 2.132724713170707e-08
 6.71382106010752e-08
 5.593027369829474e-09
 1.720745888109379e-10
 5.404332146061414e-14
 3.264805498673245e-11
 1.950463622719307e-09
 9.336452114870863e-13
 3.911077151704056e-07
 2.581125061620235e-09
 1.909004326738925e-06
 1.155936897364914e-07
 5.593027369829474e-09
 6.328129846442882e-09
 6.070263800746217e-12
 4.475290450959379e-10
 1.583813834851405e-06
 2.676081170884712e-09
 3.911077151704056e-07
 2.581125061620235e-09
 2.255972883280445e-05
 8.989448022106195e-06
 5.593027369829474e-09
 6.328129846442882e-09
 3.836511552511914e-10
 4.475290450959379e-10
 1.583813834851405e-06
 2.995940861806911e-06
 3.911077151704056e-07
 2.58256867258776e-07
 2.255972883280445e-05
 8.989448022106195e-06
 1.478235003627688e-07
 6.328129846442882e-09
 2.78559884270786e-08
 5.029681258241151e-08
 1.312456346149969e-05
 3.406087593255598e-05
 3.911077151704056e-07
 2.58256867258776e-07
 2.255972883280445e-05
 0.0004687051135908697
 5.915514733847731e-07
 1.025919312137636e-06
 2.78559884270786e-08
 5.029681258241151e-08
 1.312456346149969e-05
 3.594684411546885e-05
 3.911077151704056e-07
 0.0003643733267912583
 2.255972883280445e-05
 0.0004687051135908697
 1.563458460662239e-05
 0.002050569495497365
 2.78559884270786e-08
 3.027117367159632e-06
 9.820957096650054e-05
 3.406087593255598e-05
 3.911077151704056e-07
 0.0003643733267912583
 2.255972883280445e-05
 0.0004687051135908697
 1.563458460662239e-05
 0.002050569495497365
 2.676886715482069e-05
 0.0001329247455935886
 0.0001097648422375479
 3.594684411546885e-05
 0
 0.0003643733267912583
 2.255972883280445e-05
 0.0004687051135908697
 1.563458460662239e-05
 0.002050569495497365
 0.0008592710871686007
 0.0001329247455935886
 0.0001097648422375479
 3.594684411546885e-05
 0
 0.01518376035076745
 0.002632549697491012
 0.0004687051135908697
 1.563458460662239e-05
 0.002050569495497365
 0.0008592710871686007
 0.0001329247455935886
 0.0001097648422375479
 4.479438741317653e-05
 0
 0.01518376035076745
 0.002632549697491012
 0.0004687051135908697
 1.563458460662239e-05
 0.002050569495497365
 0.0008592710871686007
 0.0001329247455935886
 0.0004687051135908697
 4.479438741317653e-05
 0
 0.01518376035076745
 0.002632549697491012
 0.0004687051135908697
 1.563458460662239e-05
 0.002050569495497365
 0.0008592710871686007
 0.0001329247455935886
 0.0004687051135908697
 4.479438741317653e-05
 0
 0.01518376035076745
 0.002632549697491012
 0
 1.563458460662239e-05
 0.002050569495497365
 0.0008592710871686007
 0.0001329247455935886
 0.0004687051135908697
 4.479438741317653e-05
 0
 0.01518376035076745
 0.002632549697491012
 0
 0
 0
 0.0008592710871686007
 0.0001530349427949409
 9.820957096650054e-05
 4.479438741317653e-05
 0
 0.01518376035076745
 0.002632549697491012
 0
 0
 0
 0.0008592710871686007
 0.0001329247455935886
 9.820957096650054e-05
 4.479438741317653e-05
 0
 0.01518376035076745
 0.002632549697491012
 0
 0
 0
 0
 0.0001329247455935886
 9.820957096650054e-05
 4.479438741317653e-05
 0
 0
 0
 0
 0
 0
 0
 0.0001329247455935886
 0.0004687051135908697
 0
 0
 0
 0
 0
 0
 0
 0
 0.0001329247455935886
 0.0004687051135908697
 0
 0
 0
 0
 0
 0
 0
 0
 0.0001329247455935886
 0.0004687051135908697
 0
 0
 0
 0
 0
 0
 0
 0
 0.0001329247455935886
 0.0004687051135908697
 0
 0
 0
 0
 0
 0
 0
 0
 0
 0.0004687051135908697
 0
 0
 0
 0
 0
 0
 0
 0
 0
 0.0004687051135908697
 0
 0
 0
 0
 0
 0
 0
 0
 0
 0.0004687051135908697
 0
 0
 0
 0
 0
 0
 0
 0
 0
 0
 0
 0
 0
 0
 0
 0
 0
 0
 0
 0
 0
 0
 0
 0
 0
 0
 0
 0
 0
 0
 0
 0
 0
 0
 0
 0
 0
 0
 0
 0
 0
 0
 0
 0
 0
 0
 0
 0
 0
 0
 0
