# Created by Octave 3.2.4, Thu Feb 07 05:49:46 2013 EST <rbom@zaphod>
# name: small_First_Fit
# type: matrix
# ndims: 3
 1 10 30
 6.564944714985693e-12
 2.19875720488682e-12
 3.832898692462907e-13
 3.81549043102514e-12
 8.58662662736013e-13
 2.665898962180211e-10
 1.805651634795459e-09
 1.880787551056273e-10
 7.147857941083756e-12
 1.255259626344081e-12
 7.91227445957665e-08
 2.722661986146579e-11
 1.511096530018255e-09
 4.658679244949655e-08
 1.648167711835179e-11
 2.719932337536466e-07
 8.146462250892112e-07
 5.487524411259834e-08
 2.844286048470303e-08
 3.385709577429189e-09
 8.194766365098399e-06
 6.604797343413055e-10
 4.584483493585987e-08
 4.302551789175874e-05
 3.03503896468256e-07
 9.227640969454582e-06
 8.146462250892112e-07
 7.621646880548844e-06
 2.94595869144191e-06
 3.385709577429189e-09
 8.194766365098399e-06
 2.203796557361732e-08
 7.406490963134168e-07
 0.0001655374025881974
 9.254138180995044e-06
 9.227640969454582e-06
 8.146462250892112e-07
 1.018648173137741e-05
 2.94595869144191e-06
 3.385709577429189e-09
 8.194766365098399e-06
 1.704254143699998e-06
 2.521323000743773e-05
 0.001843966923779771
 9.016601656277909e-05
 0.0006731988418255084
 8.950935884942002e-06
 0.0002089804552978981
 2.428412094698462e-05
 2.579067301370125e-08
 0.000256296759821328
 3.699363370896318e-05
 0.001569311870421639
 0.001843966923779771
 0.0002592999594049912
 0.0006731988418255084
 0.0002228266440983913
 0.0002089804552978981
 2.428412094698462e-05
 2.93466395113049e-07
 0.000256296759821328
 6.86506161510158e-05
 0.01186891566841246
 0.00673608876504237
 0.008288495766908772
 0.01837414269433142
 0.001671658290260688
 0.007698146130867184
 0.0001264577371233222
 2.223375720008374e-06
 0.00123338699793089
 6.86506161510158e-05
 0.01186891566841246
 0.00673608876504237
 0.008288495766908772
 0.01837414269433142
 0.001671658290260688
 0.007698146130867184
 0.0002684709093242577
 9.479093696284633e-05
 0.000256296759821328
 0.002009698376999351
 0.01186891566841246
 0.00673608876504237
 0.01358347126789163
 0.01837414269433142
 0.001723365189206059
 0.02054918731727735
 0.0002684709093242577
 0.0001267420215924515
 0.009957254338637062
 0.002009698376999351
 0.0274607353378634
 0.00673608876504237
 0.01607878965569773
 0.01837414269433142
 0.001671658290260688
 0.02054918731727735
 0.001039378453961875
 0.0004706630627300851
 0.009957254338637062
 0.002009698376999351
 0.0274607353378634
 0.00673608876504237
 0.01358347126789163
 0.01837414269433142
 0.001671658290260688
 0.02054918731727735
 0.001039378453961875
 0.0004706630627300851
 0.01607878965569773
 0.002009698376999351
 0.0274607353378634
 0.00673608876504237
 0.01837414269433142
 0.01837414269433142
 0.001671658290260688
 0.02054918731727735
 0.00203216010362812
 0.003752997268358692
 0.05268454475085094
 0.002009698376999351
 0.03027508832807732
 0.00673608876504237
 0.01837414269433142
 0.01837414269433142
 0.001671658290260688
 0.02054918731727735
 0.00203216010362812
 0.01358347126789163
 0.05268454475085094
 0.002009698376999351
 0.0274607353378634
 0
 0.01358347126789163
 0
 0.001671658290260688
 0.02054918731727735
 0.00203216010362812
 0.01358347126789163
 0.05268454475085094
 0.002009698376999351
 0.0274607353378634
 0
 0.01607878965569773
 0
 0.001671658290260688
 0.02054918731727735
 0.003135351969294047
 0.02054918731727735
 0.05268454475085094
 0
 0.0274607353378634
 0
 0.01607878965569773
 0
 0
 0
 0.003135351969294047
 0.02102546746169858
 0.05268454475085094
 0
 0.0274607353378634
 0
 0.01837414269433142
 0
 0
 0
 0.003135351969294047
 0.02102546746169858
 0.05268454475085094
 0
 0.0274607353378634
 0
 0.01837414269433142
 0
 0
 0
 0.003135351969294047
 0.02102546746169858
 0.05268454475085094
 0
 0.0274607353378634
 0
 0.01837414269433142
 0
 0
 0
 0.01837414269433142
 0.02054918731727735
 0
 0
 0
 0
 0.01837414269433142
 0
 0
 0
 0.01837414269433142
 0.02054918731727735
 0
 0
 0
 0
 0.01837414269433142
 0
 0
 0
 0.01837414269433142
 0.02102546746169858
 0
 0
 0
 0
 0.01607878965569773
 0
 0
 0
 0.01837414269433142
 0.02102546746169858
 0
 0
 0
 0
 0.02054918731727735
 0
 0
 0
 0.01837414269433142
 0.02102546746169858
 0
 0
 0
 0
 0.01607878965569773
 0
 0
 0
 0.01837414269433142
 0.02102546746169858
 0
 0
 0
 0
 0.02054918731727735
 0
 0
 0
 0.01837414269433142
 0.02054918731727735
 0
 0
 0
 0
 0.02054918731727735
 0
 0
 0
 0
 0.02054918731727735
 0
 0
 0
 0
 0.01607878965569773
 0
 0
 0
 0
 0.02054918731727735
 0
 0
 0
 0
 0.01607878965569773
 0
 0
 0
 0
 0
 0
 0
 0
 0
 0.02054918731727735
 0
 0
 0
 0
 0
 0
 0
 0
 0
 0.01607878965569773
 0
 0
 0
 0
 0
