# Created by Octave 3.2.4, Mon Feb 04 10:53:31 2013 EST <rbom@zaphod>
# name: small_First_Fit
# type: matrix
# ndims: 3
 1 10 30
 1.5513207111669e-21
 7.152966911391462e-25
 8.077821218551508e-20
 2.462617937897393e-23
 1.121928640231802e-19
 6.818332519836542e-16
 1.428411897120073e-20
 1.154203067072024e-22
 2.512667385299816e-26
 2.067382495767788e-19
 2.651798297728303e-18
 2.276212431989544e-16
 1.34011708814689e-16
 3.368327837355187e-18
 5.35726982369986e-16
 2.259168775252445e-10
 9.809813815907057e-19
 5.185559992508563e-20
 3.262135265437688e-21
 6.40990712347387e-17
 3.501219388208736e-15
 7.155835504073203e-14
 1.34011708814689e-16
 1.633372017786329e-15
 5.35726982369986e-16
 2.259168775252445e-10
 9.809813815907057e-19
 1.15783017172038e-16
 4.863516026635477e-19
 1.456515126843076e-13
 3.120112885370899e-13
 4.617503332462199e-09
 6.14209836154094e-14
 1.185014981774946e-10
 5.35726982369986e-16
 2.259168775252445e-10
 9.809813815907057e-19
 1.15783017172038e-16
 1.787795111638681e-16
 5.028839520724625e-08
 1.302317258947401e-09
 4.45961478178001e-07
 4.218162693287248e-12
 1.185014981774946e-10
 1.219926472674729e-12
 2.733333414526776e-06
 9.809813815907057e-19
 1.424152738342094e-11
 1.890892294561497e-14
 5.028839520724625e-08
 2.80803397365789e-07
 4.45961478178001e-07
 4.218162693287248e-12
 1.185014981774946e-10
 7.322691637612054e-10
 5.697213786433849e-05
 1.567832179064864e-15
 1.424152738342094e-11
 4.445038522663956e-12
 1.962430232144197e-05
 2.80803397365789e-07
 4.45961478178001e-07
 4.218162693287248e-12
 7.653309872593002e-09
 7.744801708260595e-08
 5.697213786433849e-05
 1.721880850977534e-12
 1.424152738342094e-11
 6.818620307368324e-08
 1.962430232144197e-05
 2.80803397365789e-07
 4.45961478178001e-07
 1.992095419342807e-10
 7.653309872593002e-09
 7.744801708260595e-08
 5.697213786433849e-05
 4.942953229981188e-11
 1.424152738342094e-11
 6.818620307368324e-08
 1.962430232144197e-05
 7.824686510311707e-05
 4.45961478178001e-07
 1.992095419342807e-10
 3.349148339082598e-06
 5.318722514483489e-06
 5.697213786433849e-05
 2.99269448755101e-06
 1.000242363560326e-07
 7.211735616871259e-06
 1.962430232144197e-05
 7.824686510311707e-05
 4.45961478178001e-07
 1.992095419342807e-10
 3.349148339082598e-06
 5.318722514483489e-06
 5.697213786433849e-05
 2.99269448755101e-06
 1.057906197413839e-05
 7.211735616871259e-06
 0.002075539597799019
 7.824686510311707e-05
 4.45961478178001e-07
 1.992095419342807e-10
 3.349148339082598e-06
 0.002075539597799019
 5.697213786433849e-05
 0.002075539597799019
 1.057906197413839e-05
 0.00311680732379588
 0.002075539597799019
 7.824686510311707e-05
 4.45961478178001e-07
 1.992095419342807e-10
 0.0007265182896241274
 0.002075539597799019
 5.697213786433849e-05
 0.002075539597799019
 1.057906197413839e-05
 0.00311680732379588
 0.002075539597799019
 7.824686510311707e-05
 3.062618865732436e-05
 2.565385219170691e-05
 0.0007265182896241274
 0.002075539597799019
 5.697213786433849e-05
 0.002075539597799019
 1.057906197413839e-05
 0.00311680732379588
 0.002075539597799019
 7.824686510311707e-05
 3.062618865732436e-05
 2.565385219170691e-05
 0.0007265182896241274
 0.002075539597799019
 5.697213786433849e-05
 0.002075539597799019
 0.0007265182896241274
 0.00311680732379588
 0.002075539597799019
 7.824686510311707e-05
 3.062618865732436e-05
 2.565385219170691e-05
 0.0007265182896241274
 0.002075539597799019
 5.697213786433849e-05
 0.002075539597799019
 0.0007265182896241274
 0.00311680732379588
 0.002075539597799019
 7.824686510311707e-05
 3.062618865732436e-05
 2.565385219170691e-05
 0.0007265182896241274
 0.002075539597799019
 5.697213786433849e-05
 0.002075539597799019
 0.0007265182896241274
 0.00311680732379588
 0.002075539597799019
 7.824686510311707e-05
 3.062618865732436e-05
 2.565385219170691e-05
 0.0007265182896241274
 0.002075539597799019
 5.697213786433849e-05
 0.002075539597799019
 0.0007265182896241274
 0.00311680732379588
 0.002075539597799019
 7.824686510311707e-05
 3.062618865732436e-05
 2.565385219170691e-05
 0.0007265182896241274
 0.002075539597799019
 5.697213786433849e-05
 0.002075539597799019
 0.0007265182896241274
 0.00311680732379588
 0.002075539597799019
 7.824686510311707e-05
 3.062618865732436e-05
 2.565385219170691e-05
 0.0007265182896241274
 0.002075539597799019
 5.697213786433849e-05
 0.002075539597799019
 0.0007265182896241274
 0.00311680732379588
 0.002075539597799019
 7.824686510311707e-05
 3.062618865732436e-05
 2.565385219170691e-05
 0.0007265182896241274
 0.002075539597799019
 5.697213786433849e-05
 0.002075539597799019
 0.0007265182896241274
 0.00311680732379588
 0.002075539597799019
 7.824686510311707e-05
 3.062618865732436e-05
 2.565385219170691e-05
 0.0007265182896241274
 0.002075539597799019
 5.697213786433849e-05
 0.002075539597799019
 0.0007265182896241274
 0.00311680732379588
 0.002075539597799019
 7.824686510311707e-05
 3.062618865732436e-05
 2.565385219170691e-05
 0.0007265182896241274
 0.002075539597799019
 5.697213786433849e-05
 0.002075539597799019
 0.0007265182896241274
 0.00311680732379588
 0.002075539597799019
 7.824686510311707e-05
 3.062618865732436e-05
 2.565385219170691e-05
 0.0007265182896241274
 0.002075539597799019
 5.697213786433849e-05
 0.002075539597799019
 0.0007265182896241274
 0.00311680732379588
 0.002075539597799019
 7.824686510311707e-05
 3.062618865732436e-05
 2.565385219170691e-05
 0.0007265182896241274
 0.002075539597799019
 5.697213786433849e-05
 0.002075539597799019
 0.0007265182896241274
 0.00311680732379588
 0.002075539597799019
 7.824686510311707e-05
 3.062618865732436e-05
 2.565385219170691e-05
 0.0007265182896241274
 0.002075539597799019
 5.697213786433849e-05
 0.002075539597799019
 0.0007265182896241274
 0.00311680732379588
 0.002075539597799019
 7.824686510311707e-05
 3.062618865732436e-05
 2.565385219170691e-05
 0.0007265182896241274
 0.002075539597799019
 5.697213786433849e-05
 0.002075539597799019
 0.0007265182896241274
 0.00311680732379588
 0.002075539597799019
 7.824686510311707e-05
 3.062618865732436e-05
 2.565385219170691e-05
 0.0007265182896241274
 0.002075539597799019
 5.697213786433849e-05
 0.002075539597799019
 0.0007265182896241274
 0.00311680732379588
 0.002075539597799019
 7.824686510311707e-05
 3.062618865732436e-05
 2.565385219170691e-05
 0.0007265182896241274
 0.002075539597799019
 5.697213786433849e-05
 0.002075539597799019
 0.0007265182896241274
 0.00311680732379588
 0.002075539597799019
 7.824686510311707e-05
 3.062618865732436e-05
 2.565385219170691e-05
 0.0007265182896241274
 0.002075539597799019
 5.697213786433849e-05
 0.002075539597799019
 0.0007265182896241274
 0.00311680732379588
 0.002075539597799019
 7.824686510311707e-05
 3.062618865732436e-05
 2.565385219170691e-05
 0.0007265182896241274
 0.002075539597799019
 5.697213786433849e-05
 0.002075539597799019
 0.0007265182896241274
 0.00311680732379588
 0.002075539597799019
