# Created by Octave 3.2.4, Mon Feb 04 18:04:16 2013 EST <rbom@zaphod>
# name: small_First_Fit
# type: matrix
# ndims: 3
 1 10 30
 1.754554755216317e-15
 1.180766305679726e-09
 7.21646765341833e-11
 6.779146393434818e-13
 6.831393207117078e-13
 1.077031472724503e-14
 6.06164702901622e-11
 4.957713038316158e-15
 5.035157580299178e-16
 9.126626673442828e-12
 1.24485610448093e-10
 5.450709594077626e-07
 7.21646765341833e-11
 1.525762370244876e-10
 8.463240565757083e-08
 1.471273998927894e-08
 2.589664470014359e-08
 3.33301705359179e-12
 4.383036941024968e-11
 5.95423457868325e-10
 1.874180047654981e-08
 5.764403869628585e-06
 1.452696226404614e-08
 1.501173846302539e-07
 1.542098715635391e-07
 2.759943828309094e-06
 3.178485863921996e-07
 3.317588906028902e-10
 5.401885970085669e-10
 2.310241152757204e-08
 6.906637524263624e-07
 2.845667411485549e-05
 1.186553243683767e-07
 4.999546620797429e-06
 5.776955336138007e-06
 2.759943828309094e-06
 6.908240615111357e-06
 6.428587169223807e-08
 5.93689178854992e-10
 1.460579145454865e-06
 1.284999676786435e-06
 0.0002943457010617787
 1.186553243683767e-07
 1.197597173247809e-05
 5.776955336138007e-06
 2.759943828309094e-06
 0.0005157154155247119
 2.671293842666111e-06
 2.132677186411507e-09
 0.0005157154155247119
 1.284999676786435e-06
 0.0002943457010617787
 1.511617018315946e-07
 0.0001096045174333662
 3.666107140891147e-05
 2.759943828309094e-06
 0.0005157154155247119
 2.671293842666111e-06
 2.097904709926488e-08
 0.0005157154155247119
 6.906637524263624e-07
 0.003082825194995927
 4.536750491744533e-06
 0.0001096045174333662
 3.666107140891147e-05
 2.759943828309094e-06
 0.0005157154155247119
 1.955876597484799e-05
 2.659163410734382e-07
 0.0005157154155247119
 6.906637524263624e-07
 0.003652602469652681
 1.579985557760955e-06
 0.0005240640199170545
 3.666107140891147e-05
 2.759943828309094e-06
 0.001022278442586349
 1.955876597484799e-05
 2.659163410734382e-07
 0.001022278442586349
 1.284999676786435e-06
 0.007152854787996659
 1.406535499624006e-05
 0.001022278442586349
 6.174907645740453e-05
 8.145044066415038e-05
 0.00540529747897968
 1.955876597484799e-05
 2.659163410734382e-07
 0.001022278442586349
 1.284999676786435e-06
 0.007152854787996659
 5.226575036099596e-05
 0.001022278442586349
 0.0002255595366524126
 8.145044066415038e-05
 0.00540529747897968
 1.955876597484799e-05
 2.659163410734382e-07
 0.001022278442586349
 1.284999676786435e-06
 0.007152854787996659
 5.226575036099596e-05
 0.007152854787996659
 7.022985923179243e-05
 8.145044066415038e-05
 0.007152854787996659
 1.955876597484799e-05
 2.659163410734382e-07
 0.001022278442586349
 1.284999676786435e-06
 0.007152854787996659
 5.226575036099596e-05
 0.007152854787996659
 7.022985923179243e-05
 8.145044066415038e-05
 0.007152854787996659
 1.955876597484799e-05
 2.659163410734382e-07
 0.001022278442586349
 1.284999676786435e-06
 0.007152854787996659
 0.0004652699300741625
 0.007152854787996659
 0.0007146855446242143
 8.145044066415038e-05
 0.007152854787996659
 1.955876597484799e-05
 6.215753999187358e-05
 0.001022278442586349
 1.284999676786435e-06
 0.007152854787996659
 0.0004652699300741625
 0.007152854787996659
 0.0007146855446242143
 8.145044066415038e-05
 0.007152854787996659
 0
 8.145044066415038e-05
 0.00540529747897968
 1.284999676786435e-06
 0.007152854787996659
 0.0004652699300741625
 0.007152854787996659
 0.007152854787996659
 8.145044066415038e-05
 0.007152854787996659
 0
 8.145044066415038e-05
 0.007152854787996659
 0
 0
 0.007152854787996659
 0.007152854787996659
 0.007152854787996659
 0
 0.007152854787996659
 0
 8.145044066415038e-05
 0.007152854787996659
 0
 0
 0.007152854787996659
 0.007152854787996659
 0.007152854787996659
 0
 0.007152854787996659
 0
 8.145044066415038e-05
 0.007152854787996659
 0
 0
 0.007152854787996659
 0
 0.007152854787996659
 0
 0
 0
 8.145044066415038e-05
 0.007152854787996659
 0
 0
 0.007152854787996659
 0
 0.007152854787996659
 0
 0
 0
 0.00540529747897968
 0.007152854787996659
 0
 0
 0.007152854787996659
 0
 0.007152854787996659
 0
 0
 0
 0.00540529747897968
 0.007152854787996659
 0
 0
 0.007152854787996659
 0
 0.007152854787996659
 0
 0
 0
 0.00540529747897968
 0.007152854787996659
 0
 0
 0.007152854787996659
 0
 0
 0
 0
 0
 0.00540529747897968
 0
 0
 0
 0
 0
 0
 0
 0
 0
 0.007152854787996659
 0
 0
 0
 0
 0
 0
 0
 0
 0
 0.00540529747897968
 0
 0
 0
 0
 0
 0
 0
 0
 0
 0.007152854787996659
 0
 0
 0
 0
 0
 0
 0
 0
 0
 0.007152854787996659
 0
 0
 0
 0
 0
 0
 0
 0
 0
 0.00540529747897968
 0
 0
 0
 0
 0
 0
 0
 0
 0
 0.007152854787996659
 0
 0
 0
 0
 0
 0
 0
 0
 0
 0.007152854787996659
 0
 0
 0
 0
 0
 0
 0
 0
 0
 0.00540529747897968
 0
