# Created by Octave 3.2.4, Mon Feb 04 14:44:22 2013 EST <rbom@zaphod>
# name: small_First_Fit
# type: matrix
# ndims: 3
 1 10 30
 2.119810252787308e-19
 1.403064543094201e-16
 2.536173765314107e-17
 5.812581840639302e-12
 3.526886142166273e-15
 3.890944220518852e-15
 1.462796762555582e-18
 2.327087161855883e-16
 1.760179113573897e-18
 9.161586410417257e-15
 7.279992358972167e-16
 1.716178808579432e-15
 7.160916265712242e-10
 4.735587475440115e-09
 1.350215793495786e-13
 1.54486313873025e-11
 9.631885675088062e-15
 1.000838179661445e-14
 4.63218739918154e-16
 3.523492041506792e-11
 1.180099105083995e-12
 5.407320481655175e-14
 2.176613298685094e-07
 1.103789219733684e-06
 1.350215793495786e-13
 1.075967604989261e-09
 4.333674140520997e-08
 4.400547868475616e-11
 2.036240702546909e-12
 2.047906241219941e-08
 7.255988839833571e-10
 2.87820842698492e-11
 2.176613298685094e-07
 1.103789219733684e-06
 4.194799057829742e-11
 1.075967604989261e-09
 2.157685070044305e-06
 4.400547868475616e-11
 2.059055062666563e-09
 8.017293910311021e-06
 8.640931566714448e-09
 9.929246463166301e-09
 3.116892246561267e-05
 1.249734861283986e-05
 4.194799057829742e-11
 3.648976385103402e-08
 2.157685070044305e-06
 1.623736554400791e-08
 3.782661602337972e-07
 8.017293910311021e-06
 8.640931566714448e-09
 1.582264898749795e-06
 0.0002692174382250751
 1.952876632285676e-05
 1.667588480573639e-08
 2.186147044797294e-07
 2.157685070044305e-06
 1.623736554400791e-08
 3.782661602337972e-07
 8.017293910311021e-06
 6.158000242927986e-07
 1.582264898749795e-06
 0.0002692174382250751
 1.249734861283986e-05
 1.667588480573639e-08
 2.121197876387277e-06
 2.157685070044305e-06
 1.623736554400791e-08
 3.782661602337972e-07
 8.017293910311021e-06
 2.878059065333945e-06
 1.650865603808625e-05
 0.0003157260344022673
 1.249734861283986e-05
 1.667588480573639e-08
 3.116892246561267e-05
 2.157685070044305e-06
 1.623736554400791e-08
 6.719750901175831e-07
 0.0002404544434568144
 8.208224132247878e-05
 0.000211808371920842
 0.0003157260344022673
 1.249734861283986e-05
 3.50951457566184e-07
 3.116892246561267e-05
 0.0002692174382250751
 1.068951464442084e-05
 3.67218933069757e-05
 0.0002404544434568144
 8.208224132247878e-05
 0.001428589947453497
 0.0002692174382250751
 1.249734861283986e-05
 3.50951457566184e-07
 3.116892246561267e-05
 0.0002692174382250751
 1.068951464442084e-05
 3.67218933069757e-05
 0.0002404544434568144
 8.208224132247878e-05
 0.001428589947453497
 0.0002692174382250751
 1.249734861283986e-05
 3.50951457566184e-07
 3.116892246561267e-05
 0.0003157260344022673
 1.068951464442084e-05
 3.67218933069757e-05
 0.0002404544434568144
 8.208224132247878e-05
 0.001428589947453497
 0.0002692174382250751
 1.249734861283986e-05
 3.50951457566184e-07
 3.116892246561267e-05
 0.0003157260344022673
 1.068951464442084e-05
 3.67218933069757e-05
 0.0002404544434568144
 8.208224132247878e-05
 0.001428589947453497
 0.0002692174382250751
 0
 3.85039294960744e-07
 0.0002692174382250751
 0.0003157260344022673
 1.068951464442084e-05
 3.67218933069757e-05
 0.0002404544434568144
 0.000270004954512974
 0.001428589947453497
 0.0003157260344022673
 0
 3.85039294960744e-07
 0.0002692174382250751
 0.0003157260344022673
 1.068951464442084e-05
 0.001428589947453497
 0.0002404544434568144
 0.000270004954512974
 0.001428589947453497
 0.0003157260344022673
 0
 3.85039294960744e-07
 0.0002692174382250751
 0.0003157260344022673
 1.068951464442084e-05
 0.001428589947453497
 0
 0.000270004954512974
 0.001428589947453497
 0.0002692174382250751
 0
 1.21229664195257e-06
 0.0002692174382250751
 0.0003157260344022673
 0
 0.001428589947453497
 0
 0.000270004954512974
 0
 0.0002692174382250751
 0
 1.21229664195257e-06
 0.0002692174382250751
 0.0003157260344022673
 0
 0.001428589947453497
 0
 0.000270004954512974
 0
 0.0002692174382250751
 0
 1.21229664195257e-06
 0.0002692174382250751
 0
 0
 0.001428589947453497
 0
 0.000270004954512974
 0
 0.0002692174382250751
 0
 1.21229664195257e-06
 0.0002692174382250751
 0
 0
 0.001428589947453497
 0
 0.000270004954512974
 0
 0.0002692174382250751
 0
 0.001428589947453497
 0
 0
 0
 0.001428589947453497
 0
 0
 0
 0
 0
 0.001428589947453497
 0
 0
 0
 0
 0
 0
 0
 0
 0
 0.001428589947453497
 0
 0
 0
 0
 0
 0
 0
 0
 0
 0.001428589947453497
 0
 0
 0
 0
 0
 0
 0
 0
 0
 0.001428589947453497
 0
 0
 0
 0
 0
 0
 0
 0
 0
 0.001428589947453497
 0
 0
 0
 0
 0
 0
 0
 0
 0
 0.001428589947453497
 0
 0
 0
 0
 0
 0
 0
 0
 0
 0
 0
 0
 0
 0
 0
 0
 0
 0
 0
 0
 0
 0
 0
 0
 0
 0
 0
 0
 0
 0
 0
 0
 0
 0
 0
 0
 0
 0
 0
 0
 0
 0
 0
 0
 0
