# Created by Octave 3.2.4, Tue Feb 05 23:58:27 2013 EST <rbom@zaphod>
# name: small_First_Fit
# type: matrix
# ndims: 3
 1 10 30
 6.756655786905022e-11
 2.030522502758776e-09
 1.859683036490763e-13
 1.222727390278482e-14
 2.073824194569992e-12
 3.229979180263972e-09
 5.064464367551351e-15
 8.041312191676343e-17
 3.514963152109316e-16
 6.579332574733017e-10
 1.149511406396842e-07
 1.1705109446456e-08
 2.995599250195682e-11
 8.301626746150182e-10
 2.645493834256865e-09
 1.200019387906508e-08
 6.073104160356742e-12
 8.817333699492978e-12
 6.137685870633059e-13
 1.171878326055118e-07
 4.048206882336511e-06
 5.319763410527295e-08
 1.216767167917325e-10
 8.301626746150182e-10
 1.283235574669818e-08
 1.200019387906508e-08
 1.140847630255699e-09
 1.407624516098347e-08
 5.680072041284791e-10
 0.0001196959541563415
 8.012360631236219e-06
 1.230897490967419e-06
 2.035159618894345e-10
 8.301626746150182e-10
 1.376976148827939e-07
 1.200019387906508e-08
 4.348007462078455e-06
 1.407624516098347e-08
 5.352754634551735e-08
 0.0001196959541563415
 0.00153376104441333
 3.090922685012081e-05
 3.437626849337219e-09
 1.059842146362115e-06
 1.008333256591268e-06
 4.468668505334782e-08
 4.348007462078455e-06
 1.844033362922314e-06
 5.352754634551735e-08
 0.0001196959541563415
 0.00153376104441333
 5.112838646886727e-05
 3.437626849337219e-09
 1.059842146362115e-06
 5.120808599992437e-05
 3.243604280417103e-06
 4.348007462078455e-06
 1.923053229135255e-06
 3.569895443994856e-06
 0.0001196959541563415
 0.00153376104441333
 5.112838646886727e-05
 5.509291832991956e-08
 1.059842146362115e-06
 0.00153376104441333
 5.439988318446822e-05
 4.348007462078455e-06
 1.923053229135255e-06
 3.569895443994856e-06
 0.0001532269521301846
 0.00153376104441333
 0.001270231740206093
 3.011531274485606e-07
 1.059842146362115e-06
 0.00153376104441333
 5.439988318446822e-05
 8.012360631236219e-06
 7.487091597756159e-05
 4.446915051467119e-06
 0.0001532269521301846
 0.00153376104441333
 0.001546950252519433
 2.508935235366887e-05
 1.059842146362115e-06
 0.00153376104441333
 5.439988318446822e-05
 8.012360631236219e-06
 7.487091597756159e-05
 4.446915051467119e-06
 0.0001532269521301846
 0.00153376104441333
 0.001270231740206093
 0.001321847696302934
 1.059842146362115e-06
 0.00153376104441333
 0.002130532089419267
 8.012360631236219e-06
 7.487091597756159e-05
 4.446915051467119e-06
 0.0001532269521301846
 0.00153376104441333
 0.001270231740206093
 0.001321847696302934
 8.437507948772919e-05
 0.00153376104441333
 0.008381010482239616
 8.012360631236219e-06
 7.487091597756159e-05
 0.0002972838025890247
 0.0001196959541563415
 0
 0.001270231740206093
 0.00339772315389225
 8.437507948772919e-05
 0.00153376104441333
 0.008381010482239616
 8.012360631236219e-06
 7.487091597756159e-05
 0.0003628614931215417
 0.0001196959541563415
 0
 0.002663357899475713
 0.00339772315389225
 8.437507948772919e-05
 0.00153376104441333
 0.008381010482239616
 8.012360631236219e-06
 7.487091597756159e-05
 0.0003628614931215417
 0.0001532269521301846
 0
 0.002663357899475713
 0.00339772315389225
 8.437507948772919e-05
 0
 0.008381010482239616
 1.023772851907902e-05
 0.006234696418481682
 0.0002972838025890247
 0.0001196959541563415
 0
 0.002663357899475713
 0.003682616791422963
 8.437507948772919e-05
 0
 0.008381010482239616
 1.023772851907902e-05
 0.006234696418481682
 0.0003440019736716873
 0.0001196959541563415
 0
 0.002663357899475713
 0.00339772315389225
 8.437507948772919e-05
 0
 0.01020906021542224
 1.023772851907902e-05
 0.006234696418481682
 0.0003628614931215417
 0.0001196959541563415
 0
 0.01020906021542224
 0.006662078605114845
 8.437507948772919e-05
 0
 0.01602541442223639
 1.023772851907902e-05
 0.006234696418481682
 0.006234696418481682
 0.0001196959541563415
 0
 0.01020906021542224
 0.006662078605114845
 0
 0
 0.01602541442223639
 1.023772851907902e-05
 0.006234696418481682
 0.0003440019736716873
 0.0001196959541563415
 0
 0.01020906021542224
 0.006662078605114845
 0
 0
 0.01602541442223639
 1.023772851907902e-05
 0.006234696418481682
 0.0003440019736716873
 0.0001532269521301846
 0
 0.01020906021542224
 0.01602541442223639
 0
 0
 0.01602541442223639
 1.023772851907902e-05
 0.006662078605114845
 0.0003440019736716873
 0.0001532269521301846
 0
 0.01020906021542224
 0.01602541442223639
 0
 0
 0.01602541442223639
 0
 0.006662078605114845
 0.0003628614931215417
 0.0001196959541563415
 0
 0.01020906021542224
 0.01602541442223639
 0
 0
 0.01602541442223639
 0
 0.006662078605114845
 0.0003628614931215417
 0.0001196959541563415
 0
 0.01020906021542224
 0.01602541442223639
 0
 0
 0.01602541442223639
 0
 0.006234696418481682
 0.006234696418481682
 0.0001196959541563415
 0
 0
 0.01602541442223639
 0
 0
 0
 0
 0.006234696418481682
 0.006234696418481682
 0.0001196959541563415
 0
 0
 0.01602541442223639
 0
 0
 0
 0
 0.006662078605114845
 0.006662078605114845
 0.0001532269521301846
 0
 0
 0.01602541442223639
 0
 0
 0
 0
 0.006662078605114845
 0.006234696418481682
 0.0001532269521301846
 0
 0
 0
 0
 0
 0
 0
 0.006662078605114845
 0.006234696418481682
 0.01602541442223639
 0
 0
 0
 0
 0
 0
 0
 0.006662078605114845
 0.006662078605114845
 0.01602541442223639
 0
 0
 0
 0
 0
 0
 0
 0.006662078605114845
 0.006662078605114845
 0.01602541442223639
 0
 0
 0
 0
 0
 0
 0
 0.006662078605114845
 0.006662078605114845
 0.01602541442223639
