# Created by Octave 3.2.4, Wed Feb 06 02:18:59 2013 EST <rbom@zaphod>
# name: small_First_Fit
# type: matrix
# ndims: 3
 1 10 30
 2.150625774531445e-14
 1.206590787601927e-12
 6.487509090834212e-14
 2.316018079866434e-14
 1.544176973106017e-18
 4.450774496384007e-15
 7.33051234083846e-16
 9.37550957601747e-12
 2.315313483108747e-15
 2.942474616368998e-14
 1.045366679585732e-11
 0.0001387269808682836
 4.382051910960118e-11
 2.583101204422986e-08
 1.641728220288244e-16
 2.474093769355904e-12
 3.247300145779598e-12
 5.233076359320335e-09
 4.535920443252663e-15
 1.079738932630348e-12
 0.01323840708910997
 0.0001387269808682836
 1.2719140473945e-09
 6.781636692487082e-07
 1.008895436067711e-14
 8.246290877891407e-08
 4.01138321721497e-10
 4.028113465325507e-07
 1.5767950224741e-12
 2.446164980888307e-10
 0.01323840708910997
 0.0003578182317409557
 9.915917620758343e-09
 6.781636692487082e-07
 5.612019425700944e-13
 1.098076635277649e-05
 4.01138321721497e-10
 1.020586348915597e-06
 1.408725103663785e-10
 2.446164980888307e-10
 0.01323840708910997
 0.0003578182317409557
 2.839523205044251e-07
 6.781636692487082e-07
 8.686389902770924e-11
 0.0005409057364831375
 1.826337335093103e-08
 1.020586348915597e-06
 4.363027680513641e-10
 1.902490420801784e-07
 0.01323840708910997
 0.0001387269808682836
 2.839523205044251e-07
 4.300138226049518e-06
 5.925282462780477e-09
 0.0005409057364831375
 2.625308609244602e-06
 1.020586348915597e-06
 2.28911916578762e-06
 2.378434206577277e-05
 0.02331026573039343
 0.03700359281617373
 1.373588679024677e-05
 0.0002454644613155586
 3.237242916885581e-07
 0.0005409057364831375
 6.198805315243153e-05
 1.020586348915597e-06
 2.28911916578762e-06
 2.378434206577277e-05
 0.01323840708910997
 0.03700359281617373
 1.68806902208394e-05
 0.0003578182317409557
 1.436536607225469e-06
 0.0005409057364831375
 6.198805315243153e-05
 1.020586348915597e-06
 0.00137492466781298
 2.378434206577277e-05
 0.01323840708910997
 0.03700359281617373
 0.0003765761657122372
 0.0003578182317409557
 1.481549952311427e-06
 0.0005409057364831375
 6.198805315243153e-05
 1.020586348915597e-06
 0.03700359281617373
 2.378434206577277e-05
 0.01323840708910997
 0.03700359281617373
 0.0003765761657122372
 0.0003578182317409557
 0.0001508877407705949
 0.03700359281617373
 6.198805315243153e-05
 1.020586348915597e-06
 0.03700359281617373
 0.0007009374986414057
 0.02331026573039343
 0.03700359281617373
 0.0003765761657122372
 0.0003578182317409557
 0.0001508877407705949
 0.03700359281617373
 6.198805315243153e-05
 0
 0.03700359281617373
 0.0007009374986414057
 0.02331026573039343
 0.03700359281617373
 0.0003765761657122372
 0.0003578182317409557
 0.02331026573039343
 0.03700359281617373
 6.198805315243153e-05
 0
 0.03700359281617373
 0.0007009374986414057
 0.02331026573039343
 0.03700359281617373
 0.0003765761657122372
 0.0003578182317409557
 0.03700359281617373
 0.03700359281617373
 6.198805315243153e-05
 0
 0.03700359281617373
 0.03700359281617373
 0.02331026573039343
 0
 0.05027729892376902
 0.05027729892376902
 0.02331026573039343
 0.03700359281617373
 0
 0
 0.03700359281617373
 0.03700359281617373
 0.02331026573039343
 0
 0.05027729892376902
 0.05027729892376902
 0.03700359281617373
 0.03700359281617373
 0
 0
 0.03700359281617373
 0.03700359281617373
 0.02331026573039343
 0
 0.05027729892376902
 0.05027729892376902
 0.02331026573039343
 0.03700359281617373
 0
 0
 0
 0.03700359281617373
 0.02331026573039343
 0
 0.05027729892376902
 0.05027729892376902
 0.02331026573039343
 0
 0
 0
 0
 0.03700359281617373
 0
 0
 0.05027729892376902
 0.05027729892376902
 0.03700359281617373
 0
 0
 0
 0
 0.03700359281617373
 0
 0
 0.05027729892376902
 0.05027729892376902
 0.02331026573039343
 0
 0
 0
 0
 0.03700359281617373
 0
 0
 0.05027729892376902
 0.05027729892376902
 0.02331026573039343
 0
 0
 0
 0
 0
 0
 0
 0
 0
 0.02331026573039343
 0
 0
 0
 0
 0
 0
 0
 0
 0
 0.02331026573039343
 0
 0
 0
 0
 0
 0
 0
 0
 0
 0.03700359281617373
 0
 0
 0
 0
 0
 0
 0
 0
 0
 0.02331026573039343
 0
 0
 0
 0
 0
 0
 0
 0
 0
 0.02331026573039343
 0
 0
 0
 0
 0
 0
 0
 0
 0
 0.02331026573039343
 0
 0
 0
 0
 0
 0
 0
 0
 0
 0.02331026573039343
 0
 0
 0
 0
 0
 0
 0
 0
 0
 0.03700359281617373
 0
 0
 0
 0
 0
 0
 0
 0
 0
 0.03700359281617373
 0
 0
 0
 0
 0
 0
 0
 0
 0
 0.03700359281617373
 0
 0
 0
 0
 0
