# Created by Octave 3.2.4, Wed Feb 06 06:20:00 2013 EST <rbom@zaphod>
# name: small_First_Fit
# type: matrix
# ndims: 3
 1 10 30
 1.40601387942674e-12
 6.086748716248833e-14
 5.182747018629897e-09
 1.236493951104881e-08
 1.234401817954438e-10
 7.889016669940666e-12
 1.215701980856029e-14
 1.233482806685041e-08
 1.36579645550657e-16
 2.233725284669312e-11
 1.166157826438725e-08
 5.025011473691922e-13
 8.51954215911484e-06
 1.236493951104881e-08
 8.179438641559176e-09
 3.219744878432976e-09
 7.660947007077059e-13
 1.233482806685041e-08
 7.130735822874331e-13
 2.233725284669312e-11
 3.428876032879259e-07
 8.386360646987708e-12
 2.396048496145336e-05
 1.242925529340683e-06
 3.710067252432258e-08
 2.660039064445119e-08
 1.497593601240191e-09
 1.090370346852413e-06
 7.130735822874331e-13
 2.121005507269573e-09
 1.943096378040531e-06
 3.942212808201437e-10
 2.396048496145336e-05
 0.0004087106748978643
 2.441614036992994e-06
 4.823057598455573e-07
 2.940596722018304e-08
 1.090370346852413e-06
 1.420180301467018e-09
 6.884769586795537e-07
 0.003714263089220539
 5.59976815446678e-10
 2.396048496145336e-05
 0.008889973108420919
 7.932582802222077e-06
 4.823057598455573e-07
 2.940596722018304e-08
 1.090370346852413e-06
 1.420180301467018e-09
 6.884769586795537e-07
 0.01427727531976121
 9.257131378838934e-09
 0.0003924085141933686
 0.008889973108420919
 7.932582802222077e-06
 4.823057598455573e-07
 2.940596722018304e-08
 1.090370346852413e-06
 5.726072413621126e-09
 7.509759173065294e-05
 0.01427727531976121
 2.335249098355558e-06
 0.0005551731114770731
 0.01474863007388839
 9.861145335177304e-06
 8.001605679322502e-06
 2.940596722018304e-08
 1.090370346852413e-06
 5.726072413621126e-09
 0.0009743263711055787
 0.01427727531976121
 3.868826415319008e-05
 0.02531211579733647
 0.01474863007388839
 9.861145335177304e-06
 8.001605679322502e-06
 1.903670715982775e-06
 1.090370346852413e-06
 7.976413294144974e-07
 0.0009743263711055787
 0.01427727531976121
 0.0002865745843030161
 0.02531211579733647
 0.02277223591548737
 5.285821946234956e-05
 8.001605679322502e-06
 1.903670715982775e-06
 1.090370346852413e-06
 0.0001024160521645147
 0.0009743263711055787
 0.05274635824898282
 0.00120794644778889
 0.02531211579733647
 0.02531211579733647
 5.285821946234956e-05
 6.232917612624496e-05
 5.520643567142987e-05
 3.416947758357887e-06
 0.000485548119181706
 0.0009743263711055787
 0.05274635824898282
 0.002763677675395329
 0.02531211579733647
 0.02277223591548737
 5.285821946234956e-05
 6.232917612624496e-05
 5.520643567142987e-05
 3.416947758357887e-06
 0.000485548119181706
 0.0009743263711055787
 0.05274635824898282
 0.01474863007388839
 0.02531211579733647
 0.02277223591548737
 0.01427727531976121
 6.232917612624496e-05
 0.000514695134800769
 3.416947758357887e-06
 0.004635750540589649
 0.0009743263711055787
 0.05274635824898282
 0.01474863007388839
 0.02531211579733647
 0.02277223591548737
 0.01427727531976121
 0.001258876217256092
 0.000514695134800769
 3.416947758357887e-06
 0.004635750540589649
 0.0009743263711055787
 0.05274635824898282
 0.01474863007388839
 0.02531211579733647
 0.02277223591548737
 0.05274635824898282
 0.001258876217256092
 0.000514695134800769
 3.416947758357887e-06
 0.02531211579733647
 0
 0.05274635824898282
 0.01474863007388839
 0
 0.02277223591548737
 0.05274635824898282
 0.001258876217256092
 0.000514695134800769
 3.416947758357887e-06
 0.02531211579733647
 0
 0.05274635824898282
 0.01474863007388839
 0
 0.05274635824898282
 0.05274635824898282
 0.01474863007388839
 0.000514695134800769
 4.582220965787697e-06
 0.02531211579733647
 0
 0
 0.01474863007388839
 0
 0.05274635824898282
 0.05274635824898282
 0.01474863007388839
 0.0007678865222304164
 3.416947758357887e-06
 0.05274635824898282
 0
 0
 0.01474863007388839
 0
 0.05274635824898282
 0.05274635824898282
 0.01474863007388839
 0.000514695134800769
 3.416947758357887e-06
 0.05274635824898282
 0
 0
 0
 0
 0.05274635824898282
 0.05274635824898282
 0.01474863007388839
 0.0007678865222304164
 3.416947758357887e-06
 0.05274635824898282
 0
 0
 0
 0
 0.05274635824898282
 0.05274635824898282
 0.01474863007388839
 0.0007678865222304164
 3.416947758357887e-06
 0.02531211579733647
 0
 0
 0
 0
 0.05274635824898282
 0
 0.01474863007388839
 0.0007678865222304164
 4.582220965787697e-06
 0.02531211579733647
 0
 0
 0
 0
 0.05274635824898282
 0
 0.01474863007388839
 0.0007678865222304164
 4.582220965787697e-06
 0.02531211579733647
 0
 0
 0
 0
 0
 0
 0
 0.0007678865222304164
 4.582220965787697e-06
 0.02531211579733647
 0
 0
 0
 0
 0
 0
 0
 0.0007678865222304164
 3.416947758357887e-06
 0
 0
 0
 0
 0
 0
 0
 0
 0.0007678865222304164
 3.416947758357887e-06
 0
 0
 0
 0
 0
 0
 0
 0
 0
 3.416947758357887e-06
 0
 0
 0
 0
 0
 0
 0
 0
 0
 3.416947758357887e-06
 0
 0
 0
 0
 0
 0
 0
 0
 0
 0
 0
 0
 0
 0
 0
 0
 0
 0
 0
 0
 0
 0
 0
 0
 0
 0
 0
 0
 0
 0
 0
 0
