# Created by Octave 3.2.4, Mon Feb 04 15:10:10 2013 EST <rbom@zaphod>
# name: small_First_Fit
# type: matrix
# ndims: 3
 1 10 30
 4.292916581637283e-09
 2.478493502052238e-09
 2.027086288376022e-13
 1.309441680126542e-07
 3.966067515686895e-07
 1.099385601244996e-08
 8.774286646271306e-05
 1.137312463635541e-12
 4.521924117733755e-11
 1.319482271382301e-12
 2.923492673156527e-06
 4.807572433225666e-08
 7.164146353749115e-10
 1.260137437309938e-06
 9.837099338659273e-06
 1.57234524129058e-08
 0.0002307273641776675
 4.5873820842756e-10
 3.441920586131506e-07
 2.032876213444553e-09
 2.923492673156527e-06
 1.291790109888092e-07
 1.310819658081255e-07
 1.260137437309938e-06
 9.837099338659273e-06
 1.339241614567496e-07
 0.0008179508366562767
 1.656655081815424e-08
 4.301274117632924e-07
 9.573927395766888e-08
 6.755962188382644e-06
 1.291790109888092e-07
 9.23255176023652e-07
 0.0001031551398755215
 9.837099338659273e-06
 1.339241614567496e-07
 0.0008179508366562767
 8.52447878854195e-06
 4.848284766231376e-06
 5.935586410477612e-07
 3.131371176187629e-05
 4.306895799043666e-05
 9.23255176023652e-07
 0.0001031551398755215
 3.751349595749318e-05
 1.003908686898e-05
 0.000932221904657618
 0.0002118246469945935
 9.27697986793769e-06
 1.861425533909413e-06
 3.131371176187629e-05
 0.0002395027631719636
 1.907598399321989e-05
 0.0001031551398755215
 4.474073566076806e-05
 1.586688656139827e-05
 0.000932221904657618
 0.0002118246469945935
 8.980500502650644e-05
 3.091548733749121e-05
 0.0004077480855588507
 0.0006698461459968553
 0.0001207068066980728
 0.0001031551398755215
 0.0001533190162963657
 1.586688656139827e-05
 0.000932221904657618
 0.000912303493016087
 8.980500502650644e-05
 0.0003256221629688976
 0.002012115196064968
 0.0006698461459968553
 0.0001207068066980728
 0.0001031551398755215
 0.0006523744089846295
 1.003908686898e-05
 0.000932221904657618
 0.000912303493016087
 8.980500502650644e-05
 0.006700334959099869
 0.002012115196064968
 0.0006698461459968553
 0.0001207068066980728
 0.0001567121717913306
 0.002012115196064968
 1.003908686898e-05
 0.000932221904657618
 0.000912303493016087
 0.0006633258023488944
 0.006700334959099869
 0.002012115196064968
 0.002851771992737192
 0.0001207068066980728
 0.0004669048518050538
 0.002012115196064968
 0.001050976734672005
 0.000932221904657618
 0.000912303493016087
 0.0006633258023488944
 0.006700334959099869
 0.002012115196064968
 0.002851771992737192
 0.0001207068066980728
 0.0004669048518050538
 0.006700334959099869
 0.001050976734672005
 0.000932221904657618
 0.002012115196064968
 0.0006633258023488944
 0.006700334959099869
 0.002012115196064968
 0.002851771992737192
 0.0001207068066980728
 0.0004669048518050538
 0.006700334959099869
 0.002206956449448793
 0
 0.002012115196064968
 0.0006633258023488944
 0.006700334959099869
 0.002012115196064968
 0.002851771992737192
 0.0001207068066980728
 0.0004669048518050538
 0.006700334959099869
 0.002206956449448793
 0
 0.00240511966598281
 0.0006633258023488944
 0.006700334959099869
 0.002012115196064968
 0.002851771992737192
 0
 0.0004669048518050538
 0.006700334959099869
 0.002206956449448793
 0
 0.00240511966598281
 0.0006633258023488944
 0.006700334959099869
 0
 0.002851771992737192
 0
 0.0004669048518050538
 0.006700334959099869
 0.002206956449448793
 0
 0.00240511966598281
 0.0006633258023488944
 0
 0
 0.002851771992737192
 0
 0.0008248404051661608
 0.006700334959099869
 0.002206956449448793
 0
 0.00462601767670368
 0
 0
 0
 0
 0
 0.0008248404051661608
 0.006700334959099869
 0.002206956449448793
 0
 0.00462601767670368
 0
 0
 0
 0
 0
 0.0008248404051661608
 0
 0.006700334959099869
 0
 0.00462601767670368
 0
 0
 0
 0
 0
 0.0008248404051661608
 0
 0.006700334959099869
 0
 0.006700334959099869
 0
 0
 0
 0
 0
 0.0008248404051661608
 0
 0.006700334959099869
 0
 0.006700334959099869
 0
 0
 0
 0
 0
 0.0008248404051661608
 0
 0.006700334959099869
 0
 0.006700334959099869
 0
 0
 0
 0
 0
 0.0008248404051661608
 0
 0.006700334959099869
 0
 0.006700334959099869
 0
 0
 0
 0
 0
 0
 0
 0.006700334959099869
 0
 0.006700334959099869
 0
 0
 0
 0
 0
 0
 0
 0.006700334959099869
 0
 0.006700334959099869
 0
 0
 0
 0
 0
 0
 0
 0
 0
 0.006700334959099869
 0
 0
 0
 0
 0
 0
 0
 0
 0
 0
 0
 0
 0
 0
 0
 0
 0
 0
 0
 0
 0
 0
 0
 0
 0
 0
 0
 0
 0
 0
 0
 0
 0
 0
 0
 0
 0
 0
 0
 0
 0
 0
 0
 0
 0
 0
 0
 0
 0
 0
 0
 0
