# Created by Octave 3.2.4, Wed Feb 06 04:10:14 2013 EST <rbom@zaphod>
# name: small_First_Fit
# type: matrix
# ndims: 3
 1 10 30
 6.595945452005702e-09
 6.739893651131557e-10
 3.045410152533523e-09
 1.291771384375966e-10
 7.729645976308415e-10
 1.228003601319415e-07
 2.164274632505056e-09
 6.262592633084412e-09
 2.847004118372669e-08
 4.939446357872887e-06
 1.304463084643609e-07
 2.59301737544433e-07
 1.430564211765422e-07
 5.674109929347213e-09
 2.658399203562995e-09
 1.228003601319415e-07
 3.792928564263452e-08
 4.593193106977448e-06
 2.58798490891006e-07
 6.244640762677737e-06
 1.639885722164917e-05
 0.0002910456679384354
 9.849402932038366e-06
 3.884927385935418e-07
 4.860235139482211e-07
 8.602703283067819e-05
 8.592906069118478e-06
 4.8923023860362e-05
 2.58798490891006e-07
 5.007974946241332e-05
 0.0007295840991335544
 0.000864724873583692
 9.849402932038366e-06
 4.123315774208901e-06
 0.0002844183813437176
 0.0001682955048420323
 8.592906069118478e-06
 4.8923023860362e-05
 6.475425411577028e-07
 0.0005510491031861117
 0.0007295840991335544
 0.002974233205890688
 9.53716396689395e-05
 7.187633764268929e-06
 0.004167578353350543
 0.001935369722715526
 9.007153323950968e-05
 6.702809834141126e-05
 6.475425411577028e-07
 0.005870096729477024
 0.0007295840991335544
 0.01177164709241522
 9.53716396689395e-05
 6.657654570013508e-05
 0.004167578353350543
 0.001935369722715526
 9.007153323950968e-05
 6.702809834141126e-05
 9.987640904233054e-06
 0.07518830172584633
 0.0007295840991335544
 0.01177164709241522
 0.0007037785934810156
 0.001002652822329316
 0.004167578353350543
 0.03733912758272259
 0.001857420935196452
 0.0004568553804483782
 9.987640904233054e-06
 0.07518830172584633
 0.00279938205269871
 0.01177164709241522
 0.0008583710040610244
 0.005123466338943959
 0.004167578353350543
 0.03733912758272259
 0.001857420935196452
 0.002313356202899563
 9.215231194436187e-05
 0.07518830172584633
 0.0007295840991335544
 0.01179346432439441
 0.001268460454754459
 0.005123466338943959
 0.008715463328720457
 0.05797865897288038
 0.004130124772218617
 0.005467654091821154
 9.215231194436187e-05
 0.07518830172584633
 0.0007295840991335544
 0.1092265879933113
 0.005246969948930025
 0.00524878820656385
 0.008715463328720457
 0.05797865897288038
 0.05848911735350083
 0.005467654091821154
 9.215231194436187e-05
 0.07518830172584633
 0.002396607591095064
 0.1092265879933113
 0.005246969948930025
 0.005123466338943959
 0.01808269736484417
 0.05797865897288038
 0.05848911735350083
 0.005467654091821154
 0.0001899905331138947
 0.07518830172584633
 0.002396607591095064
 0.1092265879933113
 0.01024990469425176
 0.005246969948930025
 0.01808269736484417
 0.05797865897288038
 0.102203857708744
 0.102203857708744
 0.000654232968229587
 0.07518830172584633
 0.006695458283244428
 0.1092265879933113
 0.01024990469425176
 0.03604451867251305
 0.01808269736484417
 0.07518830172584633
 0.102203857708744
 0.102203857708744
 0.004756993406493954
 0
 0.006695458283244428
 0.1092265879933113
 0.01536152573022157
 0.03604451867251305
 0.01808269736484417
 0.03733912758272259
 0.102203857708744
 0.102203857708744
 0.01071033405923063
 0
 0.01947095331694149
 0.1092265879933113
 0.01536152573022157
 0.03604451867251305
 0.02689024558351237
 0.05797865897288038
 0.102203857708744
 0.102203857708744
 0.01071033405923063
 0
 0.01947095331694149
 0.1092265879933113
 0.02689024558351237
 0.03604451867251305
 0.02689024558351237
 0.03733912758272259
 0.1092265879933113
 0.1092265879933113
 0.01071033405923063
 0
 0.01947095331694149
 0
 0.05797865897288038
 0.03604451867251305
 0.03580959250072908
 0.07518830172584633
 0.102203857708744
 0.1092265879933113
 0.03604451867251305
 0
 0.01947095331694149
 0
 0.05797865897288038
 0.07518830172584633
 0.03580959250072908
 0.04359626179106848
 0.102203857708744
 0.1092265879933113
 0.03604451867251305
 0
 0.01947095331694149
 0
 0.05797865897288038
 0.07518830172584633
 0.03580959250072908
 0.04359626179106848
 0.102203857708744
 0.1092265879933113
 0.03604451867251305
 0
 0.01947095331694149
 0
 0.05797865897288038
 0.07518830172584633
 0.05797865897288038
 0.07518830172584633
 0.102203857708744
 0.1092265879933113
 0.05103364612483045
 0
 0.01947095331694149
 0
 0.05797865897288038
 0.07518830172584633
 0.05797865897288038
 0.04359626179106848
 0.1092265879933113
 0.1092265879933113
 0.03604451867251305
 0
 0
 0
 0.05797865897288038
 0.07518830172584633
 0.05797865897288038
 0.04359626179106848
 0.1092265879933113
 0.1092265879933113
 0.03604451867251305
 0
 0
 0
 0.05797865897288038
 0.07518830172584633
 0.03580959250072908
 0.07518830172584633
 0.1092265879933113
 0
 0.03604451867251305
 0
 0
 0
 0
 0.07518830172584633
 0.03580959250072908
 0.04359626179106848
 0.1092265879933113
 0
 0.03604451867251305
 0
 0
 0
 0
 0
 0.04965307803921742
 0.04359626179106848
 0.102203857708744
 0
 0.03604451867251305
 0
 0
 0
 0
 0
 0.04965307803921742
 0.04359626179106848
 0.102203857708744
 0
 0.03604451867251305
 0
 0
 0
 0
 0
 0.04359626179106848
 0.07518830172584633
 0.1092265879933113
 0
 0
 0
 0
 0
 0
 0
 0.04965307803921742
 0.04359626179106848
 0.102203857708744
 0
 0
 0
 0
 0
 0
 0
 0.03580959250072908
 0.04359626179106848
 0.102203857708744
 0
 0
 0
 0
 0
 0
 0
 0.04965307803921742
 0.04359626179106848
 0.102203857708744
 0
 0
 0
