# Created by Octave 3.2.4, Thu Feb 07 04:19:54 2013 EST <rbom@zaphod>
# name: small_First_Fit
# type: matrix
# ndims: 3
 1 10 30
 3.42862213652501e-16
 5.276216252965679e-13
 5.694290869358389e-16
 9.663904066688434e-14
 3.272455000248423e-10
 2.332368665436054e-14
 5.106771043633584e-15
 7.390557263389723e-14
 3.575777245534243e-13
 3.083273885208623e-16
 4.926923604163292e-11
 5.967706014040781e-11
 2.192078780251777e-15
 1.219962136653171e-12
 3.272455000248423e-10
 6.868115033333293e-11
 5.353881958307503e-14
 4.13955692039268e-11
 3.545513633738702e-12
 2.507289097983773e-11
 4.926923604163292e-11
 6.32766564736002e-09
 1.612085550208601e-10
 3.089754951398512e-10
 3.725206960534009e-07
 6.650186354064424e-09
 5.058764168276237e-12
 7.259564020743999e-10
 1.045759500992083e-09
 1.539557163329858e-09
 6.758193408270575e-10
 3.169316315338457e-07
 4.109435894483024e-09
 3.089754951398512e-10
 3.725206960534009e-07
 6.650186354064424e-09
 6.937585085693036e-11
 2.514765276447705e-09
 5.088741863286574e-07
 4.006733971040774e-09
 2.085642285014657e-06
 5.174978584228749e-05
 1.206057919711226e-07
 1.035315974937133e-08
 2.743370267429809e-05
 8.566282549920675e-08
 5.614509871966304e-10
 7.348106842125383e-06
 5.088741863286574e-07
 3.310125752774492e-07
 2.085642285014657e-06
 5.174978584228749e-05
 5.017285052233844e-07
 2.752514260679636e-07
 2.743370267429809e-05
 8.566282549920675e-08
 2.489383292906341e-08
 0.0002023988190252312
 4.029138339562499e-05
 1.767247961034758e-05
 2.085642285014657e-06
 0.001548105065040096
 1.901770505684113e-07
 8.993018118135668e-06
 0.002670037060206131
 8.566282549920675e-08
 9.791622071093823e-07
 0.0002023988190252312
 4.029138339562499e-05
 2.095325790278935e-05
 0.0003234270262034981
 0.001548105065040096
 0.0001701567654048265
 8.993018118135668e-06
 0.002670037060206131
 8.566282549920675e-08
 3.264632533510205e-05
 0.000940659042044077
 4.029138339562499e-05
 0.001649351928622543
 0.002994443829430511
 0.002994443829430511
 0.0001701567654048265
 8.993018118135668e-06
 0.003064307503025583
 0.0001546832395444986
 3.264632533510205e-05
 0.000940659042044077
 4.029138339562499e-05
 0.001649351928622543
 0.002994443829430511
 0.002994443829430511
 0.0001701567654048265
 0.0001213692693461245
 0.003064307503025583
 0.0001546832395444986
 3.264632533510205e-05
 0.000940659042044077
 0.000940659042044077
 0.001649351928622543
 0.002994443829430511
 0.001548105065040096
 0.0001701567654048265
 0.0002181732407610153
 0.003064307503025583
 0.0001546832395444986
 3.264632533510205e-05
 0.000940659042044077
 0.000940659042044077
 0.001649351928622543
 0.002994443829430511
 0.001548105065040096
 0.0001701567654048265
 0.0002181732407610153
 0.002670037060206131
 0.0001546832395444986
 0.0004341122237447961
 0.000940659042044077
 0.000940659042044077
 0.001649351928622543
 0.002994443829430511
 0.001548105065040096
 0.0001701567654048265
 0.001220451614769786
 0.003064307503025583
 0.0001546832395444986
 0.0005389268424929006
 0.000940659042044077
 0.000940659042044077
 0.001649351928622543
 0.002994443829430511
 0.001548105065040096
 0.0001701567654048265
 0.001220451614769786
 0.003064307503025583
 0.0001546832395444986
 0.0005389268424929006
 0.000940659042044077
 0.000940659042044077
 0.001649351928622543
 0.002994443829430511
 0.001548105065040096
 0
 0.001220451614769786
 0.003064307503025583
 0.0002747088268933426
 0.0005389268424929006
 0
 0.000940659042044077
 0
 0
 0
 0
 0.001220451614769786
 0.003064307503025583
 0.0001546832395444986
 0.00139727006761294
 0
 0.000940659042044077
 0
 0
 0
 0
 0.001220451614769786
 0.003064307503025583
 0.0001546832395444986
 0.00139727006761294
 0
 0
 0
 0
 0
 0
 0.001220451614769786
 0.003064307503025583
 0.0001546832395444986
 0.00139727006761294
 0
 0
 0
 0
 0
 0
 0.002203682252151261
 0.003064307503025583
 0.0001546832395444986
 0.00139727006761294
 0
 0
 0
 0
 0
 0
 0.002203682252151261
 0
 0.0001546832395444986
 0.00139727006761294
 0
 0
 0
 0
 0
 0
 0.002203682252151261
 0
 0.0001546832395444986
 0.00139727006761294
 0
 0
 0
 0
 0
 0
 0.002203682252151261
 0
 0
 0.00139727006761294
 0
 0
 0
 0
 0
 0
 0.002203682252151261
 0
 0
 0
 0
 0
 0
 0
 0
 0
 0.002203682252151261
 0
 0
 0
 0
 0
 0
 0
 0
 0
 0.002203682252151261
 0
 0
 0
 0
 0
 0
 0
 0
 0
 0
 0
 0
 0
 0
 0
 0
 0
 0
 0
 0
 0
 0
 0
 0
 0
 0
 0
 0
 0
 0
 0
 0
 0
 0
 0
 0
 0
 0
 0
 0
 0
 0
 0
 0
 0
 0
 0
 0
 0
 0
 0
 0
 0
 0
 0
 0
