# Created by Octave 3.2.4, Thu Feb 07 06:06:09 2013 EST <rbom@zaphod>
# name: small_First_Fit
# type: matrix
# ndims: 3
 1 10 30
 1.294402319742064e-08
 5.597409111471873e-13
 1.891870276254062e-12
 2.874432756540553e-12
 5.765830524505161e-11
 5.781010784029172e-11
 2.044220837751488e-14
 2.867063906299993e-11
 2.430765535631325e-13
 2.054193825078612e-13
 4.87309769057459e-07
 4.642306992082925e-08
 9.670764689929165e-08
 9.217236758088115e-09
 2.865898021537389e-08
 1.607394195093813e-09
 3.110061131633288e-10
 3.881537748384321e-10
 1.879371405014943e-08
 8.019906238670242e-12
 4.87309769057459e-07
 1.787292169477253e-07
 3.305232289590772e-06
 2.153494454336019e-06
 5.073733386054982e-07
 1.973520056444446e-08
 4.672465443596559e-08
 1.019952953946681e-08
 2.657255424319764e-06
 7.512240789268667e-11
 1.896011362851088e-05
 5.842638140849774e-07
 2.749292518094704e-05
 2.153494454336019e-06
 5.073733386054982e-07
 2.739829081565755e-06
 4.672465443596559e-08
 1.344865637860177e-07
 2.657255424319764e-06
 2.807697162312443e-09
 1.896011362851088e-05
 2.205752820450466e-05
 2.749292518094704e-05
 1.812472285267772e-05
 2.273337202591462e-05
 0.0009774437020528576
 4.672465443596559e-08
 1.344865637860177e-07
 2.657255424319764e-06
 9.595415825431026e-07
 1.896011362851088e-05
 0.0005641124114867228
 0.0004021374786610643
 4.032867576476546e-05
 2.772735506269457e-05
 0.0009774437020528576
 6.609474218915305e-06
 1.957937141948331e-06
 2.657255424319764e-06
 0.0001021937001767685
 1.896011362851088e-05
 0.002114543088312705
 0.0004021374786610643
 0.0001235335320747936
 0.000212000063153823
 0.006788585002992389
 9.034943034716646e-05
 3.293528850911847e-05
 5.448061109708068e-06
 0.0001021937001767685
 0.0002378559807775786
 0.002114543088312705
 0.001697885475667051
 0.0001847302959959418
 0.000212000063153823
 0.0009774437020528576
 9.034943034716646e-05
 0.0007116656961812503
 1.583407259976469e-05
 0.0001021937001767685
 0.0002378559807775786
 0.002114543088312705
 0.01312665065698386
 0.002809237614900212
 0.000212000063153823
 0.006164848916864797
 0.00137874079950239
 0.0007116656961812503
 5.448061109708068e-06
 0.001116796793512481
 0.001019533842836752
 0.002114543088312705
 0.02050037004415878
 0.002809237614900212
 0.000212000063153823
 0.006788585002992389
 0.00137874079950239
 0.002059677128544772
 6.348295573848797e-05
 0.001116796793512481
 0.0002378559807775786
 0.002114543088312705
 0.02050037004415878
 0.02050037004415878
 0.000212000063153823
 0.006788585002992389
 0.00137874079950239
 0.002059677128544772
 0.0001036585232624321
 0.001116796793512481
 0.001019533842836752
 0.02050037004415878
 0.02050037004415878
 0.02050037004415878
 0.000212000063153823
 0.006788585002992389
 0.00137874079950239
 0.006164848916864797
 0.0001036585232624321
 0.001116796793512481
 0.001019533842836752
 0.02050037004415878
 0.02050037004415878
 0.03539266003533883
 0.000212000063153823
 0.006164848916864797
 0.00137874079950239
 0.006164848916864797
 0.0001036585232624321
 0.001116796793512481
 0.001019533842836752
 0.02050037004415878
 0.02050037004415878
 0.03539266003533883
 0
 0.006164848916864797
 0.00137874079950239
 0.006164848916864797
 0.0004800552038963552
 0.001116796793512481
 0.001019533842836752
 0.02050037004415878
 0.02050037004415878
 0.03539266003533883
 0
 0.006164848916864797
 0.00137874079950239
 0.006164848916864797
 0.0004800552038963552
 0.001116796793512481
 0.001019533842836752
 0.02050037004415878
 0.02050037004415878
 0.02050037004415878
 0
 0.006164848916864797
 0
 0.006164848916864797
 0.001576031669164165
 0
 0.001019533842836752
 0.03539266003533883
 0
 0.03539266003533883
 0
 0
 0
 0.006164848916864797
 0.00624388561518549
 0
 0.001019533842836752
 0.03539266003533883
 0
 0.03539266003533883
 0
 0
 0
 0.006164848916864797
 0.00624388561518549
 0
 0
 0.02050037004415878
 0
 0.03539266003533883
 0
 0
 0
 0
 0.00624388561518549
 0
 0
 0.02050037004415878
 0
 0.03539266003533883
 0
 0
 0
 0
 0.00624388561518549
 0
 0
 0.02050037004415878
 0
 0.03539266003533883
 0
 0
 0
 0
 0.00624388561518549
 0
 0
 0.03539266003533883
 0
 0.03539266003533883
 0
 0
 0
 0
 0.00624388561518549
 0
 0
 0.02050037004415878
 0
 0.03539266003533883
 0
 0
 0
 0
 0.00624388561518549
 0
 0
 0.02050037004415878
 0
 0
 0
 0
 0
 0
 0
 0
 0
 0.02050037004415878
 0
 0
 0
 0
 0
 0
 0
 0
 0
 0.02050037004415878
 0
 0
 0
 0
 0
 0
 0
 0
 0
 0.02050037004415878
 0
 0
 0
 0
 0
 0
 0
 0
 0
 0.02050037004415878
 0
 0
 0
 0
 0
 0
 0
 0
 0
 0
 0
 0
 0
 0
 0
 0
 0
 0
 0
 0
 0
 0
 0
 0
 0
 0
 0
 0
