# Created by Octave 3.2.4, Tue Feb 05 20:55:20 2013 EST <rbom@zaphod>
# name: small_First_Fit
# type: matrix
# ndims: 3
 1 10 30
 2.82738756711474e-16
 1.125977184837883e-13
 1.598634474233518e-18
 9.04906467378674e-22
 3.935686379771723e-18
 3.206481818835753e-14
 5.218398093625819e-17
 7.239452942147076e-17
 7.171897376643141e-18
 2.538924657401283e-16
 2.82738756711474e-16
 6.652020688383776e-11
 7.849109285586209e-16
 4.955476649816002e-20
 7.209729017611337e-15
 2.006328730007824e-12
 4.42845324041759e-14
 3.446857302262268e-14
 2.563011148230532e-12
 5.5851629535694e-13
 2.457633695255912e-13
 6.652020688383776e-11
 5.306434031010336e-11
 2.498169512160537e-19
 3.600245407107709e-12
 1.807202643569426e-11
 3.949749742662116e-13
 3.687106734360727e-12
 9.594215888910805e-10
 5.976448238932298e-11
 7.829851707477264e-11
 6.652020688383776e-11
 5.306434031010336e-11
 5.559668229744541e-16
 1.460302607924664e-09
 1.734414720255784e-08
 3.259901350133056e-10
 2.205655665630638e-09
 2.53791631607024e-07
 2.353418042955392e-10
 3.698670703333701e-09
 6.652020688383776e-11
 5.306434031010336e-11
 4.841669010041671e-13
 1.460302607924664e-09
 8.417545639565676e-07
 2.651674756863417e-07
 8.150045519614172e-08
 1.379203688032998e-05
 1.423564902463422e-08
 5.356621592083215e-09
 1.332300081309878e-07
 1.996070350572018e-07
 2.595474718365147e-11
 5.494062346052595e-06
 9.55037583723656e-08
 1.40503351616521e-05
 4.980808880670772e-07
 1.379203688032998e-05
 5.520204256551118e-07
 3.164484262652367e-08
 7.83844134813683e-06
 1.996070350572018e-07
 5.795987608011574e-08
 5.494062346052595e-06
 9.55037583723656e-08
 0.0007374569488879413
 4.980808880670772e-07
 7.083163291940138e-05
 5.520204256551118e-07
 2.530349575936046e-07
 7.83844134813683e-06
 1.996070350572018e-07
 5.795987608011574e-08
 5.494062346052595e-06
 9.55037583723656e-08
 0.0007374569488879413
 4.980808880670772e-07
 8.644555494688074e-05
 5.520204256551118e-07
 2.530349575936046e-07
 7.83844134813683e-06
 0.0003753754670469698
 5.795987608011574e-08
 5.494062346052595e-06
 2.944194705096222e-07
 0.0007374569488879413
 0.0003245724338217345
 8.644555494688074e-05
 0.0003245724338217345
 2.530349575936046e-07
 7.83844134813683e-06
 0.0003753754670469698
 3.249392037409039e-06
 5.494062346052595e-06
 6.45774766604805e-06
 0.0007374569488879413
 0.0003245724338217345
 8.644555494688074e-05
 0.0003245724338217345
 8.542543651732934e-07
 7.83844134813683e-06
 0.0003753754670469698
 2.717053534107359e-05
 5.494062346052595e-06
 0.0001427839701649396
 0.0007374569488879413
 0.0003245724338217345
 0.00138415512726851
 0.0003245724338217345
 2.164877554597001e-06
 7.83844134813683e-06
 0.0003753754670469698
 0.00138415512726851
 0.0003753754670469698
 0.0001427839701649396
 0.0007374569488879413
 0.0003245724338217345
 0.008521865085235242
 0.0003245724338217345
 0.008521865085235242
 7.83844134813683e-06
 0.0003753754670469698
 0.00138415512726851
 0.0003753754670469698
 0.0001427839701649396
 0.0007374569488879413
 0.0003245724338217345
 0.008521865085235242
 0.0003245724338217345
 0.008521865085235242
 0
 0.0003753754670469698
 0.001962395779377814
 0.0003753754670469698
 0.0001427839701649396
 0
 0.0003245724338217345
 0.008521865085235242
 0.0003245724338217345
 0.008521865085235242
 0
 0.0003753754670469698
 0.001962395779377814
 0.0003753754670469698
 0.0001427839701649396
 0
 0.0007374569488879413
 0.008521865085235242
 0.0003245724338217345
 0.008521865085235242
 0
 0
 0.001962395779377814
 0.0003753754670469698
 0.0001427839701649396
 0
 0.0007374569488879413
 0.008521865085235242
 0
 0.008521865085235242
 0
 0
 0.001962395779377814
 0.0003753754670469698
 0.0001427839701649396
 0
 0.0007374569488879413
 0.008521865085235242
 0
 0.008521865085235242
 0
 0
 0.001962395779377814
 0.0003753754670469698
 0
 0
 0.0007374569488879413
 0.008521865085235242
 0
 0.008521865085235242
 0
 0
 0.001962395779377814
 0
 0
 0
 0.008521865085235242
 0
 0
 0
 0
 0
 0.008521865085235242
 0
 0
 0
 0.008521865085235242
 0
 0
 0
 0
 0
 0.008521865085235242
 0
 0
 0
 0.008521865085235242
 0
 0
 0
 0
 0
 0.008521865085235242
 0
 0
 0
 0.008521865085235242
 0
 0
 0
 0
 0
 0.008521865085235242
 0
 0
 0
 0.008521865085235242
 0
 0
 0
 0
 0
 0.008521865085235242
 0
 0
 0
 0.008521865085235242
 0
 0
 0
 0
 0
 0.008521865085235242
 0
 0
 0
 0.008521865085235242
 0
 0
 0
 0
 0
 0.008521865085235242
 0
 0
 0
 0
 0
 0
 0
 0
 0
 0
 0
 0
 0
 0
 0
 0
 0
 0
 0
 0
 0
 0
 0
 0
 0
 0
 0
 0
 0
 0
 0
 0
 0
 0
 0
 0
 0
 0
 0
 0
 0
 0
 0
 0
 0
 0
