# Created by Octave 3.2.4, Wed Feb 06 08:10:53 2013 EST <rbom@zaphod>
# name: small_First_Fit
# type: matrix
# ndims: 3
 1 10 30
 1.025374791750808e-10
 2.483268365393996e-10
 7.433404511780014e-09
 1.541428047756448e-11
 2.930756018111917e-08
 8.023679730823846e-08
 8.488262906997769e-10
 1.89186445838803e-10
 2.907338215271482e-10
 5.24662470394465e-10
 5.277527286044223e-07
 5.810527235876336e-08
 6.888001839576645e-05
 1.159922052785599e-09
 2.930756018111917e-08
 5.058464960221471e-06
 7.119955408719131e-08
 3.558178101072828e-10
 8.276177804220199e-09
 1.044162235692858e-08
 2.679113271616699e-05
 2.502118141137015e-06
 0.0001884183032363645
 1.159922052785599e-09
 2.930756018111917e-08
 7.111895982194059e-06
 7.119955408719131e-08
 3.558178101072828e-10
 8.276177804220199e-09
 1.044162235692858e-08
 0.001015828796618392
 2.502118141137015e-06
 0.0001884183032363645
 5.388880907748607e-10
 3.411910915626981e-07
 8.997008339754974e-05
 1.0775235713174e-05
 5.350198996212234e-08
 8.276177804220199e-09
 1.044162235692858e-08
 8.93365765229711e-05
 4.66301606051692e-05
 8.622055650470401e-05
 5.388880907748607e-10
 3.411910915626981e-07
 0.0017729217030454
 1.0775235713174e-05
 2.695840598255559e-06
 7.908280352024076e-07
 1.044162235692858e-08
 8.93365765229711e-05
 0.0002560668696681729
 8.003187530438922e-05
 1.423133690445763e-08
 1.026544636316793e-06
 0.01941002072264323
 0.0001318574592566268
 2.695840598255559e-06
 7.589745022254248e-05
 1.044162235692858e-08
 8.93365765229711e-05
 0.0002560668696681729
 8.003187530438922e-05
 3.359133107282563e-07
 1.163846579081342e-06
 0.01941002072264323
 0.0005328357935136236
 2.695840598255559e-06
 0.0001398621322548051
 8.182448906040273e-07
 0.002526111165701453
 0.0002560668696681729
 8.003187530438922e-05
 3.359133107282563e-07
 1.691395325581975e-05
 0.01941002072264323
 0.0005328357935136236
 9.534188981438109e-05
 0.0005648253911702055
 2.309936091732196e-06
 0.008994834293328936
 0.001298625445938675
 8.003187530438922e-05
 8.44172959682917e-07
 5.199136786468364e-05
 0.01941002072264323
 0.0005328357935136236
 9.534188981438109e-05
 0.002806679545389249
 2.309936091732196e-06
 0.008994834293328936
 0.001298625445938675
 8.003187530438922e-05
 9.418099510645643e-07
 0.0005088826828672382
 0.01941002072264323
 0.001061393526499862
 9.534188981438109e-05
 0.01696554525273819
 2.309936091732196e-06
 0.008994834293328936
 0.001298625445938675
 0
 9.418099510645643e-07
 0.0005088826828672382
 0.01941002072264323
 0.001492864075172915
 0.0003684503387690677
 0.01696554525273819
 5.703457071407595e-05
 0.008994834293328936
 0.002954000249078401
 0
 8.44172959682917e-07
 0.0005088826828672382
 0.01941002072264323
 0.001492864075172915
 0.0003684503387690677
 0.03665223359120746
 5.703457071407595e-05
 0.008994834293328936
 0.002526111165701453
 0
 1.054066562236163e-06
 0.0005088826828672382
 0
 0.001492864075172915
 0.0003684503387690677
 0.03665223359120746
 5.703457071407595e-05
 0.008994834293328936
 0.01338007526697972
 0
 1.054066562236163e-06
 0.0005088826828672382
 0
 0.01754415918852743
 0.0003684503387690677
 0.03665223359120746
 5.703457071407595e-05
 0.01977619802801852
 0.01338007526697972
 0
 0.0002849918814597044
 0.0005088826828672382
 0
 0.01754415918852743
 0.0003684503387690677
 0.03665223359120746
 5.703457071407595e-05
 0.01977619802801852
 0.03665223359120746
 0
 0.005721035278408996
 0.0005088826828672382
 0
 0.01754415918852743
 0.0003684503387690677
 0.03665223359120746
 5.703457071407595e-05
 0.01977619802801852
 0.03665223359120746
 0
 0.005721035278408996
 0
 0
 0.01754415918852743
 0.0003684503387690677
 0.03665223359120746
 5.703457071407595e-05
 0.01977619802801852
 0.03665223359120746
 0
 0.005435380173156174
 0
 0
 0.01754415918852743
 0
 0.03665223359120746
 0
 0.01977619802801852
 0.03665223359120746
 0
 0.005435380173156174
 0
 0
 0.01754415918852743
 0
 0
 0
 0.01977619802801852
 0.03665223359120746
 0
 0.005435380173156174
 0
 0
 0.01754415918852743
 0
 0
 0
 0.01977619802801852
 0.03665223359120746
 0
 0.005721035278408996
 0
 0
 0
 0
 0
 0
 0
 0.03665223359120746
 0
 0.005721035278408996
 0
 0
 0
 0
 0
 0
 0
 0
 0
 0.005721035278408996
 0
 0
 0
 0
 0
 0
 0
 0
 0
 0.005721035278408996
 0
 0
 0
 0
 0
 0
 0
 0
 0
 0.005721035278408996
 0
 0
 0
 0
 0
 0
 0
 0
 0
 0.005721035278408996
 0
 0
 0
 0
 0
 0
 0
 0
 0
 0.005721035278408996
 0
 0
 0
 0
 0
 0
 0
 0
 0
 0
 0
 0
 0
 0
 0
 0
 0
 0
 0
 0
 0
 0
 0
 0
 0
 0
 0
 0
 0
 0
 0
 0
 0
 0
 0
 0
