# Created by Octave 3.2.4, Tue Feb 05 14:55:31 2013 EST <rbom@zaphod>
# name: small_First_Fit
# type: matrix
# ndims: 3
 1 10 30
 3.549359186925773e-11
 9.451290710069057e-15
 1.211651575166091e-09
 5.120457204493618e-10
 1.057048690234404e-11
 9.326359337806409e-08
 6.151344986143988e-12
 1.814580518622578e-13
 2.325242857683282e-13
 1.397313938731986e-11
 6.645658432852991e-09
 4.765499408173309e-11
 1.019980745122058e-06
 1.434402768128034e-08
 2.482475047638001e-08
 9.326359337806409e-08
 4.727611689822849e-10
 1.627818788244947e-10
 1.244969278249138e-11
 9.44793608790071e-08
 2.097519183724302e-08
 4.140651735558724e-07
 0.0001712495090953752
 1.434402768128034e-08
 9.959301570118696e-07
 9.326359337806409e-08
 2.063360063182671e-07
 1.273412386274323e-07
 1.69871450818217e-09
 8.420593274255265e-05
 3.116472612620198e-07
 6.282580832924851e-06
 0.0001712495090953752
 2.611964114484293e-07
 1.102307837553106e-06
 9.326359337806409e-08
 1.321162806444972e-06
 1.273412386274323e-07
 5.720809511028031e-09
 8.420593274255265e-05
 3.373098939129278e-06
 6.282580832924851e-06
 0.01360098753255598
 5.005182950463635e-06
 7.35831660362112e-05
 9.326359337806409e-08
 1.107267424495237e-05
 8.995259418640728e-06
 1.110356566301882e-07
 0.0007980604420847586
 4.410005613485291e-05
 1.258517002460328e-05
 0.1288762882640562
 0.0002454970392956368
 0.0002901450502536403
 8.463227043622681e-05
 0.0002100337505951418
 0.1288762882640562
 6.805100176719722e-06
 0.001594968801819382
 0.0003129121685422045
 0.0001902648736313471
 0.1288762882640562
 0.004414293588109203
 0.0002901450502536403
 0.01259778986520989
 0.0009792297792223386
 0.1288762882640562
 6.805100176719722e-06
 0.002628908751126677
 0.0003129121685422045
 0.0001902648736313471
 0.1288762882640562
 0.004414293588109203
 0.0007586430052453742
 0.1288762882640562
 0.0009792297792223386
 0.1288762882640562
 6.805100176719722e-06
 0.002628908751126677
 0.0208927197361799
 0.0001902648736313471
 0.1288762882640562
 0.004414293588109203
 0.0009449467120709123
 0.1288762882640562
 0.01745974879709711
 0.1288762882640562
 0.0001855157542584898
 0.03153621095756856
 0.0208927197361799
 0.0001902648736313471
 0.1288762882640562
 0.004414293588109203
 0.002754855098416366
 0.1288762882640562
 0.09623961201658159
 0.1288762882640562
 0.0001855157542584898
 0.03153621095756856
 0.0208927197361799
 0.002624990618003634
 0.1288762882640562
 0.004414293588109203
 0.1288762882640562
 0.1288762882640562
 0.09623961201658159
 0.1288762882640562
 0.0001855157542584898
 0.03153621095756856
 0.0208927197361799
 0.09623961201658159
 0.1288762882640562
 0.004414293588109203
 0.1288762882640562
 0.1288762882640562
 0.09623961201658159
 0.1288762882640562
 0.001566736380069704
 0.03153621095756856
 0.0208927197361799
 0.09623961201658159
 0
 0.004414293588109203
 0.1288762882640562
 0.1288762882640562
 0.09623961201658159
 0
 0.0129216115646076
 0.03153621095756856
 0.0208927197361799
 0.09623961201658159
 0
 0
 0.1288762882640562
 0.1288762882640562
 0.09623961201658159
 0
 0.0129216115646076
 0.03153621095756856
 0.09623961201658159
 0.09623961201658159
 0
 0
 0.1288762882640562
 0
 0.09623961201658159
 0
 0.09623961201658159
 0.03153621095756856
 0.09623961201658159
 0.09623961201658159
 0
 0
 0.1288762882640562
 0
 0.09623961201658159
 0
 0.09623961201658159
 0
 0.09623961201658159
 0.09623961201658159
 0
 0
 0.1288762882640562
 0
 0
 0
 0.09623961201658159
 0
 0.09623961201658159
 0.09623961201658159
 0
 0
 0
 0
 0
 0
 0.09623961201658159
 0
 0.09623961201658159
 0
 0
 0
 0
 0
 0
 0
 0.09623961201658159
 0
 0.09623961201658159
 0
 0
 0
 0
 0
 0
 0
 0.1288762882640562
 0
 0.09623961201658159
 0
 0
 0
 0
 0
 0
 0
 0.1288762882640562
 0
 0
 0
 0
 0
 0
 0
 0
 0
 0.1288762882640562
 0
 0
 0
 0
 0
 0
 0
 0
 0
 0.1288762882640562
 0
 0
 0
 0
 0
 0
 0
 0
 0
 0.09623961201658159
 0
 0
 0
 0
 0
 0
 0
 0
 0
 0.1288762882640562
 0
 0
 0
 0
 0
 0
 0
 0
 0
 0.09623961201658159
 0
 0
 0
 0
 0
 0
 0
 0
 0
 0.09623961201658159
 0
 0
 0
 0
 0
 0
 0
 0
 0
 0.09623961201658159
 0
 0
 0
 0
 0
 0
 0
 0
 0
 0.09623961201658159
 0
 0
 0
 0
 0
 0
 0
 0
 0
 0.09623961201658159
 0
