# Created by Octave 3.2.4, Mon Feb 04 21:01:31 2013 EST <rbom@zaphod>
# name: small_First_Fit
# type: matrix
# ndims: 3
 1 10 30
 1.492488519575948e-21
 3.316737630017187e-16
 2.441776797808752e-16
 3.711419689382955e-19
 5.408742532414902e-22
 3.611652108768233e-16
 5.108144157675692e-20
 1.06581603078253e-23
 6.651057817688069e-23
 3.590991815284699e-16
 8.645687642811033e-17
 3.361803662147068e-12
 8.018937548480746e-14
 1.743195963703586e-17
 9.932039416082558e-18
 8.248906681531698e-14
 6.878966099619514e-17
 6.296120338164463e-13
 2.719708065044197e-18
 3.590991815284699e-16
 1.5174879063859e-13
 8.053524640125088e-10
 2.324789468331732e-10
 1.145418034727457e-16
 4.626198050716831e-15
 6.489989730465048e-10
 1.336997369635343e-12
 6.296120338164463e-13
 1.381122382162438e-14
 6.979477609942472e-12
 4.294122819786601e-11
 1.06703322627322e-06
 2.824649945453017e-07
 5.658477541913055e-14
 5.43029600436602e-13
 2.182109799624301e-07
 5.486683182963297e-11
 1.522102367347082e-10
 2.684359597494435e-10
 1.282626723589178e-08
 4.226255928023031e-09
 1.915096759140761e-05
 2.824649945453017e-07
 3.297565628838326e-12
 5.43029600436602e-13
 9.936580535549711e-06
 5.198331576299899e-09
 1.426045304066609e-08
 2.684359597494435e-10
 3.635558600468724e-07
 9.076272426562326e-06
 0.0001100395516287521
 2.824649945453017e-07
 1.099785331674707e-09
 8.194120658308727e-10
 9.936580535549711e-06
 2.85044429291562e-07
 6.691786769255005e-07
 7.202464506057699e-09
 3.635558600468724e-07
 0.000692020500087626
 0.0001100395516287521
 3.071413867176146e-05
 1.86272144616816e-08
 1.270551912442791e-07
 9.936580535549711e-06
 2.85044429291562e-07
 6.691786769255005e-07
 7.202464506057699e-09
 3.635558600468724e-07
 0.000692020500087626
 0.001221391683760352
 3.071413867176146e-05
 5.147167423460656e-07
 1.270551912442791e-07
 9.936580535549711e-06
 8.320476647100896e-05
 1.713112003756154e-05
 7.202464506057699e-09
 3.635558600468724e-07
 0.000692020500087626
 0.007908525484108777
 3.071413867176146e-05
 5.147167423460656e-07
 5.798806916972586e-05
 2.523058210122678e-05
 8.320476647100896e-05
 1.713112003756154e-05
 8.607292557471749e-06
 0.00121840418605857
 0.000692020500087626
 0.007908525484108777
 3.071413867176146e-05
 5.147167423460656e-07
 5.798806916972586e-05
 2.523058210122678e-05
 8.320476647100896e-05
 1.713112003756154e-05
 8.607292557471749e-06
 0.00121840418605857
 0.000692020500087626
 0.007908525484108777
 3.071413867176146e-05
 1.033841371253513e-05
 0.007908525484108777
 2.523058210122678e-05
 8.320476647100896e-05
 1.713112003756154e-05
 8.607292557471749e-06
 0.00121840418605857
 0.000692020500087626
 0.007908525484108777
 3.071413867176146e-05
 1.033841371253513e-05
 0.007908525484108777
 2.523058210122678e-05
 8.320476647100896e-05
 1.713112003756154e-05
 0.001437400567499119
 0.00121840418605857
 0.000692020500087626
 0.007908525484108777
 3.071413867176146e-05
 1.033841371253513e-05
 0.007908525484108777
 3.071413867176146e-05
 8.320476647100896e-05
 1.713112003756154e-05
 0.001437400567499119
 0.00121840418605857
 0
 0.007908525484108777
 0
 1.033841371253513e-05
 0.007908525484108777
 3.071413867176146e-05
 8.320476647100896e-05
 1.713112003756154e-05
 0.001437400567499119
 0.00121840418605857
 0
 0.007908525484108777
 0
 1.033841371253513e-05
 0.007908525484108777
 3.071413867176146e-05
 0
 0
 0.001437400567499119
 0.00121840418605857
 0
 0
 0
 1.033841371253513e-05
 0.007908525484108777
 3.071413867176146e-05
 0
 0
 0.001437400567499119
 0
 0
 0
 0
 1.033841371253513e-05
 0.007908525484108777
 3.071413867176146e-05
 0
 0
 0.001437400567499119
 0
 0
 0
 0
 0
 0
 3.071413867176146e-05
 0
 0
 0.001437400567499119
 0
 0
 0
 0
 0
 0
 3.071413867176146e-05
 0
 0
 0
 0
 0
 0
 0
 0
 0
 0
 0
 0
 0
 0
 0
 0
 0
 0
 0
 0
 0
 0
 0
 0
 0
 0
 0
 0
 0
 0
 0
 0
 0
 0
 0
 0
 0
 0
 0
 0
 0
 0
 0
 0
 0
 0
 0
 0
 0
 0
 0
 0
 0
 0
 0
 0
 0
 0
 0
 0
 0
 0
 0
 0
 0
 0
 0
 0
 0
 0
 0
 0
 0
 0
 0
 0
 0
 0
 0
 0
 0
 0
 0
 0
 0
 0
 0
 0
 0
 0
 0
 0
 0
 0
 0
 0
 0
 0
 0
 0
 0
 0
 0
 0
 0
 0
 0
 0
 0
 0
 0
 0
 0
 0
