# Created by Octave 3.2.4, Mon Feb 04 14:24:48 2013 EST <rbom@zaphod>
# name: small_First_Fit
# type: matrix
# ndims: 3
 1 10 30
 1.574557923245759e-20
 5.291840145747596e-15
 7.005084646428939e-16
 1.092967623694941e-18
 4.447923160130535e-15
 5.544277713516085e-19
 3.758145026054331e-14
 9.830197952316091e-21
 2.902808766110891e-09
 9.505893864450495e-17
 5.041654399778717e-17
 8.346755855368461e-12
 3.05382027745633e-12
 2.600834906162577e-12
 1.184796446792576e-11
 1.304883480292448e-16
 4.321578720614035e-11
 8.890921690678158e-13
 2.902808766110891e-09
 4.958799218385025e-13
 1.391233931664997e-12
 8.346755855368461e-12
 2.512787265541964e-10
 3.839704460383252e-09
 9.684609900542327e-10
 5.291221546545361e-13
 1.995637884996989e-09
 2.321713197980038e-10
 2.902808766110891e-09
 7.873943881483785e-10
 1.288864096942202e-09
 3.202451329371373e-10
 2.512787265541964e-10
 1.409564685956464e-08
 3.934086213901669e-08
 6.838540891085665e-11
 1.795967302329906e-07
 2.321713197980038e-10
 2.902808766110891e-09
 2.420623864325603e-07
 1.288588503734504e-07
 7.347870625701083e-10
 1.040843032040367e-08
 1.409564685956464e-08
 3.934086213901669e-08
 6.838540891085665e-11
 1.396307984738309e-05
 2.321713197980038e-10
 2.902808766110891e-09
 1.839804376165666e-05
 9.329163570015459e-06
 2.684327419403719e-08
 4.551202287764068e-08
 7.806123690645207e-08
 7.92488491507822e-06
 4.428456996409039e-08
 0.0001342536804758484
 2.989091817856855e-08
 1.084517662519492e-05
 1.839804376165666e-05
 9.329163570015459e-06
 0.0003951578141780892
 4.551202287764068e-08
 7.806123690645207e-08
 7.92488491507822e-06
 3.698711328126239e-06
 0.0001342536804758484
 2.490870338488531e-06
 1.084517662519492e-05
 1.839804376165666e-05
 7.21832222967413e-05
 0.0003951578141780892
 4.551202287764068e-08
 7.806123690645207e-08
 7.92488491507822e-06
 3.698711328126239e-06
 0.005889731912987548
 0.0004804936297099407
 1.084517662519492e-05
 1.839804376165666e-05
 0.0001176579112628306
 0.0004605057620684017
 4.551202287764068e-08
 7.806123690645207e-08
 7.92488491507822e-06
 2.793897938409685e-05
 0.005889731912987548
 0.0004804936297099407
 1.084517662519492e-05
 1.839804376165666e-05
 0.005889731912987548
 0.0007692927897126351
 4.551202287764068e-08
 7.04308813314205e-06
 7.92488491507822e-06
 2.793897938409685e-05
 0.005889731912987548
 0.0004804936297099407
 1.084517662519492e-05
 1.839804376165666e-05
 0.005889731912987548
 0.0007692927897126351
 4.551202287764068e-08
 7.04308813314205e-06
 7.92488491507822e-06
 4.539753531700007e-05
 0.005889731912987548
 0.0004804936297099407
 0.0001266374238578265
 1.839804376165666e-05
 0.008147287876284394
 0.0007692927897126351
 4.551202287764068e-08
 7.04308813314205e-06
 7.92488491507822e-06
 0.0001342536804758484
 0.005889731912987548
 0.0004804936297099407
 1.084517662519492e-05
 0
 0.008147287876284394
 0.0007692927897126351
 0
 0.005889731912987548
 0
 0.0001342536804758484
 0.005889731912987548
 0.0004804936297099407
 1.084517662519492e-05
 0
 0.005889731912987548
 0.0007692927897126351
 0
 0.005889731912987548
 0
 0.005889731912987548
 0.005889731912987548
 0.0004804936297099407
 1.084517662519492e-05
 0
 0.008147287876284394
 0.0007692927897126351
 0
 0.005889731912987548
 0
 0.008147287876284394
 0
 0
 1.084517662519492e-05
 0
 0.005889731912987548
 0.0007692927897126351
 0
 0.005889731912987548
 0
 0.008147287876284394
 0
 0
 1.084517662519492e-05
 0
 0.005889731912987548
 0
 0
 0.005889731912987548
 0
 0.008147287876284394
 0
 0
 1.084517662519492e-05
 0
 0.005889731912987548
 0
 0
 0.005889731912987548
 0
 0.008147287876284394
 0
 0
 0
 0
 0.005889731912987548
 0
 0
 0.005889731912987548
 0
 0.008147287876284394
 0
 0
 0
 0
 0.005889731912987548
 0
 0
 0
 0
 0.008147287876284394
 0
 0
 0
 0
 0.005889731912987548
 0
 0
 0
 0
 0.008147287876284394
 0
 0
 0
 0
 0
 0
 0
 0
 0
 0
 0
 0
 0
 0
 0
 0
 0
 0
 0
 0
 0
 0
 0
 0
 0
 0
 0
 0
 0
 0
 0
 0
 0
 0
 0
 0
 0
 0
 0
 0
 0
 0
 0
 0
 0
 0
 0
 0
 0
 0
 0
 0
 0
 0
 0
 0
 0
 0
 0
 0
 0
 0
 0
 0
 0
 0
 0
 0
 0
 0
 0
 0
 0
 0
 0
 0
 0
 0
 0
 0
 0
 0
 0
 0
 0
 0
 0
 0
 0
 0
 0
 0
 0
 0
