# Created by Octave 3.2.4, Tue Feb 05 08:45:26 2013 EST <rbom@zaphod>
# name: small_First_Fit
# type: matrix
# ndims: 3
 1 10 30
 1.172152366769338e-14
 2.421260673508427e-15
 3.697217726932534e-14
 1.17028963646052e-18
 6.131963108967388e-18
 1.446153409155159e-18
 8.167108559079612e-16
 6.560220921976269e-16
 2.695347843301977e-18
 2.130441007611123e-17
 5.513757841550536e-13
 2.040303270016457e-10
 1.446429543208193e-13
 1.899461407477021e-15
 3.742659023597123e-14
 1.463198203363796e-12
 8.167108559079612e-16
 2.274850034498958e-13
 2.406562264066896e-16
 6.749589818586122e-15
 5.926330042428869e-12
 4.368526666419049e-08
 1.48714754524785e-10
 6.971287935038964e-13
 3.828029314427287e-10
 1.875748313745022e-10
 4.714542866129935e-13
 2.274850034498958e-13
 1.029531717512936e-13
 4.678397436894065e-11
 1.058139761606512e-09
 4.368526666419049e-08
 3.510553983500634e-08
 2.245981062453106e-10
 1.297933733307727e-06
 6.378626684981584e-09
 7.583585045527597e-10
 2.058558046453072e-11
 1.029531717512936e-13
 1.225804911937848e-08
 3.663566885366063e-07
 2.535538350836405e-07
 9.275219973317629e-06
 5.272215309681388e-08
 1.297933733307727e-06
 6.378626684981584e-09
 9.853069254859623e-08
 8.381868418965078e-08
 1.029531717512936e-13
 1.028537147671803e-06
 3.637950939313169e-05
 4.368526666419049e-08
 9.275219973317629e-06
 5.272215309681388e-08
 1.297933733307727e-06
 6.378626684981584e-09
 9.853069254859623e-08
 2.181172797137929e-06
 3.639004620696222e-11
 1.028537147671803e-06
 3.637950939313169e-05
 0.0001872606010904362
 0.002325157273295283
 4.141583826611597e-06
 1.297933733307727e-06
 2.413205704809777e-07
 1.416823643666539e-07
 2.181172797137929e-06
 2.943822287283305e-05
 1.028537147671803e-06
 0.001630954074031287
 0.0001872606010904362
 0.002325157273295283
 4.141583826611597e-06
 1.297933733307727e-06
 2.413205704809777e-07
 4.124367893003106e-06
 2.181172797137929e-06
 0.01396406088527922
 1.028537147671803e-06
 0.001630954074031287
 0.0001872606010904362
 0.002325157273295283
 2.826661871318812e-05
 1.297933733307727e-06
 2.413205704809777e-07
 0.001211719248605695
 2.181172797137929e-06
 0.01396406088527922
 0.0002132998607651705
 0.001630954074031287
 0.0001872606010904362
 0.002325157273295283
 6.849980796488774e-05
 1.297933733307727e-06
 6.840120318400737e-07
 0.001211719248605695
 0.01396406088527922
 0.01396406088527922
 0.0002132998607651705
 0.006998101065150311
 0.006998101065150311
 0.002325157273295283
 6.849980796488774e-05
 0
 6.840120318400737e-07
 0.001211719248605695
 0.01396406088527922
 0.01396406088527922
 0.0002132998607651705
 0.006998101065150311
 0.006998101065150311
 0.002325157273295283
 6.849980796488774e-05
 0
 6.840120318400737e-07
 0.01396406088527922
 0.01396406088527922
 0.01396406088527922
 0.0006957976364705562
 0.006998101065150311
 0.006998101065150311
 0.002325157273295283
 6.849980796488774e-05
 0
 6.840120318400737e-07
 0.01396406088527922
 0.01396406088527922
 0.01396406088527922
 0.0006957976364705562
 0.006998101065150311
 0.006998101065150311
 0
 6.849980796488774e-05
 0
 6.840120318400737e-07
 0.01396406088527922
 0.01396406088527922
 0.01396406088527922
 0.0006957976364705562
 0.006998101065150311
 0.006998101065150311
 0
 0.001630954074031287
 0
 0.002325157273295283
 0.01396406088527922
 0.01396406088527922
 0
 0.0006957976364705562
 0.006998101065150311
 0.006998101065150311
 0
 0.006998101065150311
 0
 0.01396406088527922
 0.01396406088527922
 0.01396406088527922
 0
 0.0006957976364705562
 0.006998101065150311
 0.006998101065150311
 0
 0.01396406088527922
 0
 0.01396406088527922
 0.01396406088527922
 0
 0
 0.0006957976364705562
 0
 0
 0
 0.01396406088527922
 0
 0.01396406088527922
 0.01396406088527922
 0
 0
 0.001211719248605695
 0
 0
 0
 0.01396406088527922
 0
 0.01396406088527922
 0
 0
 0
 0.001630954074031287
 0
 0
 0
 0.01396406088527922
 0
 0.01396406088527922
 0
 0
 0
 0.001630954074031287
 0
 0
 0
 0.01396406088527922
 0
 0.01396406088527922
 0
 0
 0
 0.001630954074031287
 0
 0
 0
 0.01396406088527922
 0
 0.01396406088527922
 0
 0
 0
 0.001630954074031287
 0
 0
 0
 0.01396406088527922
 0
 0
 0
 0
 0
 0.006998101065150311
 0
 0
 0
 0
 0
 0
 0
 0
 0
 0.01396406088527922
 0
 0
 0
 0
 0
 0
 0
 0
 0
 0.01396406088527922
 0
 0
 0
 0
 0
 0
 0
 0
 0
 0.01396406088527922
 0
 0
 0
 0
 0
 0
 0
 0
 0
 0.01396406088527922
 0
 0
 0
 0
 0
 0
 0
 0
 0
 0.01396406088527922
 0
 0
 0
 0
 0
 0
 0
 0
 0
 0.01396406088527922
 0
 0
 0
 0
 0
 0
 0
 0
 0
 0.01396406088527922
