# Created by Octave 3.2.4, Tue Feb 05 17:51:46 2013 EST <rbom@zaphod>
# name: small_First_Fit
# type: matrix
# ndims: 3
 1 10 30
 2.396119390537411e-11
 4.225951818832373e-08
 1.0639870113322e-12
 1.059191238989049e-07
 5.180541530447642e-11
 9.361518128321731e-10
 8.427848800663323e-13
 9.88957314998102e-10
 4.530808737463248e-15
 2.016113757967168e-12
 1.389428091203477e-08
 5.596776619918254e-06
 8.735306625141144e-11
 4.069564918421323e-06
 6.964060474349291e-09
 1.54017603783664e-08
 5.071818665934609e-11
 1.718181363805743e-05
 4.282510847812332e-11
 8.573702508614158e-07
 8.2432636391081e-08
 6.399717886748937e-05
 1.346884741113847e-10
 3.063121841766541e-05
 2.745407005351445e-07
 1.614683069718651e-08
 4.248954834096459e-10
 1.718181363805743e-05
 4.808798467117375e-09
 3.214319681367086e-05
 4.084125431010119e-05
 6.399717886748937e-05
 1.066340052640004e-08
 4.332245698562176e-05
 2.384865017898084e-06
 2.074023251406097e-06
 3.286542278213127e-08
 1.718181363805743e-05
 4.209797232299054e-06
 0.000280098071019188
 0.000355004071746165
 6.399717886748937e-05
 1.516945458933761e-07
 0.0003238902414494746
 2.384865017898084e-06
 0.0006797136529100414
 1.307365598073787e-05
 1.718181363805743e-05
 0.0004084775212993635
 0.000280098071019188
 0.000355004071746165
 0.0007079863745743705
 1.516945458933761e-07
 0.0003238902414494746
 2.384865017898084e-06
 0.002984856223742764
 0.0003772793514412662
 0.0001025838159393588
 0.0004084775212993635
 0.000280098071019188
 0.000355004071746165
 0.002146972204388801
 0.0002245561073993974
 0.0003238902414494746
 2.923323456543494e-05
 0.002984856223742764
 0.0003772793514412662
 0.0001025838159393588
 0.0006491480817352964
 0.0005450244011238487
 0.000355004071746165
 0.002146972204388801
 0.0002245561073993974
 0.001269148730037117
 2.923323456543494e-05
 0.02404568742334712
 0.009645001631175048
 0.0001025838159393588
 0.0006491480817352964
 0.007219737106336035
 0.000355004071746165
 0.002146972204388801
 0.002238981404626888
 0.002238981404626888
 2.923323456543494e-05
 0.02404568742334712
 0.009645001631175048
 0.001532826243888344
 0.0006491480817352964
 0.007219737106336035
 0.000355004071746165
 0.002146972204388801
 0.002238981404626888
 0.002238981404626888
 0.001254643226549397
 0.02404568742334712
 0.009645001631175048
 0.007219737106336035
 0.0006491480817352964
 0.007219737106336035
 0.000355004071746165
 0.002146972204388801
 0.002449137847130047
 0.002238981404626888
 0.001254643226549397
 0.02404568742334712
 0.009645001631175048
 0.007219737106336035
 0.0006491480817352964
 0.007219737106336035
 0
 0.009645001631175048
 0.002449137847130047
 0.002238981404626888
 0.009645001631175048
 0.02404568742334712
 0.009645001631175048
 0.007219737106336035
 0.004113727918926662
 0.007219737106336035
 0
 0.009645001631175048
 0.002449137847130047
 0.002238981404626888
 0.009645001631175048
 0.02404568742334712
 0.009645001631175048
 0.007219737106336035
 0.005266879824267157
 0.007219737106336035
 0
 0.009645001631175048
 0.002238981404626888
 0.002238981404626888
 0.01166825460955262
 0.02404568742334712
 0.009645001631175048
 0.007219737106336035
 0.005266879824267157
 0.007219737106336035
 0
 0.009645001631175048
 0.002238981404626888
 0.003954697263278658
 0.01166825460955262
 0
 0
 0.007219737106336035
 0.005266879824267157
 0
 0
 0.009645001631175048
 0.002238981404626888
 0.003954697263278658
 0.009645001631175048
 0
 0
 0.007219737106336035
 0.004113727918926662
 0
 0
 0.009645001631175048
 0.002238981404626888
 0.003954697263278658
 0.01166825460955262
 0
 0
 0
 0.004113727918926662
 0
 0
 0.009645001631175048
 0
 0.003954697263278658
 0.009645001631175048
 0
 0
 0
 0.004113727918926662
 0
 0
 0
 0
 0.02366735844247886
 0.01166825460955262
 0
 0
 0
 0.004113727918926662
 0
 0
 0
 0
 0.02366735844247886
 0.01166825460955262
 0
 0
 0
 0
 0
 0
 0
 0
 0.02366735844247886
 0.01166825460955262
 0
 0
 0
 0
 0
 0
 0
 0
 0.02366735844247886
 0.01166825460955262
 0
 0
 0
 0
 0
 0
 0
 0
 0.02366735844247886
 0.01166825460955262
 0
 0
 0
 0
 0
 0
 0
 0
 0.02366735844247886
 0.01166825460955262
 0
 0
 0
 0
 0
 0
 0
 0
 0.02366735844247886
 0.01166825460955262
 0
 0
 0
 0
 0
 0
 0
 0
 0
 0
 0
 0
 0
 0
 0
 0
 0
 0
 0
 0
 0
 0
 0
 0
 0
 0
 0
 0
 0
 0
 0
 0
 0
 0
 0
 0
 0
 0
 0
 0
 0
 0
 0
 0
 0
 0
 0
 0
 0
 0
 0
 0
 0
 0
 0
