# Created by Octave 3.2.4, Mon Feb 04 14:15:30 2013 EST <rbom@zaphod>
# name: small_First_Fit
# type: matrix
# ndims: 3
 1 10 30
 9.030430526180842e-16
 1.275563235878909e-15
 3.908721085742889e-16
 4.342134825199506e-15
 5.896614708328504e-14
 5.607226681090154e-18
 6.153696056050376e-13
 2.408381701850291e-19
 2.626685511266014e-18
 4.410877999261385e-15
 1.15166019942415e-14
 2.686013097649446e-13
 1.698501858470048e-13
 4.342134825199506e-15
 1.171967564330596e-10
 8.686192433504148e-15
 1.610048221151586e-10
 2.653470405716891e-13
 1.886496444856029e-16
 5.343753732181586e-14
 8.800770734120058e-12
 3.900930603130296e-11
 7.458396595012642e-10
 6.337635399978627e-13
 4.393846264648129e-08
 3.701769530733649e-12
 1.255580889536403e-08
 8.683670357291527e-10
 8.518565750193225e-12
 3.17658905083194e-13
 3.622734073624392e-09
 1.714459735210592e-08
 4.452716550270254e-08
 1.067846476178902e-11
 1.675972876444975e-05
 2.790839322092537e-10
 2.881095361907627e-06
 6.110919342126737e-08
 3.496589450729868e-09
 1.361710852893333e-11
 4.422860674729826e-08
 1.432811221250637e-06
 1.017016327188019e-07
 8.374620101209592e-10
 4.437500396747164e-05
 2.790839322092537e-10
 0.0001245900768343484
 2.36240909139655e-06
 3.496589450729868e-09
 3.137028680529831e-10
 4.422860674729826e-08
 0.0001423206702698941
 1.110228131004428e-05
 5.211862677052926e-07
 0.000157820149318549
 2.790839322092537e-10
 0.0001245900768343484
 2.36240909139655e-06
 3.106623683547374e-07
 2.738813723012516e-08
 1.184748875379065e-06
 0.001294918297759104
 1.110228131004428e-05
 5.211862677052926e-07
 0.000157820149318549
 4.950829510754138e-07
 0.0001245900768343484
 2.36240909139655e-06
 6.036257660648551e-06
 2.896314297091024e-07
 3.881653518329175e-05
 0.001294918297759104
 5.529797302370592e-05
 5.211862677052926e-07
 0.0002236007054536072
 0.0001011568403205214
 0.0001245900768343484
 2.36240909139655e-06
 6.036257660648551e-06
 2.293484958004662e-06
 3.881653518329175e-05
 0.001294918297759104
 5.529797302370592e-05
 5.211862677052926e-07
 0.0002236007054536072
 0.0001011568403205214
 0.0001245900768343484
 0.0001011568403205214
 1.743917996827234e-05
 2.424252557424153e-05
 3.881653518329175e-05
 0.001294918297759104
 5.529797302370592e-05
 5.211862677052926e-07
 0.0002236007054536072
 0.0001011568403205214
 0.0001245900768343484
 0.0001011568403205214
 1.743917996827234e-05
 2.424252557424153e-05
 3.881653518329175e-05
 0.001294918297759104
 0.0001011568403205214
 5.211862677052926e-07
 0.0002236007054536072
 0.0001011568403205214
 0.0001245900768343484
 0.0001011568403205214
 1.743917996827234e-05
 0.0002578537679079952
 3.881653518329175e-05
 0.001294918297759104
 0.0001011568403205214
 5.211862677052926e-07
 0.0002236007054536072
 0.0001011568403205214
 0
 0.0001011568403205214
 1.743917996827234e-05
 0.0002578537679079952
 0.0005734661546893065
 0.001294918297759104
 0.0001011568403205214
 0
 0.0002236007054536072
 0.0001050620600929123
 0
 0.0001011568403205214
 1.743917996827234e-05
 0.0002578537679079952
 0.0005734661546893065
 0
 0.0001011568403205214
 0
 0.0002236007054536072
 0.0001856298733099041
 0
 0.0001011568403205214
 1.743917996827234e-05
 0.0002578537679079952
 0.0005734661546893065
 0
 0.0001011568403205214
 0
 0
 0.0001050620600929123
 0
 0.0001011568403205214
 1.743917996827234e-05
 0.0002578537679079952
 0.0005734661546893065
 0
 0.0001011568403205214
 0
 0
 0.0001050620600929123
 0
 0
 0
 0.0002578537679079952
 0.0005734661546893065
 0
 0.0001011568403205214
 0
 0
 0.0001856298733099041
 0
 0
 0
 0.0002578537679079952
 0.0005734661546893065
 0
 0
 0
 0
 0.0001856298733099041
 0
 0
 0
 0
 0.0005734661546893065
 0
 0
 0
 0
 0.0001856298733099041
 0
 0
 0
 0
 0
 0
 0
 0
 0
 0.0001856298733099041
 0
 0
 0
 0
 0
 0
 0
 0
 0
 0.0001856298733099041
 0
 0
 0
 0
 0
 0
 0
 0
 0
 0.0001856298733099041
 0
 0
 0
 0
 0
 0
 0
 0
 0
 0.0001856298733099041
 0
 0
 0
 0
 0
 0
 0
 0
 0
 0
 0
 0
 0
 0
 0
 0
 0
 0
 0
 0
 0
 0
 0
 0
 0
 0
 0
 0
 0
 0
 0
 0
 0
 0
 0
 0
 0
 0
 0
 0
 0
 0
 0
 0
 0
 0
 0
 0
 0
 0
 0
 0
 0
 0
 0
 0
 0
 0
 0
 0
 0
 0
 0
 0
 0
 0
 0
 0
 0
 0
 0
 0
 0
 0
