# Created by Octave 3.2.4, Tue Feb 05 07:47:13 2013 EST <rbom@zaphod>
# name: small_First_Fit
# type: matrix
# ndims: 3
 1 10 30
 8.27736523445394e-11
 7.137047808376332e-08
 1.10594539912019e-07
 1.765919714578942e-11
 1.834788152792137e-08
 6.180018011066572e-12
 9.20647390938217e-08
 2.139447043044504e-10
 4.449439834602363e-11
 3.656243040089734e-08
 2.952184165659201e-08
 3.665535517097487e-06
 4.173718048233525e-07
 4.911919148842712e-09
 1.400963657156992e-07
 2.681277267739113e-06
 9.20647390938217e-08
 1.581510288454827e-08
 6.40279419305771e-08
 2.253205159739778e-06
 3.623900608053927e-08
 3.665535517097487e-06
 4.173718048233525e-07
 5.133584602435033e-08
 1.963703578987616e-07
 2.785127615174784e-05
 7.520195830610046e-07
 8.939592243657343e-07
 7.05347966797537e-07
 1.723759034472617e-05
 2.787538558689557e-07
 7.43402740256788e-06
 7.965161613767882e-07
 2.69248524082146e-07
 9.40654767717931e-07
 2.785127615174784e-05
 4.704164243791024e-06
 2.221362187193819e-05
 4.281890103658401e-06
 1.723759034472617e-05
 1.239368136799346e-05
 6.307214391275077e-05
 2.468466028601136e-06
 2.226278906347824e-06
 1.257132401346657e-05
 6.565937238204282e-05
 4.704164243791024e-06
 2.221362187193819e-05
 3.471397159342609e-05
 0.0001164545383135919
 0.0001228863093240235
 0.0001483566730844102
 7.053047054828615e-06
 2.226278906347824e-06
 0.0001227390851339348
 6.565937238204282e-05
 3.205925279716364e-05
 2.221362187193819e-05
 3.471397159342609e-05
 0.0001164545383135919
 8.259453430784886e-05
 0.00179224484364075
 0.0003862021257792977
 5.381869622024893e-05
 0.0007820895768067106
 0.0007183247562813351
 0.0001108538844486507
 2.221362187193819e-05
 3.471397159342609e-05
 0.0001164545383135919
 0.0001228863093240235
 0.00179224484364075
 0.0003862021257792977
 0.0001092336340235297
 0.003456718644576016
 0.007448511657745447
 0.0007050533188700228
 2.221362187193819e-05
 0.001050837283579269
 0.0001164545383135919
 0.0001228863093240235
 0.00179224484364075
 0.001715956750582859
 0.0002880224145652894
 0.003456718644576016
 0.007448511657745447
 0.0007050533188700228
 2.221362187193819e-05
 0.001050837283579269
 0.0001164545383135919
 7.087018028583047e-05
 0.00179224484364075
 0.001715956750582859
 0.0002880224145652894
 0.003456718644576016
 0.007448511657745447
 0.0007050533188700228
 2.221362187193819e-05
 0.001050837283579269
 0.0001164545383135919
 7.087018028583047e-05
 0.00179224484364075
 0.001715956750582859
 0.0002880224145652894
 0.003456718644576016
 0.007448511657745447
 0.0007050533188700228
 0
 0.002152517984866161
 0.007856588250153916
 8.259453430784886e-05
 0.00179224484364075
 0.002503189956822945
 0.0006272781086720587
 0.003456718644576016
 0.007448511657745447
 0.0007050533188700228
 0
 0.002152517984866161
 0.007856588250153916
 0.0003282349843262364
 0.00179224484364075
 0.002503189956822945
 0.0006272781086720587
 0.003456718644576016
 0.007448511657745447
 0.0007050533188700228
 0
 0.002152517984866161
 0.007856588250153916
 0.000383839617858033
 0
 0.00378454077666608
 0.0007801928701341933
 0.003456718644576016
 0.007448511657745447
 0.0007050533188700228
 0
 0.002152517984866161
 0.007856588250153916
 0.000383839617858033
 0
 0.00378454077666608
 0.0006272781086720587
 0
 0
 0
 0
 0.002152517984866161
 0.007856588250153916
 0.0003316525289704674
 0
 0.00378454077666608
 0.0006272781086720587
 0
 0
 0
 0
 0.002152517984866161
 0.007856588250153916
 0.000383839617858033
 0
 0.00378454077666608
 0.003205984135124486
 0
 0
 0
 0
 0.002172970958235445
 0.007856588250153916
 0.0003478360623675517
 0
 0.00378454077666608
 0.003205984135124486
 0
 0
 0
 0
 0.002152517984866161
 0
 0.001252861916488225
 0
 0.00378454077666608
 0.003205984135124486
 0
 0
 0
 0
 0.002172970958235445
 0
 0.007856588250153916
 0
 0.00378454077666608
 0.003205984135124486
 0
 0
 0
 0
 0.002152517984866161
 0
 0.007856588250153916
 0
 0
 0.003205984135124486
 0
 0
 0
 0
 0.002172970958235445
 0
 0.007856588250153916
 0
 0
 0.004741034469289428
 0
 0
 0
 0
 0.002172970958235445
 0
 0.007856588250153916
 0
 0
 0.004741034469289428
 0
 0
 0
 0
 0.002152517984866161
 0
 0.007856588250153916
 0
 0
 0.004741034469289428
 0
 0
 0
 0
 0.002152517984866161
 0
 0.007856588250153916
 0
 0
 0.004741034469289428
 0
 0
 0
 0
 0.002152517984866161
 0
 0.007856588250153916
 0
 0
 0.004741034469289428
 0
 0
 0
 0
 0.002152517984866161
 0
 0
 0
 0
 0.004852574645123615
 0
 0
 0
 0
 0.002152517984866161
 0
 0
 0
 0
 0.004741034469289428
 0
 0
 0
 0
 0
 0
 0
 0
 0
 0.004741034469289428
 0
 0
 0
 0
 0
 0
 0
 0
 0
 0.004741034469289428
 0
 0
 0
 0
 0
 0
