# Created by Octave 3.2.4, Wed Feb 06 04:17:39 2013 EST <rbom@zaphod>
# name: small_First_Fit
# type: matrix
# ndims: 3
 1 10 30
 3.858254594157025e-09
 2.380727730714969e-07
 2.788705559317235e-10
 2.576108011890541e-13
 1.11801745724969e-13
 2.942596883341884e-11
 6.118683659544722e-11
 3.196994333683255e-09
 8.178478002320498e-07
 9.377180080900881e-10
 5.484231542094525e-08
 1.858232511683378e-05
 1.381653312490039e-08
 5.500718208733173e-08
 3.003920097206735e-07
 1.270686115311738e-08
 3.623657991824406e-09
 7.030543124960024e-07
 0.0003050272301950984
 1.108281835387376e-09
 1.167171514229648e-06
 1.858232511683378e-05
 1.381653312490039e-08
 8.45652734424588e-07
 2.94338474996567e-05
 5.153805143438276e-08
 6.284337024272482e-08
 7.030543124960024e-07
 0.0018435539204499
 1.108281835387376e-09
 1.167171514229648e-06
 0.000188328012116666
 2.485471252470586e-07
 4.645466411072042e-05
 0.003848276277702085
 1.059235840068792e-05
 6.284337024272482e-08
 1.022710882787204e-05
 0.00816452500568136
 9.377180080900881e-10
 0.0002820410106505152
 0.000188328012116666
 2.485471252470586e-07
 0.00191595205299164
 0.003848276277702085
 0.0002317497686583766
 6.284337024272482e-08
 9.263611576208386e-05
 0.00816452500568136
 1.141063460189665e-08
 0.001297213437788826
 0.000188328012116666
 1.190238628457126e-05
 0.02684949369480993
 0.04831270347309446
 0.0002317497686583766
 5.348288650406734e-06
 9.263611576208386e-05
 0.04831270347309446
 1.141063460189665e-08
 0.03685805872640692
 0.000188328012116666
 0.003704620158162759
 0.02684949369480993
 0.04831270347309446
 0.001482380965874327
 4.848896096398035e-05
 9.263611576208386e-05
 0.04831270347309446
 4.610042677829841e-08
 0.03685805872640692
 0.000188328012116666
 0.003704620158162759
 0.02684949369480993
 0.04831270347309446
 0.001482380965874327
 0.000510101800590591
 0.0002018678551797769
 0.04831270347309446
 4.610042677829841e-08
 0.03685805872640692
 0.0003747039808133025
 0.003704620158162759
 0.2045253717668456
 0.04831270347309446
 0.01586128242501247
 0.000510101800590591
 0.0006960542627727348
 0.04831270347309446
 4.610042677829841e-08
 0.2045253717668456
 0.0003747039808133025
 0.2045253717668456
 0.2045253717668456
 0.04831270347309446
 0.001482380965874327
 0.00156660641679105
 0.003340588612950529
 0.06022502967781816
 4.610042677829841e-08
 0.03685805872640692
 0.0003747039808133025
 0.2045253717668456
 0.2045253717668456
 0.06022502967781816
 0.001482380965874327
 0.01540248632877436
 0.01536608489558432
 0.06022502967781816
 5.728892808506879e-05
 0.03685805872640692
 0.0003747039808133025
 0.2045253717668456
 0.2045253717668456
 0.04831270347309446
 0.001482380965874327
 0.2045253717668456
 0.01536608489558432
 0.04831270347309446
 0.002218218294890711
 0.2045253717668456
 0.0003747039808133025
 0.2045253717668456
 0.2045253717668456
 0.06022502967781816
 0.003867690215180411
 0.2045253717668456
 0.01811287373598792
 0.04831270347309446
 0.01811287373598792
 0.2045253717668456
 0.0003747039808133025
 0.2045253717668456
 0.2045253717668456
 0.04831270347309446
 0.003867690215180411
 0.2045253717668456
 0.04831270347309446
 0.04831270347309446
 0.01811287373598792
 0.2045253717668456
 0.005387639921166117
 0.2045253717668456
 0.2045253717668456
 0.04831270347309446
 0.003867690215180411
 0.2045253717668456
 0.04831270347309446
 0.04831270347309446
 0.01811287373598792
 0.2045253717668456
 0.01540248632877436
 0.2045253717668456
 0
 0.04831270347309446
 0.01586128242501247
 0.2045253717668456
 0.04831270347309446
 0.06022502967781816
 0.2045253717668456
 0.2045253717668456
 0.2045253717668456
 0
 0
 0.04831270347309446
 0.003867690215180411
 0.2045253717668456
 0.2045253717668456
 0.04831270347309446
 0.2045253717668456
 0.2045253717668456
 0.2045253717668456
 0
 0
 0.04831270347309446
 0.01536608489558432
 0.2045253717668456
 0.2045253717668456
 0.06022502967781816
 0.2045253717668456
 0.2045253717668456
 0.2045253717668456
 0
 0
 0.04831270347309446
 0.01586128242501247
 0
 0.2045253717668456
 0.06022502967781816
 0.2045253717668456
 0
 0.2045253717668456
 0
 0
 0
 0.01793968547291839
 0
 0.2045253717668456
 0.06022502967781816
 0.2045253717668456
 0
 0.2045253717668456
 0
 0
 0
 0.01793968547291839
 0
 0.2045253717668456
 0.06022502967781816
 0.2045253717668456
 0
 0.2045253717668456
 0
 0
 0
 0.2045253717668456
 0
 0.2045253717668456
 0.06022502967781816
 0.2045253717668456
 0
 0.2045253717668456
 0
 0
 0
 0.2045253717668456
 0
 0.2045253717668456
 0.06022502967781816
 0
 0
 0
 0
 0
 0
 0.2045253717668456
 0
 0
 0.06022502967781816
 0
 0
 0
 0
 0
 0
 0.2045253717668456
 0
 0
 0
 0
 0
 0
 0
 0
 0
 0.2045253717668456
 0
 0
 0
 0
 0
 0
 0
 0
 0
 0.2045253717668456
 0
 0
 0
 0
 0
 0
 0
 0
 0
 0.2045253717668456
 0
 0
 0
 0
 0
 0
 0
 0
 0
 0
 0
 0
 0
 0
 0
 0
 0
 0
 0
 0
 0
 0
 0
 0
