# Created by Octave 3.2.4, Thu Feb 07 10:05:11 2013 EST <rbom@zaphod>
# name: small_First_Fit
# type: matrix
# ndims: 3
 1 10 30
 7.603177030574819e-14
 1.715385387388279e-13
 1.813082332240858e-16
 6.712738385301102e-15
 4.412865074887253e-12
 1.830311014565712e-12
 2.308141783619684e-12
 1.096688465898987e-17
 1.57215418707427e-15
 1.452673249916599e-10
 2.699252021268233e-09
 1.022844125550003e-10
 4.198312583233016e-10
 3.795101452389039e-13
 1.229201882840971e-09
 1.695986415958913e-08
 1.284666911928155e-08
 1.897542020613776e-14
 1.188670421598652e-09
 5.525516825203198e-08
 8.772665692702525e-08
 7.424108687532131e-10
 1.515062165698898e-08
 3.659887644321295e-11
 9.041960125803172e-08
 1.485646801369443e-06
 1.284666911928155e-08
 1.044886455872534e-12
 1.188670421598652e-09
 5.525516825203198e-08
 2.803456682770973e-06
 4.137062820711858e-09
 1.515062165698898e-08
 8.980866000553821e-11
 2.895651549352603e-06
 1.485646801369443e-06
 6.471159431502661e-06
 5.576651019475905e-10
 1.115277533063447e-07
 1.791231450594376e-06
 2.803456682770973e-06
 2.830819051246917e-08
 1.042303286302308e-05
 1.19886747584581e-09
 2.895651549352603e-06
 1.485646801369443e-06
 1.669176590868807e-05
 3.17959055688024e-08
 4.20599298275845e-06
 1.791231450594376e-06
 2.803456682770973e-06
 4.227066618247789e-07
 1.042303286302308e-05
 1.044033028352705e-08
 2.895651549352603e-06
 1.485646801369443e-06
 1.669176590868807e-05
 1.564887237525111e-06
 0.0001118598377023776
 1.791231450594376e-06
 2.803456682770973e-06
 6.622127197132323e-06
 8.401790833231178e-05
 3.419932969874476e-07
 2.895651549352603e-06
 1.485646801369443e-06
 1.669176590868807e-05
 8.202191833950943e-06
 0.0001118598377023776
 0.00013312001311868
 4.559080416773681e-06
 2.426060792072229e-05
 8.401790833231178e-05
 2.515234556089518e-05
 0.0001683086656788594
 0.0003203208211234463
 1.669176590868807e-05
 5.115264085633228e-05
 0.0001118598377023776
 0.00013312001311868
 0.0001765097452132564
 0.0003257376731395732
 8.401790833231178e-05
 2.515234556089518e-05
 0.0001683086656788594
 0.0003203208211234463
 6.471159431502661e-06
 0.0001490800348841914
 0.0001118598377023776
 0.0004741364913205198
 0.002448950044848164
 0.0003257376731395732
 8.401790833231178e-05
 2.515234556089518e-05
 0.0001683086656788594
 0.0005522063730332425
 6.471159431502661e-06
 0.0001490800348841914
 0.0001118598377023776
 0.0004741364913205198
 0.002448950044848164
 0.0007195438064593301
 8.401790833231178e-05
 0.0001630237665121425
 0.0001683086656788594
 0.0005522063730332425
 6.471159431502661e-06
 0.0001490800348841914
 0.0001118598377023776
 0.0004741364913205198
 0.002448950044848164
 0.0007195438064593301
 8.401790833231178e-05
 0.0009234515219494562
 0.0001683086656788594
 0.0005522063730332425
 0
 0.0002080559456002595
 0.0001118598377023776
 0.0004741364913205198
 0.002448950044848164
 0.009305311192801195
 8.401790833231178e-05
 0.0009234515219494562
 0.0007195438064593301
 0.0003203208211234463
 0
 0.0002080559456002595
 0
 0.0004741364913205198
 0.002448950044848164
 0.009305311192801195
 0
 0.00140512097123936
 0.0007195438064593301
 0.0003203208211234463
 0
 0.0002080559456002595
 0
 0.0004741364913205198
 0.002448950044848164
 0.009305311192801195
 0
 0.001245679765313603
 0.003729255103902361
 0.0005522063730332425
 0
 0.0002080559456002595
 0
 0.0004741364913205198
 0.002448950044848164
 0.009305311192801195
 0
 0.00140512097123936
 0.003729255103902361
 0.0003203208211234463
 0
 0.0002080559456002595
 0
 0
 0
 0.009305311192801195
 0
 0.001245679765313603
 0.003729255103902361
 0.0005522063730332425
 0
 0.002448950044848164
 0
 0
 0
 0.009305311192801195
 0
 0.007666427891517161
 0.003729255103902361
 0.0005522063730332425
 0
 0.002448950044848164
 0
 0
 0
 0.009305311192801195
 0
 0.009305311192801195
 0.009305311192801195
 0.0005522063730332425
 0
 0.002448950044848164
 0
 0
 0
 0
 0
 0.009305311192801195
 0.009305311192801195
 0.002448950044848164
 0
 0.002448950044848164
 0
 0
 0
 0
 0
 0.009305311192801195
 0.009305311192801195
 0.0005522063730332425
 0
 0.002448950044848164
 0
 0
 0
 0
 0
 0.009305311192801195
 0.009305311192801195
 0.0005522063730332425
 0
 0.002448950044848164
 0
 0
 0
 0
 0
 0.009305311192801195
 0.009305311192801195
 0.003729255103902361
 0
 0.002448950044848164
 0
 0
 0
 0
 0
 0.009305311192801195
 0.009305311192801195
 0.003729255103902361
 0
 0
 0
 0
 0
 0
 0
 0.009305311192801195
 0.009305311192801195
 0.003729255103902361
 0
 0
 0
 0
 0
 0
 0
 0
 0
 0.003729255103902361
 0
 0
 0
 0
 0
 0
 0
 0
 0
 0.003729255103902361
 0
 0
 0
 0
 0
 0
 0
 0
 0
 0.003729255103902361
 0
 0
 0
 0
 0
 0
 0
 0
 0
 0.003729255103902361
 0
 0
 0
 0
 0
 0
 0
 0
 0
 0
 0
 0
 0
 0
