# Created by Octave 3.2.4, Tue Feb 05 01:52:34 2013 EST <rbom@zaphod>
# name: small_First_Fit
# type: matrix
# ndims: 3
 1 10 30
 5.118751538744342e-18
 1.817359293369467e-15
 8.858512556989041e-12
 2.077223978328884e-15
 1.990044755178816e-11
 3.118273655584233e-11
 3.52123386160895e-11
 5.558009270363048e-16
 1.710474749681025e-15
 4.298547916970671e-17
 2.819035609218123e-13
 7.949657600062386e-11
 5.384766740171857e-08
 3.064364518202004e-14
 8.687021834471623e-09
 4.772400237035926e-09
 2.361537567610859e-10
 4.521325242528046e-15
 2.134731423314347e-12
 1.28970690033278e-14
 9.305117801006317e-11
 3.007445585260344e-07
 7.470152813890135e-07
 8.06869565048507e-13
 8.687021834471623e-09
 6.717988578637127e-08
 9.944896263059329e-09
 2.617061330630127e-14
 1.232731510279941e-08
 1.669058513874552e-11
 9.305117801006317e-11
 3.007445585260344e-07
 5.384766740171857e-08
 1.278975744728325e-09
 1.22422198399129e-07
 2.376517341851605e-06
 2.954674233510094e-06
 3.987119556899842e-10
 2.586334626066895e-06
 6.244705610358184e-08
 6.370557606436245e-10
 3.007445585260344e-07
 5.368224353450742e-06
 1.278975744728325e-09
 6.933343800061239e-07
 1.233751071074832e-05
 3.007217126401913e-05
 6.315960128980837e-08
 2.586334626066895e-06
 9.559113618495349e-05
 9.305117801006317e-11
 6.839139610934142e-06
 0.0003320919226943231
 1.076685078799368e-06
 6.933343800061239e-07
 0.0003957181110923502
 0.0008454867181745837
 6.315960128980837e-08
 2.476148351627506e-05
 9.559113618495349e-05
 9.305117801006317e-11
 6.839139610934142e-06
 0.0003320919226943231
 0.000264268380564224
 2.585017951210634e-05
 0.0006453018226566892
 0.001598948465875455
 6.315960128980837e-08
 2.476148351627506e-05
 9.559113618495349e-05
 2.378597111718918e-09
 3.02693873671387e-05
 0.0003320919226943231
 0.01095581371444709
 2.585017951210634e-05
 0.008583195055880769
 0.001598948465875455
 6.315960128980837e-08
 2.476148351627506e-05
 0.0005319234399043066
 2.378597111718918e-09
 3.02693873671387e-05
 0.0003320919226943231
 0.01095581371444709
 0.006373452141507191
 0.008583195055880769
 0.008583195055880769
 3.38807996510454e-07
 2.476148351627506e-05
 0.0005319234399043066
 6.163741511349526e-05
 0.0005557495452972128
 0.0003320919226943231
 0.01095581371444709
 0.006373452141507191
 0.008583195055880769
 0.008583195055880769
 0.0002843897562234767
 2.476148351627506e-05
 0.0005319234399043066
 0.000264268380564224
 0.001205457581797941
 0.0003320919226943231
 0.01095581371444709
 0.006373452141507191
 0.008583195055880769
 0.008583195055880769
 0.0002843897562234767
 2.476148351627506e-05
 0.0005319234399043066
 0.01323204128410698
 0.02209959945257889
 0.0003320919226943231
 0.01095581371444709
 0.006373452141507191
 0.008583195055880769
 0.008583195055880769
 0.0002843897562234767
 2.476148351627506e-05
 0.0005319234399043066
 0.01323204128410698
 0.02209959945257889
 0
 0.01095581371444709
 0.006727706077095106
 0.008583195055880769
 0.008583195055880769
 0.0002843897562234767
 0
 0.0005319234399043066
 0.01323204128410698
 0.02209959945257889
 0
 0.01095581371444709
 0.006727706077095106
 0.008583195055880769
 0.008583195055880769
 0.0002843897562234767
 0
 0.0005319234399043066
 0.02209959945257889
 0.02209959945257889
 0
 0
 0.02209959945257889
 0
 0.01095581371444709
 0.0002843897562234767
 0
 0
 0.01323204128410698
 0.02209959945257889
 0
 0
 0.02209959945257889
 0
 0.01095581371444709
 0.0006453018226566892
 0
 0
 0.01323204128410698
 0.02209959945257889
 0
 0
 0.02209959945257889
 0
 0.01095581371444709
 0.006373452141507191
 0
 0
 0.01323204128410698
 0.02209959945257889
 0
 0
 0.02209959945257889
 0
 0.01095581371444709
 0.006373452141507191
 0
 0
 0.02209959945257889
 0
 0
 0
 0.02209959945257889
 0
 0.01095581371444709
 0.006727706077095106
 0
 0
 0.01323204128410698
 0
 0
 0
 0.02209959945257889
 0
 0.01095581371444709
 0.006727706077095106
 0
 0
 0.01323204128410698
 0
 0
 0
 0.02209959945257889
 0
 0.01095581371444709
 0.02209959945257889
 0
 0
 0.01323204128410698
 0
 0
 0
 0
 0
 0
 0.006727706077095106
 0
 0
 0.01323204128410698
 0
 0
 0
 0
 0
 0
 0.006373452141507191
 0
 0
 0.02209959945257889
 0
 0
 0
 0
 0
 0
 0.006373452141507191
 0
 0
 0.01323204128410698
 0
 0
 0
 0
 0
 0
 0.006373452141507191
 0
 0
 0.02209959945257889
 0
 0
 0
 0
 0
 0
 0.006727706077095106
 0
 0
 0.01323204128410698
 0
 0
 0
 0
 0
 0
 0.006727706077095106
 0
 0
 0.02209959945257889
 0
 0
 0
 0
 0
 0
 0.006373452141507191
 0
 0
 0.02209959945257889
 0
 0
 0
 0
 0
 0
 0.02209959945257889
 0
 0
 0.02209959945257889
 0
 0
 0
 0
 0
 0
 0.006727706077095106
 0
 0
