# Created by Octave 3.2.4, Mon Feb 04 12:26:08 2013 EST <rbom@zaphod>
# name: small_First_Fit
# type: matrix
# ndims: 3
 1 10 30
 8.20988802798196e-18
 9.436800427572151e-14
 9.757860765208577e-17
 9.581815301275105e-18
 2.741333214913993e-17
 2.09562805241573e-13
 9.800836541590557e-15
 4.588310080073617e-18
 5.318502427078707e-16
 6.958869075431852e-08
 2.023528918797014e-14
 1.518443538249072e-10
 1.028235477968656e-14
 5.626532159190065e-13
 2.091318910472548e-13
 2.558615259960304e-10
 1.649044016227868e-11
 2.174085696555997e-11
 1.217869619277297e-12
 1.166047582154441e-06
 1.542275262993607e-10
 6.162855994188995e-09
 1.028235477968656e-14
 8.381038071655745e-11
 1.136271152083983e-10
 2.558615259960304e-10
 6.606601465458067e-07
 2.174085696555997e-11
 1.217869619277297e-12
 6.864263138478675e-06
 1.782066217760167e-08
 3.20166046590447e-06
 1.028235477968656e-14
 7.072275137542544e-09
 3.903587077913043e-08
 2.558615259960304e-10
 6.606601465458067e-07
 6.595049557822025e-08
 6.928651715644991e-10
 0.0001150170501558192
 8.304583484840061e-07
 3.20166046590447e-06
 3.310027574163638e-13
 7.072275137542544e-09
 3.069065663625614e-06
 2.567760300884507e-09
 1.153958095111334e-05
 3.308178312285328e-06
 6.381758621185046e-08
 0.0001150170501558192
 8.304583484840061e-07
 0.0001135154805610646
 7.105254180639159e-10
 7.072275137542544e-09
 0.0001398598211033892
 1.008242402545985e-08
 1.153958095111334e-05
 1.720852487748786e-05
 1.578885818728424e-05
 0.0001150170501558192
 8.304583484840061e-07
 0.0001135154805610646
 3.884115074203928e-09
 7.072275137542544e-09
 0.0001398598211033892
 2.567760300884507e-09
 1.153958095111334e-05
 7.53139432892228e-05
 0.0005658257830143579
 0.0001150170501558192
 8.304583484840061e-07
 0.0001135154805610646
 3.884115074203928e-09
 1.150021011843206e-07
 0.0001398598211033892
 6.60225166808415e-08
 0.0005418267938626675
 0.0002299268724025512
 0.0005658257830143579
 0.0001150170501558192
 2.929845199063767e-06
 0.0001135154805610646
 3.884115074203928e-09
 1.150021011843206e-07
 0.0001398598211033892
 6.60225166808415e-08
 0.0005418267938626675
 0.0002299268724025512
 0.0005658257830143579
 0.0001150170501558192
 2.929845199063767e-06
 0.0001135154805610646
 3.208494212769739e-08
 1.150021011843206e-07
 0.0001398598211033892
 6.60225166808415e-08
 0.0005418267938626675
 0.0002299268724025512
 0.0005658257830143579
 0.0001150170501558192
 2.929845199063767e-06
 0.0001135154805610646
 3.207843373726848e-06
 8.045318868943636e-05
 0.0001398598211033892
 5.162898759361869e-06
 0.0005418267938626675
 0.0002299268724025512
 0.0005658257830143579
 0
 2.929845199063767e-06
 0.0001135154805610646
 3.207843373726848e-06
 8.045318868943636e-05
 0.0001398598211033892
 5.162898759361869e-06
 0.0005418267938626675
 0.0002299268724025512
 0.0005658257830143579
 0
 2.650256378917981e-05
 0
 3.207843373726848e-06
 8.045318868943636e-05
 0
 5.162898759361869e-06
 0.0005418267938626675
 0.0002299268724025512
 0.0005658257830143579
 0
 2.650256378917981e-05
 0
 3.207843373726848e-06
 8.045318868943636e-05
 0
 5.162898759361869e-06
 0.0005418267938626675
 0.0002299268724025512
 0
 0
 2.650256378917981e-05
 0
 3.207843373726848e-06
 8.045318868943636e-05
 0
 5.162898759361869e-06
 0
 0
 0
 0
 2.650256378917981e-05
 0
 3.213259624989561e-06
 8.045318868943636e-05
 0
 5.162898759361869e-06
 0
 0
 0
 0
 2.650256378917981e-05
 0
 3.213259624989561e-06
 8.045318868943636e-05
 0
 5.162898759361869e-06
 0
 0
 0
 0
 2.650256378917981e-05
 0
 0.0002299268724025512
 0
 0
 0
 0
 0
 0
 0
 2.650256378917981e-05
 0
 0.0002299268724025512
 0
 0
 0
 0
 0
 0
 0
 0
 0
 0.0002299268724025512
 0
 0
 0
 0
 0
 0
 0
 0
 0
 0.0002299268724025512
 0
 0
 0
 0
 0
 0
 0
 0
 0
 0.0002299268724025512
 0
 0
 0
 0
 0
 0
 0
 0
 0
 0.0002299268724025512
 0
 0
 0
 0
 0
 0
 0
 0
 0
 0.0002299268724025512
 0
 0
 0
 0
 0
 0
 0
 0
 0
 0
 0
 0
 0
 0
 0
 0
 0
 0
 0
 0
 0
 0
 0
 0
 0
 0
 0
 0
 0
 0
 0
 0
 0
 0
 0
 0
 0
 0
 0
 0
 0
 0
 0
 0
 0
 0
 0
 0
 0
 0
 0
 0
 0
 0
 0
 0
 0
 0
 0
 0
 0
 0
 0
 0
 0
 0
 0
