# Created by Octave 3.2.4, Mon Feb 04 23:50:45 2013 EST <rbom@zaphod>
# name: small_First_Fit
# type: matrix
# ndims: 3
 1 10 30
 2.089855522574907e-16
 4.002505570819209e-14
 9.190839631563658e-15
 6.578384636310514e-17
 6.46700424891826e-13
 3.679382995486032e-16
 1.323218324544465e-15
 9.309592070317461e-15
 1.237864698877327e-14
 1.492351471082969e-14
 6.696206673267493e-14
 5.294600721913334e-12
 8.788420155518414e-13
 2.488589604117564e-11
 8.943718218360394e-10
 7.492589002326124e-13
 1.928014716256292e-12
 8.438272856736061e-12
 5.331191607315223e-12
 4.777218428205997e-12
 1.139978031274513e-11
 7.815014210603596e-11
 2.953320542528897e-12
 3.636928537446149e-08
 1.306569514565423e-06
 6.500809062631648e-10
 4.156353070436258e-08
 2.439196344730045e-09
 1.513300022284125e-08
 4.777218428205997e-12
 3.19596701673224e-10
 4.551595444632583e-08
 1.712695544596896e-09
 3.636928537446149e-08
 1.306569514565423e-06
 6.500809062631648e-10
 4.156353070436258e-08
 2.439196344730045e-09
 8.777694262506302e-06
 2.858177866950024e-10
 3.19596701673224e-10
 1.25854326705419e-07
 1.608529651019193e-07
 1.022304664413036e-06
 2.980133959074199e-05
 4.488193383478118e-08
 4.156353070436258e-08
 7.307447837422157e-09
 8.777694262506302e-06
 2.858177866950024e-10
 1.000851538598313e-08
 1.25854326705419e-07
 9.175181443930704e-06
 1.022304664413036e-06
 6.373976561552742e-05
 1.306329950726774e-07
 3.187697755014277e-06
 1.289279070429107e-07
 8.777694262506302e-06
 3.992362165180855e-09
 2.739263695082795e-07
 1.25854326705419e-07
 0.000495442619104544
 1.022304664413036e-06
 0.001521034244830536
 7.44626355339581e-06
 3.187697755014277e-06
 1.289279070429107e-07
 8.777694262506302e-06
 2.964807962817675e-08
 7.622126772103202e-05
 2.661629292778909e-06
 0.005081990580084196
 1.022304664413036e-06
 0.02362632731959373
 7.44626355339581e-06
 3.187697755014277e-06
 2.848682689561898e-07
 8.777694262506302e-06
 2.718195302023253e-06
 7.622126772103202e-05
 3.187697755014277e-06
 0.005081990580084196
 0.0001327783540630449
 0.02362632731959373
 7.44626355339581e-06
 0.000167336452183004
 7.189545739578295e-06
 8.777694262506302e-06
 0.0001074327542236814
 0.003813153674413363
 3.187697755014277e-06
 0.005081990580084196
 0.0001327783540630449
 0.02362632731959373
 7.44626355339581e-06
 0.000167336452183004
 7.189545739578295e-06
 8.777694262506302e-06
 0.0001622857805619066
 0.003813153674413363
 3.187697755014277e-06
 0.005081990580084196
 0.01189842127968794
 0.02362632731959373
 0.0003227189830405104
 0.000167336452183004
 1.228834321000276e-05
 0
 0.001154863364046541
 0.004338069334307679
 0.0005128133307191918
 0.005081990580084196
 0.01189842127968794
 0.02362632731959373
 0.0003227189830405104
 0.02362632731959373
 1.228834321000276e-05
 0
 0.001154863364046541
 0.004338069334307679
 0.0005128133307191918
 0.005081990580084196
 0.01189842127968794
 0.02362632731959373
 0.0003227189830405104
 0.02362632731959373
 1.228834321000276e-05
 0
 0.02362632731959373
 0.004338069334307679
 0.0005128133307191918
 0.005081990580084196
 0.01189842127968794
 0.02362632731959373
 0.0003227189830405104
 0.02362632731959373
 0.003813153674413363
 0
 0.02362632731959373
 0.004338069334307679
 0.0005128133307191918
 0
 0.01189842127968794
 0
 0.0003227189830405104
 0.02362632731959373
 0.003813153674413363
 0
 0.02362632731959373
 0.004338069334307679
 0.0005128133307191918
 0
 0.01189842127968794
 0
 0.004338069334307679
 0.02362632731959373
 0.003813153674413363
 0
 0.02362632731959373
 0.004338069334307679
 0.0005128133307191918
 0
 0.01189842127968794
 0
 0.004338069334307679
 0.02362632731959373
 0.004338069334307679
 0
 0.02362632731959373
 0.02362632731959373
 0.0005128133307191918
 0
 0
 0
 0.004338069334307679
 0.02362632731959373
 0.02362632731959373
 0
 0.02362632731959373
 0.02362632731959373
 0
 0
 0
 0
 0.004338069334307679
 0
 0.02362632731959373
 0
 0.02362632731959373
 0.02362632731959373
 0
 0
 0
 0
 0.004338069334307679
 0
 0.02362632731959373
 0
 0
 0.02362632731959373
 0
 0
 0
 0
 0.004338069334307679
 0
 0.02362632731959373
 0
 0
 0.02362632731959373
 0
 0
 0
 0
 0.004338069334307679
 0
 0.02362632731959373
 0
 0
 0.02362632731959373
 0
 0
 0
 0
 0
 0
 0.02362632731959373
 0
 0
 0.02362632731959373
 0
 0
 0
 0
 0
 0
 0.02362632731959373
 0
 0
 0
 0
 0
 0
 0
 0
 0
 0
 0
 0
 0
 0
 0
 0
 0
 0
 0
 0
 0
 0
 0
 0
 0
 0
 0
 0
 0
 0
 0
 0
 0
 0
 0
 0
 0
 0
 0
 0
 0
 0
 0
 0
 0
 0
 0
 0
 0
 0
 0
 0
 0
 0
 0
 0
 0
 0
 0
 0
 0
 0
