# Created by Octave 3.2.4, Tue Feb 05 06:00:58 2013 EST <rbom@zaphod>
# name: small_First_Fit
# type: matrix
# ndims: 3
 1 10 30
 8.317004105656069e-13
 3.986374876036217e-11
 6.894897517182784e-12
 1.014501942189809e-09
 6.156675252015466e-09
 4.746375388001127e-09
 6.65966851883541e-10
 1.802379491111256e-10
 6.299898912252932e-13
 2.380054411638398e-14
 1.386449204763212e-08
 2.604271002841622e-08
 3.851687457783891e-10
 1.055993769592819e-09
 9.623791160386681e-09
 8.563250162267122e-08
 6.65966851883541e-10
 4.840007151173169e-10
 7.254579742379594e-11
 8.558531574716543e-07
 1.386449204763212e-08
 5.441698852281791e-06
 9.258928500811892e-10
 1.099190233383901e-07
 9.623791160386681e-09
 8.563250162267122e-08
 5.715570822439226e-09
 4.819226041341221e-08
 1.163724175009437e-09
 8.558531574716543e-07
 1.386449204763212e-08
 5.441698852281791e-06
 6.604557498762512e-09
 1.686491331555656e-05
 9.623791160386681e-09
 4.014652820602651e-05
 8.743677976389447e-09
 9.192301268350069e-07
 1.163724175009437e-09
 3.038282182403001e-06
 2.057495867452362e-08
 5.441698852281791e-06
 2.006847396582852e-07
 0.0001872606059979457
 6.156675252015466e-09
 4.014652820602651e-05
 7.013049512082709e-08
 9.192301268350069e-07
 1.065936975407732e-08
 3.038282182403001e-06
 2.057495867452362e-08
 5.441698852281791e-06
 2.062589581599862e-05
 0.0001872606059979457
 6.156675252015466e-09
 4.014652820602651e-05
 7.013049512082709e-08
 5.918370678149172e-05
 1.065936975407732e-08
 1.259297465049213e-05
 1.949448252812201e-07
 5.441698852281791e-06
 2.062589581599862e-05
 0.002019405739448484
 5.765163281271106e-05
 4.014652820602651e-05
 8.323159986481104e-07
 0.0005725189754487018
 3.5166866681903e-08
 1.507314625451112e-05
 3.020531403184424e-07
 4.106037158637053e-05
 0.001872113727124105
 0.002019405739448484
 5.765163281271106e-05
 4.014652820602651e-05
 8.323159986481104e-07
 0.0005725189754487018
 7.055038212164511e-07
 1.507314625451112e-05
 0.0002032612243257851
 4.106037158637053e-05
 0.001872113727124105
 0.002019405739448484
 0.0005725189754487018
 4.014652820602651e-05
 8.323159986481104e-07
 0.0005725189754487018
 7.055038212164511e-07
 0.0001993908675255041
 0.0002032612243257851
 4.106037158637053e-05
 0.001872113727124105
 0.002019405739448484
 0.0005725189754487018
 4.014652820602651e-05
 8.323159986481104e-07
 0.0005725189754487018
 2.289075303733601e-06
 0.0003178707333370365
 0.0002032612243257851
 0.0001605252354777728
 0.001872113727124105
 0.002019405739448484
 0.0005725189754487018
 0
 2.61716972988942e-05
 0.0005725189754487018
 2.320687952869923e-05
 0.000376008336368357
 0.0002032612243257851
 0.0005847874791812442
 0.001872113727124105
 0.002019405739448484
 0.0005725189754487018
 0
 2.61716972988942e-05
 0.0005725189754487018
 2.320687952869923e-05
 0.000376008336368357
 0.0002032612243257851
 0.0005847874791812442
 0.001872113727124105
 0.002019405739448484
 0.0005725189754487018
 0
 7.907865902491197e-05
 0.0005725189754487018
 6.137958752146697e-05
 0.000376008336368357
 0.0002032612243257851
 0.0005847874791812442
 0.001872113727124105
 0
 0.0005725189754487018
 0
 7.907865902491197e-05
 0
 6.137958752146697e-05
 0.000376008336368357
 0.0002032612243257851
 0.0005847874791812442
 0
 0
 0.0005725189754487018
 0
 7.907865902491197e-05
 0
 0.001872113727124105
 0.000376008336368357
 0
 0.0005847874791812442
 0
 0
 0
 0
 7.907865902491197e-05
 0
 0.001872113727124105
 0.0007445062350287565
 0
 0.0005847874791812442
 0
 0
 0
 0
 7.907865902491197e-05
 0
 0.001872113727124105
 0.0007445062350287565
 0
 0.0005847874791812442
 0
 0
 0
 0
 7.907865902491197e-05
 0
 0.001872113727124105
 0.0007445062350287565
 0
 0
 0
 0
 0
 0
 7.907865902491197e-05
 0
 0.001872113727124105
 0.002019405739448484
 0
 0
 0
 0
 0
 0
 0
 0
 0.001872113727124105
 0.002019405739448484
 0
 0
 0
 0
 0
 0
 0
 0
 0.001872113727124105
 0.002019405739448484
 0
 0
 0
 0
 0
 0
 0
 0
 0
 0.002019405739448484
 0
 0
 0
 0
 0
 0
 0
 0
 0
 0.002019405739448484
 0
 0
 0
 0
 0
 0
 0
 0
 0
 0.002019405739448484
 0
 0
 0
 0
 0
 0
 0
 0
 0
 0.002019405739448484
 0
 0
 0
 0
 0
 0
 0
 0
 0
 0
 0
 0
 0
 0
 0
 0
 0
 0
 0
 0
 0
 0
 0
 0
 0
 0
 0
 0
 0
 0
 0
 0
 0
 0
 0
 0
 0
 0
 0
 0
 0
 0
 0
 0
 0
 0
 0
 0
 0
 0
