# Created by Octave 3.2.4, Tue Feb 05 21:42:27 2013 EST <rbom@zaphod>
# name: small_First_Fit
# type: matrix
# ndims: 3
 1 10 30
 1.550430437340629e-14
 5.579042506383155e-13
 2.380135390944633e-13
 1.391953486111719e-13
 9.097829553596042e-13
 6.505342246259864e-13
 1.216762443860712e-14
 1.187676944343048e-13
 4.954294715269071e-11
 8.865314846622093e-11
 2.028722483741016e-11
 5.792759493445476e-11
 1.965898836477768e-11
 1.391953486111719e-13
 5.308187310926538e-11
 4.34425517883347e-10
 1.920618671776265e-09
 1.74098687998876e-08
 1.883435331455746e-07
 2.603922379166654e-08
 1.917429350313159e-09
 5.401202559277225e-11
 1.965898836477768e-11
 1.11293943578175e-10
 5.777079684928621e-10
 2.216197688393803e-08
 9.270012525633556e-08
 5.242167560376633e-07
 1.883435331455746e-07
 2.603922379166654e-08
 1.920099714555733e-08
 4.735925699772127e-10
 6.579584847601183e-12
 3.401085492145216e-08
 4.527264202303569e-08
 1.191537164114375e-07
 9.270012525633556e-08
 5.242167560376633e-07
 1.071869418697651e-05
 2.659856856544053e-06
 4.25949463357389e-07
 3.990263521880231e-08
 6.650906272678888e-09
 5.751378445941958e-06
 8.970495097508737e-08
 1.191537164114375e-07
 2.850797035692559e-05
 1.772007375022066e-06
 1.071869418697651e-05
 0.0002498754326627382
 4.25949463357389e-07
 3.990263521880231e-08
 6.650906272678888e-09
 5.893696117277286e-05
 4.527264202303569e-08
 1.191537164114375e-07
 2.850797035692559e-05
 1.772007375022066e-06
 5.311915729074564e-05
 0.00469184853769908
 2.458501709280228e-05
 3.766576922751338e-06
 7.605360779696167e-08
 5.893696117277286e-05
 5.684415749518579e-07
 1.191537164114375e-07
 2.850797035692559e-05
 2.636455559819724e-05
 5.311915729074564e-05
 0.00469184853769908
 0.0003149318387344691
 4.200849725451427e-06
 7.605360779696167e-08
 5.893696117277286e-05
 3.926439401787259e-06
 2.13907042710731e-07
 0.0002951120445687465
 2.636455559819724e-05
 1.071869418697651e-05
 0.00469184853769908
 0.0004322481711379491
 4.200849725451427e-06
 7.605360779696167e-08
 0.0004139348553928876
 5.329329521130534e-05
 1.191537164114375e-07
 0.0002951120445687465
 2.636455559819724e-05
 1.071869418697651e-05
 0.00469184853769908
 0.0003149318387344691
 0.0003963817752701594
 7.605360779696167e-08
 0.002615488125726464
 6.674509464983417e-05
 1.125954137467646e-05
 0.0002951120445687465
 2.636455559819724e-05
 1.071869418697651e-05
 0.00469184853769908
 0.0003149318387344691
 0.0003963817752701594
 5.26784775874014e-06
 0.002615488125726464
 6.674509464983417e-05
 1.125954137467646e-05
 0.005452407081429509
 2.636455559819724e-05
 5.311915729074564e-05
 0.00469184853769908
 0.0003149318387344691
 0.0003963817752701594
 6.517045782651178e-06
 0.002615488125726464
 6.674509464983417e-05
 0.0001953627205326158
 0.005452407081429509
 8.961251611923857e-05
 5.311915729074564e-05
 0.005452407081429509
 0.0003149318387344691
 0.0003963817752701594
 6.517045782651178e-06
 0.002615488125726464
 6.674509464983417e-05
 0.0001953627205326158
 0.005452407081429509
 8.961251611923857e-05
 7.029583244168534e-05
 0.005452407081429509
 0.0004322481711379491
 0.0003963817752701594
 5.26784775874014e-06
 0.002615488125726464
 6.674509464983417e-05
 0.0001953627205326158
 0.005452407081429509
 8.961251611923857e-05
 7.029583244168534e-05
 0.00469184853769908
 0.0004322481711379491
 0.0003963817752701594
 5.332763816416064e-05
 0.002615488125726464
 6.674509464983417e-05
 0.0001953627205326158
 0.005452407081429509
 0.0001473150129638483
 0.00469184853769908
 0.00469184853769908
 0.0004322481711379491
 0.0003963817752701594
 5.332763816416064e-05
 0.002615488125726464
 6.674509464983417e-05
 0.0003963817752701594
 0.005452407081429509
 0.0001473150129638483
 0.00469184853769908
 0.005452407081429509
 0.0004322481711379491
 0
 5.332763816416064e-05
 0
 0
 0.0001953627205326158
 0.005452407081429509
 0.0001473150129638483
 0.00469184853769908
 0.005452407081429509
 0.0004322481711379491
 0
 0.0004088293586071658
 0
 0
 0.0003963817752701594
 0
 8.961251611923857e-05
 0.005452407081429509
 0.005452407081429509
 0.0004322481711379491
 0
 0.0004088293586071658
 0
 0
 0.0003963817752701594
 0
 0.00469184853769908
 0.005452407081429509
 0.005452407081429509
 0.0004322481711379491
 0
 0.0004088293586071658
 0
 0
 0.0001953627205326158
 0
 0.00469184853769908
 0.005452407081429509
 0.005452407081429509
 0
 0
 0.0004088293586071658
 0
 0
 0.0003963817752701594
 0
 0.00469184853769908
 0.005452407081429509
 0.005452407081429509
 0
 0
 0.0004088293586071658
 0
 0
 0.0001953627205326158
 0
 0.00469184853769908
 0.005452407081429509
 0.005452407081429509
 0
 0
 0.005452407081429509
 0
 0
 0.0003963817752701594
 0
 0.00469184853769908
 0.005452407081429509
 0
 0
 0
 0.005452407081429509
 0
 0
 0.0003963817752701594
 0
 0.00469184853769908
 0.005452407081429509
 0
 0
 0
 0.005452407081429509
 0
 0
 0.0003963817752701594
 0
 0.00469184853769908
 0
 0
 0
 0
 0.005452407081429509
 0
 0
 0.0003963817752701594
 0
 0
 0
 0
 0
 0
 0.005452407081429509
 0
 0
 0.0003963817752701594
 0
 0
 0
 0
 0
 0
 0.005452407081429509
 0
 0
 0.0001953627205326158
 0
 0
 0
 0
 0
 0
 0.005452407081429509
 0
 0
 0.0001953627205326158
 0
 0
 0
 0
 0
 0
 0
 0
 0
 0
 0
 0
 0
 0
