# Created by Octave 3.2.4, Tue Feb 05 11:22:05 2013 EST <rbom@zaphod>
# name: small_First_Fit
# type: matrix
# ndims: 3
 1 10 30
 5.140004551183345e-07
 6.365313731285054e-09
 1.409102319684401e-07
 2.683858613863343e-11
 4.742235096802384e-11
 1.721877030746632e-10
 7.209958930763222e-09
 9.345032282271941e-10
 3.46279702572199e-11
 6.378680202854097e-08
 5.140004551183345e-07
 1.100195957503743e-05
 3.357200438988326e-06
 5.086873445206535e-08
 1.713825865289195e-07
 3.365427180605383e-09
 5.093267973841635e-08
 1.878402184555294e-07
 1.72464102442717e-07
 1.493636177111083e-06
 3.044949420015243e-06
 1.100195957503743e-05
 3.357200438988326e-06
 1.255576780684617e-05
 7.675393710555007e-07
 3.365427180605383e-09
 1.96951376503976e-07
 0.0001409261143297235
 4.542347530317195e-06
 0.0001403143332727685
 3.044949420015243e-06
 1.100195957503743e-05
 2.3933478866857e-05
 6.579090432324889e-05
 1.905304917040925e-06
 6.458115601874559e-08
 1.675517196818423e-06
 0.0001409261143297235
 4.542347530317195e-06
 0.0001942769075423761
 1.386129259442979e-05
 1.100195957503743e-05
 3.517612503289855e-05
 1.013661032746563e-05
 4.669094829984235e-06
 4.377968824790854e-07
 4.267756528419871e-05
 0.0001409261143297235
 4.542347530317195e-06
 0.0001942769075423761
 3.341006780345212e-05
 1.100195957503743e-05
 3.517612503289855e-05
 0.0001390599979686298
 4.910771603974409e-05
 2.017825988119218e-06
 0.0002223579855638872
 0.001150914100675359
 4.542347530317195e-06
 0.0001942769075423761
 0.0002823754237163808
 0.0007385712321173294
 3.517612503289855e-05
 0.0006244052390782747
 4.910771603974409e-05
 2.017825988119218e-06
 0.001043265640772139
 0.001150914100675359
 6.275626262228241e-05
 0.0007026407851758499
 0.0002823754237163808
 0.0009102861127113988
 0.0001342928868322983
 0.0006244052390782747
 0.001037517547118551
 0.0002016005275143567
 0.001043265640772139
 0.001150914100675359
 9.420541919671872e-05
 0.0007026407851758499
 0.01065436154566217
 0.006769454029534829
 0.0001342928868322983
 0.001027065199485474
 0.002109174631982235
 0.001563550334542356
 0.001043265640772139
 0.001150914100675359
 9.420541919671872e-05
 0.0007026407851758499
 0.02372082661719931
 0.006769454029534829
 0.0003150313100809002
 0.0007744367033352279
 0.001037517547118551
 0.002466099241777912
 0.002682479967402517
 0.001150914100675359
 0.0005715218782088652
 0.0007026407851758499
 0.07007116861486366
 0.006769454029534829
 0.001488814954976588
 0.001169076500239005
 0.001815668015545752
 0.002466099241777912
 0.002682479967402517
 0.001150914100675359
 0.0005715218782088652
 0.001760323206374136
 0.07007116861486366
 0.01235802002159546
 0.001488814954976588
 0.005679148608649131
 0.002779091369903003
 0.002466099241777912
 0.01479611755583534
 0.001150914100675359
 0.0005715218782088652
 0.0007026407851758499
 0.07007116861486366
 0.01235802002159546
 0.002949707662292998
 0.005679148608649131
 0.008088262524848804
 0.002466099241777912
 0.01479611755583534
 0
 0.004970825944871294
 0.002667050394382903
 0.07007116861486366
 0.01235802002159546
 0.002949707662292998
 0.005679148608649131
 0.008088262524848804
 0.01377965744364418
 0.01761820124970824
 0
 0.004970825944871294
 0.0007026407851758499
 0.07007116861486366
 0.01235802002159546
 0.002949707662292998
 0.009810008351820188
 0.008088262524848804
 0.01377965744364418
 0.01761820124970824
 0
 0.004970825944871294
 0.0007026407851758499
 0.07007116861486366
 0.01235802002159546
 0.002949707662292998
 0.005679148608649131
 0.01820338572418391
 0.01377965744364418
 0.01479611755583534
 0
 0.004970825944871294
 0.0007026407851758499
 0.07007116861486366
 0.01235802002159546
 0.002949707662292998
 0.07007116861486366
 0.01820338572418391
 0.01377965744364418
 0.01479611755583534
 0
 0.004970825944871294
 0.001760323206374136
 0
 0.01235802002159546
 0.002949707662292998
 0.07007116861486366
 0.01820338572418391
 0.01377965744364418
 0.01479611755583534
 0
 0.01479611755583534
 0.001760323206374136
 0
 0
 0.002949707662292998
 0.07007116861486366
 0.01820338572418391
 0.01377965744364418
 0.01479611755583534
 0
 0.01820338572418391
 0.001760323206374136
 0
 0
 0
 0.07007116861486366
 0.01820338572418391
 0.01377965744364418
 0.01479611755583534
 0
 0.01820338572418391
 0.001760323206374136
 0
 0
 0
 0.07007116861486366
 0.02539641031229302
 0
 0
 0
 0.07007116861486366
 0.001760323206374136
 0
 0
 0
 0.07007116861486366
 0.02539641031229302
 0
 0
 0
 0.07007116861486366
 0.001760323206374136
 0
 0
 0
 0.07007116861486366
 0.02539641031229302
 0
 0
 0
 0.07007116861486366
 0.003014421066069159
 0
 0
 0
 0
 0.02539641031229302
 0
 0
 0
 0.07007116861486366
 0.001760323206374136
 0
 0
 0
 0
 0.02539641031229302
 0
 0
 0
 0.07007116861486366
 0.006251411164502616
 0
 0
 0
 0
 0.02539641031229302
 0
 0
 0
 0.07007116861486366
 0.006251411164502616
 0
 0
 0
 0
 0.02539641031229302
 0
 0
 0
 0.07007116861486366
 0.01227848789425288
 0
 0
 0
 0
 0
 0
 0
 0
 0
 0.01227848789425288
 0
 0
 0
 0
 0
 0
 0
 0
 0
 0.01227848789425288
 0
 0
 0
 0
 0
 0
 0
 0
 0
 0.01227848789425288
