# Created by Octave 3.2.4, Tue Feb 05 08:32:13 2013 EST <rbom@zaphod>
# name: small_First_Fit
# type: matrix
# ndims: 3
 1 10 30
 7.163508772853296e-10
 4.823264615485435e-14
 8.925863928551114e-15
 8.911271565524043e-10
 7.5426831129352e-15
 1.346989811431003e-12
 8.035470645858121e-14
 2.344160151646359e-12
 1.204375487524152e-13
 5.577893443004959e-13
 3.357522117981256e-08
 2.565487841853575e-08
 2.740910767895909e-12
 3.252784160291219e-06
 3.927816397434655e-09
 3.103153086672368e-08
 1.226353207347121e-11
 2.984514515440318e-11
 1.801384880966915e-08
 5.50796668214422e-12
 2.811644316736168e-07
 3.355801415870443e-05
 6.62699265937971e-11
 2.670114292816161e-05
 3.927816397434655e-09
 3.103153086672368e-08
 3.120162021786469e-07
 1.066225599699318e-10
 1.801384880966915e-08
 4.40581206524477e-11
 2.811644316736168e-07
 0.001396632949716529
 7.20941432636402e-09
 0.0004833257183643441
 3.900526276536011e-08
 3.103153086672368e-08
 5.919342115918663e-05
 1.27653594399674e-09
 1.801384880966915e-08
 6.387570549223131e-10
 1.78659528854093e-06
 0.001396632949716529
 7.20941432636402e-09
 0.0004833257183643441
 3.900526276536011e-08
 2.282169195644964e-06
 0.0004294906455410343
 6.43786396749433e-08
 1.512166033941192e-06
 3.457875415913339e-08
 1.464141788283852e-05
 0.001396632949716529
 2.681094314741468e-07
 0.002985932657738311
 1.05639373895928e-07
 2.282169195644964e-06
 0.0004294906455410343
 6.445658713692048e-07
 9.416279918276597e-05
 3.457875415913339e-08
 4.083077032166046e-05
 0.002582449337635349
 1.225371749600461e-06
 0.002985932657738311
 1.05639373895928e-07
 0.0002492233168380952
 0.0005352210423100061
 0.001793127615323114
 9.416279918276597e-05
 1.475041306839219e-06
 4.083077032166046e-05
 0.002582449337635349
 1.225371749600461e-06
 0.002985932657738311
 1.05639373895928e-07
 0.001793127615323114
 0.0005352210423100061
 0.001793127615323114
 0.002985932657738311
 1.475041306839219e-06
 4.083077032166046e-05
 0.002582449337635349
 0.0002840438475016479
 0.002985932657738311
 2.878382950758582e-06
 0.001954839434818241
 0.002582449337635349
 0.005830149648892165
 0.002985932657738311
 4.083077032166046e-05
 4.083077032166046e-05
 0.001396632949716529
 0.0002840438475016479
 0.005830149648892165
 2.51393325247294e-05
 0.001954839434818241
 0.002582449337635349
 0.005830149648892165
 0.005830149648892165
 4.083077032166046e-05
 4.083077032166046e-05
 0.001954839434818241
 0.0002840438475016479
 0.005830149648892165
 2.51393325247294e-05
 0.005830149648892165
 0.002582449337635349
 0.005830149648892165
 0.005830149648892165
 4.083077032166046e-05
 4.083077032166046e-05
 0.001954839434818241
 0.002985932657738311
 0.005830149648892165
 2.51393325247294e-05
 0.005830149648892165
 0.002582449337635349
 0.005830149648892165
 0.005830149648892165
 4.083077032166046e-05
 4.083077032166046e-05
 0.001396632949716529
 0.002985932657738311
 0.005830149648892165
 2.51393325247294e-05
 0.005830149648892165
 0.002582449337635349
 0.005830149648892165
 0.005830149648892165
 4.083077032166046e-05
 0
 0.001396632949716529
 0.002985932657738311
 0.005830149648892165
 2.51393325247294e-05
 0.005830149648892165
 0.002582449337635349
 0.005830149648892165
 0.005830149648892165
 4.083077032166046e-05
 0
 0.002582449337635349
 0.002985932657738311
 0.005830149648892165
 2.51393325247294e-05
 0.005830149648892165
 0.002582449337635349
 0.005830149648892165
 0.005830149648892165
 4.083077032166046e-05
 0
 0.001396632949716529
 0.002985932657738311
 0.005830149648892165
 2.51393325247294e-05
 0.005830149648892165
 0
 0
 0.005830149648892165
 0
 0
 0.001396632949716529
 0.002985932657738311
 0
 0
 0.005830149648892165
 0
 0
 0
 0
 0
 0.001954839434818241
 0.005830149648892165
 0
 0
 0
 0
 0
 0
 0
 0
 0.001954839434818241
 0.002985932657738311
 0
 0
 0
 0
 0
 0
 0
 0
 0.001396632949716529
 0.002985932657738311
 0
 0
 0
 0
 0
 0
 0
 0
 0.001396632949716529
 0.002985932657738311
 0
 0
 0
 0
 0
 0
 0
 0
 0.001396632949716529
 0.002985932657738311
 0
 0
 0
 0
 0
 0
 0
 0
 0.001396632949716529
 0.002985932657738311
 0
 0
 0
 0
 0
 0
 0
 0
 0.001954839434818241
 0.002985932657738311
 0
 0
 0
 0
 0
 0
 0
 0
 0.001396632949716529
 0
 0
 0
 0
 0
 0
 0
 0
 0
 0.001396632949716529
 0
 0
 0
 0
 0
 0
 0
 0
 0
 0.002582449337635349
 0
 0
 0
 0
 0
 0
 0
 0
 0
 0.002582449337635349
 0
 0
 0
 0
 0
 0
 0
 0
 0
 0.002582449337635349
 0
 0
 0
 0
 0
 0
 0
 0
 0
 0.002582449337635349
 0
 0
 0
 0
 0
 0
 0
 0
