# Created by Octave 3.2.4, Mon Feb 04 09:47:16 2013 EST <rbom@zaphod>
# name: small_First_Fit
# type: matrix
# ndims: 3
 1 10 30
 1.80062942642847e-13
 2.315071061016151e-11
 2.126686368919695e-09
 1.67023824497216e-09
 1.956543519418681e-12
 4.225252392898192e-11
 1.949315364769695e-14
 3.814052065532003e-12
 1.538246602658421e-15
 4.80864796259509e-11
 5.855129041231239e-10
 6.329138221724924e-06
 9.529015808423011e-08
 2.5424296854332e-06
 1.422035489217698e-10
 1.731146214976955e-07
 1.503627538005596e-11
 1.694815300031674e-07
 7.066190880023807e-12
 1.026983913683908e-06
 6.222470278931595e-09
 6.329138221724924e-06
 9.392066717772119e-07
 9.480922876801388e-05
 0.0001534990930315261
 1.731146214976955e-07
 1.503627538005596e-11
 1.76422103350076e-07
 2.787972291651827e-10
 0.0001129610809550411
 6.222470278931595e-09
 0.0002334633862134325
 7.268786675771151e-06
 0.0007953414859849515
 0.001231842282702024
 3.054670030365941e-06
 1.503627538005596e-11
 6.102762930315146e-06
 7.086357324231783e-09
 0.0001129610809550411
 1.571006041411639e-08
 0.02382372881500208
 7.268786675771151e-06
 0.0007953414859849515
 0.001231842282702024
 1.731146214976955e-07
 1.503627538005596e-11
 6.102762930315146e-06
 1.438955282687214e-08
 0.0002683485639541956
 9.817910875341771e-06
 0.02382372881500208
 7.268786675771151e-06
 0.0007953414859849515
 0.001682684447089032
 1.582064275362352e-06
 1.503627538005596e-11
 6.102762930315146e-06
 5.23616909351835e-07
 0.0001129610809550411
 8.912689304042269e-05
 0.1039279558465985
 8.163333524945189e-05
 0.0007953414859849515
 0.01098260470461316
 6.101297489906254e-05
 1.503627538005596e-11
 6.932452364948376e-05
 1.06139328554251e-06
 0.0001129610809550411
 8.912689304042269e-05
 0.1039279558465985
 8.163333524945189e-05
 0.0007953414859849515
 0.01098260470461316
 6.101297489906254e-05
 2.715045534962721e-06
 6.932452364948376e-05
 1.06139328554251e-06
 0.0002683485639541956
 8.912689304042269e-05
 0.02382372881500208
 0.0001394771441343253
 0.0007953414859849515
 0.01098260470461316
 6.101297489906254e-05
 0.0002511573123663086
 6.932452364948376e-05
 0.0001829714972452388
 0.0002683485639541956
 0.001969773419409016
 0.02382372881500208
 8.163333524945189e-05
 0.0007953414859849515
 0.01098260470461316
 0.0005031861561511058
 0.0002511573123663086
 6.932452364948376e-05
 0.001638146829157674
 0.0002683485639541956
 0.001969773419409016
 0.02382372881500208
 8.163333524945189e-05
 0.0007953414859849515
 0.01098260470461316
 0.0005031861561511058
 0.0002511573123663086
 0.0006651397783374938
 0.001638146829157674
 0.0002683485639541956
 0.001969773419409016
 0.02382372881500208
 0.0001394771441343253
 0.0007953414859849515
 0.01098260470461316
 0.0005031861561511058
 0.006499665313382488
 0.0006651397783374938
 0.001638146829157674
 0.0002683485639541956
 0.001969773419409016
 0.1039279558465985
 0.0001394771441343253
 0.0007953414859849515
 0.01098260470461316
 0.0005031861561511058
 0.006499665313382488
 0.0006651397783374938
 0.001638146829157674
 0.007266256715531987
 0.1039279558465985
 0.02382372881500208
 0.0001394771441343253
 0.0007953414859849515
 0.01098260470461316
 0.001035720748212954
 0.1039279558465985
 0.002458244743136465
 0.005589356311597306
 0.007266256715531987
 0.1039279558465985
 0.02382372881500208
 0.0001394771441343253
 0.0007953414859849515
 0.1039279558465985
 0.001035720748212954
 0.1039279558465985
 0.002458244743136465
 0.005589356311597306
 0.007266256715531987
 0.1039279558465985
 0.02382372881500208
 0.0001394771441343253
 0.0007953414859849515
 0.1039279558465985
 0.000628959874193612
 0.1039279558465985
 0.002458244743136465
 0.06176897754735647
 0.007266256715531987
 0.1039279558465985
 0.1039279558465985
 0.0001394771441343253
 0.0007953414859849515
 0.1039279558465985
 0.000628959874193612
 0.1039279558465985
 0.002458244743136465
 0.1039279558465985
 0.007266256715531987
 0.1039279558465985
 0.1039279558465985
 0.002217717091377704
 0.0007953414859849515
 0.1039279558465985
 0.0005031861561511058
 0.1039279558465985
 0.002458244743136465
 0.1039279558465985
 0.007266256715531987
 0.1039279558465985
 0.1039279558465985
 0.002217717091377704
 0.0007953414859849515
 0.1039279558465985
 0.0005031861561511058
 0.1039279558465985
 0.02382372881500208
 0.1039279558465985
 0.007266256715531987
 0.1039279558465985
 0.1039279558465985
 0.002217717091377704
 0.0007953414859849515
 0.1039279558465985
 0.0005031861561511058
 0.1039279558465985
 0.02382372881500208
 0.1039279558465985
 0.007266256715531987
 0.1039279558465985
 0.1039279558465985
 0.005778182224327252
 0.0007953414859849515
 0.1039279558465985
 0.001035720748212954
 0.1039279558465985
 0.1039279558465985
 0.1039279558465985
 0.007266256715531987
 0.1039279558465985
 0.1039279558465985
 0.005778182224327252
 0.0007953414859849515
 0.1039279558465985
 0.001035720748212954
 0.1039279558465985
 0.02382372881500208
 0.1039279558465985
 0.007266256715531987
 0.1039279558465985
 0.1039279558465985
 0.005778182224327252
 0.0007953414859849515
 0.1039279558465985
 0.001035720748212954
 0.1039279558465985
 0.02382372881500208
 0.1039279558465985
 0.007266256715531987
 0.1039279558465985
 0.1039279558465985
 0.005778182224327252
 0.0007953414859849515
 0.1039279558465985
 0.001035720748212954
 0.1039279558465985
 0.02382372881500208
 0.1039279558465985
 0.007266256715531987
 0.1039279558465985
 0.1039279558465985
 0.005778182224327252
 0.0007953414859849515
 0.1039279558465985
 0.001035720748212954
 0.1039279558465985
 0.1039279558465985
 0.1039279558465985
 0.007266256715531987
 0.1039279558465985
 0.1039279558465985
 0.005778182224327252
 0.0007953414859849515
 0.1039279558465985
 0.001035720748212954
 0.1039279558465985
 0.1039279558465985
 0.1039279558465985
 0.007266256715531987
 0.1039279558465985
 0.1039279558465985
 0.01453284646208298
 0.0007953414859849515
 0.1039279558465985
 0.001035720748212954
 0.1039279558465985
 0.02382372881500208
 0.1039279558465985
 0.007266256715531987
 0.1039279558465985
 0.1039279558465985
 0.06176897754735647
 0.0007953414859849515
 0.1039279558465985
 0.02382372881500208
 0.1039279558465985
 0.02382372881500208
 0.1039279558465985
 0.007266256715531987
 0.1039279558465985
 0.1039279558465985
 0.06176897754735647
 0.0007953414859849515
 0.1039279558465985
 0.02382372881500208
 0.1039279558465985
 0.1039279558465985
 0.1039279558465985
 0.007266256715531987
 0.1039279558465985
 0.1039279558465985
 0.1039279558465985
 0.0007953414859849515
 0.1039279558465985
 0.02382372881500208
 0.1039279558465985
 0.1039279558465985
 0.1039279558465985
 0.007266256715531987
