# Created by Octave 3.2.4, Thu Feb 07 00:51:15 2013 EST <rbom@zaphod>
# name: small_First_Fit
# type: matrix
# ndims: 3
 1 10 30
 1.914438300489244e-14
 2.557880765193467e-15
 2.035415132402321e-13
 4.689381579573869e-13
 3.922504922759822e-11
 1.516967096623085e-14
 1.126568421585582e-12
 1.360152435606784e-16
 5.424394699402551e-16
 6.536161314729846e-14
 1.402588115312271e-13
 4.794093503105583e-12
 1.696064123998952e-11
 1.474386610893096e-08
 4.349406279245853e-09
 1.349608571734985e-12
 8.219646381373428e-10
 3.742291865318869e-10
 1.012373007351112e-12
 2.679730296491214e-11
 1.759237384967516e-12
 1.315312636566787e-09
 1.696064123998952e-11
 5.220760518716232e-05
 3.626777744802955e-07
 1.126526554207298e-10
 8.219646381373428e-10
 1.380203728537103e-08
 1.012373007351112e-12
 1.962154272577272e-08
 1.439735849467019e-10
 4.796151070156982e-07
 5.570298370402479e-09
 5.220760518716232e-05
 2.016093710620747e-06
 9.309033133731169e-10
 1.62312637815463e-06
 1.754265878300531e-06
 7.304941185056404e-10
 1.962154272577272e-08
 8.915551569065565e-08
 6.910949593764877e-05
 5.570298370402479e-09
 5.220760518716232e-05
 2.016093710620747e-06
 9.309033133731169e-10
 1.62312637815463e-06
 1.754265878300531e-06
 7.304941185056404e-10
 1.962154272577272e-08
 8.915551569065565e-08
 0.00113570413577914
 3.468199726593671e-06
 0.006369683907132083
 2.016093710620747e-06
 9.309033133731169e-10
 2.957809317186727e-05
 0.001217848182053176
 1.985177063973988e-07
 1.226720513175211e-05
 2.864140845011175e-07
 0.00113570413577914
 3.468199726593671e-06
 0.006369683907132083
 2.016093710620747e-06
 3.296432525716553e-07
 2.957809317186727e-05
 0.001217848182053176
 1.985177063973988e-07
 1.226720513175211e-05
 5.500687081113988e-07
 0.00113570413577914
 0.0009502696345054589
 0.006369683907132083
 2.016093710620747e-06
 3.296432525716553e-07
 2.957809317186727e-05
 0.001217848182053176
 1.65506044594647e-05
 0.0009502696345054589
 5.500687081113988e-07
 0.00113570413577914
 0.0009502696345054589
 0.006369683907132083
 2.016093710620747e-06
 3.221160805526291e-05
 2.957809317186727e-05
 0.001217848182053176
 1.65506044594647e-05
 0.0009502696345054589
 8.536589370407491e-06
 0.00113570413577914
 0.007509787997530282
 0.006369683907132083
 2.016093710620747e-06
 0.008799117725511316
 2.957809317186727e-05
 0.07225482533527122
 1.65506044594647e-05
 0.006369683907132083
 8.536589370407491e-06
 0.00113570413577914
 0.007509787997530282
 0.006369683907132083
 0
 0.008799117725511316
 2.957809317186727e-05
 0.07225482533527122
 1.65506044594647e-05
 0.006369683907132083
 8.536589370407491e-06
 0.00113570413577914
 0.007509787997530282
 0.006369683907132083
 0
 0.008799117725511316
 2.957809317186727e-05
 0.07225482533527122
 0.0001121826149784413
 0.006369683907132083
 8.536589370407491e-06
 0
 0.007509787997530282
 0
 0
 0.008799117725511316
 0
 0.07225482533527122
 0.0001121826149784413
 0.006369683907132083
 1.181086165242262e-05
 0
 0.007509787997530282
 0
 0
 0.008799117725511316
 0
 0.07225482533527122
 0.0001121826149784413
 0.006369683907132083
 1.181086165242262e-05
 0
 0.007509787997530282
 0
 0
 0.008799117725511316
 0
 0.07225482533527122
 0.01124861874181169
 0.006369683907132083
 1.181086165242262e-05
 0
 0.007509787997530282
 0
 0
 0.008799117725511316
 0
 0.07225482533527122
 0.07225482533527122
 0.006369683907132083
 2.312386282886395e-05
 0
 0
 0
 0
 0
 0
 0
 0.07225482533527122
 0
 2.968738658623084e-05
 0
 0
 0
 0
 0
 0
 0
 0.07225482533527122
 0
 0.002159513347377551
 0
 0
 0
 0
 0
 0
 0
 0.07225482533527122
 0
 0.002159513347377551
 0
 0
 0
 0
 0
 0
 0
 0.07225482533527122
 0
 0.002159513347377551
 0
 0
 0
 0
 0
 0
 0
 0.07225482533527122
 0
 0.002159513347377551
 0
 0
 0
 0
 0
 0
 0
 0.07225482533527122
 0
 0.002159513347377551
 0
 0
 0
 0
 0
 0
 0
 0
 0
 0.007509787997530282
 0
 0
 0
 0
 0
 0
 0
 0
 0
 0.007509787997530282
 0
 0
 0
 0
 0
 0
 0
 0
 0
 0.01124861874181169
 0
 0
 0
 0
 0
 0
 0
 0
 0
 0.007509787997530282
 0
 0
 0
 0
 0
 0
 0
 0
 0
 0.007509787997530282
 0
 0
 0
 0
 0
 0
 0
 0
 0
 0.007509787997530282
 0
 0
 0
 0
 0
 0
 0
 0
 0
 0.007509787997530282
 0
 0
 0
 0
 0
 0
 0
 0
 0
