# Created by Octave 3.2.4, Wed Feb 06 18:19:10 2013 EST <rbom@zaphod>
# name: small_First_Fit
# type: matrix
# ndims: 3
 1 10 30
 5.01336922844846e-10
 3.923414856464954e-06
 8.212326634327145e-10
 1.489711671158151e-05
 1.455222224091279e-10
 3.263511869616687e-08
 5.40071038973937e-07
 3.245969757376686e-06
 1.621764223512205e-11
 4.285248912391232e-08
 1.871878383969921e-06
 0.0007516698479456638
 2.025803295944334e-05
 1.489711671158151e-05
 1.119560263199331e-07
 2.091067344175854e-07
 7.686334841484388e-06
 7.770011193776376e-05
 8.885255685903473e-09
 1.030457340075497e-06
 4.748862460898071e-05
 0.0007516698479456638
 2.025803295944334e-05
 7.43314704735849e-05
 1.208459751684577e-05
 1.165507846171755e-07
 7.686334841484388e-06
 0.0002301057283023947
 1.960571393386407e-07
 1.030457340075497e-06
 0.0001190796644551054
 0.006289416690157471
 3.53981851721517e-05
 7.43314704735849e-05
 0.0001004507540263318
 3.942941348728716e-07
 7.686334841484388e-06
 0.0002301057283023947
 3.127851550236806e-07
 1.907762638452832e-05
 0.0001190796644551054
 0.006289416690157471
 0.0003556075602249887
 0.0007689934363593487
 0.0003000675398748097
 3.942941348728716e-07
 4.11175423183809e-05
 0.0004420998863445082
 6.872623073323981e-06
 1.907762638452832e-05
 0.0002677497264849439
 0.006289416690157471
 0.0003556075602249887
 0.0008192981290811224
 0.001847025042539839
 4.157599676973861e-06
 4.11175423183809e-05
 0.0009973141749946169
 0.0001273799395976906
 1.907762638452832e-05
 0.0002677497264849439
 0.006289416690157471
 0.003394111660994121
 0.0007689934363593487
 0.001847025042539839
 1.662931367520998e-05
 4.11175423183809e-05
 0.0009973141749946169
 0.0006396616723414233
 0.0001339075148578318
 0.0002677497264849439
 0.006289416690157471
 0.003394111660994121
 0.0008192981290811224
 0.001847025042539839
 1.662931367520998e-05
 4.11175423183809e-05
 0.0009973141749946169
 0.0006396616723414233
 0.0004370507677390823
 0.0002677497264849439
 0.006289416690157471
 0.003394111660994121
 0.0008192981290811224
 0.001847025042539839
 6.595916354354292e-05
 4.11175423183809e-05
 0.0009973141749946169
 0.0011271030995104
 0.0004370507677390823
 0.0002677497264849439
 0.006289416690157471
 0.003394111660994121
 0.003489476434579549
 0.005324651121031635
 0.0002033440053595051
 4.11175423183809e-05
 0.01276907508918515
 0.0011271030995104
 0.001538452910509351
 0.0002677497264849439
 0
 0.003394111660994121
 0.003489476434579549
 0.005419337757086583
 0.0002033440053595051
 0.0009368705275384839
 0.01276907508918515
 0.001382393108015713
 0.001538452910509351
 0.0002677497264849439
 0
 0.003394111660994121
 0.003489476434579549
 0.009105546929856354
 0.0002033440053595051
 0.0009368705275384839
 0.01276907508918515
 0.009105546929856354
 0.001538452910509351
 0
 0
 0.003394111660994121
 0.005334877339472307
 0.009105546929856354
 0.0004983497305736251
 0.0009368705275384839
 0.01276907508918515
 0.009105546929856354
 0.001538452910509351
 0
 0
 0
 0.005334877339472307
 0.009105546929856354
 0.0009161990181334685
 0.0009368705275384839
 0.01276907508918515
 0.009105546929856354
 0.001826196729534559
 0
 0
 0
 0.005334877339472307
 0.01503215551623456
 0.0004983497305736251
 0.0009368705275384839
 0.01276907508918515
 0.009105546929856354
 0.001538452910509351
 0
 0
 0
 0.01503215551623456
 0.01503215551623456
 0.001668689549286079
 0.0009368705275384839
 0.01276907508918515
 0.009105546929856354
 0.001538452910509351
 0
 0
 0
 0.01503215551623456
 0.01503215551623456
 0.001668689549286079
 0.0009368705275384839
 0
 0.009105546929856354
 0.001538452910509351
 0
 0
 0
 0.01503215551623456
 0.02062613144756378
 0.001668689549286079
 0
 0
 0.01333365848750159
 0.001902931862528549
 0
 0
 0
 0.01503215551623456
 0.02062613144756378
 0.003646025215358965
 0
 0
 0.01333365848750159
 0.001902931862528549
 0
 0
 0
 0.01503215551623456
 0.01503215551623456
 0.003646025215358965
 0
 0
 0.01333365848750159
 0.001902931862528549
 0
 0
 0
 0.01503215551623456
 0.01503215551623456
 0.006490902999945667
 0
 0
 0.01333365848750159
 0.001538452910509351
 0
 0
 0
 0.02062613144756378
 0.01503215551623456
 0.006490902999945667
 0
 0
 0.01333365848750159
 0.001538452910509351
 0
 0
 0
 0.02062613144756378
 0.01503215551623456
 0.01276907508918515
 0
 0
 0.01503215551623456
 0.001902931862528549
 0
 0
 0
 0.02062613144756378
 0.01503215551623456
 0.01276907508918515
 0
 0
 0.01503215551623456
 0.001902931862528549
 0
 0
 0
 0.02062613144756378
 0
 0.01276907508918515
 0
 0
 0.01333365848750159
 0.001538452910509351
 0
 0
 0
 0.02062613144756378
 0
 0.01276907508918515
 0
 0
 0.01333365848750159
 0.001538452910509351
 0
 0
 0
 0.02062613144756378
 0
 0.01276907508918515
 0
 0
 0.01333365848750159
 0.001826196729534559
 0
 0
 0
 0.02062613144756378
 0
 0.01276907508918515
 0
 0
 0.01333365848750159
 0.001826196729534559
 0
 0
 0
 0
 0
 0.01276907508918515
 0
 0
 0.01503215551623456
 0.001826196729534559
 0
 0
 0
 0
 0
 0
 0
 0
 0.01503215551623456
 0.001826196729534559
