# Created by Octave 3.2.4, Tue Feb 05 00:59:46 2013 EST <rbom@zaphod>
# name: small_First_Fit
# type: matrix
# ndims: 3
 1 10 30
 1.825971990808898e-17
 1.658721113342744e-15
 2.889944266509664e-17
 1.457140963866347e-16
 3.879240156233981e-20
 2.094817863373237e-21
 5.019072094121929e-16
 2.259381954719754e-17
 5.621399879363616e-21
 3.951278020833129e-16
 4.891432765714888e-12
 4.803974138119589e-13
 1.036749295608219e-12
 3.137646803017058e-14
 2.234991675934578e-15
 8.172977592417548e-19
 1.659561375039348e-11
 2.419721716924412e-11
 1.790609534884105e-18
 1.867673872505245e-14
 1.147018451576855e-09
 2.250467329232479e-11
 6.982565713636973e-10
 1.059251566974684e-09
 3.743178386736853e-13
 2.89463606681635e-17
 2.420570032199485e-10
 1.45067371595075e-08
 2.090446011382144e-17
 1.867673872505245e-14
 1.757918628569148e-07
 3.027869967217354e-10
 6.982565713636973e-10
 6.363840280950299e-07
 1.708677619142614e-12
 1.304164200707806e-13
 7.25615634985209e-09
 2.62662921770671e-06
 2.916592811472384e-13
 2.809207401540744e-12
 4.996243807192543e-06
 1.397330670909639e-08
 6.982565713636973e-10
 6.363840280950299e-07
 9.584437615040263e-09
 3.505223679266524e-09
 5.835010629635201e-07
 7.743953785164515e-05
 3.190058930704865e-05
 4.137613697008762e-10
 0.0008282977116121786
 7.853026716913847e-05
 3.280195942845206e-08
 6.363840280950299e-07
 9.584437615040263e-09
 1.458265428291628e-07
 5.835010629635201e-07
 7.743953785164515e-05
 0.01339444029369601
 8.842391819375215e-08
 0.0008282977116121786
 7.853026716913847e-05
 3.280195942845206e-08
 0.000292195558908583
 7.338833574146239e-06
 2.23123833861888e-05
 5.835010629635201e-07
 7.743953785164515e-05
 0.01339444029369601
 1.841611717536718e-06
 0.02298792356516227
 7.853026716913847e-05
 3.280195942845206e-08
 0.000292195558908583
 0.0002823305582839685
 2.23123833861888e-05
 1.731451828850179e-05
 7.743953785164515e-05
 0.01339444029369601
 0.0009128794406549951
 0.02298792356516227
 7.853026716913847e-05
 6.946278756365074e-06
 0.02495775752671622
 0.0002823305582839685
 2.23123833861888e-05
 7.563085694746869e-05
 7.743953785164515e-05
 0.01339444029369601
 0.0009128794406549951
 0.02298792356516227
 7.853026716913847e-05
 0.004434354404775539
 0.02495775752671622
 0.004434354404775539
 0.0008945191756774459
 7.563085694746869e-05
 7.743953785164515e-05
 0.01339444029369601
 0.0009128794406549951
 0.02298792356516227
 0.02298792356516227
 0.02298792356516227
 0.02495775752671622
 0.004434354404775539
 0.0008945191756774459
 7.563085694746869e-05
 7.743953785164515e-05
 0.01339444029369601
 0.02495775752671622
 0.02298792356516227
 0.02298792356516227
 0.02298792356516227
 0.02495775752671622
 0.004434354404775539
 0.02495775752671622
 7.563085694746869e-05
 0
 0.01339444029369601
 0.02495775752671622
 0.02298792356516227
 0.02298792356516227
 0.02298792356516227
 0.02495775752671622
 0.004434354404775539
 0.02495775752671622
 7.563085694746869e-05
 0
 0
 0.02495775752671622
 0.02298792356516227
 0.02298792356516227
 0.02298792356516227
 0.02495775752671622
 0.02495775752671622
 0.02495775752671622
 7.563085694746869e-05
 0
 0
 0.02495775752671622
 0
 0.02298792356516227
 0.02298792356516227
 0.02495775752671622
 0.02495775752671622
 0.02495775752671622
 7.563085694746869e-05
 0
 0
 0.02495775752671622
 0
 0.02298792356516227
 0.02298792356516227
 0
 0.02495775752671622
 0.02495775752671622
 0
 0
 0
 0.02495775752671622
 0
 0.02298792356516227
 0.02298792356516227
 0
 0.02495775752671622
 0.02495775752671622
 0
 0
 0
 0.02495775752671622
 0
 0
 0
 0
 0.02495775752671622
 0.02495775752671622
 0
 0
 0
 0
 0
 0
 0
 0
 0.02495775752671622
 0
 0
 0
 0
 0
 0
 0
 0
 0
 0.02495775752671622
 0
 0
 0
 0
 0
 0
 0
 0
 0
 0
 0
 0
 0
 0
 0
 0
 0
 0
 0
 0
 0
 0
 0
 0
 0
 0
 0
 0
 0
 0
 0
 0
 0
 0
 0
 0
 0
 0
 0
 0
 0
 0
 0
 0
 0
 0
 0
 0
 0
 0
 0
 0
 0
 0
 0
 0
 0
 0
 0
 0
 0
 0
 0
 0
 0
 0
 0
 0
 0
 0
 0
 0
 0
 0
 0
 0
 0
 0
 0
 0
 0
 0
 0
 0
 0
 0
 0
 0
 0
 0
 0
 0
 0
 0
 0
 0
 0
 0
 0
 0
 0
 0
 0
 0
 0
