# Created by Octave 3.2.4, Tue Feb 05 00:38:52 2013 EST <rbom@zaphod>
# name: small_First_Fit
# type: matrix
# ndims: 3
 1 10 30
 8.998587998733038e-09
 2.466624486723418e-11
 1.276329829456582e-06
 3.54498507600953e-10
 5.428471333301766e-12
 4.674974873978056e-11
 9.041858150394412e-12
 4.430238289498183e-10
 9.205054343879448e-09
 5.449681180740314e-10
 2.675647270819317e-07
 2.129701593556094e-09
 0.0001851748097732778
 2.875486408632308e-08
 5.395063777501819e-05
 4.227415683585578e-07
 5.967213360500743e-09
 5.193721583475505e-09
 2.654463413820173e-05
 3.917423347354039e-07
 5.40881301159964e-05
 2.252300657999182e-07
 0.0001851748097732778
 2.752538617793466e-07
 0.0001428101319740068
 9.058415253547487e-06
 1.97983500599954e-07
 9.472554790202363e-08
 0.0003797890386028337
 3.917423347354039e-07
 0.0001884680506806619
 8.587338228535685e-06
 0.0002303375603047661
 9.972123570652753e-05
 0.0003234810075245423
 9.058415253547487e-06
 1.97983500599954e-07
 6.760255074775996e-07
 0.003775597761956809
 3.291849768257851e-05
 0.0004489027029205414
 8.587338228535685e-06
 0.0002303375603047661
 0.0002655853427295109
 0.0003234810075245423
 0.0001843726654833561
 2.917146894950208e-06
 7.025892508412904e-07
 0.003775597761956809
 0.0001851748097732778
 0.0004489027029205414
 8.587338228535685e-06
 0.0005060022702997625
 0.0002655853427295109
 0.0003234810075245423
 0.0006919915627927939
 2.917146894950208e-06
 1.387485171790256e-05
 0.003775597761956809
 0.0001851748097732778
 0.0009117839610270816
 0.0003284665200008921
 0.0002303375603047661
 0.004015715190842924
 0.0007393057836694166
 0.009126849720114738
 1.047023583906159e-05
 9.453685872095535e-05
 0.003775597761956809
 0.0005060022702997625
 0.0009117839610270816
 0.001238117911327499
 0.003965368534653914
 0.004015715190842924
 0.005353344743029176
 0.009126849720114738
 1.047023583906159e-05
 9.453685872095535e-05
 0.01929822838567253
 0.002261159701166961
 0.0009117839610270816
 0.001238117911327499
 0.003965368534653914
 0.004015715190842924
 0.005353344743029176
 0.009126849720114738
 1.047023583906159e-05
 9.453685872095535e-05
 0.01929822838567253
 0.002261159701166961
 0.0009117839610270816
 0.0003566935905879958
 0.003965368534653914
 0.004015715190842924
 0.005353344743029176
 0.009126849720114738
 5.932405013411219e-05
 9.453685872095535e-05
 0.01929822838567253
 0.0005739738441866403
 0.0009117839610270816
 0.0003284665200008921
 0.01929822838567253
 0.004015715190842924
 0.005353344743029176
 0.009126849720114738
 0.0001984968742763584
 0.0001203341658268186
 0.01929822838567253
 0.0005739738441866403
 0.0009117839610270816
 0.001238117911327499
 0.01929822838567253
 0.004015715190842924
 0.005353344743029176
 0.009126849720114738
 0.0001984968742763584
 9.453685872095535e-05
 0.01929822838567253
 0.0005739738441866403
 0.0009117839610270816
 0.001238117911327499
 0.01929822838567253
 0.004015715190842924
 0.005353344743029176
 0.009126849720114738
 0.0003186462690968497
 0.004679283508134589
 0.01929822838567253
 0.0005739738441866403
 0
 0.001238117911327499
 0.01929822838567253
 0
 0.005353344743029176
 0
 0.0003186462690968497
 0.004679283508134589
 0.01929822838567253
 0.0005739738441866403
 0
 0.001238117911327499
 0.01929822838567253
 0
 0
 0
 0.0003186462690968497
 0.02767699292735974
 0
 0
 0
 0.001238117911327499
 0.01929822838567253
 0
 0
 0
 0.0003186462690968497
 0.02767699292735974
 0
 0
 0
 0.009536638346742666
 0.01929822838567253
 0
 0
 0
 0.0003186462690968497
 0.02767699292735974
 0
 0
 0
 0.004112686210876788
 0
 0
 0
 0
 0.0003186462690968497
 0.02767699292735974
 0
 0
 0
 0.001238117911327499
 0
 0
 0
 0
 0.0003186462690968497
 0.02767699292735974
 0
 0
 0
 0.001238117911327499
 0
 0
 0
 0
 0
 0.02767699292735974
 0
 0
 0
 0.005298958761289618
 0
 0
 0
 0
 0
 0.02767699292735974
 0
 0
 0
 0.009536638346742666
 0
 0
 0
 0
 0
 0
 0
 0
 0
 0.009536638346742666
 0
 0
 0
 0
 0
 0
 0
 0
 0
 0.009536638346742666
 0
 0
 0
 0
 0
 0
 0
 0
 0
 0.01929822838567253
 0
 0
 0
 0
 0
 0
 0
 0
 0
 0.01929822838567253
 0
 0
 0
 0
 0
 0
 0
 0
 0
 0.01929822838567253
 0
 0
 0
 0
 0
 0
 0
 0
 0
 0.01929822838567253
 0
 0
 0
 0
 0
 0
 0
 0
 0
 0.02767699292735974
 0
 0
 0
 0
 0
 0
 0
 0
 0
 0.02767699292735974
 0
 0
 0
 0
 0
 0
 0
 0
