# Created by Octave 3.2.4, Tue Feb 05 03:07:27 2013 EST <rbom@zaphod>
# name: small_First_Fit
# type: matrix
# ndims: 3
 1 10 30
 8.374826349148048e-12
 5.999839363304098e-11
 1.044343990602426e-10
 3.219781837559989e-10
 2.413625071483835e-12
 3.777505386927979e-11
 2.499112116954247e-11
 1.204262440757568e-13
 8.735202588656161e-13
 3.907363525757039e-13
 1.974839321692161e-09
 1.659718692759932e-09
 1.258220756059582e-05
 3.219781837559989e-10
 5.907286113625051e-10
 1.689216437798572e-07
 1.792405640129476e-10
 3.546013172226872e-12
 5.478393104136208e-10
 6.625246374933113e-09
 1.974839321692161e-09
 1.430402079260728e-08
 1.258220756059582e-05
 2.25786808586839e-09
 7.883875485674614e-08
 2.345611111339984e-06
 1.745217095248713e-08
 3.546013172226872e-12
 6.494288504633276e-09
 2.784525429693586e-07
 5.122858449658134e-08
 1.265973899377882e-07
 1.258220756059582e-05
 2.25786808586839e-09
 2.411027699305561e-06
 0.0001188269248743807
 1.745217095248713e-08
 3.41990400640156e-08
 6.494288504633276e-09
 8.958288940693086e-06
 5.31730079986814e-08
 6.981346910657188e-06
 1.258220756059582e-05
 4.724762039480949e-08
 3.145137773385577e-05
 0.0001188269248743807
 5.104591002977236e-07
 1.937929587875358e-05
 4.01261295783416e-07
 6.307958298271096e-05
 1.369822881719906e-06
 6.981346910657188e-06
 1.258220756059582e-05
 3.503055896602061e-06
 0.0007560933907761227
 0.001319433137294428
 3.315883650745983e-06
 1.937929587875358e-05
 3.194216723966222e-05
 0.001692230452721649
 1.369822881719906e-06
 6.981346910657188e-06
 3.146296306093341e-05
 7.309947133108644e-05
 0.0007560933907761227
 0.001319433137294428
 2.06679712439883e-05
 0.0003722577719863626
 0.0001043179263638262
 0.001692230452721649
 9.79753472570838e-06
 0.002613995013665597
 3.146296306093341e-05
 0.001343391701266073
 3.145137773385577e-05
 0.001319433137294428
 0.001626368000682386
 0.0003722577719863626
 0.0001043179263638262
 0.001692230452721649
 0.0002680332521069588
 0.002613995013665597
 3.146296306093341e-05
 0.001343391701266073
 3.145137773385577e-05
 0.003479521215279855
 0.001626368000682386
 0.0003722577719863626
 0.0001043179263638262
 0.001692230452721649
 0.0007560933907761227
 0.01314383182110925
 3.146296306093341e-05
 0.001343391701266073
 3.145137773385577e-05
 0.003479521215279855
 0.001626368000682386
 0.0003722577719863626
 0.0001043179263638262
 0.001692230452721649
 0.0007560933907761227
 0.01314383182110925
 0.001289525760948382
 0.001343391701266073
 0.0007560933907761227
 0.003479521215279855
 0.001626368000682386
 0.0003722577719863626
 0.0009834175757204387
 0.001692230452721649
 0.0007560933907761227
 0.01314383182110925
 0.001289525760948382
 0.001343391701266073
 0.0007560933907761227
 0.003479521215279855
 0.001626368000682386
 0.0003722577719863626
 0.0009834175757204387
 0.001692230452721649
 0.001626368000682386
 0.01314383182110925
 0.001289525760948382
 0.001343391701266073
 0.0007560933907761227
 0.006481526793164706
 0.001626368000682386
 0.0003722577719863626
 0.01314383182110925
 0
 0.001626368000682386
 0.01314383182110925
 0.003514585884770182
 0.001343391701266073
 0.0007560933907761227
 0.006481526793164706
 0.001626368000682386
 0
 0.01314383182110925
 0
 0.001626368000682386
 0.01314383182110925
 0.005554498817980745
 0
 0.0007560933907761227
 0.006481526793164706
 0
 0
 0.01314383182110925
 0
 0.001626368000682386
 0.01314383182110925
 0.006481526793164706
 0
 0.0007560933907761227
 0.01314383182110925
 0
 0
 0.01314383182110925
 0
 0.001626368000682386
 0
 0.006481526793164706
 0
 0.0007560933907761227
 0.01314383182110925
 0
 0
 0.01314383182110925
 0
 0.001626368000682386
 0
 0.006481526793164706
 0
 0
 0.01314383182110925
 0
 0
 0.01314383182110925
 0
 0.001626368000682386
 0
 0.006481526793164706
 0
 0
 0.01314383182110925
 0
 0
 0.01314383182110925
 0
 0
 0
 0.006481526793164706
 0
 0
 0.01314383182110925
 0
 0
 0
 0
 0
 0
 0.005451271181111222
 0
 0
 0.01314383182110925
 0
 0
 0
 0
 0
 0
 0.005451271181111222
 0
 0
 0.01314383182110925
 0
 0
 0
 0
 0
 0
 0
 0
 0
 0
 0
 0
 0
 0
 0
 0
 0
 0
 0
 0
 0
 0
 0
 0
 0
 0
 0
 0
 0
 0
 0
 0
 0
 0
 0
 0
 0
 0
 0
 0
 0
 0
 0
 0
 0
 0
 0
 0
 0
 0
 0
 0
 0
 0
 0
 0
 0
 0
 0
 0
 0
 0
 0
 0
 0
 0
 0
 0
 0
 0
 0
 0
 0
 0
 0
 0
 0
 0
 0
 0
 0
 0
 0
 0
