# Created by Octave 3.2.4, Tue Feb 05 01:46:03 2013 EST <rbom@zaphod>
# name: small_First_Fit
# type: matrix
# ndims: 3
 1 10 30
 2.673953249449102e-19
 2.62006319715897e-16
 1.015847501133419e-16
 7.031950247384368e-14
 6.181362949108735e-17
 2.442194167399983e-12
 2.274886572306408e-15
 1.564897265468445e-14
 4.714202830378071e-16
 3.162762345729462e-16
 5.666522762138929e-10
 2.083439500749486e-11
 2.993085549143468e-14
 2.063970004847659e-11
 2.940475415232291e-14
 8.231063938560295e-11
 1.112371894072481e-13
 3.43279452218694e-11
 1.95089664837806e-13
 4.42615097805726e-15
 2.230281597289876e-08
 8.259003878902624e-09
 3.708875534016e-10
 7.89573903357606e-09
 1.228106358966456e-11
 8.231063938560295e-11
 3.236470230003813e-10
 5.138327915741913e-09
 4.049217785464784e-10
 1.308816625381745e-14
 2.230281597289876e-08
 2.129327325094289e-06
 2.032213311918013e-05
 1.153126938469413e-06
 4.80224573604103e-10
 8.231063938560295e-11
 8.380759912947596e-07
 6.114105567790165e-07
 6.88001261087065e-07
 2.0580176112109e-12
 2.230281597289876e-08
 2.433486745715578e-05
 2.032213311918013e-05
 0.0001236440707473214
 1.176925763771084e-08
 8.942035079388546e-09
 8.399938287062427e-06
 4.752382719923986e-05
 6.535646157708525e-06
 5.085357738732471e-09
 2.208529689047372e-06
 2.433486745715578e-05
 0.0001754661596531007
 0.0001236440707473214
 4.56535802341767e-07
 4.285045873350903e-08
 8.399938287062427e-06
 4.752382719923986e-05
 2.826657596647408e-05
 1.776657270346712e-07
 2.208529689047372e-06
 2.433486745715578e-05
 0.0001754661596531007
 0.0001236440707473214
 4.56535802341767e-07
 4.285045873350903e-08
 7.656351456822922e-05
 4.752382719923986e-05
 0.0003044949229739404
 1.776657270346712e-07
 2.208529689047372e-06
 2.433486745715578e-05
 0.001018468605441966
 0.0001236440707473214
 4.56535802341767e-07
 4.285045873350903e-08
 7.656351456822922e-05
 4.752382719923986e-05
 0.0006000515192966498
 1.776657270346712e-07
 2.208529689047372e-06
 2.433486745715578e-05
 0.002059115530799801
 0.0001236440707473214
 4.56535802341767e-07
 1.157356457947408e-05
 7.656351456822922e-05
 4.752382719923986e-05
 0.0006000515192966498
 7.344725436675854e-07
 2.208529689047372e-06
 2.433486745715578e-05
 0.002059115530799801
 0.0001236440707473214
 1.596313255421383e-05
 3.45653661092122e-05
 7.656351456822922e-05
 4.752382719923986e-05
 0.0006000515192966498
 7.344725436675854e-07
 2.208529689047372e-06
 2.433486745715578e-05
 0.002059115530799801
 0.0001236440707473214
 1.596313255421383e-05
 3.45653661092122e-05
 7.656351456822922e-05
 4.752382719923986e-05
 0.001270298919928721
 6.424161976544888e-06
 2.208529689047372e-06
 0
 0.002059115530799801
 0
 0.001020976041169421
 1.157356457947408e-05
 7.656351456822922e-05
 0
 0.001270298919928721
 6.780878346238066e-06
 0
 0
 0.002059115530799801
 0
 0.001020976041169421
 1.157356457947408e-05
 7.656351456822922e-05
 0
 0.002179457011390534
 6.780878346238066e-06
 0
 0
 0.002059115530799801
 0
 0.002179457011390534
 1.157356457947408e-05
 0
 0
 0.0006000515192966498
 5.561435346478843e-05
 0
 0
 0.002059115530799801
 0
 0.002179457011390534
 0.001248894579508668
 0
 0
 0.0006000515192966498
 5.561435346478843e-05
 0
 0
 0
 0
 0.002179457011390534
 0.002179457011390534
 0
 0
 0.0006000515192966498
 0.0002363057121215791
 0
 0
 0
 0
 0.002179457011390534
 0.002179457011390534
 0
 0
 0.002179457011390534
 0.002184652528999435
 0
 0
 0
 0
 0.002179457011390534
 0.001248894579508668
 0
 0
 0.002179457011390534
 0.002184652528999435
 0
 0
 0
 0
 0.002179457011390534
 0.001248894579508668
 0
 0
 0.002179457011390534
 0.002184652528999435
 0
 0
 0
 0
 0.002179457011390534
 0.001248894579508668
 0
 0
 0.002179457011390534
 0.002748491747909597
 0
 0
 0
 0
 0
 0.001248894579508668
 0
 0
 0.002179457011390534
 0.002184652528999435
 0
 0
 0
 0
 0
 0.001248894579508668
 0
 0
 0.002179457011390534
 0.002184652528999435
 0
 0
 0
 0
 0
 0
 0
 0
 0.002179457011390534
 0.002184652528999435
 0
 0
 0
 0
 0
 0
 0
 0
 0
 0.002184652528999435
 0
 0
 0
 0
 0
 0
 0
 0
 0
 0.002184652528999435
 0
 0
 0
 0
 0
 0
 0
 0
 0
 0.002748491747909597
 0
 0
 0
 0
 0
 0
 0
 0
 0
 0.002748491747909597
 0
 0
 0
 0
 0
 0
 0
 0
 0
 0.002748491747909597
 0
 0
 0
 0
 0
 0
 0
 0
 0
 0.002748491747909597
 0
 0
 0
 0
 0
 0
 0
 0
 0
 0.002748491747909597
