# Created by Octave 3.2.4, Wed Feb 06 10:19:25 2013 EST <rbom@zaphod>
# name: small_First_Fit
# type: matrix
# ndims: 3
 1 10 30
 3.499136807502638e-12
 1.73863121582316e-12
 3.615819677287952e-10
 3.897732689942674e-11
 5.378123383368643e-10
 6.494832266328778e-08
 7.280624377527154e-13
 8.650151057202852e-07
 1.557657228398962e-10
 1.076664585640264e-07
 1.137642825542562e-09
 2.841151574313848e-10
 1.541874516061081e-09
 4.682823929713186e-10
 1.244314284376794e-08
 2.718605661313274e-06
 1.342355690720994e-10
 2.836114487349704e-05
 7.284797803582761e-07
 1.076664585640264e-07
 1.137642825542562e-09
 3.055635891087199e-08
 5.206191350888697e-08
 4.682823929713186e-10
 1.244314284376794e-08
 2.718605661313274e-06
 1.044427372536604e-06
 2.836114487349704e-05
 3.200546928496222e-05
 3.65994913378164e-06
 1.137642825542562e-09
 3.055635891087199e-08
 4.551212641288487e-07
 1.253856925922302e-08
 7.384674152346708e-07
 2.718605661313274e-06
 1.044427372536604e-06
 0.001064117808511409
 3.200546928496222e-05
 4.091325301408548e-06
 1.185882923457351e-06
 6.745254874237385e-08
 2.402151169366184e-06
 5.452817795909924e-07
 7.384674152346708e-07
 0.0001032335355766324
 2.200887827179326e-06
 0.001064117808511409
 0.0001690113164468703
 5.360220841042616e-05
 1.185882923457351e-06
 2.313870360720807e-07
 2.04402622055543e-05
 7.145961032937783e-06
 2.167215680679434e-05
 0.0001032335355766324
 5.120762587156763e-05
 0.001064117808511409
 0.0001690113164468703
 0.0005093015796466286
 1.185882923457351e-06
 8.555973762240865e-07
 2.04402622055543e-05
 7.145961032937783e-06
 0.0005493387802552281
 0.0001032335355766324
 0.0003053272289745868
 0.001064117808511409
 0.0001690113164468703
 0.006359320671057983
 2.02163644680037e-05
 6.342463990888061e-06
 0.0008103036219344765
 0.0004454359267060696
 0.0005493387802552281
 0.0001032335355766324
 0.005364610092644393
 0.001064117808511409
 0.0001690113164468703
 0.006359320671057983
 2.02163644680037e-05
 6.342463990888061e-06
 0.0008103036219344765
 0.0009470514056074249
 0.0005493387802552281
 0.0001032335355766324
 0.005364610092644393
 0.006941962803887714
 0.0001690113164468703
 0.006359320671057983
 2.02163644680037e-05
 0.0002447435960533477
 0.007446187680394436
 0.0004738394511536221
 0.002025209316861612
 0.002356344157932688
 0.005364610092644393
 0.006941962803887714
 0.0008451556175027131
 0.006359320671057983
 4.472397746682458e-05
 0.002517564976650858
 0.007446187680394436
 0.0004454359267060696
 0.002025209316861612
 0.002356344157932688
 0.005364610092644393
 0.006941962803887714
 0.0008451556175027131
 0.006359320671057983
 4.472397746682458e-05
 0.005750930123457788
 0.008682018687534571
 0.0004454359267060696
 0.002025209316861612
 0.008682018687534571
 0.005364610092644393
 0.007670677566205049
 0.0008451556175027131
 0.006359320671057983
 0.0003719978095437767
 0.005750930123457788
 0.008682018687534571
 0.0004738394511536221
 0.002025209316861612
 0.008682018687534571
 0.005364610092644393
 0.007446187680394436
 0.0008451556175027131
 0.006359320671057983
 0.0003719978095437767
 0.005750930123457788
 0.008682018687534571
 0.0004738394511536221
 0.002119348889477894
 0.008682018687534571
 0.005364610092644393
 0.007446187680394436
 0.0008451556175027131
 0
 0.0003719978095437767
 0.005750930123457788
 0.008682018687534571
 0.0004738394511536221
 0.002025209316861612
 0.008682018687534571
 0
 0.007446187680394436
 0.0008451556175027131
 0
 0.0003719978095437767
 0.005750930123457788
 0.008682018687534571
 0.0009470514056074249
 0.002119348889477894
 0.008682018687534571
 0
 0.008682018687534571
 0.0008451556175027131
 0
 0.001807896765152304
 0.005750930123457788
 0.008682018687534571
 0.0009470514056074249
 0.002025209316861612
 0.008682018687534571
 0
 0.007446187680394436
 0
 0
 0.001807896765152304
 0.005750930123457788
 0.008682018687534571
 0.004351569796725043
 0.002025209316861612
 0.008682018687534571
 0
 0.007446187680394436
 0
 0
 0.001807896765152304
 0
 0
 0.004351569796725043
 0.002025209316861612
 0
 0
 0.007446187680394436
 0
 0
 0.001807896765152304
 0
 0
 0.004351569796725043
 0.002119348889477894
 0
 0
 0.008682018687534571
 0
 0
 0.002517564976650858
 0
 0
 0.008682018687534571
 0.002025209316861612
 0
 0
 0.008598631354861774
 0
 0
 0.002517564976650858
 0
 0
 0.008682018687534571
 0.002025209316861612
 0
 0
 0.007446187680394436
 0
 0
 0.002517564976650858
 0
 0
 0.008682018687534571
 0.002025209316861612
 0
 0
 0.007446187680394436
 0
 0
 0.001807896765152304
 0
 0
 0.008682018687534571
 0.002119348889477894
 0
 0
 0.007446187680394436
 0
 0
 0.001807896765152304
 0
 0
 0.008682018687534571
 0.002119348889477894
 0
 0
 0.007446187680394436
 0
 0
 0.001807896765152304
 0
 0
 0.008682018687534571
 0.002119348889477894
 0
 0
 0.007446187680394436
 0
 0
 0.002517564976650858
 0
 0
 0.008682018687534571
 0.002119348889477894
 0
 0
 0
 0
 0
 0.002517564976650858
 0
 0
 0
 0.002119348889477894
 0
 0
 0
 0
 0
 0.002517564976650858
 0
 0
 0
 0.002119348889477894
 0
 0
 0
 0
 0
 0.002517564976650858
 0
 0
 0
 0.002119348889477894
 0
 0
 0
 0
 0
