# Created by Octave 3.2.4, Mon Feb 04 16:48:51 2013 EST <rbom@zaphod>
# name: small_First_Fit
# type: matrix
# ndims: 3
 1 10 30
 3.319894718145346e-14
 3.022430295614516e-17
 6.9880255354645e-16
 1.639193684293964e-18
 1.550741904172899e-14
 3.086883389497668e-19
 1.022857743819173e-12
 1.107613965128582e-12
 1.143190262897473e-16
 3.771059661902095e-13
 1.055110472204434e-10
 6.28788099977438e-09
 2.688890820161341e-12
 3.807771382304079e-15
 3.483819181995813e-12
 3.032225443253479e-16
 1.631821756273524e-11
 2.221489180263914e-12
 1.285447727886253e-15
 3.771059661902095e-13
 1.808971834739831e-08
 6.28788099977438e-09
 2.688890820161341e-12
 9.570499234705493e-13
 7.708021755815517e-10
 1.048688335227395e-12
 1.767546727827929e-09
 4.451998009445748e-10
 1.285447727886253e-15
 3.771059661902095e-13
 1.808971834739831e-08
 6.28788099977438e-09
 2.688890820161341e-12
 6.543032509067139e-11
 1.253184429488628e-08
 1.048688335227395e-12
 5.571797987788405e-07
 6.613775500949681e-10
 5.811697647625273e-12
 9.990697707311267e-11
 1.232915787304294e-06
 6.28788099977438e-09
 2.922090324748741e-11
 9.596211845904834e-10
 3.867408521832842e-08
 1.215250630265387e-07
 5.571797987788405e-07
 2.076112853586995e-07
 7.128019273424259e-07
 4.296139084294687e-06
 1.232915787304294e-06
 2.844043233262532e-06
 2.74501376178776e-09
 9.596211845904834e-10
 5.305569772558435e-05
 1.215250630265387e-07
 5.571797987788405e-07
 2.515392129499746e-05
 4.873552958171457e-05
 4.296139084294687e-06
 1.613440481766514e-06
 2.844043233262532e-06
 2.74501376178776e-09
 6.483554906573005e-08
 0.0009691936054934327
 1.215250630265387e-07
 7.856111997539642e-05
 2.515392129499746e-05
 4.873552958171457e-05
 4.296139084294687e-06
 2.107437123163799e-05
 2.844043233262532e-06
 7.128019273424259e-07
 6.483554906573005e-08
 0.0009691936054934327
 5.34183995060392e-05
 0.0007577973341152222
 2.515392129499746e-05
 4.873552958171457e-05
 4.296139084294687e-06
 2.107437123163799e-05
 0.000194556841470052
 4.873552958171457e-05
 6.483554906573005e-08
 0.05183660941290251
 5.34183995060392e-05
 0.0007577973341152222
 2.515392129499746e-05
 0.003638646194640391
 0.0007191521905905099
 2.107437123163799e-05
 0.000194556841470052
 4.873552958171457e-05
 1.612187276964549e-07
 0.05183660941290251
 0.0001288353317213147
 0.0007577973341152222
 0.05183660941290251
 0.003638646194640391
 0.0007191521905905099
 2.107437123163799e-05
 0.006326939512548921
 4.873552958171457e-05
 1.612187276964549e-07
 0.05183660941290251
 0.0001288353317213147
 0.05183660941290251
 0.05183660941290251
 0.003638646194640391
 0.0007191521905905099
 2.107437123163799e-05
 0.006326939512548921
 4.873552958171457e-05
 1.612187276964549e-07
 0.05183660941290251
 0.0001288353317213147
 0.05183660941290251
 0.05183660941290251
 0.003638646194640391
 0.0007191521905905099
 0.0001894453339808045
 0.006326939512548921
 4.873552958171457e-05
 1.612187276964549e-07
 0.05183660941290251
 0.0001288353317213147
 0.05183660941290251
 0.05183660941290251
 0.008813476301598904
 0.0007191521905905099
 0.0001894453339808045
 0.05183660941290251
 4.873552958171457e-05
 6.483554906573005e-08
 0.05183660941290251
 0.003638646194640391
 0.05183660941290251
 0.05183660941290251
 0.008813476301598904
 0.0007191521905905099
 0.0001894453339808045
 0.05183660941290251
 4.873552958171457e-05
 6.483554906573005e-08
 0.05183660941290251
 0.003638646194640391
 0.05183660941290251
 0.05183660941290251
 0.05183660941290251
 0.0007191521905905099
 0.0001894453339808045
 0.05183660941290251
 0
 6.483554906573005e-08
 0
 0.003638646194640391
 0.05183660941290251
 0.05183660941290251
 0.05183660941290251
 0
 0.0001894453339808045
 0.05183660941290251
 0
 0
 0
 0.0007577973341152222
 0.05183660941290251
 0
 0.05183660941290251
 0
 0.0001894453339808045
 0.05183660941290251
 0
 0
 0
 0.0007577973341152222
 0
 0
 0.05183660941290251
 0
 0.0001894453339808045
 0.05183660941290251
 0
 0
 0
 0.0007577973341152222
 0
 0
 0.05183660941290251
 0
 0
 0.05183660941290251
 0
 0
 0
 0.05183660941290251
 0
 0
 0.05183660941290251
 0
 0
 0
 0
 0
 0
 0.05183660941290251
 0
 0
 0.05183660941290251
 0
 0
 0
 0
 0
 0
 0.05183660941290251
 0
 0
 0
 0
 0
 0
 0
 0
 0
 0.05183660941290251
 0
 0
 0
 0
 0
 0
 0
 0
 0
 0.05183660941290251
 0
 0
 0
 0
 0
 0
 0
 0
 0
 0.05183660941290251
 0
 0
 0
 0
 0
 0
 0
 0
 0
 0.05183660941290251
 0
 0
 0
 0
 0
 0
 0
 0
 0
 0
 0
 0
 0
 0
 0
 0
 0
 0
 0
 0
 0
 0
 0
 0
 0
 0
 0
 0
 0
 0
 0
 0
 0
 0
 0
 0
 0
 0
 0
 0
 0
 0
 0
 0
