# Created by Octave 3.2.4, Wed Feb 06 08:03:31 2013 EST <rbom@zaphod>
# name: small_First_Fit
# type: matrix
# ndims: 3
 1 10 30
 1.483845716395444e-09
 2.363809343939891e-09
 4.50931418090158e-07
 3.883552132742973e-10
 1.85587891710774e-09
 6.510865481007475e-07
 7.523333461133205e-10
 5.190843208568699e-12
 4.864127162327989e-09
 1.1450272589478e-08
 2.986061797024507e-08
 3.340644493074952e-07
 4.50931418090158e-07
 6.275242909353254e-07
 6.327137932141033e-08
 3.381121570153167e-05
 3.302231819235378e-08
 2.310364422787753e-10
 7.763003872004344e-08
 1.1450272589478e-08
 4.747834053495699e-08
 2.873748157016356e-05
 3.22585591712162e-06
 1.091590381663554e-05
 6.327137932141033e-08
 0.0002384895277613472
 3.302231819235378e-08
 1.164305398329431e-08
 1.782742339444308e-06
 5.304668833034879e-07
 1.455230416122464e-06
 0.0003072641508730204
 3.22585591712162e-06
 1.091590381663554e-05
 1.092883486648381e-06
 0.0006296269603542227
 3.302231819235378e-08
 4.076856355923494e-08
 2.924248848906e-05
 8.571942327986473e-06
 2.997680973158571e-05
 0.0003072641508730204
 4.966697611129377e-05
 1.091590381663554e-05
 1.092883486648381e-06
 0.0006296269603542227
 9.607123912728727e-06
 4.608681365855733e-07
 0.0001838586118752778
 8.571942327986473e-06
 4.120500564014868e-05
 0.0003072641508730204
 4.966697611129377e-05
 0.007087583146890617
 0.0003090888364994847
 0.005783231943936054
 9.607123912728727e-06
 5.728017764276061e-06
 0.0001838586118752778
 1.692910552531114e-05
 0.001490857503097754
 0.0003072641508730204
 4.966697611129377e-05
 0.007087583146890617
 0.0003090888364994847
 0.005783231943936054
 9.607123912728727e-06
 8.676624996163403e-06
 0.0001838586118752778
 0.0001016256228422471
 0.001490857503097754
 0.0003072641508730204
 0.000677413179121019
 0.007087583146890617
 0.004753969681265704
 0.03703270256063025
 0.0001713946945501455
 6.446657565745496e-05
 0.0001838586118752778
 0.0001035539795304572
 0.0147609593362547
 0.0003072641508730204
 0.000677413179121019
 0.007087583146890617
 0.004753969681265704
 0.03703270256063025
 0.0001713946945501455
 0.000635685855838386
 0.000840897827933572
 0.0006738816065246188
 0.1048456149845618
 0.01218875135604952
 0.003838922645951061
 0.007087583146890617
 0.004753969681265704
 0.03703270256063025
 0.0001713946945501455
 0.000635685855838386
 0.000840897827933572
 0.0006738816065246188
 0.1048456149845618
 0.01218875135604952
 0.02537553265673153
 0.008629565656671331
 0.01271815883708439
 0.03703270256063025
 0.0001713946945501455
 0.009428529024002088
 0.000840897827933572
 0.003865967887870701
 0.1048456149845618
 0.01218875135604952
 0.02537553265673153
 0.007087583146890617
 0.01271815883708439
 0.1048456149845618
 0.0001713946945501455
 0.009428529024002088
 0.000840897827933572
 0.003865967887870701
 0.1048456149845618
 0.01218875135604952
 0.02537553265673153
 0.007087583146890617
 0.01271815883708439
 0.1048456149845618
 0.002326343513839433
 0.009428529024002088
 0.01218875135604952
 0.003865967887870701
 0.1048456149845618
 0.1048456149845618
 0.03703270256063025
 0.007087583146890617
 0.004753969681265704
 0.1048456149845618
 0.002326343513839433
 0.009428529024002088
 0.01218875135604952
 0.003865967887870701
 0.1048456149845618
 0.1048456149845618
 0.02537553265673153
 0.007087583146890617
 0.004753969681265704
 0.1048456149845618
 0.005783231943936054
 0.009428529024002088
 0.1048456149845618
 0.003865967887870701
 0.1048456149845618
 0.1048456149845618
 0.03703270256063025
 0.007087583146890617
 0.004753969681265704
 0.1048456149845618
 0.002326343513839433
 0.009428529024002088
 0.1048456149845618
 0.02537553265673153
 0
 0.1048456149845618
 0.02537553265673153
 0.007087583146890617
 0.004753969681265704
 0.1048456149845618
 0.002326343513839433
 0.009428529024002088
 0.1048456149845618
 0.02537553265673153
 0
 0.1048456149845618
 0.02537553265673153
 0
 0
 0.1048456149845618
 0.002326343513839433
 0
 0.1048456149845618
 0.02537553265673153
 0
 0.1048456149845618
 0.03703270256063025
 0
 0
 0
 0.005783231943936054
 0
 0.1048456149845618
 0.02537553265673153
 0
 0.1048456149845618
 0.02537553265673153
 0
 0
 0
 0.002326343513839433
 0
 0.1048456149845618
 0.02537553265673153
 0
 0
 0.02537553265673153
 0
 0
 0
 0.002326343513839433
 0
 0.1048456149845618
 0.02537553265673153
 0
 0
 0.02537553265673153
 0
 0
 0
 0.002326343513839433
 0
 0
 0.02537553265673153
 0
 0
 0.02537553265673153
 0
 0
 0
 0.01188071224514397
 0
 0
 0
 0
 0
 0.03703270256063025
 0
 0
 0
 0.01188071224514397
 0
 0
 0
 0
 0
 0.03703270256063025
 0
 0
 0
 0.01188071224514397
 0
 0
 0
 0
 0
 0.03703270256063025
 0
 0
 0
 0.01188071224514397
 0
 0
 0
 0
 0
 0.03703270256063025
 0
 0
 0
 0.01188071224514397
 0
 0
 0
 0
 0
 0.03703270256063025
 0
 0
 0
 0.03703270256063025
 0
 0
 0
 0
 0
 0.03703270256063025
 0
 0
 0
 0.03703270256063025
 0
 0
 0
 0
 0
 0.02537553265673153
 0
 0
 0
 0.03703270256063025
 0
 0
 0
