# Created by Octave 3.2.4, Wed Feb 06 11:23:58 2013 EST <rbom@zaphod>
# name: small_First_Fit
# type: matrix
# ndims: 3
 1 10 30
 3.097554410896579e-13
 1.57174956330947e-09
 5.013957870516336e-10
 1.169500038926348e-10
 3.612090078478257e-13
 3.289878483326575e-13
 3.452856219323468e-12
 8.344278671030587e-14
 1.124225521943374e-12
 1.103113019493249e-12
 5.142836814477671e-10
 1.302604152999611e-08
 5.901975092730436e-08
 1.340154920982898e-08
 7.579128202709452e-11
 9.911222529217982e-08
 7.609072315039466e-08
 1.23850418234467e-11
 2.258838839662026e-09
 4.084571007757256e-09
 4.029441845385986e-07
 1.302604152999611e-08
 1.929372037270988e-06
 3.832441996296957e-07
 2.851458230027151e-10
 5.164691530120079e-05
 1.101017629322087e-05
 4.658116829996494e-10
 2.258838839662026e-09
 1.470263430599776e-08
 5.618755286735342e-05
 1.097790625479726e-05
 1.929372037270988e-06
 2.125387283994129e-06
 8.089698979464134e-10
 5.164691530120079e-05
 1.101017629322087e-05
 2.318566672196749e-09
 6.470271262068268e-08
 2.465738334268475e-08
 5.618755286735342e-05
 0.01726559501221952
 1.929372037270988e-06
 3.0347202774699e-06
 9.334962871443338e-08
 0.0002293252917238173
 0.00186645897762129
 2.318566672196749e-09
 2.538159130257884e-07
 4.709716234936551e-07
 5.618755286735342e-05
 0.02099618456642628
 1.929372037270988e-06
 0.0001431780550099626
 6.755939756175594e-05
 5.164691530120079e-05
 0.01501820314067223
 2.318566672196749e-09
 4.500124238825149e-06
 1.49361933430788e-06
 5.618755286735342e-05
 0.02099618456642628
 1.929372037270988e-06
 0.000777795085066966
 0.05040376993832379
 5.164691530120079e-05
 0.01501820314067223
 2.318566672196749e-09
 4.500124238825149e-06
 0.001937692437166984
 0.0001465517828756239
 0.02099618456642628
 1.929372037270988e-06
 0.000777795085066966
 0.05040376993832379
 5.164691530120079e-05
 0.01501820314067223
 2.318566672196749e-09
 2.830658995785835e-05
 0.001937692437166984
 0.001435262087500042
 0.02099618456642628
 0.0001907285356623682
 0.000777795085066966
 0.05040376993832379
 5.164691530120079e-05
 0.04989363792872353
 7.287266402664182e-09
 2.830658995785835e-05
 0.001937692437166984
 0.001435262087500042
 0.05040376993832379
 0.0001907285356623682
 0.000777795085066966
 0.05040376993832379
 0.0002293252917238173
 0.04989363792872353
 9.346598430959317e-06
 0.001736205863610288
 0.009621298043624093
 0.00237917245219139
 0.05040376993832379
 0.0001907285356623682
 0.01478471413081585
 0.05040376993832379
 0.0002293252917238173
 0.04989363792872353
 2.514690418875707e-05
 0.001736205863610288
 0.009621298043624093
 0.00237917245219139
 0.05040376993832379
 0.0001907285356623682
 0.01478471413081585
 0.05040376993832379
 0.01932446240809757
 0.04989363792872353
 2.514690418875707e-05
 0.009621298043624093
 0.009621298043624093
 0.00237917245219139
 0.05040376993832379
 0.01726559501221952
 0.01478471413081585
 0.05040376993832379
 0.01932446240809757
 0.04989363792872353
 2.514690418875707e-05
 0.009621298043624093
 0.009621298043624093
 0.00237917245219139
 0.05040376993832379
 0.02099618456642628
 0.01478471413081585
 0
 0.01932446240809757
 0.04989363792872353
 2.514690418875707e-05
 0.009621298043624093
 0.009621298043624093
 0.00237917245219139
 0.05040376993832379
 0.01726559501221952
 0.01726559501221952
 0
 0.01932446240809757
 0.04989363792872353
 2.514690418875707e-05
 0.009621298043624093
 0.01163405120086922
 0.00237917245219139
 0.05040376993832379
 0.05040376993832379
 0.01478471413081585
 0
 0.01932446240809757
 0
 2.514690418875707e-05
 0.009621298043624093
 0.01163405120086922
 0.006466208316183304
 0
 0.05040376993832379
 0.01726559501221952
 0
 0.01932446240809757
 0
 2.514690418875707e-05
 0.009621298043624093
 0.009621298043624093
 0.006466208316183304
 0
 0.05040376993832379
 0.01478471413081585
 0
 0.01932446240809757
 0
 0
 0.009621298043624093
 0.009621298043624093
 0.01630616402229686
 0
 0.05040376993832379
 0.01478471413081585
 0
 0
 0
 0
 0
 0.01163405120086922
 0.006466208316183304
 0
 0.05040376993832379
 0.01478471413081585
 0
 0
 0
 0
 0
 0.01122611674286135
 0.006466208316183304
 0
 0.05040376993832379
 0.01726559501221952
 0
 0
 0
 0
 0
 0.009621298043624093
 0.006466208316183304
 0
 0.05040376993832379
 0.01726559501221952
 0
 0
 0
 0
 0
 0.009621298043624093
 0.006466208316183304
 0
 0
 0.01726559501221952
 0
 0
 0
 0
 0
 0.01163405120086922
 0.006466208316183304
 0
 0
 0.01726559501221952
 0
 0
 0
 0
 0
 0.01163405120086922
 0.006466208316183304
 0
 0
 0.01577033956390301
 0
 0
 0
 0
 0
 0.009621298043624093
 0
 0
 0
 0.01577033956390301
 0
 0
 0
 0
 0
 0.009621298043624093
 0
 0
 0
 0.01577033956390301
 0
 0
 0
 0
 0
 0.009621298043624093
 0
 0
 0
 0
 0
 0
 0
 0
 0
 0.009621298043624093
 0
 0
 0
 0
 0
 0
 0
 0
 0
 0.009621298043624093
 0
 0
 0
 0
 0
 0
 0
 0
 0
 0
