# Created by Octave 3.2.4, Tue Feb 05 07:53:22 2013 EST <rbom@zaphod>
# name: small_First_Fit
# type: matrix
# ndims: 3
 1 10 30
 2.896540220546947e-14
 7.068813635170405e-15
 3.010474111539819e-21
 4.259172537306983e-23
 1.421136944829794e-21
 1.66287881840599e-22
 2.554339145243644e-18
 3.524322598539942e-20
 1.562509773131538e-19
 2.557539222931245e-19
 1.773821024021778e-12
 7.068813635170405e-15
 3.289333324763907e-19
 8.862712743499147e-16
 6.088880310895159e-19
 1.329998927811229e-16
 2.554339145243644e-18
 2.478127572238425e-15
 6.137124823623663e-18
 4.494000909632111e-13
 8.183674815402881e-11
 7.068813635170405e-15
 2.647235595594328e-17
 9.777554738863736e-13
 4.663063512807812e-17
 9.119264516652442e-14
 1.382879876539982e-13
 8.082897187186868e-11
 2.341302944402876e-17
 6.416413550110422e-10
 8.183674815402881e-11
 3.34107903772041e-13
 1.792326965132625e-14
 1.0798677733025e-09
 5.553972485222065e-13
 6.420744745590413e-12
 1.118584576914995e-09
 4.08597964813427e-08
 3.888912967231564e-13
 1.458909561091277e-08
 8.183674815402881e-11
 4.461207091198485e-11
 7.222730592496165e-09
 1.0798677733025e-09
 2.099447863908792e-11
 4.323153638717493e-05
 1.217269791845617e-07
 4.08597964813427e-08
 5.751145293730967e-11
 6.865606292866594e-08
 8.183674815402881e-11
 2.468006106500635e-08
 3.348421438136665e-06
 1.065256629413708e-07
 2.099447863908792e-11
 4.323153638717493e-05
 2.850036722166845e-06
 3.77778384394855e-06
 2.230171147027727e-08
 1.295658071091355e-06
 8.183674815402881e-11
 3.040673774421768e-07
 0.0004722452455024728
 1.065256629413708e-07
 9.678490217116478e-07
 4.323153638717493e-05
 1.960095341715928e-05
 3.77778384394855e-06
 3.951467274708152e-07
 2.510030621881228e-05
 8.183674815402881e-11
 0.000133018325466509
 0.0004722452455024728
 4.598822901491099e-06
 2.14614325918636e-06
 4.323153638717493e-05
 1.960095341715928e-05
 0.0001798607976952296
 1.883169062402151e-06
 2.510030621881228e-05
 8.183674815402881e-11
 0.000133018325466509
 0.0004722452455024728
 4.598822901491099e-06
 0.0003348855116250444
 4.323153638717493e-05
 9.421391208716002e-05
 0.0001798607976952296
 1.883169062402151e-06
 2.510030621881228e-05
 8.183674815402881e-11
 0.000133018325466509
 0.0004722452455024728
 4.598822901491099e-06
 0.0003348855116250444
 0.004282571669848467
 9.421391208716002e-05
 0.004282571669848467
 0.000785785676159299
 2.510030621881228e-05
 0
 0.000133018325466509
 0.0004722452455024728
 4.598822901491099e-06
 0.0003348855116250444
 0.004282571669848467
 9.421391208716002e-05
 0.004282571669848467
 0.000785785676159299
 2.510030621881228e-05
 0
 0.000133018325466509
 0.0004722452455024728
 4.598822901491099e-06
 0.0003348855116250444
 0.004282571669848467
 0.004282571669848467
 0.004282571669848467
 0.000785785676159299
 2.510030621881228e-05
 0
 0.004282571669848467
 0.0004722452455024728
 0.000785785676159299
 0.0003348855116250444
 0.004282571669848467
 0.004282571669848467
 0.004282571669848467
 0.000785785676159299
 2.510030621881228e-05
 0
 0.004282571669848467
 0
 0.000785785676159299
 0.0003348855116250444
 0.004282571669848467
 0.004282571669848467
 0.004282571669848467
 0.000785785676159299
 0
 0
 0.004282571669848467
 0
 0.000785785676159299
 0.0003348855116250444
 0.004282571669848467
 0.004282571669848467
 0.004282571669848467
 0.000785785676159299
 0
 0
 0.004282571669848467
 0
 0.000785785676159299
 0
 0.004282571669848467
 0.004282571669848467
 0.004282571669848467
 0.000785785676159299
 0
 0
 0.004282571669848467
 0
 0.000785785676159299
 0
 0
 0.004282571669848467
 0
 0
 0
 0
 0.004282571669848467
 0
 0.000785785676159299
 0
 0
 0.004282571669848467
 0
 0
 0
 0
 0.004282571669848467
 0
 0.000785785676159299
 0
 0
 0
 0
 0
 0
 0
 0
 0
 0
 0
 0
 0
 0
 0
 0
 0
 0
 0
 0
 0
 0
 0
 0
 0
 0
 0
 0
 0
 0
 0
 0
 0
 0
 0
 0
 0
 0
 0
 0
 0
 0
 0
 0
 0
 0
 0
 0
 0
 0
 0
 0
 0
 0
 0
 0
 0
 0
 0
 0
 0
 0
 0
 0
 0
 0
 0
 0
 0
 0
 0
 0
 0
 0
 0
 0
 0
 0
 0
 0
 0
 0
 0
 0
 0
 0
 0
 0
 0
 0
 0
 0
 0
 0
 0
 0
 0
 0
 0
 0
 0
 0
 0
 0
 0
 0
 0
 0
 0
 0
 0
 0
 0
 0
 0
 0
