# Created by Octave 3.2.4, Wed Feb 06 09:08:21 2013 EST <rbom@zaphod>
# name: small_First_Fit
# type: matrix
# ndims: 3
 1 10 30
 7.373041241799711e-20
 6.617653065028074e-15
 3.353960685869276e-17
 4.963699917805953e-14
 2.049127846933611e-12
 6.816325510599978e-10
 3.455322777839859e-13
 1.353176072670584e-11
 2.733745504612776e-11
 1.665792899722542e-15
 2.381965652482523e-15
 7.554842572377946e-07
 1.691895175489363e-13
 5.598271068482583e-11
 9.059948963423537e-10
 4.593369304636225e-06
 8.81981600472203e-11
 1.517326682687264e-07
 1.484449269026041e-09
 2.438669510828498e-11
 2.359480130027063e-12
 0.0004003570471954513
 2.283670167167655e-11
 5.598271068482583e-11
 2.269730305688065e-07
 0.00068869716988684
 5.026275737476807e-09
 6.87907376341472e-06
 6.768495323629862e-08
 2.438669510828498e-11
 2.359480130027063e-12
 0.0004003570471954513
 4.275633649522905e-11
 2.740361133808751e-09
 7.16045352001172e-06
 0.00068869716988684
 2.036678511957362e-07
 6.87907376341472e-06
 6.56088686174139e-07
 1.204610207428344e-11
 2.660759990451223e-08
 0.0004003570471954513
 5.757559494625385e-09
 6.943670760714797e-08
 7.16045352001172e-06
 0.00068869716988684
 1.19119057702985e-06
 6.87907376341472e-06
 6.56088686174139e-07
 4.011796515924824e-10
 1.253411223958589e-06
 0.0004003570471954513
 5.465094139508723e-07
 4.145222066034749e-06
 2.930637211741295e-05
 0.00068869716988684
 4.250117995981779e-05
 6.87907376341472e-06
 6.56088686174139e-07
 1.362187383661277e-07
 1.253411223958589e-06
 0.0004003570471954513
 6.549698473537235e-06
 4.145222066034749e-06
 0.0005684396751978672
 0.00068869716988684
 0.001810722779330328
 6.87907376341472e-06
 2.219064821936774e-05
 1.987936611715376e-06
 3.479462873793904e-05
 0.0004003570471954513
 2.601721034956458e-05
 9.51430565292302e-06
 0.005936541242332206
 0.00068869716988684
 0.001810722779330328
 6.87907376341472e-06
 2.219064821936774e-05
 1.987936611715376e-06
 3.479462873793904e-05
 0.0004003570471954513
 0.0002087437657316895
 9.51430565292302e-06
 0.005936541242332206
 0.00068869716988684
 0.001810722779330328
 6.87907376341472e-06
 0.01440629412924943
 1.987936611715376e-06
 0.004822481084071913
 0.0004003570471954513
 0.0002087437657316895
 9.51430565292302e-06
 0.005936541242332206
 0.00068869716988684
 0.003994528830688801
 0.000754424548532003
 0.01440629412924943
 1.987936611715376e-06
 0.004822481084071913
 0
 0.001210300759176305
 9.51430565292302e-06
 0.005936541242332206
 0
 0.003994528830688801
 0.000754424548532003
 0.01440629412924943
 9.677989923347957e-06
 0.004822481084071913
 0
 0.0002087437657316895
 9.51430565292302e-06
 0.005936541242332206
 0
 0.003994528830688801
 0.000754424548532003
 0.01440629412924943
 0.0009770573254661314
 0.004822481084071913
 0
 0.0002087437657316895
 0.0006018895492409596
 0.005936541242332206
 0
 0.001810722779330328
 0.000754424548532003
 0.01440629412924943
 0.0009770573254661314
 0.004822481084071913
 0
 0.0002087437657316895
 0.0006018895492409596
 0.005936541242332206
 0
 0.001810722779330328
 0.000754424548532003
 0.01440629412924943
 0.0009833623537423431
 0.004822481084071913
 0
 0.0002087437657316895
 0.0006018895492409596
 0
 0
 0.003994528830688801
 0.000754424548532003
 0.01440629412924943
 0.0009770573254661314
 0.004822481084071913
 0
 0.0002087437657316895
 0.0006018895492409596
 0
 0
 0.001810722779330328
 0.000754424548532003
 0
 0.0009770573254661314
 0
 0
 0.0002087437657316895
 0.0006018895492409596
 0
 0
 0.003994528830688801
 0
 0
 0.0009770573254661314
 0
 0
 0
 0.0006018895492409596
 0
 0
 0.003994528830688801
 0
 0
 0.0009770573254661314
 0
 0
 0
 0.0006018895492409596
 0
 0
 0.001810722779330328
 0
 0
 0.0009770573254661314
 0
 0
 0
 0
 0
 0
 0.001810722779330328
 0
 0
 0.0009770573254661314
 0
 0
 0
 0
 0
 0
 0.001810722779330328
 0
 0
 0
 0
 0
 0
 0
 0
 0
 0.003994528830688801
 0
 0
 0
 0
 0
 0
 0
 0
 0
 0.003994528830688801
 0
 0
 0
 0
 0
 0
 0
 0
 0
 0.003994528830688801
 0
 0
 0
 0
 0
 0
 0
 0
 0
 0.003994528830688801
 0
 0
 0
 0
 0
 0
 0
 0
 0
 0.003994528830688801
 0
 0
 0
 0
 0
 0
 0
 0
 0
 0.003994528830688801
 0
 0
 0
 0
 0
 0
 0
 0
 0
 0.003994528830688801
 0
 0
 0
 0
 0
 0
 0
 0
 0
 0
 0
 0
 0
 0
 0
 0
 0
 0
 0
 0
 0
 0
 0
