# Created by Octave 3.2.4, Mon Feb 04 14:06:42 2013 EST <rbom@zaphod>
# name: small_First_Fit
# type: matrix
# ndims: 3
 1 10 30
 2.67797781652589e-21
 5.017559945248261e-17
 5.928736296868546e-20
 2.213207593131076e-15
 6.934980194799833e-18
 2.797451309237865e-15
 1.607571683229176e-23
 3.015765359018383e-16
 1.713910719757581e-16
 2.419181617011931e-13
 4.705623692255729e-16
 1.886445501807392e-13
 3.572199100673968e-14
 2.213207593131076e-15
 1.388789933640085e-15
 2.797451309237865e-15
 2.130352188514805e-10
 3.843155117540266e-15
 5.652544076274422e-12
 5.609914738740869e-10
 2.359862258478764e-11
 1.886445501807392e-13
 2.256763871878843e-11
 1.093606585471948e-12
 1.319390461799333e-12
 6.358758840748625e-14
 1.194366865058397e-08
 2.363325821868786e-13
 2.327551722014193e-08
 5.609914738740869e-10
 2.359862258478764e-11
 1.650561249704715e-13
 1.756659263383441e-07
 8.158155179211157e-09
 7.448724315958473e-09
 6.358758840748625e-14
 1.194366865058397e-08
 6.549527046121819e-10
 1.873446507917063e-07
 5.609914738740869e-10
 2.359862258478764e-11
 5.051557402125466e-11
 1.414061930732742e-05
 1.545423032305752e-05
 3.499130606204327e-07
 8.941672438847614e-11
 3.508314271827596e-06
 7.057107607161216e-09
 2.882973983480117e-06
 6.140471785560818e-09
 2.281005319720826e-08
 5.051557402125466e-11
 1.414061930732742e-05
 9.914770329188913e-05
 3.499130606204327e-07
 4.269975109596335e-09
 3.508314271827596e-06
 2.690209095997258e-07
 0.0002380100501432836
 1.067099480051756e-06
 2.281005319720826e-08
 4.583306507529757e-08
 1.414061930732742e-05
 9.914770329188913e-05
 3.499130606204327e-07
 4.269975109596335e-09
 3.508314271827596e-06
 6.616081602763863e-05
 0.0002380100501432836
 1.067099480051756e-06
 1.101129349980649e-06
 8.511554093776798e-07
 0.008879316517224201
 9.914770329188913e-05
 3.499130606204327e-07
 4.269975109596335e-09
 3.508314271827596e-06
 6.616081602763863e-05
 0.0002380100501432836
 9.192386993685973e-05
 1.101129349980649e-06
 8.511554093776798e-07
 0.008879316517224201
 9.914770329188913e-05
 3.499130606204327e-07
 7.979392739675868e-09
 3.508314271827596e-06
 6.616081602763863e-05
 0.0002380100501432836
 9.192386993685973e-05
 1.101129349980649e-06
 8.511554093776798e-07
 0.008879316517224201
 9.914770329188913e-05
 3.499130606204327e-07
 4.269975109596335e-09
 3.508314271827596e-06
 6.616081602763863e-05
 0.008879316517224201
 9.192386993685973e-05
 1.101129349980649e-06
 8.511554093776798e-07
 0.008879316517224201
 9.914770329188913e-05
 3.499130606204327e-07
 4.269975109596335e-09
 3.508314271827596e-06
 6.616081602763863e-05
 0.008879316517224201
 9.192386993685973e-05
 1.101129349980649e-06
 8.511554093776798e-07
 0.008879316517224201
 9.914770329188913e-05
 0
 4.269975109596335e-09
 0
 0.001899665383900503
 0.008879316517224201
 9.192386993685973e-05
 1.101129349980649e-06
 8.511554093776798e-07
 0.008879316517224201
 0
 0
 2.987274858730969e-05
 0
 0.001899665383900503
 0.008879316517224201
 0.001899665383900503
 9.192386993685973e-05
 8.511554093776798e-07
 0.008879316517224201
 0
 0
 2.987274858730969e-05
 0
 0.001899665383900503
 0.008879316517224201
 0.001899665383900503
 9.192386993685973e-05
 0
 0
 0
 0
 0.008879316517224201
 0
 0.001899665383900503
 0.008879316517224201
 0.001899665383900503
 9.192386993685973e-05
 0
 0
 0
 0
 0.008879316517224201
 0
 0.001899665383900503
 0.008879316517224201
 0.001899665383900503
 9.192386993685973e-05
 0
 0
 0
 0
 0.008879316517224201
 0
 0.001899665383900503
 0
 0.001899665383900503
 9.192386993685973e-05
 0
 0
 0
 0
 0.008879316517224201
 0
 0.001899665383900503
 0
 0.001899665383900503
 0.001899665383900503
 0
 0
 0
 0
 0.008879316517224201
 0
 0
 0
 0.001899665383900503
 0.001899665383900503
 0
 0
 0
 0
 0.008879316517224201
 0
 0
 0
 0
 0.001899665383900503
 0
 0
 0
 0
 0.008879316517224201
 0
 0
 0
 0
 0.001899665383900503
 0
 0
 0
 0
 0
 0
 0
 0
 0
 0.001899665383900503
 0
 0
 0
 0
 0
 0
 0
 0
 0
 0.001899665383900503
 0
 0
 0
 0
 0
 0
 0
 0
 0
 0.001899665383900503
 0
 0
 0
 0
 0
 0
 0
 0
 0
 0
 0
 0
 0
 0
 0
 0
 0
 0
 0
 0
 0
 0
 0
 0
 0
 0
 0
 0
 0
 0
 0
 0
 0
 0
 0
 0
 0
 0
 0
 0
 0
 0
 0
 0
 0
 0
 0
 0
 0
 0
 0
 0
 0
 0
 0
 0
 0
 0
 0
