# Created by Octave 3.2.4, Mon Feb 04 17:50:43 2013 EST <rbom@zaphod>
# name: small_First_Fit
# type: matrix
# ndims: 3
 1 10 30
 5.744674458942133e-14
 8.908789446667099e-15
 5.338574831900756e-12
 8.181700002378928e-12
 7.963911274889818e-13
 6.769913873625133e-17
 6.692159564096025e-16
 3.812087870189419e-11
 3.645695274843904e-12
 9.82326775811439e-11
 6.887027298750906e-12
 5.841027969640562e-12
 8.285820349702775e-11
 2.955169754320735e-08
 4.600138163566812e-07
 8.051756645338535e-12
 5.658849938613024e-13
 2.733247880262853e-08
 3.645695274843904e-12
 1.065248398375712e-08
 5.781322311929594e-10
 3.4907810317763e-11
 2.588482054473954e-08
 1.061238894086644e-06
 8.783903099911089e-06
 1.717086801447e-09
 1.66660379984254e-11
 1.201560210814847e-06
 1.96882798309567e-11
 0.0001274660060432983
 2.456281110212245e-08
 2.877835253719816e-10
 1.58862645549626e-07
 1.061238894086644e-06
 3.000352781593931e-06
 3.454929774690826e-07
 4.893754264202293e-08
 2.851998640296526e-06
 1.537901287122459e-10
 0.001341895892825203
 2.456281110212245e-08
 2.877835253719816e-10
 5.70604182140689e-06
 1.061238894086644e-06
 3.000352781593931e-06
 1.456131916261776e-05
 4.584480835650892e-06
 9.31654400774995e-06
 7.302037988881484e-10
 0.001341895892825203
 2.456281110212245e-08
 8.408672885005461e-08
 5.70604182140689e-06
 1.061238894086644e-06
 1.83572290832696e-05
 1.456131916261776e-05
 4.584480835650892e-06
 1.480243056861582e-05
 7.302037988881484e-10
 0.01057261324021199
 2.405652832365853e-07
 0.0001341301397121899
 7.319142603864282e-06
 1.061238894086644e-06
 1.83572290832696e-05
 1.456131916261776e-05
 1.450838654011618e-05
 1.480243056861582e-05
 1.148268084955483e-07
 0.01057261324021199
 5.148847842503734e-06
 0.0005557809855036348
 5.70604182140689e-06
 1.061238894086644e-06
 1.83572290832696e-05
 1.456131916261776e-05
 1.450838654011618e-05
 1.480243056861582e-05
 4.444948799269102e-06
 0.01057261324021199
 0.0002239127068167349
 0.0005557809855036348
 0.0001037206322038565
 1.937102286649754e-06
 0.0001819704530679301
 0.00488738686030008
 0.0002760544151110334
 3.380484327502286e-05
 4.444948799269102e-06
 0.01057261324021199
 0.0002239127068167349
 0.0005557809855036348
 0.0001037206322038565
 1.061238894086644e-06
 0.0001819704530679301
 0.00488738686030008
 0.0002760544151110334
 8.444074306966674e-05
 4.444948799269102e-06
 0.01057261324021199
 0.0002239127068167349
 0.0005557809855036348
 0.0001037206322038565
 1.937102286649754e-06
 0.0001819704530679301
 0.00488738686030008
 0.0002760544151110334
 3.380484327502286e-05
 4.241711287928553e-05
 0.01057261324021199
 0.002996928046873203
 0.01017442574132287
 0.0004313256032673908
 1.937102286649754e-06
 0.002996928046873203
 0.00488738686030008
 0.0002760544151110334
 0.0001469922698014933
 0.0002078844304252302
 0.01057261324021199
 0.002996928046873203
 0.01017442574132287
 0.001278332990623511
 1.937102286649754e-06
 0.002996928046873203
 0.00488738686030008
 0.0002760544151110334
 0.0001469922698014933
 0.001668375067571467
 0
 0.002996928046873203
 0.01017442574132287
 0.001278332990623511
 1.937102286649754e-06
 0.002996928046873203
 0.00488738686030008
 0.0002760544151110334
 0.0001469922698014933
 0.001668375067571467
 0
 0.002996928046873203
 0.01017442574132287
 0.001278332990623511
 1.937102286649754e-06
 0.002996928046873203
 0.00488738686030008
 0.0002760544151110334
 0.0001469922698014933
 0.001668375067571467
 0
 0.002996928046873203
 0.01017442574132287
 0.009581419838775663
 1.937102286649754e-06
 0.002996928046873203
 0
 0
 0.0001469922698014933
 0.001668375067571467
 0
 0.002996928046873203
 0.01017442574132287
 0.009581419838775663
 0.0005901102680264364
 0.002996928046873203
 0
 0
 0.0001469922698014933
 0.001668375067571467
 0
 0.002996928046873203
 0.01017442574132287
 0.009581419838775663
 0.0007782907020169953
 0.002996928046873203
 0
 0
 0.004569027498478351
 0.001668375067571467
 0
 0
 0
 0.009581419838775663
 0.0007782907020169953
 0
 0
 0
 0.004569027498478351
 0.00488738686030008
 0
 0
 0
 0.01017442574132287
 0.0007782907020169953
 0
 0
 0
 0.004569027498478351
 0.00488738686030008
 0
 0
 0
 0.01017442574132287
 0.0007782907020169953
 0
 0
 0
 0.004569027498478351
 0.00488738686030008
 0
 0
 0
 0.01017442574132287
 0.0007782907020169953
 0
 0
 0
 0.01057261324021199
 0.00488738686030008
 0
 0
 0
 0.009581419838775663
 0.0005901102680264364
 0
 0
 0
 0.004569027498478351
 0.00488738686030008
 0
 0
 0
 0.009581419838775663
 0.0005901102680264364
 0
 0
 0
 0.004569027498478351
 0.00488738686030008
 0
 0
 0
 0.01017442574132287
 0
 0
 0
 0
 0.004569027498478351
 0.00488738686030008
 0
 0
 0
 0.01057261324021199
 0
 0
 0
 0
 0.004569027498478351
 0
 0
 0
 0
 0.01057261324021199
 0
 0
 0
 0
 0.004569027498478351
 0
 0
 0
 0
 0.01057261324021199
 0
 0
 0
 0
 0.004569027498478351
 0
 0
 0
 0
 0.009581419838775663
 0
 0
 0
 0
 0
 0
 0
 0
 0
 0.01057261324021199
 0
 0
 0
 0
 0
 0
 0
