# Created by Octave 3.2.4, Tue Feb 05 05:48:05 2013 EST <rbom@zaphod>
# name: small_First_Fit
# type: matrix
# ndims: 3
 1 10 30
 2.797048857662903e-13
 8.822599078648971e-09
 1.633527027110174e-12
 1.074207870038241e-10
 5.24866860173957e-15
 2.907128849478579e-11
 5.397357283405965e-16
 1.161594278407002e-14
 9.572663039732584e-16
 5.440640584175643e-14
 1.864024287360883e-08
 8.822599078648971e-09
 5.441775284037998e-10
 1.579068313609953e-09
 1.761409402730007e-12
 2.907128849478579e-11
 3.45058777568403e-09
 1.310668530372318e-12
 4.724163226599711e-11
 2.174095779457568e-10
 1.864024287360883e-08
 8.822599078648971e-09
 5.921385954325477e-08
 1.055147044490629e-08
 8.913826882509971e-11
 2.907128849478579e-11
 3.45058777568403e-09
 6.128687083740793e-11
 2.484433463882529e-07
 1.7502230718011e-07
 2.203318070849146e-07
 8.822599078648971e-09
 3.181688811449549e-06
 1.288163868806793e-07
 1.137950994733085e-10
 4.433643754417222e-10
 3.45058777568403e-09
 1.916767981491955e-09
 7.934876823370889e-06
 5.022211592222982e-06
 3.204574521262499e-07
 8.822599078648971e-09
 0.0001063964402669712
 9.610581895298109e-07
 1.137950994733085e-10
 1.352689507444135e-07
 1.34138843372732e-07
 1.421453198653294e-07
 7.934876823370889e-06
 6.423812689173258e-06
 3.605809996324096e-06
 5.638050768223382e-07
 0.0001063964402669712
 3.697152565442007e-06
 5.242709606216846e-09
 2.551648794087534e-06
 1.34138843372732e-07
 1.421453198653294e-07
 7.934876823370889e-06
 6.423812689173258e-06
 4.119512287551753e-06
 7.795107351589819e-07
 0.0001063964402669712
 3.697152565442007e-06
 5.242709606216846e-09
 2.551648794087534e-06
 1.34138843372732e-07
 1.421453198653294e-07
 7.934876823370889e-06
 1.180084500563931e-05
 4.119512287551753e-06
 7.795107351589819e-07
 0.0001063964402669712
 1.232886848490469e-05
 2.609748639576667e-07
 2.551648794087534e-06
 1.980075466264173e-06
 1.421453198653294e-07
 0.0002515897965590448
 9.185535880051096e-06
 4.705965986456865e-05
 6.19522889574753e-06
 0.0001063964402669712
 0.0001127931196768119
 0.0001582277187092089
 2.551648794087534e-06
 1.980075466264173e-06
 1.421453198653294e-07
 0.0002515897965590448
 9.185535880051096e-06
 4.705965986456865e-05
 6.19522889574753e-06
 0.0001063964402669712
 0.0007493368017243583
 0.0001582277187092089
 2.551648794087534e-06
 1.980075466264173e-06
 1.421453198653294e-07
 0.0002515897965590448
 9.185535880051096e-06
 4.705965986456865e-05
 1.434739376089096e-05
 0.001149423941199622
 0.0007493368017243583
 0.0001582277187092089
 2.551648794087534e-06
 1.714130731735894e-05
 0.0001127931196768119
 0.0002515897965590448
 1.180084500563931e-05
 4.705965986456865e-05
 1.434739376089096e-05
 0.001614248222756551
 0.0007493368017243583
 0.0001582277187092089
 2.711584730366171e-05
 1.714130731735894e-05
 0.0001127931196768119
 0.0002515897965590448
 9.185535880051096e-06
 4.705965986456865e-05
 0.000166180326323619
 0.001614248222756551
 0.0007493368017243583
 0.0001582277187092089
 2.711584730366171e-05
 1.714130731735894e-05
 0.0001127931196768119
 0.0002515897965590448
 1.180084500563931e-05
 4.705965986456865e-05
 0.000166180326323619
 0.001614248222756551
 0.0007493368017243583
 0.0001582277187092089
 2.711584730366171e-05
 1.714130731735894e-05
 0.0001127931196768119
 0.0002515897965590448
 1.180084500563931e-05
 4.705965986456865e-05
 0.000166180326323619
 0.001614248222756551
 0.0007493368017243583
 0.0001582277187092089
 2.711584730366171e-05
 1.714130731735894e-05
 0.0001127931196768119
 0
 1.180084500563931e-05
 0
 0.000166180326323619
 0.001614248222756551
 0.0007493368017243583
 0
 2.711584730366171e-05
 1.714130731735894e-05
 0.0001127931196768119
 0
 1.180084500563931e-05
 0
 0.000166180326323619
 0.001614248222756551
 0
 0
 2.711584730366171e-05
 1.714130731735894e-05
 0.0001127931196768119
 0
 2.154561840113333e-05
 0
 0.000166180326323619
 0.001614248222756551
 0
 0
 2.711584730366171e-05
 0
 0
 0
 2.267030451415469e-05
 0
 0.000166180326323619
 0
 0
 0
 0
 0
 0
 0
 1.348548955642465e-05
 0
 0
 0
 0
 0
 0
 0
 0
 0
 1.348548955642465e-05
 0
 0
 0
 0
 0
 0
 0
 0
 0
 1.348548955642465e-05
 0
 0
 0
 0
 0
 0
 0
 0
 0
 1.348548955642465e-05
 0
 0
 0
 0
 0
 0
 0
 0
 0
 2.267030451415469e-05
 0
 0
 0
 0
 0
 0
 0
 0
 0
 0.0001983715813998392
 0
 0
 0
 0
 0
 0
 0
 0
 0
 0.0001983715813998392
 0
 0
 0
 0
 0
 0
 0
 0
 0
 0.0001983715813998392
 0
 0
 0
 0
 0
 0
 0
 0
 0
 0.0001983715813998392
 0
 0
 0
 0
 0
 0
 0
 0
 0
 0.0001983715813998392
 0
 0
 0
 0
 0
 0
 0
 0
 0
 0.0001983715813998392
 0
 0
 0
 0
 0
 0
 0
 0
 0
 0.0001983715813998392
