# Created by Octave 3.2.4, Thu Feb 07 05:14:11 2013 EST <rbom@zaphod>
# name: small_First_Fit
# type: matrix
# ndims: 3
 1 10 30
 2.346233297663787e-10
 0.0003312223002237019
 2.298255233644325e-09
 1.050444297529556e-09
 1.561069965590425e-10
 6.964519932809117e-11
 3.512288832826214e-10
 1.892878641196411e-10
 2.69214960113233e-09
 2.696391364672028e-08
 4.266945325580588e-08
 0.001577169068599513
 1.451027128730804e-08
 4.293290255698162e-08
 1.649734921647174e-08
 9.828450485947375e-08
 3.613339299205016e-10
 0.0006206797343109886
 1.165804129050261e-07
 2.696391364672028e-08
 2.296066337343672e-07
 0.001577169068599513
 1.069814226003535e-07
 8.736464049463301e-07
 1.649734921647174e-08
 4.251136494656587e-07
 3.512288832826214e-10
 0.002990654034064339
 1.165804129050261e-07
 2.189708323070789e-07
 4.723664776952718e-06
 0.03585217484215637
 2.65974332202075e-05
 3.561904315783925e-05
 3.752708395217716e-07
 4.537227311819311e-06
 3.613339299205016e-10
 0.002990654034064339
 2.830606376473145e-07
 2.189708323070789e-07
 4.723664776952718e-06
 0.03585217484215637
 0.0001961686408717916
 3.561904315783925e-05
 1.310331027634845e-06
 1.992414675325523e-05
 3.613339299205016e-10
 0.005791835845023481
 1.165804129050261e-07
 3.646377102463841e-07
 6.653635943913247e-05
 0.03585217484215637
 0.002115842146665453
 0.0002173870220962587
 7.388125371090019e-06
 0.0001701717669524279
 3.613339299205016e-10
 0.005791835845023481
 1.165804129050261e-07
 2.930177066542884e-06
 6.653635943913247e-05
 0.03585217484215637
 0.002400501865355052
 0.001069691535432042
 0.0002912253952790678
 0.0001701717669524279
 2.798137005042243e-08
 0.005791835845023481
 6.679945589890314e-07
 0.0003252155317413146
 0.0003878670692958677
 0.03585217484215637
 0.0105507156562893
 0.002937999090885616
 0.00399060654087811
 0.0001701717669524279
 2.798137005042243e-08
 0.005791835845023481
 0.0001396541659802346
 0.0003252155317413146
 0.0009012179767313762
 0.03585217484215637
 0.04381934263745314
 0.002937999090885616
 0.01813168839094914
 0.001025944808662694
 2.798137005042243e-08
 0.0189716493763206
 0.0001396541659802346
 0.0006395666254821322
 0.003322029310551759
 0.03585217484215637
 0.04381934263745314
 0.01402473703489782
 0.01856105231811074
 0.001025944808662694
 2.798137005042243e-08
 0.005791835845023481
 0.0001396541659802346
 0.0006395666254821322
 0.04381934263745314
 0
 0.04381934263745314
 0.002937999090885616
 0.01813168839094914
 0.002329757995067758
 2.798137005042243e-08
 0.005791835845023481
 0.0001396541659802346
 0.0006395666254821322
 0.04381934263745314
 0
 0.04381934263745314
 0.003795421315767433
 0.01813168839094914
 0.007016140842450216
 6.048580187552382e-07
 0.005791835845023481
 0.0001396541659802346
 0.002279922211485266
 0.04381934263745314
 0
 0.04381934263745314
 0.01402473703489782
 0.01813168839094914
 0.007016140842450216
 6.048580187552382e-07
 0.0189716493763206
 0.001692099009906299
 0.00460094237627625
 0.04381934263745314
 0
 0.04381934263745314
 0.01402473703489782
 0.01813168839094914
 0.03585217484215637
 6.181108991570699e-06
 0.0189716493763206
 0.001692099009906299
 0.00460094237627625
 0.04381934263745314
 0
 0.04381934263745314
 0.01402473703489782
 0.02575206999811495
 0.03585217484215637
 6.181108991570699e-06
 0.0189716493763206
 0.001692099009906299
 0.00460094237627625
 0.04381934263745314
 0
 0
 0.01402473703489782
 0.02575206999811495
 0.04377892386762364
 6.181108991570699e-06
 0.0189716493763206
 0.002930266443666791
 0.00699117421951273
 0.04381934263745314
 0
 0
 0.01402473703489782
 0.02575206999811495
 0.04377892386762364
 0.001751196028222957
 0.0189716493763206
 0.003439479804848473
 0.02216021019964788
 0
 0
 0
 0.01402473703489782
 0.02575206999811495
 0.03585217484215637
 0.001751196028222957
 0.0189716493763206
 0.003439479804848473
 0.02216021019964788
 0
 0
 0
 0.01402473703489782
 0.02575206999811495
 0.04377892386762364
 0.002453812473007238
 0.0189716493763206
 0.003439479804848473
 0.02575206999811495
 0
 0
 0
 0
 0.02575206999811495
 0.04377892386762364
 0.002453812473007238
 0
 0.003439479804848473
 0.02575206999811495
 0
 0
 0
 0
 0.02575206999811495
 0.04377892386762364
 0.002453812473007238
 0
 0.003439479804848473
 0.02575206999811495
 0
 0
 0
 0
 0
 0.05546517210139079
 0.002453812473007238
 0
 0.003439479804848473
 0.04381934263745314
 0
 0
 0
 0
 0
 0.04377892386762364
 0.004866999471030502
 0
 0.0189716493763206
 0.04381934263745314
 0
 0
 0
 0
 0
 0.04381934263745314
 0.004866999471030502
 0
 0.0189716493763206
 0.02575206999811495
 0
 0
 0
 0
 0
 0.04377892386762364
 0.03585217484215637
 0
 0.0189716493763206
 0.02575206999811495
 0
 0
 0
 0
 0
 0.04377892386762364
 0.03585217484215637
 0
 0.0189716493763206
 0.02575206999811495
 0
 0
 0
 0
 0
 0.04377892386762364
 0.03585217484215637
 0
 0.0189716493763206
 0.04381934263745314
 0
 0
 0
 0
 0
 0.04377892386762364
 0.03585217484215637
 0
 0.0189716493763206
 0.04381934263745314
 0
 0
 0
 0
 0
 0.04377892386762364
 0.03585217484215637
 0
 0.0189716493763206
 0.04381934263745314
 0
 0
 0
 0
 0
 0.03585217484215637
 0.04377892386762364
 0
 0
 0.04381934263745314
