# Created by Octave 3.2.4, Mon Feb 04 16:20:33 2013 EST <rbom@zaphod>
# name: small_First_Fit
# type: matrix
# ndims: 3
 1 10 30
 1.089955410839817e-11
 3.652479579444432e-11
 6.395098165152886e-12
 4.17068329585207e-11
 3.168962571147796e-09
 1.989302603285208e-15
 3.379046037865162e-16
 5.615817988874611e-07
 6.117348584747653e-11
 9.484400409710404e-12
 2.712339798754132e-10
 1.349838383185706e-09
 4.053596983465658e-11
 1.894906083354552e-08
 5.225987962524631e-08
 1.074291884900682e-08
 3.643360328535344e-13
 5.615817988874611e-07
 2.14810996217723e-08
 1.827881449539828e-10
 1.53417705765639e-09
 1.832071918637404e-08
 4.053596983465658e-11
 5.285656386005966e-07
 8.062354566958922e-08
 4.752395947773397e-08
 3.643360328535344e-13
 3.048978767631276e-05
 2.14810996217723e-08
 8.222364144824589e-09
 1.353055047162171e-06
 6.207398346159409e-07
 1.768357882844155e-10
 2.697221625993433e-06
 1.329556284147755e-06
 4.752395947773397e-08
 3.92022252184615e-11
 3.048978767631276e-05
 2.14810996217723e-08
 1.233509008204823e-07
 3.182467537490637e-05
 8.999356675021699e-05
 3.191082880551844e-10
 1.613162712807269e-05
 1.329556284147755e-06
 1.507345575748977e-06
 2.578936010288113e-08
 0.0001561233887081693
 2.403561395958313e-08
 1.233509008204823e-07
 3.182467537490637e-05
 8.999356675021699e-05
 8.822499030106044e-09
 1.613162712807269e-05
 1.329556284147755e-06
 3.360341932831817e-05
 2.578936010288113e-08
 3.048978767631276e-05
 2.403561395958313e-08
 7.62142415541102e-07
 3.182467537490637e-05
 8.999356675021699e-05
 4.780762147847352e-08
 1.613162712807269e-05
 5.106766651646589e-05
 3.360341932831817e-05
 1.035835939915566e-05
 3.048978767631276e-05
 2.403561395958313e-08
 2.953167429866537e-06
 0.0001616547122012874
 8.999356675021699e-05
 1.60114574933199e-07
 1.613162712807269e-05
 5.106766651646589e-05
 3.360341932831817e-05
 1.035835939915566e-05
 3.048978767631276e-05
 2.70625010659762e-08
 1.557797295198096e-05
 0.0004740701331397324
 8.999356675021699e-05
 7.049723475346352e-06
 0.0002749449794167437
 5.106766651646589e-05
 3.360341932831817e-05
 2.58865218863408e-05
 0.001133861242289629
 2.70625010659762e-08
 0.000119604482279511
 0.0004740701331397324
 8.999356675021699e-05
 8.763792737586915e-05
 0.001466355576984848
 5.106766651646589e-05
 0.0006272136228470681
 2.58865218863408e-05
 0.001133861242289629
 2.70625010659762e-08
 0.000119604482279511
 0.0004740701331397324
 8.999356675021699e-05
 0.001466355576984848
 0.001466355576984848
 5.106766651646589e-05
 0.0006272136228470681
 1.035835939915566e-05
 0.001133861242289629
 2.14810996217723e-08
 0.000119604482279511
 0.0004740701331397324
 0
 0.001466355576984848
 0.001466355576984848
 5.106766651646589e-05
 0.0006272136228470681
 2.58865218863408e-05
 0.001133861242289629
 8.549892925889989e-05
 0.000119604482279511
 0.0004740701331397324
 0
 0.003328357398998821
 0.001466355576984848
 5.106766651646589e-05
 0.0006272136228470681
 1.035835939915566e-05
 0.003328357398998821
 8.549892925889989e-05
 0.000119604482279511
 0.0004740701331397324
 0
 0.003328357398998821
 0.001466355576984848
 0
 0.0006272136228470681
 4.744973320113221e-05
 0.003328357398998821
 8.549892925889989e-05
 0.000119604482279511
 0.0004740701331397324
 0
 0.003328357398998821
 0.001466355576984848
 0
 0.0006272136228470681
 4.744973320113221e-05
 0.003328357398998821
 8.549892925889989e-05
 0.000119604482279511
 0
 0
 0.003328357398998821
 0.001466355576984848
 0
 0.0006272136228470681
 4.744973320113221e-05
 0.003328357398998821
 8.549892925889989e-05
 0
 0
 0
 0.003328357398998821
 0
 0
 0
 4.744973320113221e-05
 0.003328357398998821
 8.549892925889989e-05
 0
 0
 0
 0.003328357398998821
 0
 0
 0
 0.0003686742371400112
 0.003328357398998821
 8.549892925889989e-05
 0
 0
 0
 0.003328357398998821
 0
 0
 0
 0.0003686742371400112
 0.003328357398998821
 0
 0
 0
 0
 0
 0
 0
 0
 0.0003686742371400112
 0
 0
 0
 0
 0
 0
 0
 0
 0
 0.003328357398998821
 0
 0
 0
 0
 0
 0
 0
 0
 0
 0.003328357398998821
 0
 0
 0
 0
 0
 0
 0
 0
 0
 0.003328357398998821
 0
 0
 0
 0
 0
 0
 0
 0
 0
 0.003328357398998821
 0
 0
 0
 0
 0
 0
 0
 0
 0
 0.003328357398998821
 0
 0
 0
 0
 0
 0
 0
 0
 0
 0.003328357398998821
 0
 0
 0
 0
 0
 0
 0
 0
 0
 0.003328357398998821
 0
 0
 0
 0
 0
 0
 0
 0
 0
 0
 0
 0
 0
 0
 0
 0
 0
 0
 0
 0
 0
 0
 0
 0
 0
 0
 0
 0
 0
 0
 0
 0
 0
