# Created by Octave 3.2.4, Tue Feb 05 00:00:34 2013 EST <rbom@zaphod>
# name: small_First_Fit
# type: matrix
# ndims: 3
 1 10 30
 1.299514765703817e-11
 8.066482755456539e-13
 5.456504954962022e-13
 1.155274989813655e-13
 2.210752334342882e-12
 5.907481890541983e-11
 3.039382237029356e-13
 4.211548873550843e-13
 2.28081230746223e-13
 1.539192453024111e-13
 3.654143850345317e-10
 3.257653905860181e-08
 7.184531574102411e-11
 3.167635914184759e-12
 1.258352296975939e-09
 2.987744451910785e-08
 1.483656530913248e-11
 1.138838308125424e-07
 3.97361152955564e-11
 1.114597007177581e-10
 4.485436010706159e-10
 8.10725711233093e-07
 1.002015215423773e-09
 4.937172404664257e-08
 3.539079877811374e-08
 6.212217404537899e-07
 2.406298745421938e-07
 6.931528081074063e-06
 2.489597622744052e-09
 7.427428916551528e-09
 4.485436010706159e-10
 8.10725711233093e-07
 1.002015215423773e-09
 9.793933105357178e-07
 8.370893997642622e-07
 1.753677617823742e-06
 6.274606371335594e-07
 0.0003259357212785254
 2.278476832913209e-07
 7.427428916551528e-09
 2.083510461674415e-08
 8.624738872634082e-06
 2.953593809885694e-08
 9.793933105357178e-07
 2.529542361829526e-07
 3.506353358771452e-05
 6.274606371335594e-07
 0.0003259357212785254
 2.278476832913209e-07
 8.481096456390303e-08
 6.302321907007832e-07
 8.624738872634082e-06
 6.790204743910179e-08
 1.769132618617073e-06
 2.529542361829526e-07
 3.506353358771452e-05
 6.274606371335594e-07
 0.005188358976546345
 3.886501922021274e-06
 8.481096456390303e-08
 1.426499012123344e-06
 8.624738872634082e-06
 1.813241811076309e-06
 6.490651423185934e-06
 1.363735176090587e-06
 3.506353358771452e-05
 6.274606371335594e-07
 0.005188358976546345
 3.886501922021274e-06
 8.481096456390303e-08
 3.539627889724035e-05
 8.624738872634082e-06
 1.813241811076309e-06
 6.490651423185934e-06
 9.639256963826508e-06
 6.249976578527411e-05
 6.274606371335594e-07
 0.005188358976546345
 0.0001690409570911258
 1.369768186400716e-05
 0.002843319814893347
 8.624738872634082e-06
 1.813241811076309e-06
 6.490651423185934e-06
 9.639256963826508e-06
 3.506353358771452e-05
 6.274606371335594e-07
 0.005188358976546345
 0.0001690409570911258
 5.123691662710702e-05
 0.002843319814893347
 8.624738872634082e-06
 9.488211970535314e-07
 0.002843319814893347
 9.639256963826508e-06
 0.0002366745727029054
 6.274606371335594e-07
 0.005188358976546345
 0.0001739681785907026
 1.369768186400716e-05
 0.002843319814893347
 8.624738872634082e-06
 9.488211970535314e-07
 0.002843319814893347
 0.0002206588942918889
 0.003252901626526354
 0
 0.005188358976546345
 0.0001690409570911258
 1.369768186400716e-05
 0.002843319814893347
 0
 9.488211970535314e-07
 0.002843319814893347
 0.0002206588942918889
 0.003252901626526354
 0
 0.005188358976546345
 0.0001690409570911258
 1.369768186400716e-05
 0.002843319814893347
 0
 9.488211970535314e-07
 0.002843319814893347
 0.0002206588942918889
 0.003252901626526354
 0
 0
 0.0001690409570911258
 1.369768186400716e-05
 0.002843319814893347
 0
 0
 0.0122437553699697
 0.0002206588942918889
 0.003252901626526354
 0
 0
 0.0001690409570911258
 1.369768186400716e-05
 0.0122437553699697
 0
 0
 0.0122437553699697
 0.004482039131998169
 0.003252901626526354
 0
 0
 0.0001690409570911258
 1.369768186400716e-05
 0.0122437553699697
 0
 0
 0.0122437553699697
 0.004482039131998169
 0.0122437553699697
 0
 0
 0.0001690409570911258
 0
 0.0122437553699697
 0
 0
 0.0122437553699697
 0.005188358976546345
 0.0122437553699697
 0
 0
 0
 0
 0.0122437553699697
 0
 0
 0.0122437553699697
 0.004482039131998169
 0.0122437553699697
 0
 0
 0
 0
 0.0122437553699697
 0
 0
 0.0122437553699697
 0.005188358976546345
 0.0122437553699697
 0
 0
 0
 0
 0.0122437553699697
 0
 0
 0.0122437553699697
 0.004482039131998169
 0.0122437553699697
 0
 0
 0
 0
 0.0122437553699697
 0
 0
 0
 0.005188358976546345
 0.0122437553699697
 0
 0
 0
 0
 0
 0
 0
 0
 0.005188358976546345
 0.0122437553699697
 0
 0
 0
 0
 0
 0
 0
 0
 0.005188358976546345
 0
 0
 0
 0
 0
 0
 0
 0
 0
 0.005188358976546345
 0
 0
 0
 0
 0
 0
 0
 0
 0
 0.005188358976546345
 0
 0
 0
 0
 0
 0
 0
 0
 0
 0.005188358976546345
 0
 0
 0
 0
 0
 0
 0
 0
 0
 0.005188358976546345
 0
 0
 0
 0
 0
 0
 0
 0
 0
 0
 0
 0
 0
 0
 0
 0
 0
 0
 0
 0
 0
 0
 0
 0
 0
 0
 0
 0
 0
 0
 0
 0
 0
 0
 0
