# Created by Octave 3.2.4, Thu Feb 07 02:28:17 2013 EST <rbom@zaphod>
# name: small_First_Fit
# type: matrix
# ndims: 3
 1 10 30
 1.018252062777955e-16
 2.575284234174454e-12
 1.679832722663534e-11
 6.757721607885143e-16
 4.592320655430903e-16
 7.079314226543326e-15
 3.280334993512287e-16
 1.889801387393853e-14
 1.908335204250789e-13
 1.059982533586701e-16
 5.229761224895791e-10
 1.244917641696607e-09
 5.854644377517979e-10
 2.749117040538492e-11
 1.645193771230573e-14
 2.306231125780894e-13
 1.014262842981822e-13
 8.938729371663499e-11
 1.514068596202006e-08
 5.225885336644169e-14
 2.532362155566609e-05
 1.244917641696607e-09
 1.712911711977099e-07
 2.106756869450433e-09
 1.028462078780205e-09
 2.140224907662631e-12
 5.131519227330138e-09
 1.634867678443021e-08
 4.149697352311849e-06
 2.245790878362423e-12
 2.532362155566609e-05
 3.865845309711186e-09
 2.605064109042681e-06
 6.743291348151564e-09
 8.605821090786248e-08
 1.060287650198071e-10
 5.131519227330138e-09
 1.634867678443021e-08
 4.149697352311849e-06
 7.298548944226757e-11
 5.115015573068219e-05
 2.938619426582337e-08
 2.605064109042681e-06
 5.464797400958723e-07
 8.605821090786248e-08
 1.162552814258102e-08
 8.102461869995836e-08
 3.038225759599053e-07
 4.149697352311849e-06
 2.577455118380928e-08
 0.0005207691109953025
 2.938619426582337e-08
 2.605064109042681e-06
 1.792151220337915e-06
 1.883090846976304e-06
 8.501808089375203e-07
 1.431965558475912e-07
 3.038225759599053e-07
 5.483648808589955e-06
 1.00566355888851e-06
 0.0005207691109953025
 4.495398800582739e-06
 2.605064109042681e-06
 0.0001281601689749648
 1.883090846976304e-06
 8.501808089375203e-07
 5.549453101939699e-06
 3.038225759599053e-07
 0.000275855141777259
 1.00566355888851e-06
 0.001027789999453109
 4.495398800582739e-06
 0.0001281601689749648
 0.0001281601689749648
 2.473976459712143e-06
 8.501808089375203e-07
 0.0001492886896777072
 3.038225759599053e-07
 0.000275855141777259
 1.00566355888851e-06
 0.0005207691109953025
 4.495398800582739e-06
 0.0001281601689749648
 0.0001281601689749648
 2.473976459712143e-06
 8.501808089375203e-07
 0.0001492886896777072
 3.038225759599053e-07
 0.000275855141777259
 4.708969064102071e-06
 0.001027789999453109
 0.001058543472942803
 0.0001281601689749648
 0.0001281601689749648
 2.473976459712143e-06
 8.501808089375203e-07
 0.0001492886896777072
 3.038225759599053e-07
 0.000275855141777259
 0.0009421686366733492
 0.001027789999453109
 0.001058543472942803
 0.0001281601689749648
 0.0001281601689749648
 2.783611606940893e-05
 0.0002080829107098652
 0.0001492886896777072
 3.038225759599053e-07
 0.000275855141777259
 0.00225929653037066
 0.0005207691109953025
 0.001058543472942803
 0.0001281601689749648
 0.00225929653037066
 2.783611606940893e-05
 0.0002080829107098652
 0.0001492886896777072
 0
 0.0004980000873140157
 0.00225929653037066
 0.001027789999453109
 0.001058543472942803
 0.0001281601689749648
 0.00225929653037066
 2.783611606940893e-05
 0.0002080829107098652
 0.0001492886896777072
 0
 0.0004980000873140157
 0.00225929653037066
 0.001027789999453109
 0.001058543472942803
 0.0001281601689749648
 0.00225929653037066
 2.783611606940893e-05
 0.0002080829107098652
 0.0001492886896777072
 0
 0.00225929653037066
 0.00225929653037066
 0.001027789999453109
 0.00225929653037066
 0
 0.00225929653037066
 2.783611606940893e-05
 0.0002080829107098652
 0
 0
 0.00225929653037066
 0.00225929653037066
 0.0005207691109953025
 0.00225929653037066
 0
 0.00225929653037066
 2.783611606940893e-05
 0.0002080829107098652
 0
 0
 0.00225929653037066
 0.00225929653037066
 0.0005207691109953025
 0.001058543472942803
 0
 0.00225929653037066
 2.783611606940893e-05
 0.0002080829107098652
 0
 0
 0.00225929653037066
 0.00225929653037066
 0.0005207691109953025
 0.001058543472942803
 0
 0.00225929653037066
 0
 0
 0
 0
 0.00225929653037066
 0
 0.0005207691109953025
 0.001058543472942803
 0
 0
 0
 0
 0
 0
 0.00225929653037066
 0
 0
 0.001058543472942803
 0
 0
 0
 0
 0
 0
 0.00225929653037066
 0
 0
 0.00225929653037066
 0
 0
 0
 0
 0
 0
 0
 0
 0
 0.00225929653037066
 0
 0
 0
 0
 0
 0
 0
 0
 0
 0.001058543472942803
 0
 0
 0
 0
 0
 0
 0
 0
 0
 0.001058543472942803
 0
 0
 0
 0
 0
 0
 0
 0
 0
 0.001058543472942803
 0
 0
 0
 0
 0
 0
 0
 0
 0
 0.00225929653037066
 0
 0
 0
 0
 0
 0
 0
 0
 0
 0.00225929653037066
 0
 0
 0
 0
 0
 0
 0
 0
 0
 0.001058543472942803
 0
 0
 0
 0
 0
 0
 0
 0
 0
 0.001058543472942803
 0
 0
 0
 0
 0
 0
 0
 0
 0
 0.001058543472942803
 0
 0
 0
 0
 0
 0
 0
 0
