# Created by Octave 3.2.4, Thu Feb 07 09:07:33 2013 EST <rbom@zaphod>
# name: small_First_Fit
# type: matrix
# ndims: 3
 1 10 30
 2.888818609098468e-17
 5.977852027250347e-10
 8.08559798950795e-15
 2.968853640868283e-13
 9.593373205361266e-15
 3.046719368989508e-14
 1.052527983276104e-14
 2.933473317026899e-15
 5.517632942155943e-14
 1.662565655475121e-12
 6.753056426235659e-12
 5.977852027250347e-10
 8.08559798950795e-15
 8.51159821693418e-11
 6.190130245437972e-12
 3.826536299964345e-11
 2.146738700469433e-11
 6.648577487274767e-13
 3.383159633460432e-08
 4.270324641633248e-09
 3.254088619735859e-07
 8.604715533841162e-08
 4.384439250203446e-13
 1.949969071325514e-08
 3.09888518560253e-09
 2.074977166812845e-08
 1.601282363844656e-10
 9.280110140663959e-11
 3.383159633460432e-08
 4.270324641633248e-09
 3.254088619735859e-07
 1.093307006009489e-05
 9.071776605929005e-12
 1.949969071325514e-08
 3.09888518560253e-09
 2.074977166812845e-08
 1.601282363844656e-10
 1.556006170394064e-08
 2.969916925376407e-06
 7.709202243177089e-07
 5.822460591978635e-07
 1.093307006009489e-05
 4.233226894968683e-09
 1.949969071325514e-08
 3.09888518560253e-09
 3.362999139666802e-07
 2.593843639351305e-07
 3.349309197271717e-08
 2.969916925376407e-06
 7.709202243177089e-07
 1.53440749339419e-05
 1.093307006009489e-05
 1.949424180069497e-06
 1.949969071325514e-08
 3.09888518560253e-09
 3.362999139666802e-07
 2.884794563674791e-05
 9.724935254460627e-07
 6.414727440143721e-06
 1.968918561637488e-05
 1.53440749339419e-05
 0.0007952999513477062
 0.0008218535108424731
 2.287572331230905e-06
 1.152086671010897e-07
 3.362999139666802e-07
 2.884794563674791e-05
 1.093307006009489e-05
 6.414727440143721e-06
 1.968918561637488e-05
 1.53440749339419e-05
 0.0007952999513477062
 0.0008218535108424731
 2.287572331230905e-06
 2.017032247416266e-06
 3.362999139666802e-07
 5.287151867847176e-05
 1.093307006009489e-05
 6.414727440143721e-06
 1.968918561637488e-05
 1.53440749339419e-05
 0.0007952999513477062
 0.0008218535108424731
 2.287572331230905e-06
 2.017032247416266e-06
 2.837183189344212e-05
 5.287151867847176e-05
 0.0007952999513477062
 6.414727440143721e-06
 1.968918561637488e-05
 1.53440749339419e-05
 0.002119922340121895
 0.0008218535108424731
 2.287572331230905e-06
 5.156326052977016e-05
 2.968171375930237e-05
 0.001771755895794988
 0.0007952999513477062
 6.414727440143721e-06
 0.0005455785190551765
 0.0008218535108424731
 0.002119922340121895
 0.0008218535108424731
 2.287572331230905e-06
 5.156326052977016e-05
 2.837183189344212e-05
 0.001771755895794988
 0.0007952999513477062
 6.414727440143721e-06
 0.0005455785190551765
 0.0008218535108424731
 0.002119922340121895
 0.0008218535108424731
 2.287572331230905e-06
 5.156326052977016e-05
 2.837183189344212e-05
 0.001771755895794988
 0.002119922340121895
 6.414727440143721e-06
 0.0005455785190551765
 0.0008218535108424731
 0.002119922340121895
 0.002119922340121895
 2.287572331230905e-06
 5.156326052977016e-05
 2.837183189344212e-05
 0.001771755895794988
 0.002119922340121895
 0
 0.0005455785190551765
 0.002119922340121895
 0.003665946391534102
 0.002119922340121895
 0
 5.156326052977016e-05
 2.837183189344212e-05
 0.001771755895794988
 0.002119922340121895
 0
 0.0005455785190551765
 0.002119922340121895
 0.003665946391534102
 0.003665946391534102
 0
 5.156326052977016e-05
 2.837183189344212e-05
 0.001771755895794988
 0.003665946391534102
 0
 0.0005455785190551765
 0.0008218535108424731
 0.003665946391534102
 0.003665946391534102
 0
 5.156326052977016e-05
 2.968171375930237e-05
 0.001771755895794988
 0.002119922340121895
 0
 0.0005455785190551765
 0.0008218535108424731
 0.003665946391534102
 0.003665946391534102
 0
 0
 2.968171375930237e-05
 0
 0.002119922340121895
 0
 0
 0.0008218535108424731
 0.003665946391534102
 0.003665946391534102
 0
 0
 0.0004007910445047239
 0
 0.002119922340121895
 0
 0
 0.0008218535108424731
 0.003665946391534102
 0.003665946391534102
 0
 0
 0.0004007910445047239
 0
 0.002119922340121895
 0
 0
 0.0008218535108424731
 0.003665946391534102
 0.003665946391534102
 0
 0
 0.0004007910445047239
 0
 0.002119922340121895
 0
 0
 0
 0
 0.003665946391534102
 0
 0
 0.0004007910445047239
 0
 0.003665946391534102
 0
 0
 0
 0
 0
 0
 0
 0.0004007910445047239
 0
 0.003665946391534102
 0
 0
 0
 0
 0
 0
 0
 0.002119922340121895
 0
 0.003665946391534102
 0
 0
 0
 0
 0
 0
 0
 0.002119922340121895
 0
 0.003665946391534102
 0
 0
 0
 0
 0
 0
 0
 0.002119922340121895
 0
 0.003665946391534102
 0
 0
 0
 0
 0
 0
 0
 0.002119922340121895
 0
 0.002119922340121895
 0
 0
 0
 0
 0
 0
 0
 0.003665946391534102
 0
 0.002119922340121895
 0
 0
 0
 0
 0
 0
 0
 0.002119922340121895
 0
 0
 0
 0
 0
 0
 0
 0
 0
 0.002119922340121895
 0
 0
 0
 0
 0
 0
 0
 0
 0
 0.002119922340121895
 0
 0
 0
 0
