# Created by Octave 3.2.4, Thu Feb 07 01:36:54 2013 EST <rbom@zaphod>
# name: small_First_Fit
# type: matrix
# ndims: 3
 1 10 30
 7.267784897817817e-17
 8.523357509980666e-16
 6.286813297489704e-17
 5.946538687461727e-15
 2.294492351968768e-13
 2.177979269349238e-16
 7.664405162581956e-14
 5.913117371806049e-16
 2.971893065600983e-13
 1.317933175259575e-15
 2.128900154786031e-09
 6.100407508421223e-12
 6.617257143629484e-11
 7.481205178163505e-12
 4.111735460981058e-09
 2.685477970209613e-07
 4.848121538669808e-09
 1.32917939910953e-11
 5.740416439036105e-12
 6.999547204978904e-11
 2.128900154786031e-09
 1.01777179549657e-09
 3.656208205300286e-09
 5.579228090608322e-10
 2.627791225404799e-07
 2.685477970209613e-07
 9.927353815357888e-06
 1.695488773341795e-10
 4.784272213346863e-11
 3.413925934854455e-09
 3.256212774272173e-06
 1.731920694548451e-08
 7.911616089018618e-08
 7.039160163947603e-08
 2.627791225404799e-07
 9.808703490074175e-05
 0.0004041384457657162
 2.221723769324384e-09
 3.515576802448409e-09
 3.413925934854455e-09
 3.256212774272173e-06
 1.861220031036332e-07
 1.335415283801429e-06
 7.039160163947603e-08
 0.0002385945791189596
 0.0008482363327745212
 0.0004041384457657162
 1.508620758571916e-07
 1.956789176416178e-07
 4.114735277471512e-06
 3.256212774272173e-06
 1.861220031036332e-07
 3.195078926734288e-05
 2.487359405110765e-06
 0.0002385945791189596
 0.0008482363327745212
 0.00859557273427531
 1.681629243652609e-06
 2.268982487130598e-05
 9.2333893828438e-06
 3.256212774272173e-06
 1.996020973152941e-05
 3.195078926734288e-05
 2.487359405110765e-06
 0.0005414270846077439
 0.0008482363327745212
 0.00859557273427531
 1.681629243652609e-06
 0.0007343254479637824
 9.2333893828438e-06
 3.256212774272173e-06
 1.996020973152941e-05
 0.000523336439171547
 8.803770151581628e-06
 0.003441110720931261
 0.0008482363327745212
 0.00859557273427531
 1.402655566319845e-05
 0.0007343254479637824
 9.2333893828438e-06
 3.256212774272173e-06
 1.996020973152941e-05
 0.000523336439171547
 1.660733129520458e-05
 0.003441110720931261
 0.0008482363327745212
 0.00859557273427531
 0.0001207828085321956
 0.0007343254479637824
 0.002358218333616011
 3.496354143073088e-06
 7.78478877093088e-05
 0.000523336439171547
 0.001813061782441389
 0.003441110720931261
 0.0008482363327745212
 0.00859557273427531
 0.0001207828085321956
 0.0007343254479637824
 0.002358218333616011
 3.256212774272173e-06
 7.78478877093088e-05
 0.000523336439171547
 0.001813061782441389
 0.003441110720931261
 0.0008482363327745212
 0.00859557273427531
 0.0001207828085321956
 0.0007343254479637824
 0.002358218333616011
 0.0001456636574750148
 0.0005198907601227829
 0.000523336439171547
 0.001813061782441389
 0.003441110720931261
 0
 0.00859557273427531
 0.000523336439171547
 0.0007343254479637824
 0.002358218333616011
 0.0001456636574750148
 0.0005198907601227829
 0.000523336439171547
 0.001813061782441389
 0.003441110720931261
 0
 0
 0.000523336439171547
 0.0007343254479637824
 0.002358218333616011
 0.0001456636574750148
 0.0005198907601227829
 0.000523336439171547
 0.001813061782441389
 0.003441110720931261
 0
 0
 0.000523336439171547
 0
 0.002358218333616011
 0.0001456636574750148
 0.0009316270032183684
 0
 0.001813061782441389
 0
 0
 0
 0.000523336439171547
 0
 0.002358218333616011
 0.0001456636574750148
 0.0009316270032183684
 0
 0.001813061782441389
 0
 0
 0
 0.000523336439171547
 0
 0
 0.0001456636574750148
 0.0009316270032183684
 0
 0
 0
 0
 0
 0.000523336439171547
 0
 0
 0.000153840706423817
 0.0009316270032183684
 0
 0
 0
 0
 0
 0.000523336439171547
 0
 0
 0.0001456636574750148
 0.0009316270032183684
 0
 0
 0
 0
 0
 0
 0
 0
 0.0001456636574750148
 0.0009316270032183684
 0
 0
 0
 0
 0
 0
 0
 0
 0.0001456636574750148
 0.0009316270032183684
 0
 0
 0
 0
 0
 0
 0
 0
 0.0001456636574750148
 0
 0
 0
 0
 0
 0
 0
 0
 0
 0.0001456636574750148
 0
 0
 0
 0
 0
 0
 0
 0
 0
 0.000153840706423817
 0
 0
 0
 0
 0
 0
 0
 0
 0
 0.000153840706423817
 0
 0
 0
 0
 0
 0
 0
 0
 0
 0.005465318467753135
 0
 0
 0
 0
 0
 0
 0
 0
 0
 0.005465318467753135
 0
 0
 0
 0
 0
 0
 0
 0
 0
 0.005465318467753135
 0
 0
 0
 0
 0
 0
 0
 0
 0
 0.005465318467753135
 0
 0
 0
 0
 0
 0
 0
 0
 0
 0.005465318467753135
 0
 0
 0
 0
 0
 0
 0
 0
 0
