# Created by Octave 3.2.4, Wed Feb 06 01:28:54 2013 EST <rbom@zaphod>
# name: small_First_Fit
# type: matrix
# ndims: 3
 1 10 30
 7.077687994354771e-14
 4.041622323440806e-14
 1.014574404789325e-13
 1.016934136061788e-13
 5.629521416945688e-11
 3.604785546001133e-14
 4.045577285920897e-14
 1.271778918026704e-13
 5.498450834033105e-12
 8.252893355556283e-11
 9.576406059543544e-12
 5.954458731992088e-12
 5.500452987357618e-11
 2.402127125943021e-11
 0.0001225370578597073
 3.196534885150519e-11
 2.830497028777641e-08
 2.662128674034037e-11
 1.519319665487913e-10
 0.0004762817906437595
 9.576406059543544e-12
 3.435322337887322e-11
 2.449476444578955e-09
 2.63370507591992e-09
 0.0001225370578597073
 5.091556054101355e-11
 8.153928389650836e-06
 9.102979929616473e-10
 2.199530442459061e-09
 0.0006610591286474202
 3.305156673112006e-07
 5.203500957477094e-09
 2.449476444578955e-09
 2.252090750413569e-07
 0.0002402701207981815
 1.020897179522028e-09
 8.153928389650836e-06
 2.361944822340815e-08
 2.199530442459061e-09
 0.0006610591286474202
 7.488864754450861e-06
 9.545984590547603e-08
 2.449476444578955e-09
 1.400199166605055e-05
 0.0002402701207981815
 3.587546861218498e-08
 8.153928389650836e-06
 1.854709604456691e-05
 6.970083262518934e-08
 0.0007333412463821877
 4.256357763265588e-05
 1.230564213125286e-06
 2.076355039631644e-08
 0.0004830316328406195
 0.0002402701207981815
 3.587546861218498e-08
 8.153928389650836e-06
 0.0004435762485061389
 1.487826453406684e-06
 0.0007333412463821877
 7.103435472418263e-05
 0.0002526626651501761
 1.203254219850687e-06
 0.0004830316328406195
 0.0005891859888983636
 5.030511931759317e-07
 8.153928389650836e-06
 0.0004435762485061389
 4.771176758400431e-05
 0.0007333412463821877
 7.189770891802783e-05
 0.0002526626651501761
 1.809317559692841e-06
 0.0006610591286474202
 0.0005891859888983636
 5.030511931759317e-07
 0.0002526626651501761
 0.0004435762485061389
 0.001308009418345339
 0.0007333412463821877
 7.189770891802783e-05
 0.0006610591286474202
 1.809317559692841e-06
 0.0004830316328406195
 0.0005891859888983636
 1.6963454460122e-05
 0.0002526626651501761
 0.0004435762485061389
 0.001308009418345339
 0.0006610591286474202
 7.103435472418263e-05
 0.0002526626651501761
 1.809317559692841e-06
 0.0006610591286474202
 0.0005891859888983636
 1.6963454460122e-05
 0.0002526626651501761
 0.0004435762485061389
 0.001308009418345339
 0.0006610591286474202
 9.611441786208315e-05
 0.0006610591286474202
 0.0001161781746259541
 0.0006610591286474202
 0.0005891859888983636
 1.6963454460122e-05
 0.0002526626651501761
 0.0004435762485061389
 0.001308009418345339
 0.002087091298185581
 7.103435472418263e-05
 0.0006610591286474202
 0.0001161781746259541
 0.0004830316328406195
 0.0005891859888983636
 1.6963454460122e-05
 0.0002526626651501761
 0.000926470999272274
 0.001308009418345339
 0.002087091298185581
 7.103435472418263e-05
 0.000851771193559482
 0.0001779954370110717
 0.0004830316328406195
 0.0005891859888983636
 1.6963454460122e-05
 0.0002526626651501761
 0.000926470999272274
 0.001308009418345339
 0.002212750206283
 7.103435472418263e-05
 0.000851771193559482
 0.0001779954370110717
 0.0006610591286474202
 0
 1.6963454460122e-05
 0.0002526626651501761
 0.000926470999272274
 0.001308009418345339
 0.002212750206283
 7.103435472418263e-05
 0.0009091475075393082
 0.0001779954370110717
 0.0004830316328406195
 0
 0.0002803929961165025
 0
 0.000926470999272274
 0
 0.002087091298185581
 7.103435472418263e-05
 0.0009091475075393082
 0.0001779954370110717
 0.0006610591286474202
 0
 0.0002803929961165025
 0
 0.000926470999272274
 0
 0.002087091298185581
 7.103435472418263e-05
 0.000926470999272274
 0.0001779954370110717
 0.0006610591286474202
 0
 0.002087091298185581
 0
 0.000926470999272274
 0
 0.002087091298185581
 0
 0.000926470999272274
 0.0001779954370110717
 0.002212750206283
 0
 0.002087091298185581
 0
 0.000926470999272274
 0
 0.002087091298185581
 0
 0.002212750206283
 0.0005891859888983636
 0.002212750206283
 0
 0.002212750206283
 0
 0
 0
 0.002087091298185581
 0
 0.002212750206283
 0.002212750206283
 0.002212750206283
 0
 0.002212750206283
 0
 0
 0
 0
 0
 0.002212750206283
 0.002212750206283
 0.002212750206283
 0
 0.002212750206283
 0
 0
 0
 0
 0
 0.002212750206283
 0.002212750206283
 0.002212750206283
 0
 0.002212750206283
 0
 0
 0
 0
 0
 0.002212750206283
 0.002212750206283
 0.002212750206283
 0
 0.002212750206283
 0
 0
 0
 0
 0
 0.002212750206283
 0.002212750206283
 0.002212750206283
 0
 0.002087091298185581
 0
 0
 0
 0
 0
 0.002212750206283
 0.002212750206283
 0
 0
 0.002087091298185581
 0
 0
 0
 0
 0
 0
 0.002212750206283
 0
 0
 0
 0
 0
 0
 0
 0
 0
 0
 0
 0
 0
 0
 0
 0
 0
 0
 0
 0
 0
 0
 0
 0
 0
 0
 0
 0
 0
 0
 0
 0
 0
 0
 0
 0
 0
 0
 0
 0
 0
 0
 0
 0
 0
 0
 0
