# Created by Octave 3.2.4, Tue Feb 05 00:21:19 2013 EST <rbom@zaphod>
# name: small_First_Fit
# type: matrix
# ndims: 3
 1 10 30
 2.717999032063051e-15
 2.66972832818509e-08
 1.089084657534906e-12
 1.475764794036587e-14
 4.306303144403114e-11
 2.153595670344678e-14
 2.22180208577451e-10
 1.731840523646516e-13
 1.603356501452055e-14
 2.088780395716159e-12
 5.144297029998886e-13
 5.858746802690938e-07
 2.773591969838693e-07
 2.62228829240702e-09
 1.772176358907542e-10
 2.629944791217572e-12
 1.61735879429066e-09
 1.015991038985569e-11
 9.097862487176261e-13
 2.46455609323905e-08
 7.231351148814734e-09
 5.858746802690938e-07
 6.052387922597133e-07
 6.46291623137246e-06
 4.235179230840868e-09
 2.54221569445214e-10
 1.61735879429066e-09
 2.912819601374759e-10
 9.097862487176261e-13
 3.272442339180935e-07
 7.231351148814734e-09
 1.157709098631733e-05
 6.052387922597133e-07
 0.000304988083574487
 7.317011436707548e-07
 1.031866912069432e-08
 1.61735879429066e-09
 1.156870057427269e-08
 8.599879051390993e-10
 3.272442339180935e-07
 6.265294890332232e-07
 1.157709098631733e-05
 6.052387922597133e-07
 0.000304988083574487
 7.317011436707548e-07
 1.031866912069432e-08
 2.860654935869946e-08
 1.117157583969741e-06
 6.868306220403976e-08
 3.272442339180935e-07
 2.321828827039164e-05
 3.280882332910071e-05
 9.952794247250919e-05
 0.000304988083574487
 4.941341836786633e-05
 1.031866912069432e-08
 7.834156634829409e-08
 2.404382031934515e-05
 1.198310634400259e-06
 4.677782243105168e-06
 0.0002664275187499393
 0.0002803649477054514
 0.003584480026004829
 0.000304988083574487
 4.941341836786633e-05
 1.745132449408362e-07
 1.139845450672478e-05
 2.404382031934515e-05
 1.325746981584064e-05
 4.677782243105168e-06
 0.0002664275187499393
 0.0002803649477054514
 0.003584480026004829
 0.01238889919364838
 0.00030088635681935
 1.03906877259451e-05
 0.0005017564171826539
 2.404382031934515e-05
 1.325746981584064e-05
 5.531635653074188e-06
 0.0002664275187499393
 0.0003508022812665008
 0.04659286007895573
 0.01238889919364838
 0.00030088635681935
 0.001391939041399998
 0.0005017564171826539
 2.404382031934515e-05
 8.775644997996141e-05
 4.677782243105168e-06
 0.0002664275187499393
 0.004395697465343333
 0.04659286007895573
 0.01238889919364838
 0.00030088635681935
 0.04659286007895573
 0.0005017564171826539
 2.404382031934515e-05
 8.775644997996141e-05
 4.677782243105168e-06
 0.0002664275187499393
 0.004395697465343333
 0.04659286007895573
 0.01238889919364838
 0.00030088635681935
 0.04659286007895573
 0.0005017564171826539
 2.404382031934515e-05
 8.775644997996141e-05
 3.780759698016514e-05
 0.0002664275187499393
 0.004395697465343333
 0.04659286007895573
 0.01238889919364838
 0.00030088635681935
 0.04659286007895573
 0.005674021744024462
 2.404382031934515e-05
 8.775644997996141e-05
 4.677782243105168e-06
 0.0002664275187499393
 0.004395697465343333
 0.04659286007895573
 0.04659286007895573
 0.00030088635681935
 0.04659286007895573
 0.0005017564171826539
 0
 0.00040742781573925
 0.0002017443186056495
 0
 0.004395697465343333
 0.04659286007895573
 0.04659286007895573
 0.00030088635681935
 0.04659286007895573
 0.004395697465343333
 0
 0.00040742781573925
 0.0002017443186056495
 0
 0.04659286007895573
 0.04659286007895573
 0.04659286007895573
 0
 0.04659286007895573
 0.004395697465343333
 0
 0.00040742781573925
 0.0003368351366289338
 0
 0.04659286007895573
 0
 0.04659286007895573
 0
 0.04659286007895573
 0.004395697465343333
 0
 0.01238889919364838
 0.0002017443186056495
 0
 0.04659286007895573
 0
 0.04659286007895573
 0
 0
 0.004395697465343333
 0
 0.01238889919364838
 0.0002017443186056495
 0
 0.04659286007895573
 0
 0.04659286007895573
 0
 0
 0.004395697465343333
 0
 0.01238889919364838
 0.0003368351366289338
 0
 0.04659286007895573
 0
 0.04659286007895573
 0
 0
 0.004395697465343333
 0
 0.01238889919364838
 0.0003368351366289338
 0
 0.04659286007895573
 0
 0
 0
 0
 0.004395697465343333
 0
 0.01238889919364838
 0.0002017443186056495
 0
 0.04659286007895573
 0
 0
 0
 0
 0
 0
 0.01238889919364838
 0.0002017443186056495
 0
 0
 0
 0
 0
 0
 0
 0
 0.01238889919364838
 0.0002017443186056495
 0
 0
 0
 0
 0
 0
 0
 0
 0
 0.0002017443186056495
 0
 0
 0
 0
 0
 0
 0
 0
 0
 0.0002017443186056495
 0
 0
 0
 0
 0
 0
 0
 0
 0
 0
 0
 0
 0
 0
 0
 0
 0
 0
 0
 0
 0
 0
 0
 0
 0
 0
 0
 0
 0
 0
 0
 0
 0
 0
 0
 0
 0
 0
 0
 0
 0
 0
 0
 0
 0
 0
 0
 0
 0
 0
 0
 0
 0
 0
 0
 0
 0
 0
 0
 0
