# Created by Octave 3.2.4, Tue Feb 05 02:20:55 2013 EST <rbom@zaphod>
# name: small_First_Fit
# type: matrix
# ndims: 3
 1 10 30
 1.601170915196163e-15
 3.598235348548197e-15
 5.451959659369173e-13
 3.047275485844313e-13
 6.093412938194423e-14
 5.549908389577489e-12
 6.115035859514107e-13
 1.446497375869102e-15
 2.401834259331129e-19
 2.529749569133219e-12
 1.218601658936534e-13
 5.269852316019666e-13
 5.451959659369173e-13
 2.722855425591546e-09
 8.988075626387718e-12
 1.268074977407737e-09
 9.885561400053857e-11
 2.024220591617535e-13
 3.735574589282684e-12
 7.139557162156229e-10
 9.115744136728923e-13
 1.384877973905103e-11
 1.303889942853816e-11
 5.068770564526664e-08
 5.510173832841197e-08
 1.108291771331184e-07
 3.509579396630536e-09
 4.86876051652146e-11
 1.401680767201973e-08
 3.354806884068612e-08
 3.186846856208604e-12
 1.384877973905103e-11
 2.157664184297795e-10
 5.068770564526664e-08
 3.891027799496882e-05
 3.891027799496882e-05
 5.186352913303222e-07
 3.7646266185713e-09
 6.476577528046695e-07
 8.71581006585511e-07
 2.233911337984435e-08
 4.706414761559674e-10
 2.157664184297795e-10
 5.068770564526664e-08
 0.0001547237653335618
 0.0001066361222977769
 5.267947849501193e-05
 3.7646266185713e-09
 3.474149492440669e-06
 2.700325465740119e-06
 4.844655811751147e-06
 1.149120149571783e-09
 6.167992540864436e-10
 3.02533517622662e-06
 0.0001547237653335618
 0.0001547237653335618
 9.470751646726918e-05
 1.683472205654768e-08
 2.3548074144848e-05
 2.976208723390104e-05
 0.0008953140350012378
 3.353828092006682e-08
 4.707707817331087e-08
 4.700848626070671e-06
 0.0001547237653335618
 0.0001547237653335618
 0.001041029410582768
 7.081690071390623e-07
 0.001041029410582768
 2.976208723390104e-05
 0.001200567728172487
 8.121897059935182e-06
 8.709818326085883e-07
 4.700848626070671e-06
 0.0001547237653335618
 0.0001547237653335618
 0.002145337922869595
 3.097815094910531e-05
 0.001041029410582768
 0.0001831681599317262
 0.001200567728172487
 0.001497820300286185
 8.026385968241297e-05
 3.02533517622662e-06
 0.0001547237653335618
 0.0001547237653335618
 0.002145337922869595
 3.097815094910531e-05
 0.003570672433676076
 0.0004530906456653646
 0.001200567728172487
 0.001497820300286185
 9.798445233736983e-05
 3.02533517622662e-06
 0.0001547237653335618
 0.0001547237653335618
 0.0152053041036033
 3.097815094910531e-05
 0.0152053041036033
 0.0004530906456653646
 0.009334091140920549
 0.0152053041036033
 8.026385968241297e-05
 0.001762676812823551
 0.0003543807411854069
 0.0001547237653335618
 0.0152053041036033
 0.002129051834808707
 0.0152053041036033
 0.0004530906456653646
 0.02781908300803984
 0.0152053041036033
 8.026385968241297e-05
 0.001762676812823551
 0.0003543807411854069
 0.0152053041036033
 0.0152053041036033
 0.002129051834808707
 0.0152053041036033
 0.002145337922869595
 0.02781908300803984
 0.0152053041036033
 9.798445233736983e-05
 0.004316075291874978
 0.0003543807411854069
 0.0152053041036033
 0.0152053041036033
 0.002129051834808707
 0.0152053041036033
 0.002145337922869595
 0.03957141720897212
 0.0152053041036033
 8.026385968241297e-05
 0.002129051834808707
 0.0003543807411854069
 0.0152053041036033
 0.0152053041036033
 0.003570672433676076
 0.0152053041036033
 0.002145337922869595
 0.03957141720897212
 0.0152053041036033
 8.026385968241297e-05
 0.0152053041036033
 0.03957141720897212
 0.0152053041036033
 0.0152053041036033
 0.003570672433676076
 0.0152053041036033
 0.0152053041036033
 0.03957141720897212
 0.0152053041036033
 8.026385968241297e-05
 0.0152053041036033
 0.03957141720897212
 0.0152053041036033
 0.0152053041036033
 0.003664059855305916
 0.0152053041036033
 0.0152053041036033
 0.03957141720897212
 0.0152053041036033
 8.026385968241297e-05
 0.0152053041036033
 0.03957141720897212
 0.0152053041036033
 0
 0.003664059855305916
 0
 0.002145337922869595
 0.03957141720897212
 0
 9.798445233736983e-05
 0.0152053041036033
 0.03957141720897212
 0.0152053041036033
 0
 0.003664059855305916
 0
 0.002145337922869595
 0.03957141720897212
 0
 8.026385968241297e-05
 0.0152053041036033
 0.03957141720897212
 0
 0
 0.003664059855305916
 0
 0.002145337922869595
 0.03957141720897212
 0
 0.001762676812823551
 0.0152053041036033
 0.03957141720897212
 0
 0
 0.003664059855305916
 0
 0.002145337922869595
 0
 0
 0.001762676812823551
 0.0152053041036033
 0.03957141720897212
 0
 0
 0.003664059855305916
 0
 0.002145337922869595
 0
 0
 0.001762676812823551
 0
 0
 0
 0
 0.003664059855305916
 0
 0
 0
 0
 0.001762676812823551
 0
 0
 0
 0
 0
 0
 0
 0
 0
 0.01796199674744756
 0
 0
 0
 0
 0
 0
 0
 0
 0
 0.01796199674744756
 0
 0
 0
 0
 0
 0
 0
 0
 0
 0.03957141720897212
 0
 0
 0
 0
 0
 0
 0
 0
 0
 0.03957141720897212
 0
 0
 0
 0
 0
 0
 0
 0
 0
 0.01796199674744756
 0
 0
 0
 0
 0
 0
 0
 0
 0
 0.01796199674744756
 0
 0
 0
 0
 0
 0
 0
 0
 0
 0.03957141720897212
 0
 0
 0
 0
 0
 0
 0
