# Created by Octave 3.2.4, Wed Feb 06 08:39:43 2013 EST <rbom@zaphod>
# name: small_First_Fit
# type: matrix
# ndims: 3
 1 10 30
 7.859732321490257e-11
 2.281518978032087e-12
 5.594340180614207e-11
 1.522220412450266e-11
 1.244870013113787e-13
 6.289447967156255e-12
 8.707085506489655e-17
 3.568111409716092e-16
 1.755708177630034e-15
 6.103022815294318e-16
 7.631651053161372e-09
 4.956353550663209e-10
 2.14389305770473e-08
 3.650290804980851e-10
 1.130069571459891e-11
 8.609361040153795e-11
 1.146243181250127e-14
 7.460264489069899e-14
 3.554102373286424e-14
 1.336645663632814e-11
 7.631651053161372e-09
 7.537911633245245e-08
 4.428826517109309e-06
 3.650290804980851e-10
 4.185814481492402e-10
 7.03765689187816e-08
 7.807192619214331e-11
 1.237664092987523e-11
 4.329788448191905e-13
 1.343122615475091e-08
 7.631651053161372e-09
 8.29820276181169e-07
 4.428826517109309e-06
 1.501439510286217e-08
 7.47835921449966e-09
 2.000107501257816e-06
 8.755171412711154e-08
 2.945637047855008e-09
 8.922844033505597e-12
 2.171876074742381e-05
 2.221128526055278e-07
 5.819727802739702e-06
 4.428826517109309e-06
 1.501439510286217e-08
 6.203902131464108e-07
 5.85566229801583e-06
 8.582194166798215e-05
 1.112957515068395e-07
 5.255840908756481e-10
 2.171876074742381e-05
 4.106344336580588e-06
 5.819727802739702e-06
 4.428826517109309e-06
 8.06308956694796e-07
 4.935459755624513e-05
 0.0001646055515560889
 0.0005918494442690834
 8.040439303946164e-06
 9.93853838399551e-08
 0.0007578806953596072
 4.106344336580588e-06
 1.960527459450832e-05
 4.428826517109309e-06
 1.964776140094799e-06
 0.0001976569066034205
 0.0003283658371190629
 0.0005918494442690834
 4.708351949042415e-05
 1.134486910545757e-06
 0.0007578806953596072
 6.556331264322573e-05
 2.68811814989356e-05
 4.428826517109309e-06
 1.964776140094799e-06
 0.0001976569066034205
 0.0003283658371190629
 0.0005918494442690834
 0.001015377970326444
 9.11768809760506e-06
 0.0007578806953596072
 6.556331264322573e-05
 4.508853603468543e-05
 4.428826517109309e-06
 1.964776140094799e-06
 0.0001976569066034205
 0.0003283658371190629
 0.0005918494442690834
 0.001015377970326444
 1.335406854858133e-05
 0.005009902093325326
 6.556331264322573e-05
 4.508853603468543e-05
 4.428826517109309e-06
 1.964776140094799e-06
 0.0001976569066034205
 0.0006828501802311039
 0.0005918494442690834
 0.001015377970326444
 0.001026757208319187
 0.005009902093325326
 6.556331264322573e-05
 4.508853603468543e-05
 0
 2.780547971899625e-05
 0.0002338060472906802
 0.0006828501802311039
 0.01461343644409032
 0.001015377970326444
 0.001026757208319187
 0.005009902093325326
 6.556331264322573e-05
 0.0001286805732174373
 0
 2.780547971899625e-05
 0.0002338060472906802
 0.0006828501802311039
 0.01461343644409032
 0.001015377970326444
 0.01461343644409032
 0.005009902093325326
 6.556331264322573e-05
 0.0001286805732174373
 0
 2.780547971899625e-05
 0.0002338060472906802
 0.005880708070833595
 0.01461343644409032
 0.001015377970326444
 0.01461343644409032
 0.01461343644409032
 6.556331264322573e-05
 0.0001286805732174373
 0
 2.780547971899625e-05
 0.0002338060472906802
 0.01461343644409032
 0.01461343644409032
 0.001015377970326444
 0.01461343644409032
 0.01461343644409032
 0
 0.0008750964842621803
 0
 2.780547971899625e-05
 0.0002338060472906802
 0.01461343644409032
 0.01461343644409032
 0
 0.01461343644409032
 0.01461343644409032
 0
 0.0008750964842621803
 0
 2.780547971899625e-05
 0.0002338060472906802
 0.01461343644409032
 0.01461343644409032
 0
 0.01461343644409032
 0.005009902093325326
 0
 0.0008750964842621803
 0
 0.01461343644409032
 0.0002338060472906802
 0.01461343644409032
 0.01461343644409032
 0
 0.01461343644409032
 0.005009902093325326
 0
 0.01461343644409032
 0
 0.01461343644409032
 0
 0.01461343644409032
 0
 0
 0.01461343644409032
 0.01461343644409032
 0
 0.01461343644409032
 0
 0.01461343644409032
 0
 0.01461343644409032
 0
 0
 0
 0.01461343644409032
 0
 0.01461343644409032
 0
 0.01461343644409032
 0
 0.01461343644409032
 0
 0
 0
 0.01461343644409032
 0
 0.01461343644409032
 0
 0.01461343644409032
 0
 0
 0
 0
 0
 0.01461343644409032
 0
 0.01461343644409032
 0
 0.01461343644409032
 0
 0
 0
 0
 0
 0.01461343644409032
 0
 0.01461343644409032
 0
 0.01461343644409032
 0
 0
 0
 0
 0
 0.01461343644409032
 0
 0.01461343644409032
 0
 0
 0
 0
 0
 0
 0
 0.01461343644409032
 0
 0
 0
 0
 0
 0
 0
 0
 0
 0
 0
 0
 0
 0
 0
 0
 0
 0
 0
 0
 0
 0
 0
 0
 0
 0
 0
 0
 0
 0
 0
 0
 0
 0
 0
 0
 0
 0
 0
 0
 0
 0
 0
 0
 0
 0
 0
 0
 0
 0
 0
 0
 0
 0
 0
 0
 0
 0
 0
 0
