# Created by Octave 3.2.4, Wed Feb 06 13:14:04 2013 EST <rbom@zaphod>
# name: small_First_Fit
# type: matrix
# ndims: 3
 1 10 30
 2.598946831851946e-18
 1.956849066011382e-18
 1.443011683966392e-21
 3.863257380216604e-16
 5.130643074202196e-22
 2.442343066559177e-18
 2.626392514872278e-15
 1.724938585883992e-13
 1.402795487683451e-17
 3.288575819308466e-21
 2.081802170101981e-13
 1.956849066011382e-18
 1.618166070220433e-18
 3.394007266388352e-10
 2.682687471251732e-15
 1.911421247299544e-16
 2.351278346950822e-12
 1.724938585883992e-13
 1.402795487683451e-17
 6.579192395613594e-16
 2.111684862945426e-09
 6.783171417984766e-14
 4.717876998238211e-16
 8.640068884850222e-08
 2.614591236903937e-13
 3.820079560862318e-14
 1.413977427924839e-09
 1.724938585883992e-13
 1.164920572881069e-14
 9.17750895268985e-11
 1.369103022775479e-06
 7.428405551354588e-12
 2.131913549094946e-13
 2.936402594629621e-06
 4.708862147310979e-12
 1.796120867302543e-12
 1.413977427924839e-09
 2.186820444448473e-11
 9.292249568925181e-12
 1.838020610833883e-08
 1.369103022775479e-06
 7.428405551354588e-12
 6.184948635272586e-11
 1.218978894698479e-05
 4.350786149158765e-10
 6.61906481632252e-11
 1.413977427924839e-09
 4.200472562165679e-08
 1.229706254089676e-09
 1.366566379683297e-06
 1.369103022775479e-06
 7.428405551354588e-12
 1.232068290889093e-08
 0.0004142779253309597
 1.546427703989737e-08
 3.081485741339713e-09
 1.413977427924839e-09
 4.200472562165679e-08
 1.229706254089676e-09
 1.366566379683297e-06
 1.369103022775479e-06
 4.800949836568091e-11
 2.078505600682848e-07
 0.0004142779253309597
 1.546427703989737e-08
 3.081485741339713e-09
 1.413977427924839e-09
 4.200472562165679e-08
 1.229706254089676e-09
 1.08317496022956e-05
 1.369103022775479e-06
 4.800949836568091e-11
 2.078505600682848e-07
 0.0004142779253309597
 1.546427703989737e-08
 1.519237479862787e-07
 1.413977427924839e-09
 4.200472562165679e-08
 1.229706254089676e-09
 0.0001034486042518013
 0.0001671967177257262
 1.366622525109351e-09
 2.078505600682848e-07
 0.0004142779253309597
 1.546427703989737e-08
 1.519237479862787e-07
 1.413977427924839e-09
 4.200472562165679e-08
 1.229706254089676e-09
 0.0004142779253309597
 0.0001671967177257262
 3.035388373189663e-09
 0.0004854189378181426
 0.0004142779253309597
 0.0001080759813667298
 1.519237479862787e-07
 1.413977427924839e-09
 4.200472562165679e-08
 9.675489769537356e-07
 0.0004142779253309597
 0.0001671967177257262
 3.901379267990471e-05
 0.0004854189378181426
 0.0004142779253309597
 0.0001080759813667298
 1.519237479862787e-07
 0
 4.200472562165679e-08
 0.00154408536096637
 0.0004142779253309597
 0.0001671967177257262
 3.901379267990471e-05
 0.001615392805778621
 0.0004142779253309597
 0.0001080759813667298
 0.002912505487540392
 0
 0
 0.00154408536096637
 0.0004142779253309597
 0.0001671967177257262
 3.901379267990471e-05
 0.0004854189378181426
 0
 0.0001080759813667298
 0.002912505487540392
 0
 0
 0.00154408536096637
 0.0004142779253309597
 0.00154408536096637
 0.01468813737476616
 0.001615392805778621
 0
 0.0001080759813667298
 0.002912505487540392
 0
 0
 0.00154408536096637
 0.0004142779253309597
 0.00154408536096637
 0.01468813737476616
 0.0004854189378181426
 0
 0.0001080759813667298
 0.002912505487540392
 0
 0
 0.00154408536096637
 0.0004142779253309597
 0.00154408536096637
 0.01468813737476616
 0.0004854189378181426
 0
 0.0001080759813667298
 0.002912505487540392
 0
 0
 0.00154408536096637
 0
 0.00154408536096637
 0.01468813737476616
 0.01468813737476616
 0
 0
 0.002912505487540392
 0
 0
 0.00154408536096637
 0
 0.00154408536096637
 0.01468813737476616
 0.01468813737476616
 0
 0
 0.002912505487540392
 0
 0
 0
 0
 0.00154408536096637
 0.01468813737476616
 0.01468813737476616
 0
 0
 0
 0
 0
 0
 0
 0.00154408536096637
 0.01468813737476616
 0.01468813737476616
 0
 0
 0
 0
 0
 0
 0
 0
 0
 0.01468813737476616
 0
 0
 0
 0
 0
 0
 0
 0
 0
 0.01468813737476616
 0
 0
 0
 0
 0
 0
 0
 0
 0
 0.01468813737476616
 0
 0
 0
 0
 0
 0
 0
 0
 0
 0
 0
 0
 0
 0
 0
 0
 0
 0
 0
 0
 0
 0
 0
 0
 0
 0
 0
 0
 0
 0
 0
 0
 0
 0
 0
 0
 0
 0
 0
 0
 0
 0
 0
 0
 0
 0
 0
 0
 0
 0
 0
 0
 0
 0
 0
 0
 0
 0
 0
 0
 0
 0
 0
 0
 0
 0
 0
 0
 0
 0
 0
 0
 0
 0
 0
 0
 0
