# Created by Octave 3.2.4, Tue Feb 05 02:28:34 2013 EST <rbom@zaphod>
# name: small_First_Fit
# type: matrix
# ndims: 3
 1 10 30
 1.326646087471315e-07
 9.278637489412775e-09
 1.563419732767461e-11
 7.608593324653048e-14
 4.595085173243969e-10
 3.58550105064852e-11
 1.038280997628667e-11
 2.761210029758256e-13
 1.438801198355867e-09
 6.798343277545462e-09
 0.0001195669292058415
 1.909241142170362e-08
 3.686207286500384e-06
 1.413698911457266e-11
 1.597181461078282e-08
 3.58550105064852e-11
 6.767513708841941e-10
 1.193651460761172e-06
 6.27837113103491e-08
 6.798343277545462e-09
 0.0001195669292058415
 3.267256127884658e-07
 4.310139476719259e-05
 4.995983968729534e-09
 1.597181461078282e-08
 8.661800008676331e-08
 2.199013938063237e-08
 4.783446464636652e-05
 6.27837113103491e-08
 3.26053501852678e-08
 0.0001195669292058415
 8.959477516038889e-06
 0.0003650203090654811
 1.705539551507091e-08
 7.576198931747666e-08
 7.516033553221274e-07
 2.199013938063237e-08
 0.001831840602292736
 6.27837113103491e-08
 2.646213608032967e-07
 0.004303013049261895
 8.959477516038889e-06
 0.001477246140816862
 5.381160589470294e-08
 7.576198931747666e-08
 7.516033553221274e-07
 7.667734368151974e-07
 0.001831840602292736
 1.32836882108363e-05
 1.009270378970616e-05
 0.004303013049261895
 8.959477516038889e-06
 0.001477246140816862
 9.985238040922273e-07
 7.576198931747666e-08
 8.279856902892461e-05
 2.815047263282356e-06
 0.00397232685650843
 5.213068526251137e-05
 4.602615378615848e-05
 0.004303013049261895
 0.000258610773671468
 0.001477246140816862
 1.560130005280785e-06
 8.613098438376299e-07
 0.0006788413579206115
 0.0005337476734390762
 0.00397232685650843
 5.213068526251137e-05
 4.602615378615848e-05
 0.004303013049261895
 0.000258610773671468
 0.001477246140816862
 1.560130005280785e-06
 4.965122879817807e-05
 0.0006788413579206115
 0.0005337476734390762
 0.008225591471382228
 5.213068526251137e-05
 7.853056107372208e-05
 0.004303013049261895
 0.002278817939481854
 0.007099483194767491
 1.560130005280785e-06
 0.0004141913029134174
 0.0006788413579206115
 0.001650257514407101
 0.008225591471382228
 0.0004627192103247155
 0.0003218429527500071
 0.07473355813709578
 0.001522522714725361
 0.007099483194767491
 3.314964370774676e-05
 0.0004141913029134174
 0.001973447518699368
 0.0008902031635071716
 0.01473547744409266
 0.001702128689848099
 0.0003218429527500071
 0.07473355813709578
 0.004823450409362941
 0.01200180758181155
 0.007411255044523879
 0.0004141913029134174
 0.02280511178619707
 0.0005337476734390762
 0.01473547744409266
 0.001702128689848099
 0.002058413605534595
 0.07473355813709578
 0.007841451668840725
 0.01200180758181155
 0.007411255044523879
 0.007411255044523879
 0.03383040531210453
 0.0005337476734390762
 0.01184019227856439
 0.03669782938935912
 0.01184019227856439
 0.07473355813709578
 0.007841451668840725
 0.03669782938935912
 0.007411255044523879
 0.007411255044523879
 0.03383040531210453
 0.0005337476734390762
 0.01184019227856439
 0.03669782938935912
 0.06050303640171259
 0.07473355813709578
 0.007841451668840725
 0.03669782938935912
 0.01341491338987782
 0.007411255044523879
 0.03383040531210453
 0.0005337476734390762
 0.01184019227856439
 0.03669782938935912
 0.06050303640171259
 0.07473355813709578
 0.007841451668840725
 0.03669782938935912
 0.007411255044523879
 0.01341491338987782
 0.03383040531210453
 0.0005337476734390762
 0.05626770346409304
 0.03669782938935912
 0.06050303640171259
 0.07473355813709578
 0.02752778850637529
 0.03669782938935912
 0.007411255044523879
 0.007411255044523879
 0.03383040531210453
 0
 0.05626770346409304
 0.03669782938935912
 0.06050303640171259
 0
 0.02752778850637529
 0.03669782938935912
 0.04736353733238815
 0.007411255044523879
 0.06050303640171259
 0
 0.05626770346409304
 0.03669782938935912
 0.06050303640171259
 0
 0.02752778850637529
 0.03669782938935912
 0.04736353733238815
 0.007411255044523879
 0.06050303640171259
 0
 0.05626770346409304
 0.03669782938935912
 0.06050303640171259
 0
 0.02752778850637529
 0.03669782938935912
 0.04736353733238815
 0.01341491338987782
 0.06050303640171259
 0
 0.05626770346409304
 0
 0.06050303640171259
 0
 0.03728003635299713
 0
 0.04736353733238815
 0.01341491338987782
 0.06050303640171259
 0
 0.07473355813709578
 0
 0
 0
 0.03728003635299713
 0
 0.04736353733238815
 0.01341491338987782
 0.06050303640171259
 0
 0.05626770346409304
 0
 0
 0
 0.03669782938935912
 0
 0.04736353733238815
 0.01341491338987782
 0.06050303640171259
 0
 0.06050303640171259
 0
 0
 0
 0.02752778850637529
 0
 0.04736353733238815
 0.04736353733238815
 0.06050303640171259
 0
 0.06050303640171259
 0
 0
 0
 0.02752778850637529
 0
 0
 0.01341491338987782
 0
 0
 0.06050303640171259
 0
 0
 0
 0.02752778850637529
 0
 0
 0.01341491338987782
 0
 0
 0.06050303640171259
 0
 0
 0
 0.03728003635299713
 0
 0
 0.04736353733238815
 0
 0
 0.06050303640171259
 0
 0
 0
 0.03728003635299713
 0
 0
 0.04736353733238815
 0
 0
 0.06050303640171259
 0
 0
 0
 0.03728003635299713
 0
 0
 0.04736353733238815
 0
 0
 0.06050303640171259
 0
 0
 0
 0.03728003635299713
 0
 0
 0.04736353733238815
 0
 0
 0
 0
 0
 0
 0.03669782938935912
 0
 0
 0.04736353733238815
 0
 0
 0
 0
 0
