# Created by Octave 3.2.4, Mon Feb 04 15:01:41 2013 EST <rbom@zaphod>
# name: small_First_Fit
# type: matrix
# ndims: 3
 1 10 30
 3.130663312708263e-17
 3.616909460198342e-13
 1.435185090915632e-12
 1.93136433514655e-11
 5.536923550228314e-13
 1.039769085199241e-15
 2.714103747373811e-14
 1.736730145539198e-10
 9.502045441687039e-14
 3.488266119684145e-13
 8.328481965352372e-12
 8.132892324976439e-08
 9.693538914480129e-11
 2.729912756575337e-06
 1.635277752758609e-11
 3.639301936341342e-12
 1.121936631379988e-12
 2.708351406401498e-07
 1.429744343052227e-10
 7.999961429465182e-12
 3.956192061731373e-10
 1.868255959062793e-05
 3.258080120205025e-09
 2.729912756575337e-06
 2.006829451653744e-10
 2.490728599712956e-10
 5.837644125819121e-11
 4.39632072016089e-05
 1.041827150217733e-08
 3.176410393116635e-11
 5.938315090965958e-09
 1.868255959062793e-05
 1.457469114817241e-07
 2.729912756575337e-06
 9.338717989542676e-08
 2.725286256578406e-10
 8.905333340311303e-08
 4.39632072016089e-05
 8.140271676485665e-08
 2.343855667538192e-09
 5.171323491193803e-06
 1.868255959062793e-05
 5.962629036164672e-06
 0.0002393831836674222
 1.401778959025332e-07
 8.92286916654039e-08
 3.669183622550854e-07
 0.0004420685484881911
 8.140271676485665e-08
 9.350610064654856e-08
 5.171323491193803e-06
 1.868255959062793e-05
 2.096525303850775e-05
 0.0002393831836674222
 9.338717989542676e-08
 6.672661710333411e-06
 3.669183622550854e-07
 0.0004420685484881911
 4.31374515546982e-07
 9.350610064654856e-08
 5.171323491193803e-06
 1.868255959062793e-05
 5.962629036164672e-06
 0.0002393831836674222
 3.597276778407643e-07
 0.0003254243267691403
 3.669183622550854e-07
 0.0008680946338808489
 3.349207053089115e-06
 8.151871674393239e-07
 5.171323491193803e-06
 1.868255959062793e-05
 5.962629036164672e-06
 0.0002393831836674222
 3.597276778407643e-07
 0.0003254243267691403
 9.371992012433516e-07
 0.0008680946338808489
 3.349207053089115e-06
 8.151871674393239e-07
 5.171323491193803e-06
 1.868255959062793e-05
 5.962629036164672e-06
 0.0002393831836674222
 5.11112092125225e-06
 0.0003254243267691403
 9.371992012433516e-07
 0.0008680946338808489
 3.349207053089115e-06
 8.151871674393239e-07
 5.171323491193803e-06
 1.868255959062793e-05
 5.962629036164672e-06
 0.0002393831836674222
 5.11112092125225e-06
 0.0003254243267691403
 8.58899214050602e-06
 0.0008680946338808489
 5.111040001126363e-06
 1.754945149239035e-06
 5.171323491193803e-06
 0
 5.962629036164672e-06
 0.0002393831836674222
 1.505455035918462e-05
 0.0003254243267691403
 1.2193346322748e-05
 0.0008680946338808489
 5.111040001126363e-06
 0.0001355791365184932
 0
 0
 0.0002393831836674222
 0
 5.11112092125225e-06
 0.0006114674429317168
 1.2193346322748e-05
 0.0008680946338808489
 0.001076117122549352
 0.0001355791365184932
 0
 0
 0.0002393831836674222
 0
 5.11112092125225e-06
 0.0006114674429317168
 4.507720370967719e-05
 0.0008680946338808489
 0.001076117122549352
 0.0001355791365184932
 0
 0
 0.0002393831836674222
 0
 5.11112092125225e-06
 0.0032748335645126
 0.0008680946338808489
 0
 0.001310908712365665
 0.0001355791365184932
 0
 0
 0.0002393831836674222
 0
 5.11112092125225e-06
 0.0032748335645126
 0.0032748335645126
 0
 0.001310908712365665
 0.0001355791365184932
 0
 0
 0.0002393831836674222
 0
 5.11112092125225e-06
 0.0032748335645126
 0.0032748335645126
 0
 0.001310908712365665
 0.0001355791365184932
 0
 0
 0.0002393831836674222
 0
 9.036742131830139e-06
 0.0032748335645126
 0.0032748335645126
 0
 0.001310908712365665
 0.0001355791365184932
 0
 0
 0.0002393831836674222
 0
 9.036742131830139e-06
 0.0032748335645126
 0.0032748335645126
 0
 0.001310908712365665
 0
 0
 0
 0
 0
 9.036742131830139e-06
 0.0032748335645126
 0.0032748335645126
 0
 0.001310908712365665
 0
 0
 0
 0
 0
 9.036742131830139e-06
 0.0032748335645126
 0.0032748335645126
 0
 0.001310908712365665
 0
 0
 0
 0
 0
 9.036742131830139e-06
 0
 0.0032748335645126
 0
 0
 0
 0
 0
 0
 0
 1.505455035918462e-05
 0
 0
 0
 0
 0
 0
 0
 0
 0
 0.0001632426495385639
 0
 0
 0
 0
 0
 0
 0
 0
 0
 0.0001875624397016556
 0
 0
 0
 0
 0
 0
 0
 0
 0
 0.0001632426495385639
 0
 0
 0
 0
 0
 0
 0
 0
 0
 0.0001632426495385639
 0
 0
 0
 0
 0
 0
 0
 0
 0
 0.0001632426495385639
 0
 0
 0
 0
 0
 0
 0
 0
 0
 0.0001632426495385639
 0
 0
 0
 0
 0
 0
 0
 0
 0
 0.0001632426495385639
 0
 0
 0
 0
 0
 0
 0
 0
 0
 0.0001632426495385639
 0
 0
 0
 0
 0
