# Created by Octave 3.2.4, Mon Feb 04 18:44:04 2013 EST <rbom@zaphod>
# name: small_First_Fit
# type: matrix
# ndims: 3
 1 10 30
 5.70275925672095e-09
 3.137381715711711e-16
 7.738164947718454e-12
 1.972590099093449e-13
 1.400573717437206e-15
 6.991431432080509e-17
 2.278432289148545e-14
 1.009864251976219e-14
 3.281345005314063e-10
 2.333359496392361e-08
 2.439865061170551e-07
 2.036745292726573e-12
 5.277758300905359e-09
 1.858133102681953e-12
 2.288282037831165e-12
 5.426529792422585e-14
 6.307878436480538e-10
 3.111666655437698e-11
 3.281345005314063e-10
 2.399907072234553e-06
 2.439865061170551e-07
 1.731080971136211e-10
 2.240184910805577e-07
 2.054209103592892e-11
 4.713572003009312e-11
 9.085223210915052e-11
 6.307878436480538e-10
 3.111666655437698e-11
 3.281345005314063e-10
 2.399907072234553e-06
 3.348231141676717e-05
 1.404975861739344e-09
 4.254392316721517e-06
 1.120180874399172e-09
 1.330175358012257e-09
 4.330259449864273e-08
 6.307878436480538e-10
 1.339659141066137e-08
 8.792662879726728e-08
 0.0001253036556240229
 3.348231141676717e-05
 3.599258436022357e-08
 4.254392316721517e-06
 1.155232877915822e-07
 1.22551208050727e-08
 1.648971928629768e-06
 1.047383530308457e-07
 4.894837718003719e-07
 2.636517346495971e-06
 0.005174627800747685
 3.348231141676717e-05
 3.165515624861341e-07
 4.254392316721517e-06
 1.210146456628923e-06
 4.318883142999813e-08
 2.583220584893092e-06
 3.786244976000824e-07
 3.395524976939943e-06
 2.636517346495971e-06
 0.005174627800747685
 3.348231141676717e-05
 2.324077012285486e-06
 4.254392316721517e-06
 2.114361363663354e-05
 1.262261439705604e-07
 3.741401938281438e-05
 9.518555127201862e-07
 1.783399891647717e-05
 2.636517346495971e-06
 0.005174627800747685
 3.348231141676717e-05
 6.995868923831065e-05
 4.254392316721517e-06
 2.114361363663354e-05
 3.769572631023827e-07
 0.000696517729153686
 3.783671789759956e-06
 1.783399891647717e-05
 1.833698541237867e-05
 0.005174627800747685
 3.348231141676717e-05
 6.995868923831065e-05
 4.254392316721517e-06
 0.0004197032377688835
 3.769572631023827e-07
 0.000696517729153686
 3.348231141676717e-05
 2.52558794673768e-05
 1.833698541237867e-05
 0.005174627800747685
 3.348231141676717e-05
 6.995868923831065e-05
 4.254392316721517e-06
 0.0004197032377688835
 5.896885418716762e-07
 0.005174627800747685
 3.348231141676717e-05
 0.0001767246659130151
 0.0009378377941449812
 0.005174627800747685
 0
 0.0003604684918406722
 0
 0.001724501713634928
 5.896885418716762e-07
 0.005174627800747685
 0.005174627800747685
 0.000110833347870798
 0.0009378377941449812
 0.005174627800747685
 0
 0.0003604684918406722
 0
 0.001724501713634928
 5.930330786581606e-06
 0.005174627800747685
 0.005174627800747685
 0.0001767246659130151
 0.001255822499884159
 0
 0
 0.00201136715366411
 0
 0.008173446869943939
 0.00201136715366411
 0.005174627800747685
 0.005174627800747685
 0.0006429315002961041
 0.003526243746848039
 0
 0
 0.00201136715366411
 0
 0.008173446869943939
 0.00201136715366411
 0.005174627800747685
 0.005174627800747685
 0.0006429315002961041
 0.001255822499884159
 0
 0
 0.00201136715366411
 0
 0.008173446869943939
 0.00201136715366411
 0.005174627800747685
 0.005174627800747685
 0.0006429315002961041
 0.001255822499884159
 0
 0
 0.0189792796129306
 0
 0.008173446869943939
 0.00201136715366411
 0.005174627800747685
 0.005174627800747685
 0.0006429315002961041
 0.001255822499884159
 0
 0
 0.0189792796129306
 0
 0.008173446869943939
 0.00201136715366411
 0
 0.005174627800747685
 0.0006429315002961041
 0.001255822499884159
 0
 0
 0.0189792796129306
 0
 0.008173446869943939
 0.00201136715366411
 0
 0
 0.0006429315002961041
 0.001255822499884159
 0
 0
 0.0189792796129306
 0
 0.008173446869943939
 0.00201136715366411
 0
 0
 0.001255822499884159
 0.001255822499884159
 0
 0
 0.0189792796129306
 0
 0
 0
 0
 0
 0.001255822499884159
 0
 0
 0
 0.0189792796129306
 0
 0
 0
 0
 0
 0.001255822499884159
 0
 0
 0
 0.0189792796129306
 0
 0
 0
 0
 0
 0.001255822499884159
 0
 0
 0
 0
 0
 0
 0
 0
 0
 0.001255822499884159
 0
 0
 0
 0
 0
 0
 0
 0
 0
 0.001255822499884159
 0
 0
 0
 0
 0
 0
 0
 0
 0
 0.001255822499884159
 0
 0
 0
 0
 0
 0
 0
 0
 0
 0
 0
 0
 0
 0
 0
 0
 0
 0
 0
 0
 0
 0
 0
 0
 0
 0
 0
 0
 0
 0
 0
 0
 0
 0
 0
 0
 0
 0
 0
 0
 0
 0
 0
 0
 0
 0
 0
 0
 0
 0
 0
 0
