# Created by Octave 3.2.4, Tue Feb 05 15:54:57 2013 EST <rbom@zaphod>
# name: small_First_Fit
# type: matrix
# ndims: 3
 1 10 30
 7.130416913463231e-15
 6.791267381042089e-15
 5.906666829195383e-16
 3.911115016240397e-15
 7.318062803884093e-09
 2.009244464101876e-15
 1.031053680442943e-14
 5.573847007695244e-13
 5.944554442168999e-12
 6.169871928333564e-09
 8.439655260998143e-12
 1.219105431368039e-08
 9.037675941570585e-11
 5.162477375423854e-14
 1.275746198203112e-06
 1.833174787446676e-11
 9.537404028235197e-12
 1.605037089237846e-11
 7.425765218278685e-09
 2.333926310550973e-07
 4.664786630488493e-09
 1.219105431368039e-08
 3.629838639861386e-09
 7.906713538466406e-11
 4.261948371308912e-05
 5.164248384810487e-07
 1.311720240956621e-09
 6.717754694748319e-10
 1.582461668236841e-07
 2.333926310550973e-07
 4.664786630488493e-09
 1.793487503066272e-05
 3.629838639861386e-09
 8.855094487968165e-11
 4.261948371308912e-05
 1.557255699746255e-05
 1.638980505305557e-06
 3.452548640356499e-08
 1.582461668236841e-07
 0.0003919494407395578
 1.148061566831556e-08
 1.793487503066272e-05
 7.588346059452799e-07
 1.33292257394234e-09
 4.261948371308912e-05
 0.0007274571131693341
 0.0003176262619016802
 3.452548640356499e-08
 1.917656807548301e-07
 0.0003919494407395578
 1.29374661663874e-06
 1.793487503066272e-05
 3.260050864092796e-05
 1.655337071491929e-08
 0.006349066712410297
 0.0007274571131693341
 0.0003176262619016802
 3.452548640356499e-08
 1.793487503066272e-05
 0.01926697540349946
 0.001807904479169905
 7.603186121521807e-05
 3.260050864092796e-05
 1.893342734034518e-06
 0.006349066712410297
 0.0007274571131693341
 0.0003176262619016802
 3.452548640356499e-08
 0.0002018058588099899
 0.01926697540349946
 0.001807904479169905
 7.603186121521807e-05
 3.260050864092796e-05
 4.817064515306928e-05
 0.006349066712410297
 0.0007274571131693341
 0.0003977224382684297
 8.763815047819128e-07
 0.0002018058588099899
 0.01926697540349946
 0.001807904479169905
 7.603186121521807e-05
 0.00035470333694773
 4.817064515306928e-05
 0.006349066712410297
 0.0007274571131693341
 0.0003176262619016802
 8.763815047819128e-07
 0.0002018058588099899
 0.01926697540349946
 0.001807904479169905
 0.0002018058588099899
 0.00035470333694773
 4.817064515306928e-05
 0.006349066712410297
 0.0007274571131693341
 0.0003176262619016802
 1.174499613020504e-05
 0.0002018058588099899
 0.01926697540349946
 0.001807904479169905
 0.0006700845136875314
 0.00035470333694773
 4.817064515306928e-05
 0.006349066712410297
 0.0007274571131693341
 0.0003176262619016802
 1.174499613020504e-05
 0.0006700845136875314
 0.01926697540349946
 0.001807904479169905
 0.0006700845136875314
 0.00035470333694773
 4.817064515306928e-05
 0.006349066712410297
 0
 0.0003977224382684297
 1.174499613020504e-05
 0.0006700845136875314
 0.01926697540349946
 0.001807904479169905
 0.0006700845136875314
 0.00035470333694773
 4.817064515306928e-05
 0
 0
 0.0003977224382684297
 1.174499613020504e-05
 0.0006700845136875314
 0
 0
 0.001384775105500811
 0.00035470333694773
 4.817064515306928e-05
 0
 0
 0.0003977224382684297
 1.174499613020504e-05
 0.0006700845136875314
 0
 0
 0.001384775105500811
 0.00035470333694773
 0
 0
 0
 0.0003977224382684297
 1.174499613020504e-05
 0.0006700845136875314
 0
 0
 0.001384775105500811
 0
 0
 0
 0
 0.0003977224382684297
 1.176337349524035e-05
 0.00107008659600518
 0
 0
 0.001384775105500811
 0
 0
 0
 0
 0.0003977224382684297
 1.176337349524035e-05
 0.00107008659600518
 0
 0
 0.001384775105500811
 0
 0
 0
 0
 0.0003977224382684297
 1.176337349524035e-05
 0.00107008659600518
 0
 0
 0.009738931216292619
 0
 0
 0
 0
 0
 1.176337349524035e-05
 0.00107008659600518
 0
 0
 0.001384775105500811
 0
 0
 0
 0
 0
 1.176337349524035e-05
 0.00107008659600518
 0
 0
 0.001384775105500811
 0
 0
 0
 0
 0
 1.176337349524035e-05
 0.00107008659600518
 0
 0
 0.001384775105500811
 0
 0
 0
 0
 0
 1.176337349524035e-05
 0.001384775105500811
 0
 0
 0.001384775105500811
 0
 0
 0
 0
 0
 0
 0.001384775105500811
 0
 0
 0.009738931216292619
 0
 0
 0
 0
 0
 0
 0.001384775105500811
 0
 0
 0.009738931216292619
 0
 0
 0
 0
 0
 0
 0.001384775105500811
 0
 0
 0.009738931216292619
 0
 0
 0
 0
 0
 0
 0.001384775105500811
 0
 0
 0.009738931216292619
 0
 0
 0
 0
 0
 0
 0.001384775105500811
 0
 0
 0.009738931216292619
 0
 0
 0
 0
 0
 0
 0.001384775105500811
 0
 0
 0.009738931216292619
 0
 0
 0
 0
 0
 0
 0
 0
 0
 0.009738931216292619
 0
 0
 0
 0
 0
 0
 0
 0
