# Created by Octave 3.2.4, Sun Feb 03 22:43:08 2013 EST <rbom@zaphod>
# name: small_First_Fit
# type: matrix
# ndims: 3
 1 10 30
 3.403059359867056e-18
 5.034615275488803e-20
 6.331915504441152e-20
 6.019308907964837e-17
 4.510354724309213e-18
 1.468638931820729e-18
 8.265701305142053e-20
 2.081459197119142e-17
 1.965480508957605e-14
 4.49953398340409e-20
 5.543016892530381e-14
 8.002720471822978e-16
 2.377285823696742e-16
 3.411686068022757e-14
 1.174875164809531e-14
 3.116151354031904e-15
 9.318495432411277e-16
 2.081459197119142e-17
 1.965480508957605e-14
 4.910880048538155e-17
 3.277834414251364e-12
 8.002720471822978e-16
 1.957060422802923e-13
 2.583581243763809e-12
 8.198743742470475e-12
 9.734994687552981e-12
 9.013773517202823e-14
 5.331980686889001e-14
 2.965202411745895e-14
 8.696751984739698e-17
 1.588819004323258e-10
 2.196466409499412e-13
 5.740216702386844e-10
 2.583581243763809e-12
 2.350040528086038e-08
 9.734994687552981e-12
 9.394582791201538e-10
 3.041833875265714e-12
 4.092929510563313e-11
 4.910880048538155e-17
 9.395373781009934e-09
 2.196466409499412e-13
 5.742130239897944e-08
 2.583581243763809e-12
 9.100905594710971e-07
 9.734994687552981e-12
 9.394582791201538e-10
 1.007308649428725e-08
 3.03569952043862e-08
 2.17539313155858e-13
 9.395373781009934e-09
 3.629422949529891e-11
 0.0002241882910030128
 2.583581243763809e-12
 2.388827529448596e-06
 9.734994687552981e-12
 9.394582791201538e-10
 9.436711039398328e-07
 3.03569952043862e-08
 2.17539313155858e-13
 8.599272555921019e-07
 3.412083005481899e-09
 0.0002241882910030128
 6.219128820328334e-08
 6.16062161581285e-05
 2.6703342309034e-09
 7.129728852807231e-07
 0.01240275834670167
 3.03569952043862e-08
 6.235354381333925e-10
 8.599272555921019e-07
 0.0007372884193416892
 0.01149500884098161
 6.219128820328334e-08
 6.16062161581285e-05
 8.936976878234546e-06
 0.0001937557741300265
 0.01240275834670167
 5.013968255651407e-06
 6.235354381333925e-10
 8.599272555921019e-07
 0.0007372884193416892
 0.01149500884098161
 6.219128820328334e-08
 6.16062161581285e-05
 0.008896403244639393
 0.0001937557741300265
 0.01240275834670167
 5.013968255651407e-06
 6.235354381333925e-10
 1.442790656529831e-05
 0.0007372884193416892
 0.01149500884098161
 6.219128820328334e-08
 6.16062161581285e-05
 0.008896403244639393
 0.0001937557741300265
 0.01240275834670167
 5.013968255651407e-06
 6.235354381333925e-10
 1.442790656529831e-05
 0.0007372884193416892
 0.01149500884098161
 6.219128820328334e-08
 6.16062161581285e-05
 0.008896403244639393
 0.0001937557741300265
 0.01240275834670167
 5.013968255651407e-06
 3.391658654403697e-05
 1.442790656529831e-05
 0.0007372884193416892
 0.01149500884098161
 6.219128820328334e-08
 6.16062161581285e-05
 0.008896403244639393
 0.002991832193679214
 0.01240275834670167
 5.013968255651407e-06
 0.005604275845675247
 1.442790656529831e-05
 0.0007372884193416892
 0.01149500884098161
 1.781839202683167e-07
 6.16062161581285e-05
 0.008896403244639393
 0.002991832193679214
 0.01240275834670167
 5.013968255651407e-06
 0.005604275845675247
 1.442790656529831e-05
 0.0007372884193416892
 0.01149500884098161
 1.781839202683167e-07
 6.16062161581285e-05
 0.008896403244639393
 0.002991832193679214
 0.01240275834670167
 5.013968255651407e-06
 0.005604275845675247
 1.442790656529831e-05
 0.0007372884193416892
 0.01149500884098161
 1.781839202683167e-07
 6.16062161581285e-05
 0.008896403244639393
 0.002991832193679214
 0.01240275834670167
 5.013968255651407e-06
 0.005604275845675247
 0.01149500884098161
 0.0007372884193416892
 0.01149500884098161
 1.781839202683167e-07
 6.16062161581285e-05
 0.008896403244639393
 0.002991832193679214
 0.01240275834670167
 5.013968255651407e-06
 0.005604275845675247
 0.01149500884098161
 0.0007372884193416892
 0.01149500884098161
 2.944000358361902e-05
 6.16062161581285e-05
 0.008896403244639393
 0.002991832193679214
 0.01240275834670167
 5.013968255651407e-06
 0.005604275845675247
 0.01149500884098161
 0.0007372884193416892
 0.01149500884098161
 2.944000358361902e-05
 6.16062161581285e-05
 0.008896403244639393
 0.002991832193679214
 0.01240275834670167
 5.013968255651407e-06
 0.005604275845675247
 0.01149500884098161
 0.01240275834670167
 0.01149500884098161
 2.944000358361902e-05
 6.16062161581285e-05
 0.008896403244639393
 0.002991832193679214
 0.01240275834670167
 5.013968255651407e-06
 0.005604275845675247
 0.01149500884098161
 0.01240275834670167
 0.01149500884098161
 2.944000358361902e-05
 6.16062161581285e-05
 0.008896403244639393
 0.002991832193679214
 0.01240275834670167
 5.013968255651407e-06
 0.005604275845675247
 0.01149500884098161
 0.01240275834670167
 0.01149500884098161
 2.944000358361902e-05
 0.005604275845675247
 0.008896403244639393
 0.002991832193679214
 0.01240275834670167
 5.013968255651407e-06
 0.005604275845675247
 0.01149500884098161
 0.01240275834670167
 0.01149500884098161
 2.944000358361902e-05
 0.005604275845675247
 0.008896403244639393
 0.002991832193679214
 0.01240275834670167
 5.013968255651407e-06
 0.005604275845675247
 0.01149500884098161
 0.01240275834670167
 0.01149500884098161
 2.944000358361902e-05
 0.005604275845675247
 0.008896403244639393
 0.002991832193679214
 0.01240275834670167
 5.013968255651407e-06
 0.005604275845675247
 0.01149500884098161
 0.01240275834670167
 0.01149500884098161
 2.944000358361902e-05
 0.005604275845675247
 0.008896403244639393
 0.002991832193679214
 0.01240275834670167
 5.013968255651407e-06
 0.005604275845675247
 0.01149500884098161
 0.01240275834670167
 0.01149500884098161
 2.944000358361902e-05
 0.005604275845675247
 0.008896403244639393
 0.002991832193679214
 0.01240275834670167
 5.013968255651407e-06
 0.005604275845675247
 0.01149500884098161
 0.01240275834670167
 0.01149500884098161
 2.944000358361902e-05
 0.005604275845675247
 0.008896403244639393
 0.002991832193679214
 0.01240275834670167
 5.013968255651407e-06
 0.005604275845675247
 0.01149500884098161
 0.01240275834670167
 0.01149500884098161
 2.944000358361902e-05
 0.005604275845675247
 0.008896403244639393
 0.002991832193679214
 0.01240275834670167
 5.013968255651407e-06
 0.005604275845675247
 0.01149500884098161
 0.01240275834670167
 0.01149500884098161
 2.944000358361902e-05
 0.005604275845675247
 0.008896403244639393
 0.002991832193679214
 0.01240275834670167
 5.013968255651407e-06
 0.005604275845675247
 0.01149500884098161
 0.01240275834670167
 0.01149500884098161
 2.944000358361902e-05
 0.005604275845675247
 0.008896403244639393
 0.002991832193679214
 0.01240275834670167
 5.013968255651407e-06
 0.005604275845675247
 0.01149500884098161
 0.01240275834670167
 0.01149500884098161
 2.944000358361902e-05
 0.005604275845675247
 0.008896403244639393
 0.002991832193679214
 0.01240275834670167
 5.013968255651407e-06
 0.005604275845675247
