# Created by Octave 3.2.4, Mon Feb 04 23:31:37 2013 EST <rbom@zaphod>
# name: small_First_Fit
# type: matrix
# ndims: 3
 1 10 30
 1.072580537491368e-09
 1.011374783475501e-15
 3.573104917824899e-19
 2.425562969693729e-15
 6.124686148031099e-19
 1.179148937514465e-18
 2.000532663524642e-20
 1.194613174617367e-12
 2.734363650187423e-19
 7.117094298963281e-19
 1.164138956169884e-07
 1.41849757707229e-13
 5.223816482054378e-13
 7.900541447627114e-10
 6.124686148031099e-19
 3.133138117501593e-16
 2.148280380430619e-13
 2.312903008500437e-09
 5.39388865773903e-16
 3.557728025876195e-14
 1.164138956169884e-07
 8.555933647496207e-11
 2.294983957928489e-10
 9.130836165430572e-09
 6.124686148031099e-19
 6.878950755662135e-14
 2.348723588680983e-10
 2.407822739709017e-07
 1.564225859480575e-14
 3.791537104983533e-11
 1.164138956169884e-07
 1.635002969310447e-09
 9.896195409817296e-08
 9.130836165430572e-09
 4.19633843281717e-15
 1.0089768576644e-10
 3.097752836175236e-08
 6.659854667040384e-06
 8.275823901456684e-14
 6.254332203910911e-09
 1.164138956169884e-07
 1.635002969310447e-09
 9.896195409817296e-08
 9.130836165430572e-09
 4.725628679633703e-12
 1.184768914665951e-09
 3.097752836175236e-08
 6.659854667040384e-06
 1.135714668341188e-11
 3.684481983550044e-08
 1.164138956169884e-07
 1.635002969310447e-09
 2.884404580352409e-05
 3.005767011998687e-07
 4.689167436476688e-09
 4.439788854950944e-08
 3.097752836175236e-08
 6.659854667040384e-06
 1.179949177124238e-08
 3.684481983550044e-08
 1.164138956169884e-07
 5.733662698993744e-08
 2.884404580352409e-05
 8.088358158056311e-06
 2.258879028473438e-08
 2.452924891542674e-07
 4.040284560360849e-07
 6.659854667040384e-06
 2.36001952144832e-07
 6.396864809687399e-06
 1.164138956169884e-07
 5.733662698993744e-08
 2.884404580352409e-05
 6.099844640774011e-05
 1.981486206266698e-07
 2.534738755138054e-06
 4.040284560360849e-07
 0.001023974695227233
 2.36001952144832e-07
 3.89455939304747e-05
 9.36251678123482e-07
 6.065592683793024e-06
 2.884404580352409e-05
 0.0006969297711153522
 1.981486206266698e-07
 2.534738755138054e-06
 4.040284560360849e-07
 0.001023974695227233
 1.516513037384023e-06
 3.89455939304747e-05
 9.36251678123482e-07
 0.0001207902348422751
 2.884404580352409e-05
 0.0006969297711153522
 1.981486206266698e-07
 0.0006969297711153522
 4.040284560360849e-07
 0.001023974695227233
 1.516513037384023e-06
 0.0001323239884698079
 1.31496379332521e-05
 0.0004564208505050944
 2.884404580352409e-05
 0.0006969297711153522
 1.981486206266698e-07
 0.0006969297711153522
 4.040284560360849e-07
 0.001023974695227233
 0.001876668608848243
 0.0001472169992760891
 1.31496379332521e-05
 0.0004564208505050944
 2.884404580352409e-05
 0.0006969297711153522
 1.981486206266698e-07
 0.0006969297711153522
 4.040284560360849e-07
 0.001023974695227233
 0.001876668608848243
 0.0001472169992760891
 1.31496379332521e-05
 0.0004564208505050944
 0
 0.0006969297711153522
 9.33463853797817e-07
 0.0006969297711153522
 0.001876668608848243
 0.001023974695227233
 0.001876668608848243
 0.0001472169992760891
 1.31496379332521e-05
 0.0004564208505050944
 0
 0.0006969297711153522
 9.33463853797817e-07
 0.0006969297711153522
 0.001876668608848243
 0.001023974695227233
 0.001876668608848243
 0.0001472169992760891
 1.31496379332521e-05
 0.0004564208505050944
 0
 0.0006969297711153522
 9.33463853797817e-07
 0.0006969297711153522
 0.001876668608848243
 0
 0.001876668608848243
 0.0001323239884698079
 1.31496379332521e-05
 0.0004564208505050944
 0
 0
 9.33463853797817e-07
 0.0006969297711153522
 0.001876668608848243
 0
 0.001876668608848243
 0.0001323239884698079
 1.31496379332521e-05
 0.0004564208505050944
 0
 0
 6.396864809687399e-06
 0
 0.001876668608848243
 0
 0.001876668608848243
 0.0001323239884698079
 0
 0
 0
 0
 6.396864809687399e-06
 0
 0.001876668608848243
 0
 0
 0
 0
 0
 0
 0
 6.396864809687399e-06
 0
 0.001876668608848243
 0
 0
 0
 0
 0
 0
 0
 6.396864809687399e-06
 0
 0
 0
 0
 0
 0
 0
 0
 0
 6.396864809687399e-06
 0
 0
 0
 0
 0
 0
 0
 0
 0
 6.396864809687399e-06
 0
 0
 0
 0
 0
 0
 0
 0
 0
 6.396864809687399e-06
 0
 0
 0
 0
 0
 0
 0
 0
 0
 0
 0
 0
 0
 0
 0
 0
 0
 0
 0
 0
 0
 0
 0
 0
 0
 0
 0
 0
 0
 0
 0
 0
 0
 0
 0
 0
 0
 0
 0
 0
 0
 0
 0
 0
 0
 0
 0
 0
 0
 0
 0
 0
 0
 0
 0
 0
 0
 0
 0
 0
 0
 0
 0
 0
 0
 0
 0
 0
 0
 0
 0
 0
 0
 0
 0
