# Created by Octave 3.2.4, Wed Feb 06 06:59:45 2013 EST <rbom@zaphod>
# name: small_First_Fit
# type: matrix
# ndims: 3
 1 10 30
 1.356048344978457e-14
 3.730663176929973e-15
 2.355658157034877e-14
 2.628201707419499e-16
 2.800424537075736e-15
 3.166840854304181e-11
 1.036416978868139e-16
 9.555530311074382e-12
 1.51275097237486e-15
 1.596850521405892e-13
 3.893636465711494e-13
 3.581581671113852e-06
 1.766569140387559e-07
 1.167999906697774e-10
 2.800424537075736e-15
 1.801994467842761e-07
 2.040418973891699e-10
 9.555530311074382e-12
 5.227901775641861e-11
 1.121238434988316e-11
 7.173554041280085e-12
 6.351451890351575e-06
 4.130946906213017e-06
 9.03329747340389e-10
 5.114067170236764e-14
 1.508592991545483e-06
 2.040418973891699e-10
 1.712418495052689e-10
 2.14259965026839e-08
 6.067456420679325e-10
 2.431797470845822e-11
 3.581581671113852e-06
 5.25652996917746e-06
 4.636489587693943e-08
 8.140415151046702e-11
 7.579756496128512e-06
 1.481052356412175e-07
 4.200329664223558e-10
 2.14259965026839e-08
 6.067456420679325e-10
 2.431797470845822e-11
 8.364490954245924e-05
 7.439924710222798e-05
 7.876439144088536e-07
 5.325107640047705e-09
 1.558439433641782e-05
 0.001925252628533854
 4.200329664223558e-10
 9.102503919250234e-07
 3.102842702110087e-08
 4.327696034528805e-10
 8.364490954245924e-05
 0.001560510858812556
 3.452735473971021e-05
 5.325107640047705e-09
 7.636067493716796e-05
 0.001925252628533854
 7.831857092913393e-09
 9.102503919250234e-07
 3.102842702110087e-08
 1.064267763001651e-08
 8.364490954245924e-05
 0.001560510858812556
 0.0005429787848633239
 2.295578241247614e-07
 0.0002864967161917377
 0.001925252628533854
 7.831857092913393e-09
 9.102503919250234e-07
 1.496261962833904e-05
 2.230869192276216e-08
 0.001058639233880149
 0.001560510858812556
 0.0005429787848633239
 2.295578241247614e-07
 0.002703542569115089
 0.002703542569115089
 7.831857092913393e-09
 9.102503919250234e-07
 0.0002652719095449541
 1.888599842148975e-07
 0.001058639233880149
 0.001560510858812556
 0.001065931965776534
 2.295578241247614e-07
 0.002703542569115089
 0.001925252628533854
 8.062297255332844e-05
 1.018145914124036e-05
 0.0002652719095449541
 4.792435603257329e-06
 0.001058639233880149
 0.001560510858812556
 0.001065931965776534
 2.295578241247614e-07
 0.002703542569115089
 0.001925252628533854
 0.001063104612911207
 1.018145914124036e-05
 0.003424356393046073
 4.511565707533893e-05
 0.001058639233880149
 0.001560510858812556
 0.001065931965776534
 2.295578241247614e-07
 0.002703542569115089
 0.002703542569115089
 0.005037795993358503
 1.018145914124036e-05
 0.003424356393046073
 0.0001734460927198832
 0.001058639233880149
 0.001560510858812556
 0.001065931965776534
 2.295578241247614e-07
 0.002703542569115089
 0.001925252628533854
 0.005037795993358503
 5.766329449145654e-05
 0.003424356393046073
 0.0002652719095449541
 0.001058639233880149
 0
 0.002703542569115089
 2.295578241247614e-07
 0.002703542569115089
 0.001925252628533854
 0.005037795993358503
 5.766329449145654e-05
 0.003424356393046073
 0.005037795993358503
 0.001058639233880149
 0
 0.002703542569115089
 0
 0.002703542569115089
 0.002703542569115089
 0.005037795993358503
 5.766329449145654e-05
 0.003424356393046073
 0.005037795993358503
 0
 0
 0.002703542569115089
 0
 0
 0.001925252628533854
 0.005037795993358503
 5.766329449145654e-05
 0.003424356393046073
 0.005037795993358503
 0
 0
 0.002703542569115089
 0
 0
 0.001925252628533854
 0.005037795993358503
 5.766329449145654e-05
 0.003424356393046073
 0.005037795993358503
 0
 0
 0.002703542569115089
 0
 0
 0.001925252628533854
 0.005037795993358503
 5.766329449145654e-05
 0
 0.005037795993358503
 0
 0
 0.002703542569115089
 0
 0
 0.002703542569115089
 0
 5.766329449145654e-05
 0
 0.005037795993358503
 0
 0
 0.002703542569115089
 0
 0
 0.002703542569115089
 0
 0
 0
 0.005037795993358503
 0
 0
 0
 0
 0
 0.002703542569115089
 0
 0
 0
 0
 0
 0
 0
 0
 0
 0.002703542569115089
 0
 0
 0
 0
 0
 0
 0
 0
 0
 0.002703542569115089
 0
 0
 0
 0
 0
 0
 0
 0
 0
 0.002703542569115089
 0
 0
 0
 0
 0
 0
 0
 0
 0
 0.002703542569115089
 0
 0
 0
 0
 0
 0
 0
 0
 0
 0
 0
 0
 0
 0
 0
 0
 0
 0
 0
 0
 0
 0
 0
 0
 0
 0
 0
 0
 0
 0
 0
 0
 0
 0
 0
 0
 0
 0
 0
 0
 0
 0
 0
 0
 0
 0
 0
 0
 0
 0
 0
 0
 0
 0
 0
 0
 0
 0
 0
 0
 0
 0
 0
