# Created by Octave 3.2.4, Wed Feb 06 15:01:47 2013 EST <rbom@zaphod>
# name: small_First_Fit
# type: matrix
# ndims: 3
 1 10 30
 5.325508991264663e-10
 7.271761189333621e-07
 4.860665411426088e-10
 2.224526918223805e-07
 2.553852048694405e-11
 1.176719452862772e-11
 4.41595763044931e-07
 2.611074759692294e-07
 4.658244255444386e-09
 8.293644384532885e-10
 2.968022468166058e-07
 5.314158560370915e-06
 1.371558624969407e-07
 3.318961543333227e-05
 1.020321715040881e-08
 1.056459344001567e-05
 1.002499959893605e-06
 1.167034518404314e-05
 1.527794278219187e-06
 1.286635782364841e-05
 3.590253523513618e-06
 8.60353981516801e-06
 1.371558624969407e-07
 8.5237171343697e-05
 1.020321715040881e-08
 0.0001534303829589305
 7.043616700128929e-06
 4.461751864922963e-05
 1.505752565920073e-05
 3.168424841679295e-05
 3.590253523513618e-06
 5.987266755723377e-05
 1.766917772633152e-06
 8.5237171343697e-05
 1.14264143958275e-05
 0.0001534303829589305
 7.043616700128929e-06
 0.0002271882821742817
 5.031248329773162e-05
 0.000156366016393872
 3.590253523513618e-06
 0.0006783691299280206
 6.282694952273739e-06
 0.0004744249712509983
 0.0001394758029202214
 0.001160621140333027
 0.0001151953882085847
 4.559116592923954e-05
 8.659629446748937e-05
 0.000156366016393872
 4.251442967948394e-05
 0.004884476087155414
 6.282694952273739e-06
 0.0004744249712509983
 0.0002546872093238653
 0.001160621140333027
 0.0001999995292437485
 0.0003558422467188127
 8.659629446748937e-05
 0.0001592983276313459
 4.251442967948394e-05
 0.004884476087155414
 6.282694952273739e-06
 0.0004744249712509983
 0.0008774966201075059
 0.002728641530024278
 0.0001999995292437485
 0.0003558422467188127
 8.659629446748937e-05
 0.000156366016393872
 4.251442967948394e-05
 0.004884476087155414
 6.282694952273739e-06
 0.0004744249712509983
 0.001389023236446599
 0.002728641530024278
 0.0001999995292437485
 0.0005427459242155533
 0.0003211284402902946
 0.000156366016393872
 4.251442967948394e-05
 0.01394197464675224
 6.282694952273739e-06
 0.0004744249712509983
 0.001835992165523333
 0.002728641530024278
 0.0001999995292437485
 0.002694720300361405
 0.001625876192328611
 0.002212712457045905
 0.0001376606000781994
 0.01480525795596978
 6.282694952273739e-06
 0.0005016978502391534
 0.008978966697358518
 0.004509232717998497
 0.002269598989000122
 0.002694720300361405
 0.0008725437940553925
 0.002212712457045905
 4.251442967948394e-05
 0.01480525795596978
 6.282694952273739e-06
 0.0005016978502391534
 0.01494492082206761
 0.003400810278372692
 0.002269598989000122
 0.002694720300361405
 0.001625876192328611
 0.003439136940718924
 4.251442967948394e-05
 0.01480525795596978
 0
 0.0005016978502391534
 0.01494492082206761
 0.00390556048690826
 0.002269598989000122
 0.002694720300361405
 0.001625876192328611
 0.003439136940718924
 4.251442967948394e-05
 0.01394197464675224
 0
 0.0005016978502391534
 0.01494492082206761
 0.003400810278372692
 0.002269598989000122
 0.002694720300361405
 0.006488166333075616
 0.003439136940718924
 4.251442967948394e-05
 0.01394197464675224
 0
 0.0005016978502391534
 0.01494492082206761
 0.003400810278372692
 0.002269598989000122
 0.002694720300361405
 0.006488166333075616
 0.003875316656384482
 0.00011294255035148
 0.01394197464675224
 0
 0.0005016978502391534
 0.01494492082206761
 0.002728641530024278
 0.002269598989000122
 0.01494492082206761
 0.006488166333075616
 0.003439136940718924
 0.0001954198979330134
 0.01494492082206761
 0
 0.0005016978502391534
 0.01494492082206761
 0.002728641530024278
 0.002269598989000122
 0.01494492082206761
 0.01494492082206761
 0.003875316656384482
 0.0009544043276696465
 0.01494492082206761
 0
 0
 0.01494492082206761
 0.002728641530024278
 0
 0.01494492082206761
 0.01494492082206761
 0.003875316656384482
 0.0009544043276696465
 0.01494492082206761
 0
 0
 0
 0.002728641530024278
 0
 0.01494492082206761
 0.01494492082206761
 0.003875316656384482
 0.001160621140333027
 0.01494492082206761
 0
 0
 0
 0
 0
 0.01494492082206761
 0.01494492082206761
 0.003875316656384482
 0.001160621140333027
 0.01494492082206761
 0
 0
 0
 0
 0
 0.01494492082206761
 0.01494492082206761
 0.003439136940718924
 0.001160621140333027
 0.01494492082206761
 0
 0
 0
 0
 0
 0.01494492082206761
 0.01494492082206761
 0.003439136940718924
 0.001160621140333027
 0.01494492082206761
 0
 0
 0
 0
 0
 0
 0.01494492082206761
 0.003439136940718924
 0.00390556048690826
 0
 0
 0
 0
 0
 0
 0
 0
 0
 0.004118718306660028
 0
 0
 0
 0
 0
 0
 0
 0
 0
 0.004118718306660028
 0
 0
 0
 0
 0
 0
 0
 0
 0
 0.004118718306660028
 0
 0
 0
 0
 0
 0
 0
 0
 0
 0.004118718306660028
 0
 0
 0
 0
 0
 0
 0
 0
 0
 0.004118718306660028
 0
 0
 0
 0
 0
 0
 0
 0
 0
 0.004118718306660028
 0
 0
 0
 0
 0
 0
 0
 0
 0
 0.01461139330605393
 0
 0
 0
 0
 0
 0
 0
 0
 0
