# Created by Octave 3.2.4, Tue Feb 05 22:51:55 2013 EST <rbom@zaphod>
# name: small_First_Fit
# type: matrix
# ndims: 3
 1 10 30
 4.10991731786415e-13
 1.577787244722851e-13
 2.456650946983291e-14
 6.291404278570461e-17
 1.505470232316009e-18
 1.364562380806721e-15
 4.949616893216396e-15
 2.135584566065524e-10
 4.454394709669191e-14
 1.569315197841143e-15
 4.718256250334226e-07
 1.231924630579506e-11
 1.486452923933604e-11
 4.488122692249283e-14
 1.185965625516328e-14
 2.864817272640646e-09
 7.817512988864343e-14
 1.572270157479059e-08
 4.856835104917191e-07
 9.539099284029748e-10
 5.917165591699075e-06
 2.632140015804326e-08
 1.210896844146293e-09
 4.246392718029385e-12
 2.112028889108077e-10
 1.924741567607177e-07
 4.429333976733837e-09
 6.558972240205846e-07
 6.229399942518008e-06
 1.867060520326675e-09
 5.917165591699075e-06
 0.0002291058078227281
 8.48637857683924e-07
 1.233774119169325e-08
 4.638835241182599e-08
 2.509954578727983e-06
 9.095473449952909e-07
 8.173084390227438e-07
 6.229399942518008e-06
 9.724522954316294e-07
 5.917165591699075e-06
 0.0002291058078227281
 2.32648459704977e-05
 4.903128384961896e-07
 4.638835241182599e-08
 3.957254013232021e-06
 5.103618098221652e-05
 8.224730829809043e-05
 6.229399942518008e-06
 9.724522954316294e-07
 5.917165591699075e-06
 0.0002291058078227281
 9.451360141851364e-05
 4.903128384961896e-07
 4.638835241182599e-08
 3.957254013232021e-06
 0.0007981601072853562
 8.224730829809043e-05
 3.500141837458163e-05
 7.202423174180633e-05
 7.73697403044938e-06
 0.01059324592311882
 9.451360141851364e-05
 4.903128384961896e-07
 1.704190166625195e-06
 1.760324583487047e-05
 0.0007981601072853562
 8.224730829809043e-05
 3.500141837458163e-05
 7.202423174180633e-05
 5.917165591699075e-06
 0.01059324592311882
 9.451360141851364e-05
 2.780413449194614e-06
 0.0002291058078227281
 1.760324583487047e-05
 0.0007981601072853562
 8.224730829809043e-05
 0.000324215482408468
 0.0005664370897665702
 5.917165591699075e-06
 0.01059324592311882
 9.451360141851364e-05
 3.271136429889745e-05
 0.0002291058078227281
 8.000187410777085e-05
 0.001668083567691522
 8.224730829809043e-05
 0.001435510316955758
 0.004716000299800681
 0.0008680966937992273
 0.01059324592311882
 9.451360141851364e-05
 3.271136429889745e-05
 0.01059324592311882
 8.000187410777085e-05
 0.001668083567691522
 0.001243230849491992
 0.001435510316955758
 0.004716000299800681
 0.01059324592311882
 0.01059324592311882
 0.006630953597406235
 3.271136429889745e-05
 0.01059324592311882
 8.000187410777085e-05
 0.001668083567691522
 0.001243230849491992
 0.001435510316955758
 0.004716000299800681
 0.01059324592311882
 0.01059324592311882
 0.006630953597406235
 0.0007981601072853562
 0.01059324592311882
 8.000187410777085e-05
 0.01059324592311882
 0.001926358839937335
 0.004716000299800681
 0.004716000299800681
 0.01059324592311882
 0.01059324592311882
 0.006630953597406235
 0.001668083567691522
 0.01059324592311882
 0.0003962791277971363
 0.01059324592311882
 0.001926358839937335
 0.004716000299800681
 0.004716000299800681
 0.01059324592311882
 0
 0.006630953597406235
 0.001668083567691522
 0.01059324592311882
 0.0003962791277971363
 0.01059324592311882
 0.001926358839937335
 0.004716000299800681
 0.004716000299800681
 0.01059324592311882
 0
 0.006630953597406235
 0.001668083567691522
 0.01059324592311882
 0.0003962791277971363
 0.01059324592311882
 0.001926358839937335
 0.004716000299800681
 0.004716000299800681
 0.01059324592311882
 0
 0.006630953597406235
 0.001668083567691522
 0.01059324592311882
 0.0003962791277971363
 0.01059324592311882
 0.001926358839937335
 0.004716000299800681
 0
 0.01059324592311882
 0
 0.006630953597406235
 0.001668083567691522
 0
 0.01059324592311882
 0.01059324592311882
 0.001926358839937335
 0.004716000299800681
 0
 0
 0
 0
 0.001668083567691522
 0
 0.01059324592311882
 0.01059324592311882
 0.001926358839937335
 0.004716000299800681
 0
 0
 0
 0
 0.001668083567691522
 0
 0.01059324592311882
 0
 0
 0
 0
 0
 0
 0
 0
 0
 0.01059324592311882
 0
 0
 0
 0
 0
 0
 0
 0
 0
 0.01059324592311882
 0
 0
 0
 0
 0
 0
 0
 0
 0
 0.01059324592311882
 0
 0
 0
 0
 0
 0
 0
 0
 0
 0.01059324592311882
 0
 0
 0
 0
 0
 0
 0
 0
 0
 0
 0
 0
 0
 0
 0
 0
 0
 0
 0
 0
 0
 0
 0
 0
 0
 0
 0
 0
 0
 0
 0
 0
 0
 0
 0
 0
 0
 0
 0
 0
 0
 0
 0
 0
 0
 0
 0
 0
 0
 0
 0
 0
 0
 0
 0
 0
 0
 0
 0
 0
 0
 0
 0
 0
 0
 0
 0
 0
 0
 0
 0
 0
 0
 0
