# Created by Octave 3.2.4, Tue Feb 05 20:39:06 2013 EST <rbom@zaphod>
# name: small_First_Fit
# type: matrix
# ndims: 3
 1 10 30
 6.104932482004708e-15
 2.797470768406652e-16
 1.736742783342526e-17
 2.189748434810246e-16
 5.832054602173398e-14
 4.302206112188425e-14
 2.799093646153488e-14
 1.005069176745382e-14
 4.21247793406148e-16
 3.898054389553658e-12
 5.854140952381692e-12
 1.301065871776344e-12
 3.603778939118398e-13
 2.496744562269471e-16
 6.864215518721259e-12
 1.604359817264009e-10
 9.120261981315079e-10
 4.189768725427946e-12
 1.717559096905768e-08
 3.898054389553658e-12
 2.173469255182052e-09
 7.673774302748575e-10
 2.324277583067023e-10
 9.532793956645169e-14
 2.887617578464575e-09
 1.10177129344824e-08
 9.923045252459648e-06
 6.107134593518719e-10
 2.835570715873339e-07
 1.907133707868611e-09
 1.492608053643667e-07
 2.569356382373787e-07
 1.596187043211236e-08
 2.563858291450547e-10
 3.931550798750858e-09
 1.10177129344824e-08
 0.0001058906335511975
 3.007355112760665e-08
 2.835570715873339e-07
 1.27096656772809e-07
 1.043810478859273e-07
 5.779288479664883e-06
 4.690721137585078e-06
 1.771481489072883e-07
 3.931550798750858e-09
 3.458538790320025e-06
 0.0001058906335511975
 3.007355112760665e-08
 6.956916825966893e-07
 6.777482418500188e-06
 7.168240693827606e-06
 0.00129865228187486
 4.690721137585078e-06
 5.304616888868528e-06
 3.931550798750858e-09
 3.458538790320025e-06
 0.0001058906335511975
 3.007355112760665e-08
 6.956916825966893e-07
 6.777482418500188e-06
 0.0003487389431752526
 0.00129865228187486
 1.672854346060431e-05
 5.304616888868528e-06
 3.931550798750858e-09
 3.458538790320025e-06
 0.0001058906335511975
 8.207222537152583e-07
 6.956916825966893e-07
 6.777482418500188e-06
 0.0003487389431752526
 0.00129865228187486
 1.672854346060431e-05
 5.304616888868528e-06
 3.931550798750858e-09
 0.0002767789561837098
 0.0001058906335511975
 8.207222537152583e-07
 6.956916825966893e-07
 6.777482418500188e-06
 0.0003487389431752526
 0.001515612744119291
 1.672854346060431e-05
 5.304616888868528e-06
 3.931550798750858e-09
 0.0002767789561837098
 0.0001058906335511975
 1.843500350681469e-05
 6.956916825966893e-07
 6.777482418500188e-06
 0.0003487389431752526
 0.001515612744119291
 0.001515612744119291
 5.304616888868528e-06
 4.967581166272526e-07
 0.0002767789561837098
 0.0001058906335511975
 1.843500350681469e-05
 6.956916825966893e-07
 6.777482418500188e-06
 0.0003487389431752526
 0.00129865228187486
 0.002931060605277508
 5.304616888868528e-06
 3.111600118053032e-06
 0.0002767789561837098
 0
 1.843500350681469e-05
 6.335773737036409e-05
 6.777482418500188e-06
 0.0003487389431752526
 0.001515612744119291
 0.002931060605277508
 3.196226370671506e-05
 3.111600118053032e-06
 0.0002767789561837098
 0
 1.843500350681469e-05
 6.335773737036409e-05
 0
 0.0003487389431752526
 0.001515612744119291
 0.002931060605277508
 3.196226370671506e-05
 3.111600118053032e-06
 0.0002767789561837098
 0
 0.00129865228187486
 6.335773737036409e-05
 0
 0
 0.00129865228187486
 0.002931060605277508
 3.196226370671506e-05
 3.111600118053032e-06
 0.0002767789561837098
 0
 0.001515612744119291
 6.335773737036409e-05
 0
 0
 0.00129865228187486
 0.002931060605277508
 3.196226370671506e-05
 3.111600118053032e-06
 0
 0
 0.00129865228187486
 6.335773737036409e-05
 0
 0
 0.00129865228187486
 0.002931060605277508
 0.001515612744119291
 3.111600118053032e-06
 0
 0
 0.001515612744119291
 6.335773737036409e-05
 0
 0
 0.00129865228187486
 0.002931060605277508
 0.001515612744119291
 3.111600118053032e-06
 0
 0
 0.001515612744119291
 6.335773737036409e-05
 0
 0
 0.00129865228187486
 0
 0.001515612744119291
 0
 0
 0
 0.001515612744119291
 0
 0
 0
 0
 0
 0.001515612744119291
 0
 0
 0
 0.001515612744119291
 0
 0
 0
 0
 0
 0.001515612744119291
 0
 0
 0
 0.00129865228187486
 0
 0
 0
 0
 0
 0.001515612744119291
 0
 0
 0
 0.00129865228187486
 0
 0
 0
 0
 0
 0.001515612744119291
 0
 0
 0
 0.00129865228187486
 0
 0
 0
 0
 0
 0
 0
 0
 0
 0
 0
 0
 0
 0
 0
 0
 0
 0
 0
 0
 0
 0
 0
 0
 0
 0
 0
 0
 0
 0
 0
 0
 0
 0
 0
 0
 0
 0
 0
 0
 0
 0
 0
 0
 0
 0
 0
 0
 0
 0
 0
 0
 0
 0
 0
 0
 0
 0
 0
 0
 0
 0
 0
 0
 0
 0
 0
 0
 0
 0
 0
 0
 0
 0
 0
 0
 0
 0
 0
 0
 0
 0
