# Created by Octave 3.2.4, Wed Feb 06 13:27:01 2013 EST <rbom@zaphod>
# name: small_First_Fit
# type: matrix
# ndims: 3
 1 10 30
 9.246349291011764e-18
 7.10639269567707e-13
 2.226567870479089e-18
 1.678093723889098e-13
 1.0959360340137e-14
 1.352336914292202e-14
 3.406562789343502e-16
 6.590655267571351e-14
 1.677616596659703e-16
 4.572845255880889e-16
 4.809014120287573e-15
 4.491275619045878e-10
 6.662177967541738e-16
 1.740351223313095e-11
 1.358340548261191e-10
 1.352336914292202e-14
 2.37101083987542e-13
 6.590655267571351e-14
 4.169701639080841e-14
 3.115576603860071e-13
 1.329195227367203e-11
 3.352220272474265e-08
 4.800317697444061e-14
 1.740351223313095e-11
 4.062965344720861e-08
 7.351503794061672e-12
 8.089830296118313e-12
 1.334662152352758e-11
 4.125842289724144e-11
 1.325549160130806e-10
 2.200515526765945e-09
 1.08185624443007e-07
 4.800317697444061e-14
 9.789576798357363e-11
 0.0001741248560174049
 5.879602757485811e-10
 1.005199702023481e-07
 3.298969240464399e-09
 4.125842289724144e-11
 6.205926802465538e-09
 1.042538910654911e-07
 1.08185624443007e-07
 5.64908748138639e-12
 6.176533446336139e-09
 0.0001741248560174049
 3.603719032256717e-08
 9.476679484002721e-07
 5.72476786584318e-08
 1.388448015825697e-09
 9.629783874433427e-07
 1.042538910654911e-07
 2.391564727294434e-07
 1.396569551795752e-08
 6.176533446336139e-09
 0.0006835330865327017
 1.535819894618578e-07
 1.179899819556169e-05
 3.298969240464399e-09
 1.388448015825697e-09
 9.629783874433427e-07
 2.810571768554053e-06
 2.391564727294434e-07
 1.396569551795752e-08
 2.596654776811718e-08
 0.004613733749689094
 1.535819894618578e-07
 9.256848225926751e-05
 3.298969240464399e-09
 1.090831461864547e-07
 9.629783874433427e-07
 5.988500373472802e-05
 2.975412998173383e-07
 1.396569551795752e-08
 2.596654776811718e-08
 0.004613733749689094
 1.535819894618578e-07
 0.0055799591154543
 9.807186589339382e-09
 1.090831461864547e-07
 9.629783874433427e-07
 0.00143635499214867
 1.602613637888305e-06
 1.396569551795752e-08
 2.596654776811718e-08
 0.0153535623665187
 0.0002772519995862542
 0.0153535623665187
 6.559563459935716e-07
 7.18302047246595e-06
 9.629783874433427e-07
 0.00143635499214867
 1.602613637888305e-06
 1.396569551795752e-08
 2.596654776811718e-08
 0.004613733749689094
 0.0002772519995862542
 0.0153535623665187
 6.559563459935716e-07
 2.735866482469338e-05
 9.629783874433427e-07
 0.0153535623665187
 3.637526374154778e-06
 6.655790033025565e-05
 1.606876532551626e-06
 0.004613733749689094
 0.0002772519995862542
 0.0153535623665187
 9.421726499489192e-06
 2.735866482469338e-05
 9.629783874433427e-07
 0.0153535623665187
 3.637526374154778e-06
 6.655790033025565e-05
 6.354581523793681e-06
 0.004613733749689094
 0.0002772519995862542
 0.0153535623665187
 9.421726499489192e-06
 2.735866482469338e-05
 0
 0.0153535623665187
 0.000115441793304059
 6.655790033025565e-05
 6.354581523793681e-06
 0.004613733749689094
 0.0002772519995862542
 0.0153535623665187
 0.0153535623665187
 2.735866482469338e-05
 0
 0.0153535623665187
 0.0002343242252331807
 6.655790033025565e-05
 6.354581523793681e-06
 0.004613733749689094
 0.0002772519995862542
 0.0153535623665187
 0.0153535623665187
 2.735866482469338e-05
 0
 0.0153535623665187
 0.0002343242252331807
 0.0006146500456686654
 6.354581523793681e-06
 0.004613733749689094
 0.0002772519995862542
 0.0153535623665187
 0.0153535623665187
 2.735866482469338e-05
 0
 0.0153535623665187
 0.0002343242252331807
 0.0006146500456686654
 6.354581523793681e-06
 0
 0
 0
 0.0153535623665187
 0.0153535623665187
 0
 0.0153535623665187
 0.000115441793304059
 0.0006146500456686654
 6.354581523793681e-06
 0
 0
 0
 0.0153535623665187
 0.0153535623665187
 0
 0
 0.000115441793304059
 0.000625685216663474
 6.354581523793681e-06
 0
 0
 0
 0.0153535623665187
 0.0153535623665187
 0
 0
 0.000115441793304059
 0.0006146500456686654
 0
 0
 0
 0
 0.0153535623665187
 0.0153535623665187
 0
 0
 0.000115441793304059
 0.0006146500456686654
 0
 0
 0
 0
 0
 0.0153535623665187
 0
 0
 0
 0.0006146500456686654
 0
 0
 0
 0
 0
 0.0153535623665187
 0
 0
 0
 0.0006146500456686654
 0
 0
 0
 0
 0
 0.0153535623665187
 0
 0
 0
 0.0006146500456686654
 0
 0
 0
 0
 0
 0
 0
 0
 0
 0.0006146500456686654
 0
 0
 0
 0
 0
 0
 0
 0
 0
 0
 0
 0
 0
 0
 0
 0
 0
 0
 0
 0
 0
 0
 0
 0
 0
 0
 0
 0
 0
 0
 0
 0
 0
 0
 0
 0
 0
 0
 0
 0
 0
 0
 0
 0
 0
 0
 0
 0
 0
 0
 0
 0
 0
 0
 0
 0
 0
 0
 0
 0
 0
 0
 0
 0
 0
 0
 0
