# Created by Octave 3.2.4, Wed Feb 06 04:41:48 2013 EST <rbom@zaphod>
# name: small_First_Fit
# type: matrix
# ndims: 3
 1 10 30
 5.096254763432605e-06
 1.036773820517809e-07
 1.146730209176236e-05
 3.734192545250487e-05
 9.945499111496761e-09
 2.645744817135334e-05
 3.017250770150574e-05
 8.041519999478467e-07
 6.182779817619786e-08
 6.549878656519864e-05
 4.360463601788238e-05
 0.0002678522292890174
 8.006842268441742e-05
 0.0016689137381398
 1.991983943590249e-06
 0.001037695575609657
 0.0003185283534138484
 3.184989560420966e-05
 1.869582871552413e-05
 0.002301037935342495
 0.0003103616505965427
 0.004438528370155366
 2.248137473408058e-05
 0.01595197690568092
 0.0002524254569643957
 0.001740752744927345
 0.0003185283534138484
 0.0009115507819684057
 0.02456173522677944
 0.02085663329215698
 0.001042708120501651
 0.08173834125518718
 0.000196154917363576
 0.04682397919414634
 0.002137429706975166
 0.002159782617787663
 0.0007654989128418831
 0.0009115507819684057
 0.02456173522677944
 0.02085663329215698
 0.004951742221253583
 0.08173834125518718
 0.001145122913793173
 0.04682397919414634
 0.002137429706975166
 0.002886354849256147
 0.0007654989128418831
 0.0009115507819684057
 0.02456173522677944
 0.07350148035061581
 0.03183056132312782
 0.08933961779599137
 0.007637685921586037
 0.1378606251716968
 0.03466841974248563
 0.002886354849256147
 0.0007654989128418831
 0.0009115507819684057
 0.02456173522677944
 0.07350148035061581
 0.03183056132312782
 0.08933961779599137
 0.04410770551356142
 0.1378606251716968
 0.06081833535561106
 0.002886354849256147
 0.0007654989128418831
 0.004346717506029932
 0.1578403190618153
 0.02085663329215698
 0.08726500530860873
 0.1992714430922176
 0.1398050657099426
 0.1378606251716968
 0.1654013734441946
 0.002886354849256147
 0.001350840211076155
 0.01783681199329582
 0.1578403190618153
 0.02781808181751082
 0.06663759185732535
 0.2424324964158808
 0.1398050657099426
 0.324222432111172
 0.1107555978274025
 0.04675669563043609
 0.01452612334634561
 0.01783681199329582
 0.1578403190618153
 0.04040055607964425
 0.06663759185732535
 0.2424324964158808
 0.1398050657099426
 0.1832137576663505
 0.1107555978274025
 0.04675669563043609
 0.01452612334634561
 0.01783681199329582
 0.1578403190618153
 0.02781808181751082
 0.08726500530860873
 0.08173834125518718
 0.1398050657099426
 0.1378606251716968
 0.1107555978274025
 0.04675669563043609
 0.03113344794132991
 0.0324812386888886
 0.1578403190618153
 0.2137913758448107
 0.08726500530860873
 0.2424324964158808
 0.4400190570468451
 0.1378606251716968
 0.1107555978274025
 0.05295020422463493
 0.03113344794132991
 0.01783681199329582
 0.1578403190618153
 0.2137913758448107
 0.08726500530860873
 0.2424324964158808
 0.4400190570468451
 0.4027290780864882
 0.1107555978274025
 0.04675669563043609
 0.03113344794132991
 0.03961833761226971
 0.1578403190618153
 0.2137913758448107
 0.08726500530860873
 0.2424324964158808
 0.4400190570468451
 0.324222432111172
 0.1107555978274025
 0.04675669563043609
 0.03113344794132991
 0.08438218170657881
 0
 0.2137913758448107
 0.08726500530860873
 0.2424324964158808
 0.4400190570468451
 0.1378606251716968
 0
 0.04675669563043609
 0.03113344794132991
 0.1832137576663505
 0
 0.2137913758448107
 0.08726500530860873
 0.441396272109209
 0.4400190570468451
 0.1378606251716968
 0
 0.04675669563043609
 0.04675669563043609
 0.08438218170657881
 0
 0.2137913758448107
 0.08726500530860873
 0.441396272109209
 0.4400190570468451
 0.324222432111172
 0
 0.04675669563043609
 0.1075828409292366
 0.1832137576663505
 0
 0.4027290780864882
 0
 0.441396272109209
 0.4400190570468451
 0.324222432111172
 0
 0.04675669563043609
 0.1075828409292366
 0.1832137576663505
 0
 0.4027290780864882
 0
 0.441396272109209
 0
 0.4027290780864882
 0
 0
 0.1075828409292366
 0.1832137576663505
 0
 0.2137913758448107
 0
 0.441396272109209
 0
 0.441396272109209
 0
 0
 0.1075828409292366
 0.1832137576663505
 0
 0.4027290780864882
 0
 0.441396272109209
 0
 0.441396272109209
 0
 0
 0.324222432111172
 0.1832137576663505
 0
 0.4027290780864882
 0
 0.441396272109209
 0
 0.441396272109209
 0
 0
 0.1992714430922176
 0.324222432111172
 0
 0.4027290780864882
 0
 0
 0
 0.441396272109209
 0
 0
 0.1992714430922176
 0.3215677838399189
 0
 0.4027290780864882
 0
 0
 0
 0.441396272109209
 0
 0
 0.324222432111172
 0.324222432111172
 0
 0.4027290780864882
 0
 0
 0
 0.441396272109209
 0
 0
 0.324222432111172
 0.324222432111172
 0
 0.4027290780864882
 0
 0
 0
 0.441396272109209
 0
 0
 0.441396272109209
 0.324222432111172
 0
 0.4027290780864882
 0
 0
 0
 0
 0
 0
 0.441396272109209
 0.324222432111172
 0
 0
 0
 0
 0
 0
 0
 0
 0.441396272109209
 0.324222432111172
 0
 0
 0
 0
 0
 0
 0
 0
 0.441396272109209
 0.324222432111172
 0
 0
 0
 0
 0
 0
 0
 0
 0.441396272109209
 0.4027290780864882
 0
 0
