# Created by Octave 3.2.4, Thu Feb 07 03:28:22 2013 EST <rbom@zaphod>
# name: small_First_Fit
# type: matrix
# ndims: 3
 1 10 30
 7.787083397936759e-10
 4.789161434504964e-17
 5.236153873320591e-16
 4.663604962256095e-13
 1.539372272937156e-15
 3.714518182766637e-13
 6.12613205549472e-15
 4.871033288712736e-17
 1.550148098475309e-13
 2.6997156648077e-13
 7.787083397936759e-10
 1.812048357523591e-11
 5.290763528366559e-14
 4.26547004349099e-08
 6.471598090878848e-14
 1.550971027368197e-09
 2.151689132245872e-10
 5.680564739042009e-12
 3.954423378257741e-11
 1.299994734699667e-09
 2.27027990783095e-08
 2.4905745859511e-10
 1.16118830492142e-13
 8.895709791934352e-06
 1.388968665070531e-12
 2.819807347485854e-05
 2.151689132245872e-10
 8.631038321516162e-10
 1.992154544290346e-09
 1.675323814206195e-08
 9.890121408792769e-07
 4.429955409552939e-09
 1.863335576189431e-12
 8.895709791934352e-06
 3.37427337461031e-10
 0.0001049264012287468
 2.151689132245872e-10
 2.924854845310352e-07
 1.992154544290346e-09
 1.675323814206195e-08
 1.019486553784353e-05
 4.429955409552939e-09
 4.258243475520463e-10
 8.895709791934352e-06
 3.37427337461031e-10
 0.0001049264012287468
 4.744758151136676e-08
 2.924854845310352e-07
 1.992154544290346e-09
 3.778976807507087e-06
 1.019486553784353e-05
 1.981357311647779e-07
 4.258736261133135e-08
 8.895709791934352e-06
 3.37427337461031e-10
 0.0001049264012287468
 5.526812786217188e-07
 2.569653987601964e-06
 1.992154544290346e-09
 3.778976807507087e-06
 1.019486553784353e-05
 1.981357311647779e-07
 9.310106312253747e-06
 8.895709791934352e-06
 1.083802855295886e-05
 0.0001049264012287468
 6.460876218308639e-07
 2.569653987601964e-06
 1.013863757676334e-05
 5.18813246808034e-05
 1.019486553784353e-05
 2.755539888280604e-07
 0.0002525525038002392
 0.0005521099233879918
 1.083802855295886e-05
 0.0001049264012287468
 7.076633866773011e-06
 7.878915161705377e-06
 5.255231638102264e-05
 0.0003071412841353688
 1.019486553784353e-05
 2.755539888280604e-07
 0.002323569660876674
 0.0005521099233879918
 1.083802855295886e-05
 0.0001049264012287468
 4.379269018036228e-06
 2.871787729416994e-05
 5.255231638102264e-05
 0.00411660232662338
 1.019486553784353e-05
 1.651438412808375e-06
 0.002323569660876674
 0.0005521099233879918
 1.083802855295886e-05
 0.0001049264012287468
 4.379269018036228e-06
 2.871787729416994e-05
 5.255231638102264e-05
 0.005075410756741353
 1.019486553784353e-05
 1.651438412808375e-06
 0.002323569660876674
 0.005075410756741353
 1.083802855295886e-05
 0
 4.379269018036228e-06
 6.778025432112696e-05
 5.255231638102264e-05
 0.00411660232662338
 0
 1.945555470495434e-05
 0.002323569660876674
 0.005075410756741353
 1.083802855295886e-05
 0
 4.379269018036228e-06
 0.0003916520371540528
 5.255231638102264e-05
 0.005075410756741353
 0
 1.945555470495434e-05
 0.002323569660876674
 0.005075410756741353
 0.0002090284664312183
 0
 0.005075410756741353
 0.0003916520371540528
 0.03390877543930363
 0.005075410756741353
 0
 1.945555470495434e-05
 0.03390877543930363
 0.005075410756741353
 0.0002090284664312183
 0
 0.005075410756741353
 0.0119864066187702
 0.03390877543930363
 0.03390877543930363
 0
 1.945555470495434e-05
 0.03390877543930363
 0.005075410756741353
 0.0002090284664312183
 0
 0.005075410756741353
 0.0119864066187702
 0.03390877543930363
 0.03390877543930363
 0
 1.945555470495434e-05
 0.03390877543930363
 0.005075410756741353
 0.0002090284664312183
 0
 0.005075410756741353
 0.0119864066187702
 0.03390877543930363
 0.03390877543930363
 0
 1.945555470495434e-05
 0.03390877543930363
 0.005075410756741353
 0.0002090284664312183
 0
 0.005075410756741353
 0.0119864066187702
 0.03390877543930363
 0.03390877543930363
 0
 0.03390877543930363
 0.03390877543930363
 0
 0.0009261651654097325
 0
 0.005075410756741353
 0.0119864066187702
 0.03390877543930363
 0.03390877543930363
 0
 0.03390877543930363
 0.03390877543930363
 0
 0.0009261651654097325
 0
 0.005075410756741353
 0.0119864066187702
 0.03390877543930363
 0.03390877543930363
 0
 0.03390877543930363
 0.03390877543930363
 0
 0.0009261651654097325
 0
 0
 0.0119864066187702
 0
 0.03390877543930363
 0
 0.03390877543930363
 0
 0
 0.0009261651654097325
 0
 0
 0
 0
 0
 0
 0.03390877543930363
 0
 0
 0.0009261651654097325
 0
 0
 0
 0
 0
 0
 0.03390877543930363
 0
 0
 0.0009261651654097325
 0
 0
 0
 0
 0
 0
 0.03390877543930363
 0
 0
 0.0009261651654097325
 0
 0
 0
 0
 0
 0
 0
 0
 0
 0
 0
 0
 0
 0
 0
 0
 0
 0
 0
 0
 0
 0
 0
 0
 0
 0
 0
 0
 0
 0
 0
 0
 0
 0
 0
 0
 0
 0
 0
 0
 0
 0
 0
 0
 0
 0
 0
 0
 0
 0
 0
 0
 0
 0
 0
 0
 0
 0
 0
 0
 0
 0
 0
 0
 0
