# Created by Octave 3.2.4, Wed Feb 06 06:39:39 2013 EST <rbom@zaphod>
# name: small_First_Fit
# type: matrix
# ndims: 3
 1 10 30
 5.645193177191025e-16
 2.397748842436919e-11
 1.048059561189594e-14
 2.903611124222468e-15
 4.148737659785254e-13
 2.205402810480636e-13
 2.08336849908278e-12
 5.500388891947806e-11
 1.539537423285235e-11
 1.719763119549782e-14
 4.042070543278658e-12
 5.520857560972158e-10
 5.016763343002644e-07
 2.409328365850515e-12
 2.094035405617477e-07
 3.825094153858488e-07
 1.215202826464608e-10
 4.319339323622556e-09
 5.046984038852421e-09
 5.40173944295346e-12
 1.601706376184876e-09
 5.520857560972158e-10
 0.0001248439617861839
 2.378393403880635e-09
 1.320807775835236e-06
 2.901394009820524e-05
 1.215202826464608e-10
 1.972071725328303e-06
 8.299262349461062e-07
 4.703591498908267e-10
 6.105021014153096e-08
 5.520857560972158e-10
 0.0001248439617861839
 2.381332492944215e-06
 1.320807775835236e-06
 2.901394009820524e-05
 9.166824170018613e-09
 2.912503553789043e-05
 8.299262349461062e-07
 7.723943239041842e-08
 6.615989370552494e-07
 1.35061367690957e-07
 0.007666287818646319
 0.0001502135772148154
 1.104981669630294e-05
 2.901394009820524e-05
 1.227233167626341e-07
 0.0001751518830567347
 8.976730840705126e-05
 7.723943239041842e-08
 3.516224070252966e-06
 1.35061367690957e-07
 0.007666287818646319
 0.0001502135772148154
 6.440808742849787e-05
 2.901394009820524e-05
 7.400848449289312e-08
 0.0005976707097116296
 8.976730840705126e-05
 6.152774780476269e-06
 3.628878921725602e-05
 1.35061367690957e-07
 0.007666287818646319
 0.0001502135772148154
 6.440808742849787e-05
 2.901394009820524e-05
 7.400848449289312e-08
 0.0005976707097116296
 0.001158787256167994
 6.152774780476269e-06
 3.628878921725602e-05
 8.283900225199928e-05
 0.007666287818646319
 0.0001502135772148154
 6.440808742849787e-05
 2.901394009820524e-05
 1.241618928864394e-05
 0.0005976707097116296
 0.001158787256167994
 6.152774780476269e-06
 0.0004097987288134764
 8.283900225199928e-05
 0.007666287818646319
 0.0001502135772148154
 0.0007148610025623774
 2.901394009820524e-05
 0.001158787256167994
 0.0005976707097116296
 0.001158787256167994
 6.152774780476269e-06
 0.0004097987288134764
 8.283900225199928e-05
 0.007666287818646319
 0.0001502135772148154
 0.0007148610025623774
 2.901394009820524e-05
 0.001158787256167994
 0.003119380433056641
 0.001158787256167994
 6.152774780476269e-06
 0.0004097987288134764
 8.283900225199928e-05
 0.007666287818646319
 0.0001502135772148154
 0.0007148610025623774
 0
 0.001158787256167994
 0.003119380433056641
 0.001158787256167994
 2.901394009820524e-05
 0.0004097987288134764
 8.283900225199928e-05
 0
 0
 0.0007148610025623774
 0
 0.001158787256167994
 0.003119380433056641
 0.001158787256167994
 0.0003082447554008678
 0.001158787256167994
 0.001158787256167994
 0
 0
 0.0007148610025623774
 0
 0.001158787256167994
 0.003119380433056641
 0.001158787256167994
 0.0003082447554008678
 0.001158787256167994
 0.001158787256167994
 0
 0
 0.0007148610025623774
 0
 0.001158787256167994
 0.003119380433056641
 0
 0.0003082447554008678
 0.001158787256167994
 0.001158787256167994
 0
 0
 0.0007148610025623774
 0
 0.001158787256167994
 0.003119380433056641
 0
 0.0003082447554008678
 0.001158787256167994
 0.001158787256167994
 0
 0
 0
 0
 0
 0.003119380433056641
 0
 0.0006872193650047737
 0.001158787256167994
 0.001158787256167994
 0
 0
 0
 0
 0
 0
 0
 0.0006872193650047737
 0.001158787256167994
 0.001158787256167994
 0
 0
 0
 0
 0
 0
 0
 0.0006872193650047737
 0.001158787256167994
 0.001158787256167994
 0
 0
 0
 0
 0
 0
 0
 0.0006872193650047737
 0
 0
 0
 0
 0
 0
 0
 0
 0
 0.0006872193650047737
 0
 0
 0
 0
 0
 0
 0
 0
 0
 0.0006872193650047737
 0
 0
 0
 0
 0
 0
 0
 0
 0
 0.0006872193650047737
 0
 0
 0
 0
 0
 0
 0
 0
 0
 0
 0
 0
 0
 0
 0
 0
 0
 0
 0
 0
 0
 0
 0
 0
 0
 0
 0
 0
 0
 0
 0
 0
 0
 0
 0
 0
 0
 0
 0
 0
 0
 0
 0
 0
 0
 0
 0
 0
 0
 0
 0
 0
 0
 0
 0
 0
 0
 0
 0
 0
 0
 0
 0
 0
 0
 0
 0
 0
 0
 0
 0
 0
 0
 0
 0
 0
 0
 0
 0
 0
