# Created by Octave 3.2.4, Sun Feb 03 23:27:41 2013 EST <rbom@zaphod>
# name: small_First_Fit
# type: matrix
# ndims: 3
 1 10 30
 3.661231872347313e-14
 4.28429975568479e-14
 1.091290225172964e-17
 2.398755360614207e-20
 2.109414385973821e-17
 1.075815187669204e-17
 5.439930699738583e-17
 1.158195227008729e-21
 5.418120107776502e-22
 8.532908308985487e-21
 4.715304303639529e-12
 1.072278224920633e-11
 3.410761266067745e-14
 5.155698052477259e-18
 2.109414385973821e-17
 2.119160542815509e-15
 1.559265313281603e-13
 6.728139382975738e-17
 1.699216691818209e-17
 1.129486801382191e-15
 2.234092245211066e-09
 2.002933500700718e-09
 7.741015848246523e-12
 6.811767017240307e-16
 2.109414385973821e-17
 2.281454415531003e-13
 1.463448977278418e-10
 2.100960292789991e-13
 5.912400517221267e-11
 4.254296532894449e-10
 2.234092245211066e-09
 3.660991222523839e-07
 1.418474094567569e-09
 2.77999132387725e-12
 3.828818417105943e-12
 6.539409813964947e-10
 1.463448977278418e-10
 4.407819434102091e-11
 6.253300313186039e-09
 4.254296532894449e-10
 2.234092245211066e-09
 5.163311590719023e-06
 1.141436124391951e-06
 9.143619390956016e-09
 4.857280689078849e-07
 6.539409813964947e-10
 1.463448977278418e-10
 4.407819434102091e-11
 6.372809041745651e-07
 4.254296532894449e-10
 2.362905672972176e-07
 5.163311590719023e-06
 1.141436124391951e-06
 9.143619390956016e-09
 5.137332455772387e-05
 6.539409813964947e-10
 1.463448977278418e-10
 4.407819434102091e-11
 6.372809041745651e-07
 4.254296532894449e-10
 8.32265436486478e-07
 0.0006422699476311296
 1.378398965697145e-05
 1.790135131245594e-06
 5.137332455772387e-05
 6.539409813964947e-10
 1.952743794370585e-07
 1.874188362041997e-08
 6.158725822989605e-06
 6.916513892189229e-08
 5.137332455772387e-05
 0.0006422699476311296
 1.378398965697145e-05
 5.526376280421795e-05
 5.137332455772387e-05
 6.916513892189229e-08
 0.0006422699476311296
 1.874188362041997e-08
 6.158725822989605e-06
 6.916513892189229e-08
 0.0003671414043436679
 0.0006422699476311296
 0.0006422699476311296
 5.526376280421795e-05
 0.0003671414043436679
 0.0003015661751429815
 0.0006422699476311296
 1.874188362041997e-08
 0.0001628266973936611
 6.916513892189229e-08
 0.0003671414043436679
 0.0006422699476311296
 0.0006422699476311296
 5.526376280421795e-05
 0.0001628266973936611
 0.0003015661751429815
 0.0006422699476311296
 1.874188362041997e-08
 0.0001628266973936611
 7.51639849193243e-06
 0.0003671414043436679
 0.0006422699476311296
 0.0006422699476311296
 5.526376280421795e-05
 0.0001628266973936611
 0.0003015661751429815
 0.0006422699476311296
 2.882693904491861e-07
 0.0001628266973936611
 7.51639849193243e-06
 0.0003671414043436679
 0.0006422699476311296
 0.0006422699476311296
 5.526376280421795e-05
 0.0001628266973936611
 0.0003015661751429815
 0.0006422699476311296
 2.882693904491861e-07
 0.0003407441918207401
 7.51639849193243e-06
 0.0003671414043436679
 0.0006422699476311296
 0.0006422699476311296
 5.526376280421795e-05
 0.0003015661751429815
 0.0003015661751429815
 0.0006422699476311296
 3.048932637127667e-05
 0.0003407441918207401
 0.0001628266973936611
 0.0003671414043436679
 0.0006422699476311296
 0.0006422699476311296
 0.0001628266973936611
 0.0003671414043436679
 0.0003015661751429815
 0.0006422699476311296
 3.048932637127667e-05
 0.0003015661751429815
 0.0001628266973936611
 0.0003671414043436679
 0.0006422699476311296
 0.0006422699476311296
 0.0001628266973936611
 0.0003407441918207401
 0.0003015661751429815
 0.0006422699476311296
 3.048932637127667e-05
 0.0003015661751429815
 0.0003407441918207401
 0.0003671414043436679
 0.0006422699476311296
 0.0006422699476311296
 0.0001628266973936611
 0.0003407441918207401
 0.0003015661751429815
 0.0006422699476311296
 3.048932637127667e-05
 0.0003015661751429815
 0.0003407441918207401
 0.0003671414043436679
 0.0006422699476311296
 0.0006422699476311296
 0.0001628266973936611
 0.0003407441918207401
 0.0003015661751429815
 0.0006422699476311296
 3.048932637127667e-05
 0.0003015661751429815
 0.0003407441918207401
 0.0003671414043436679
 0.0006422699476311296
 0.0006422699476311296
 0.0001628266973936611
 0.0003407441918207401
 0.0003015661751429815
 0.0006422699476311296
 3.048932637127667e-05
 0.0003015661751429815
 0.0003407441918207401
 0.0003671414043436679
 0.0006422699476311296
 0.0006422699476311296
 0.0001628266973936611
 0.0003407441918207401
 0.0003015661751429815
 0.0006422699476311296
 3.048932637127667e-05
 0.0003015661751429815
 0.0003407441918207401
 0.0003671414043436679
 0.0006422699476311296
 0.0006422699476311296
 0.0003015661751429815
 0.0003407441918207401
 0.0003015661751429815
 0.0006422699476311296
 3.048932637127667e-05
 0.0003015661751429815
 0.0003407441918207401
 0.0003671414043436679
 0.0006422699476311296
 0.0006422699476311296
 0.0001628266973936611
 0.0003407441918207401
 0.0003015661751429815
 0.0006422699476311296
 3.048932637127667e-05
 0.0003015661751429815
 0.0003407441918207401
 0.0003671414043436679
 0.0006422699476311296
 0.0006422699476311296
 0.0001628266973936611
 0.0003407441918207401
 0.0003015661751429815
 0.0006422699476311296
 3.048932637127667e-05
 0.0003015661751429815
 0.0003407441918207401
 0.0003671414043436679
 0.0006422699476311296
 0.0006422699476311296
 0.0001628266973936611
 0.005879007577858856
 0.0003015661751429815
 0.0006422699476311296
 3.048932637127667e-05
 0.0003015661751429815
 0.0003407441918207401
 0.0003671414043436679
 0.0006422699476311296
 0.0006422699476311296
 0.0003407441918207401
 0.005879007577858856
 0.0003015661751429815
 0.0006422699476311296
 3.048932637127667e-05
 0.0003407441918207401
 0.0003407441918207401
 0.0003671414043436679
 0.0006422699476311296
 0.0006422699476311296
 0.0001628266973936611
 0.005879007577858856
 0.0003015661751429815
 0.0006422699476311296
 3.048932637127667e-05
 0.0003015661751429815
 0.0003407441918207401
 0.0003671414043436679
 0.0006422699476311296
 0.0006422699476311296
 0.0001628266973936611
 0.005879007577858856
 0.0003015661751429815
 0.0006422699476311296
 3.048932637127667e-05
 0.0003015661751429815
 0.005879007577858856
 0.0003671414043436679
 0.0006422699476311296
 0.0006422699476311296
 0.0001628266973936611
 0.005879007577858856
 0.0003015661751429815
 0.0006422699476311296
 3.048932637127667e-05
 0.0003015661751429815
 0.005879007577858856
 0.0003671414043436679
 0.0006422699476311296
 0.0006422699476311296
 0.0003407441918207401
 0.005879007577858856
 0.0003015661751429815
 0.0006422699476311296
 3.048932637127667e-05
 0.0003015661751429815
 0.005879007577858856
 0.0003671414043436679
 0.0006422699476311296
 0.0006422699476311296
 0.0003407441918207401
 0.005879007577858856
 0.0003015661751429815
 0.0006422699476311296
 3.048932637127667e-05
 0.0003015661751429815
 0.005879007577858856
 0.0003671414043436679
 0.0006422699476311296
 0.0006422699476311296
 0.0003407441918207401
 0.005879007577858856
 0.0003015661751429815
 0.0006422699476311296
 3.048932637127667e-05
 0.0003015661751429815
 0.005879007577858856
