# Created by Octave 3.2.4, Tue Feb 05 17:29:30 2013 EST <rbom@zaphod>
# name: small_First_Fit
# type: matrix
# ndims: 3
 1 10 30
 4.600474364733283e-15
 8.905834004556841e-16
 1.20742961272529e-14
 7.15782108666266e-14
 1.182886105015638e-13
 1.560057038798372e-14
 3.469239144808187e-16
 2.669984880763757e-13
 5.002409358835102e-18
 2.557821692400598e-15
 2.531723075171455e-13
 8.764221012219698e-12
 4.470448375551846e-11
 2.086328093744436e-12
 1.46606853406044e-09
 5.300215925266188e-10
 1.277705424555238e-13
 2.669984880763757e-13
 5.232147054232645e-14
 1.599033873343144e-11
 9.144672956412802e-11
 3.685563450277247e-10
 5.249415281156976e-09
 7.70531388133618e-10
 5.640092651449582e-06
 1.970401076957123e-09
 2.445872970341465e-12
 2.260668756601505e-12
 2.30013685183855e-12
 3.340441226747363e-05
 3.968108780716767e-09
 3.685563450277247e-10
 5.249415281156976e-09
 3.943617313935216e-08
 2.087602977826586e-05
 4.490359875030951e-09
 2.445872970341465e-12
 5.596700488996754e-11
 1.870029818443877e-09
 3.340441226747363e-05
 8.239582529920233e-06
 3.685563450277247e-10
 1.945525386662506e-06
 1.645916315318616e-06
 7.25623774861726e-05
 4.840496469124993e-09
 5.338160437427098e-12
 5.596700488996754e-11
 5.447561394793829e-09
 3.340441226747363e-05
 8.239582529920233e-06
 3.685563450277247e-10
 8.073472123615786e-05
 3.189106945929956e-05
 0.0009353225932653959
 9.335007905943435e-08
 4.908348489871516e-09
 2.473714329578132e-09
 5.447561394793829e-09
 3.340441226747363e-05
 4.702572998857715e-05
 3.685563450277247e-10
 0.0006142226280532724
 3.189106945929956e-05
 0.01542489974904866
 9.335007905943435e-08
 2.050603729454725e-07
 2.931225079113116e-07
 5.447561394793829e-09
 0.004947500924315961
 0.0009353225932653959
 1.907174077941453e-08
 0.0006142226280532724
 0.0001000167879985435
 0.01542489974904866
 9.335007905943435e-08
 3.165576473324307e-05
 3.563149893028583e-06
 5.447561394793829e-09
 0.004947500924315961
 0.01542489974904866
 4.890290612300015e-06
 0.0006142226280532724
 0.0001156515596231714
 0.01542489974904866
 1.66488260498179e-05
 3.165576473324307e-05
 3.563149893028583e-06
 5.447561394793829e-09
 0.005073252511056664
 0.01542489974904866
 4.890290612300015e-06
 0.0006142226280532724
 0.000339578864620008
 0.01542489974904866
 1.66488260498179e-05
 0.0001002293797068781
 0.000101545964002293
 2.153732757409646e-07
 0.07468151105696734
 0.01542489974904866
 0.001645341015639037
 0.0006142226280532724
 0.000339578864620008
 0.01542489974904866
 1.66488260498179e-05
 0.0001002293797068781
 0.005073252511056664
 2.153732757409646e-07
 0.07468151105696734
 0.01542489974904866
 0.001645341015639037
 0.0006142226280532724
 0.004947500924315961
 0.01542489974904866
 1.66488260498179e-05
 0.0009169226360147927
 0.005073252511056664
 8.405590284117455e-06
 0.07468151105696734
 0.07468151105696734
 0.004286877697937188
 0.0006142226280532724
 0.004947500924315961
 0.01542489974904866
 1.66488260498179e-05
 0.002027914862473323
 0.005073252511056664
 1.130689365381122e-05
 0.07468151105696734
 0.07468151105696734
 0.004286877697937188
 0
 0.01165991119623929
 0
 0.0005606212979249371
 0.002027914862473323
 0.005073252511056664
 1.130689365381122e-05
 0.07468151105696734
 0.07468151105696734
 0.004286877697937188
 0
 0.005073252511056664
 0
 0.0005606212979249371
 0.002027914862473323
 0.005073252511056664
 1.130689365381122e-05
 0.07468151105696734
 0.07468151105696734
 0.004286877697937188
 0
 0.01165991119623929
 0
 0.0005606212979249371
 0.07468151105696734
 0.005073252511056664
 8.405590284117455e-06
 0.07468151105696734
 0.07468151105696734
 0.001645341015639037
 0
 0.01165991119623929
 0
 0.004018902378918903
 0.07468151105696734
 0.005073252511056664
 0.0007250130549636013
 0
 0.07468151105696734
 0.001645341015639037
 0
 0.01165991119623929
 0
 0.004018902378918903
 0.07468151105696734
 0
 0.002939363614662972
 0
 0.07468151105696734
 0.001645341015639037
 0
 0.01165991119623929
 0
 0.004018902378918903
 0.07468151105696734
 0
 0.002939363614662972
 0
 0
 0
 0
 0.03786046405150188
 0
 0.004018902378918903
 0.07468151105696734
 0
 0.002939363614662972
 0
 0
 0
 0
 0.03786046405150188
 0
 0.004018902378918903
 0.07468151105696734
 0
 0.002939363614662972
 0
 0
 0
 0
 0.03786046405150188
 0
 0.004018902378918903
 0.07468151105696734
 0
 0.002939363614662972
 0
 0
 0
 0
 0.03786046405150188
 0
 0.004018902378918903
 0
 0
 0.002939363614662972
 0
 0
 0
 0
 0.03786046405150188
 0
 0
 0
 0
 0.002939363614662972
 0
 0
 0
 0
 0.03786046405150188
 0
 0
 0
 0
 0
 0
 0
 0
 0
 0.03786046405150188
 0
 0
 0
 0
 0
 0
 0
 0
 0
 0
 0
 0
 0
 0
 0
 0
 0
 0
 0
 0
 0
 0
 0
 0
 0
 0
 0
 0
 0
 0
 0
 0
 0
 0
 0
 0
 0
 0
 0
 0
 0
 0
 0
 0
 0
 0
