# Created by Octave 3.2.4, Thu Feb 07 08:27:56 2013 EST <rbom@zaphod>
# name: small_First_Fit
# type: matrix
# ndims: 3
 1 10 30
 2.128810104312753e-15
 2.352558815858099e-21
 1.489805814496522e-23
 6.424614475611619e-20
 4.087702410861089e-18
 1.26592815061422e-18
 1.772277432289508e-12
 5.323787146630216e-18
 1.538852226156353e-21
 5.204201941129614e-15
 1.874123617447376e-13
 4.040841687979399e-18
 2.53101294409428e-18
 2.953740830634555e-18
 2.626678338022557e-15
 1.876012817128045e-10
 8.186676928273418e-09
 8.706024104100173e-12
 4.073638198603867e-18
 1.217537539136466e-12
 1.874123617447376e-13
 6.81920340552508e-15
 4.211306351908988e-12
 9.847566907532018e-17
 7.342922160066898e-13
 3.555763162107365e-08
 4.802665882695369e-07
 1.270778077310667e-09
 3.846379358230132e-15
 6.275203954955713e-11
 1.876333326467858e-09
 1.103290827062298e-12
 3.58691088922593e-11
 6.708888869238875e-14
 1.115659415602422e-10
 7.615782942891076e-07
 4.802665882695369e-07
 1.344039889453255e-07
 4.068110469926486e-13
 6.275203954955713e-11
 1.876333326467858e-09
 2.058890262504562e-09
 3.58691088922593e-11
 6.65786370012637e-11
 2.190980680758666e-08
 7.615782942891076e-07
 4.802665882695369e-07
 1.822781823351379e-05
 4.068110469926486e-13
 6.275203954955713e-11
 1.876333326467858e-09
 2.058890262504562e-09
 4.403627070400572e-09
 5.836198896677772e-08
 0.0002944154050730123
 0.0009750067138008035
 8.422846401491628e-07
 1.822781823351379e-05
 4.068110469926486e-13
 7.356596287025084e-08
 3.851608532080466e-07
 1.987850525399189e-06
 4.403627070400572e-09
 2.854807741782156e-06
 0.01757542177120295
 0.0009750067138008035
 2.464010170917775e-05
 1.822781823351379e-05
 9.71854701255284e-10
 7.356596287025084e-08
 6.374845749082662e-05
 0.000138835777706637
 4.403627070400572e-09
 0.0002567300539439097
 0.01757542177120295
 0.0009750067138008035
 2.464010170917775e-05
 0.01757542177120295
 9.71854701255284e-10
 7.356596287025084e-08
 6.374845749082662e-05
 0.000138835777706637
 7.615782942891076e-07
 0.0002567300539439097
 0.01757542177120295
 0.0009750067138008035
 2.464010170917775e-05
 0.01757542177120295
 1.404112723480373e-06
 7.356596287025084e-08
 0.0009750067138008035
 0.000138835777706637
 5.815028048113794e-06
 0.0002567300539439097
 0.01757542177120295
 0.0009750067138008035
 2.464010170917775e-05
 0.01757542177120295
 6.894615796157062e-05
 2.464010170917775e-05
 0.0009750067138008035
 0.01757542177120295
 7.615782942891076e-07
 0.0002567300539439097
 0.01757542177120295
 0.001149301694331096
 2.464010170917775e-05
 0.01757542177120295
 6.894615796157062e-05
 2.464010170917775e-05
 0.0009750067138008035
 0.01757542177120295
 7.615782942891076e-07
 0.0002567300539439097
 0.01757542177120295
 0.0009750067138008035
 2.464010170917775e-05
 0.01757542177120295
 6.894615796157062e-05
 4.36580067620054e-05
 0.0009750067138008035
 0.01757542177120295
 7.615782942891076e-07
 0.0002567300539439097
 0.01757542177120295
 0.0009750067138008035
 2.464010170917775e-05
 0.01757542177120295
 6.894615796157062e-05
 2.464010170917775e-05
 0.0009750067138008035
 0.01757542177120295
 0.0009750067138008035
 0.0002567300539439097
 0
 0.0009750067138008035
 0
 0.01757542177120295
 6.894615796157062e-05
 2.464010170917775e-05
 0.0009750067138008035
 0.01757542177120295
 0.0009750067138008035
 0
 0
 0.0009750067138008035
 0
 0
 0.01757542177120295
 2.464010170917775e-05
 0.0009750067138008035
 0.01757542177120295
 0.001149301694331096
 0
 0
 0.0009750067138008035
 0
 0
 0.01757542177120295
 6.894615796157062e-05
 0
 0.01757542177120295
 0.001149301694331096
 0
 0
 0.001149301694331096
 0
 0
 0.01757542177120295
 6.894615796157062e-05
 0
 0
 0.0009750067138008035
 0
 0
 0.0009750067138008035
 0
 0
 0.01757542177120295
 0.01757542177120295
 0
 0
 0.0009750067138008035
 0
 0
 0.0009750067138008035
 0
 0
 0.01757542177120295
 0.01757542177120295
 0
 0
 0.0009750067138008035
 0
 0
 0.0009750067138008035
 0
 0
 0.01757542177120295
 0.01757542177120295
 0
 0
 0.0009750067138008035
 0
 0
 0.001149301694331096
 0
 0
 0.01757542177120295
 0.01757542177120295
 0
 0
 0.0009750067138008035
 0
 0
 0.001149301694331096
 0
 0
 0
 0.01757542177120295
 0
 0
 0
 0
 0
 0.001149301694331096
 0
 0
 0
 0.01757542177120295
 0
 0
 0
 0
 0
 0.001149301694331096
 0
 0
 0
 0.01757542177120295
 0
 0
 0
 0
 0
 0.001149301694331096
 0
 0
 0
 0
 0
 0
 0
 0
 0
 0.001149301694331096
 0
 0
 0
 0
 0
 0
 0
 0
 0
 0.001149301694331096
 0
 0
 0
 0
 0
 0
 0
 0
 0
 0
 0
 0
 0
 0
 0
 0
 0
 0
 0
 0
 0
 0
 0
 0
 0
 0
 0
 0
 0
 0
 0
 0
 0
 0
