# Created by Octave 3.2.4, Mon Feb 04 07:59:44 2013 EST <rbom@zaphod>
# name: small_First_Fit
# type: matrix
# ndims: 3
 1 10 30
 5.297137288603074e-15
 6.727943341622802e-14
 3.03943742326917e-12
 2.279443327802167e-12
 5.84289575027692e-13
 4.658935048221936e-16
 2.269625298825431e-13
 3.912529379332147e-16
 1.221286284983638e-09
 9.561324041864644e-09
 6.02069387665153e-12
 1.076432081189431e-11
 4.853661863930442e-09
 2.065366168891947e-06
 6.837408272563929e-09
 7.088583114632579e-14
 2.96646618743816e-12
 6.188754923144731e-09
 4.673016188693364e-08
 3.197548086831306e-07
 6.03465704013169e-08
 1.71228226335776e-08
 1.176339202092499e-06
 2.065366168891947e-06
 9.362032476471028e-08
 1.734230178646468e-11
 3.477277001942291e-11
 2.380305245211116e-07
 3.759598030075285e-07
 0.0001313465443958551
 4.751563701354378e-06
 6.042758085614787e-07
 1.176339202092499e-06
 2.131793620375668e-05
 1.300432407262921e-07
 2.581582795207455e-09
 4.987148822783698e-10
 3.487318585823491e-06
 3.759598030075285e-07
 0.0001313465443958551
 4.751563701354378e-06
 6.042758085614787e-07
 1.237966066725527e-05
 2.131793620375668e-05
 1.300432407262921e-07
 4.018571120364562e-06
 4.987148822783698e-10
 1.703900652486237e-05
 4.14302074572578e-07
 0.0001313465443958551
 4.389303101950188e-05
 1.953035639315032e-05
 1.294557466162046e-05
 0.0002760266736393291
 3.458334879763865e-06
 4.355911486258981e-05
 5.49028122425541e-09
 0.000239403566784583
 2.718405727691016e-06
 0.0001313465443958551
 4.389303101950188e-05
 0.000239403566784583
 1.237966066725527e-05
 0.002847635923669548
 3.458334879763865e-06
 2.481588612191103e-05
 4.144348580492526e-07
 0.0007156206491238772
 0.0001328211656473601
 0.0001313465443958551
 0.002847635923669548
 0.0006815102978330167
 1.237966066725527e-05
 0.006607289354868567
 3.458334879763865e-06
 2.481588612191103e-05
 3.141722858588865e-06
 0.006607289354868567
 0.0006472734483504266
 0.0001313465443958551
 0.01615676555305566
 0.006607289354868567
 0.0001296058758419933
 0.006607289354868567
 4.38026984599508e-05
 0.0002760266736393291
 4.551512288149839e-05
 0.006607289354868567
 0.0006472734483504266
 0.01615676555305566
 0.01615676555305566
 0.006607289354868567
 0.0001296058758419933
 0.006607289354868567
 0.0003866870298415048
 0.0002760266736393291
 4.551512288149839e-05
 0.006607289354868567
 0.0006472734483504266
 0.01615676555305566
 0.01615676555305566
 0.006607289354868567
 0.0007542923935854186
 0.006607289354868567
 0.0003866870298415048
 0.0007542923935854186
 0.0006815102978330167
 0.006607289354868567
 0.0006472734483504266
 0.01615676555305566
 0.01615676555305566
 0.006607289354868567
 0.0007542923935854186
 0.006607289354868567
 0.0003866870298415048
 0.002847635923669548
 0.006607289354868567
 0.006607289354868567
 0.0006472734483504266
 0.01615676555305566
 0.01615676555305566
 0.006607289354868567
 0.006607289354868567
 0.006607289354868567
 0.0003866870298415048
 0.0007542923935854186
 0.006607289354868567
 0.006607289354868567
 0.0006472734483504266
 0.01615676555305566
 0.01615676555305566
 0.006607289354868567
 0.006607289354868567
 0.006607289354868567
 0.0008752813352260864
 0.0007542923935854186
 0.006607289354868567
 0.006607289354868567
 0.0006472734483504266
 0.01615676555305566
 0.01615676555305566
 0.006607289354868567
 0.006607289354868567
 0.006607289354868567
 0.0008752813352260864
 0.0007542923935854186
 0.006607289354868567
 0.006607289354868567
 0.0006472734483504266
 0.01615676555305566
 0.01615676555305566
 0.006607289354868567
 0.006607289354868567
 0.006607289354868567
 0.0008752813352260864
 0.002847635923669548
 0.006607289354868567
 0.006607289354868567
 0.0006472734483504266
 0.01615676555305566
 0.01615676555305566
 0.006607289354868567
 0.006607289354868567
 0.006607289354868567
 0.0008752813352260864
 0.006607289354868567
 0.006607289354868567
 0.006607289354868567
 0.0006472734483504266
 0.01615676555305566
 0.01615676555305566
 0.006607289354868567
 0.006607289354868567
 0.006607289354868567
 0.0008752813352260864
 0.006607289354868567
 0.006607289354868567
 0.006607289354868567
 0.0006472734483504266
 0.01615676555305566
 0.01615676555305566
 0.006607289354868567
 0.006607289354868567
 0.006607289354868567
 0.0008752813352260864
 0.006607289354868567
 0.006607289354868567
 0.006607289354868567
 0.0006472734483504266
 0.01615676555305566
 0.01615676555305566
 0.006607289354868567
 0.006607289354868567
 0.006607289354868567
 0.0008752813352260864
 0.006607289354868567
 0.006607289354868567
 0.006607289354868567
 0.0006472734483504266
 0.01615676555305566
 0.01615676555305566
 0.006607289354868567
 0.006607289354868567
 0.006607289354868567
 0.0008752813352260864
 0.006607289354868567
 0.006607289354868567
 0.006607289354868567
 0.0006472734483504266
 0.01615676555305566
 0.01615676555305566
 0.006607289354868567
 0.006607289354868567
 0.006607289354868567
 0.003770120514448499
 0.006607289354868567
 0.006607289354868567
 0.006607289354868567
 0.0006472734483504266
 0.01615676555305566
 0.01615676555305566
 0.006607289354868567
 0.006607289354868567
 0.006607289354868567
 0.003770120514448499
 0.006607289354868567
 0.006607289354868567
 0.006607289354868567
 0.0006472734483504266
 0.01615676555305566
 0.01615676555305566
 0.006607289354868567
 0.006607289354868567
 0.006607289354868567
 0.003770120514448499
 0.006607289354868567
 0.006607289354868567
 0.006607289354868567
 0.0006472734483504266
 0.01615676555305566
 0.01615676555305566
 0.006607289354868567
 0.006607289354868567
 0.006607289354868567
 0.003770120514448499
 0.006607289354868567
 0.006607289354868567
 0.006607289354868567
 0.0006472734483504266
 0.01615676555305566
 0.01615676555305566
 0.006607289354868567
 0.006607289354868567
 0.006607289354868567
 0.003770120514448499
 0.006607289354868567
 0.006607289354868567
 0.006607289354868567
 0.0006472734483504266
 0.01615676555305566
 0.01615676555305566
 0.006607289354868567
 0.006607289354868567
 0.006607289354868567
 0.02389332475071055
 0.006607289354868567
 0.006607289354868567
 0.006607289354868567
 0.0006472734483504266
 0.01615676555305566
 0.01615676555305566
 0.006607289354868567
 0.006607289354868567
 0.006607289354868567
 0.02389332475071055
 0.006607289354868567
 0.006607289354868567
 0.006607289354868567
 0.0006472734483504266
 0.01615676555305566
 0.01615676555305566
 0.006607289354868567
 0.006607289354868567
 0.006607289354868567
 0.02389332475071055
 0.006607289354868567
 0.006607289354868567
 0.006607289354868567
 0.0006472734483504266
 0.01615676555305566
 0.01615676555305566
 0.006607289354868567
 0.006607289354868567
 0.006607289354868567
 0.02389332475071055
 0.006607289354868567
 0.006607289354868567
 0.006607289354868567
 0.0006472734483504266
 0.01615676555305566
