# Created by Octave 3.2.4, Wed Feb 06 12:33:10 2013 EST <rbom@zaphod>
# name: small_First_Fit
# type: matrix
# ndims: 3
 1 10 30
 8.99820819414609e-08
 3.859324733252973e-07
 2.866265605258655e-08
 8.359324036128589e-08
 1.03696894041243e-08
 2.206283543333577e-07
 5.342855191939364e-09
 1.00404325592676e-07
 3.807508043384828e-06
 6.623506298991551e-09
 2.694973465936699e-07
 1.269013089349962e-06
 0.0004585903483026147
 1.499219890005813e-06
 2.524238626856703e-05
 6.895304123071073e-06
 1.790176911396303e-05
 8.553789152960903e-05
 7.275879515034305e-05
 1.001419991412605e-07
 2.780897234242767e-06
 3.859324733252973e-07
 0.0004585903483026147
 1.499219890005813e-06
 2.524238626856703e-05
 0.0002900405001632628
 0.001495939193752503
 0.0002829031405889098
 7.275879515034305e-05
 2.249551902003372e-06
 1.939560912190613e-05
 3.103100420975933e-05
 0.0004832445894202421
 0.0002680671880963374
 0.0005640222447303058
 0.001348204633373391
 0.01573278587459878
 0.0002829031405889098
 0.000189170051186361
 2.973961733027841e-05
 1.939560912190613e-05
 0.000371877039555383
 0.0004585903483026147
 0.0002680671880963374
 0.0005640222447303058
 0.003097132638020564
 0.01573278587459878
 0.005257417253764278
 0.0009111256851040062
 2.973961733027841e-05
 5.697739782653132e-05
 0.000371877039555383
 0.0004585903483026147
 0.0002680671880963374
 0.0005640222447303058
 0.003097132638020564
 0.01573278587459878
 0.006372786299676403
 0.0009111256851040062
 3.044557149251384e-05
 0.0001157502084668537
 0.002605449964597128
 0.0004832445894202421
 0.0002680671880963374
 0.003639469968003098
 0.003097132638020564
 0.01573278587459878
 0.00651904282984416
 0.002929902589309029
 0.0003922029175343735
 0.0003355396252891135
 0.002605449964597128
 0.0005658901002403681
 0.0002680671880963374
 0.008069795025726353
 0.004453804935231965
 0.01573278587459878
 0.01133543427748957
 0.002929902589309029
 0.0003922029175343735
 0.0003355396252891135
 0.00767978463422902
 0.003225628616670433
 0.000531221385050889
 0.008069795025726353
 0.00790397552679171
 0.01770217449073706
 0.01133543427748957
 0.004777158443946706
 0.0003922029175343735
 0.0003355396252891135
 0.009821208232881899
 0.003225628616670433
 0.0003883202121809802
 0.007754853449463814
 0.008124609035592185
 0.01573278587459878
 0.01133543427748957
 0.003819857691817498
 0.002143642551527314
 0.0005784283993669749
 0.009821208232881899
 0.003225628616670433
 0.0003883202121809802
 0.007754853449463814
 0.009562737699515539
 0.01770217449073706
 0.01977408878733714
 0.002929902589309029
 0.002143642551527314
 0.000367402768170855
 0.01333407991466343
 0.007629001016359427
 0.000531221385050889
 0.007754853449463814
 0.008124609035592185
 0.01770217449073706
 0.01977408878733714
 0.009728569803809827
 0.00559503458591354
 0.001429262300652942
 0.01333407991466343
 0.01820772389605066
 0.0003883202121809802
 0.007754853449463814
 0.01398375456104415
 0.01770217449073706
 0.01977408878733714
 0.0111736606634059
 0.007063731197669889
 0.008569405539102586
 0.009821208232881899
 0.01820772389605066
 0.0003883202121809802
 0.007754853449463814
 0.0192643436623886
 0.01770217449073706
 0.05080195376333726
 0.01573278587459878
 0.007063731197669889
 0.008569405539102586
 0.01583191731723805
 0.01820772389605066
 0.0003883202121809802
 0
 0.0192643436623886
 0.01770217449073706
 0.05080195376333726
 0.01573278587459878
 0.01557047974768863
 0.008569405539102586
 0.01583191731723805
 0.01820772389605066
 0.0003883202121809802
 0
 0.0192643436623886
 0.01977408878733714
 0.05080195376333726
 0.01573278587459878
 0.01557047974768863
 0.01440759334134347
 0.01947809676091081
 0.01835873653444591
 0.0003883202121809802
 0
 0.0192643436623886
 0.01977408878733714
 0.05376244175646494
 0.01573278587459878
 0.01557047974768863
 0.01973275046764374
 0.02661621965304939
 0.02289625275269489
 0.000531221385050889
 0
 0.02010232698132224
 0.01573278587459878
 0.05080195376333726
 0.01573278587459878
 0.05801045880971907
 0.01973275046764374
 0.02661621965304939
 0.02289625275269489
 0.000531221385050889
 0
 0.02010232698132224
 0.01573278587459878
 0.05080195376333726
 0.01573278587459878
 0.05801045880971907
 0.01440759334134347
 0.02661621965304939
 0.01820772389605066
 0.0009101377015240252
 0
 0.0192643436623886
 0.01573278587459878
 0.05080195376333726
 0.01573278587459878
 0.05801045880971907
 0.01973275046764374
 0.02661621965304939
 0.0305446852043195
 0.001340264325211686
 0
 0.0192643436623886
 0.01573278587459878
 0.05080195376333726
 0
 0.05801045880971907
 0.0328164978563717
 0.01947809676091081
 0.0305446852043195
 0.0009101377015240252
 0
 0.0192643436623886
 0.01573278587459878
 0.05080195376333726
 0
 0.05801045880971907
 0.04558521108339771
 0.02289625275269489
 0.0305446852043195
 0.0003883202121809802
 0
 0.0192643436623886
 0
 0.05080195376333726
 0
 0.05801045880971907
 0.04558521108339771
 0.02139064572834745
 0.0305446852043195
 0.001340264325211686
 0
 0.0192643436623886
 0
 0
 0
 0.05801045880971907
 0.07823483339689855
 0.02139064572834745
 0.02289625275269489
 0.001340264325211686
 0
 0
 0
 0
 0
 0
 0.05801045880971907
 0.02139064572834745
 0.0305446852043195
 0.002811300381084465
 0
 0
 0
 0
 0
 0
 0.05801045880971907
 0.02139064572834745
 0.0305446852043195
 0.002811300381084465
 0
 0
 0
 0
 0
 0
 0.05801045880971907
 0.02139064572834745
 0.0305446852043195
 0.002811300381084465
 0
 0
 0
 0
 0
 0
 0.05801045880971907
 0.03321951261692169
 0.0305446852043195
 0.002811300381084465
 0
 0
 0
 0
 0
 0
 0.05801045880971907
 0.03321951261692169
 0.0305446852043195
 0.005581870781139896
 0
 0
 0
 0
 0
 0
