# Created by Octave 3.2.4, Tue Feb 05 09:44:00 2013 EST <rbom@zaphod>
# name: small_First_Fit
# type: matrix
# ndims: 3
 1 10 30
 3.328768610522754e-20
 1.890851203299825e-19
 1.60842993442381e-13
 5.734596162823784e-14
 8.724965592247313e-16
 4.265244412098078e-18
 3.929115896033981e-15
 7.698071339528227e-16
 8.672909588138832e-15
 8.153333995635693e-17
 3.208331667601676e-16
 8.197172535732232e-12
 4.87630725965345e-12
 7.39482073848771e-10
 4.359554640922767e-13
 4.265244412098078e-18
 3.266680314427098e-09
 7.698071339528227e-16
 1.699338498057125e-10
 1.921557059304897e-11
 1.766890572752246e-12
 8.364033979112247e-09
 5.110306222008717e-11
 8.073399389733766e-09
 3.356421419465883e-11
 8.936831299529521e-16
 1.249131363067306e-07
 1.157614395130128e-13
 6.099055536974413e-08
 1.921557059304897e-11
 4.51643929660874e-11
 1.738449294719726e-05
 1.533402373834827e-09
 8.073399389733766e-09
 7.68907849042094e-08
 2.859513556824069e-13
 1.73960658258742e-05
 3.700890252950632e-11
 9.432695303703039e-07
 1.921557059304897e-11
 5.428295181052383e-10
 0.0002765068438803339
 3.611338210302796e-08
 8.073399389733766e-09
 2.04819929671054e-06
 2.859513556824069e-13
 0.0001408548707413827
 6.055504701646236e-08
 1.053503045386324e-05
 1.921557059304897e-11
 8.851351447520704e-09
 0.0002765068438803339
 3.962760910472241e-07
 8.073399389733766e-09
 2.04819929671054e-06
 5.51163583187873e-09
 0.0001408548707413827
 3.837465194783355e-07
 1.420642668027517e-06
 2.991284805180065e-09
 1.043338511566261e-07
 0.0002765068438803339
 9.048498023541903e-06
 1.932340267589263e-08
 8.174623032270377e-05
 2.738220343349548e-08
 0.0002929682210444212
 3.837465194783355e-07
 9.432695303703039e-07
 2.991284805180065e-09
 2.644491493764706e-06
 0.0002765068438803339
 9.048498023541903e-06
 4.751549866069623e-05
 0.001685964651315369
 1.530268327018704e-07
 0.0002929682210444212
 3.837465194783355e-07
 9.84012544847696e-07
 2.991284805180065e-09
 2.644491493764706e-06
 0.0002765068438803339
 9.048498023541903e-06
 4.751549866069623e-05
 0.001685964651315369
 1.530268327018704e-07
 0.0002929682210444212
 3.837465194783355e-07
 9.432695303703039e-07
 9.84012544847696e-07
 2.644491493764706e-06
 0.0002765068438803339
 0.0002339089192765447
 4.751549866069623e-05
 0.001685964651315369
 6.699012566783195e-07
 0.001685964651315369
 1.030157680856e-05
 9.432695303703039e-07
 9.84012544847696e-07
 0.0001235115969541474
 0.0002765068438803339
 0.0002339089192765447
 4.751549866069623e-05
 0.001685964651315369
 6.699012566783195e-07
 0.0002929682210444212
 1.435105503777798e-05
 4.714589445513551e-05
 9.84012544847696e-07
 0.0001235115969541474
 0
 0.0002339089192765447
 4.751549866069623e-05
 0.001685964651315369
 6.699012566783195e-07
 0.0002929682210444212
 1.435105503777798e-05
 4.714589445513551e-05
 9.84012544847696e-07
 0.001685964651315369
 0
 0.0002339089192765447
 4.751549866069623e-05
 0.001685964651315369
 6.699012566783195e-07
 0.0002929682210444212
 1.435105503777798e-05
 4.714589445513551e-05
 9.84012544847696e-07
 0.001685964651315369
 0
 0.0002339089192765447
 4.751549866069623e-05
 0.001685964651315369
 6.699012566783195e-07
 0.001685964651315369
 1.435105503777798e-05
 4.714589445513551e-05
 9.84012544847696e-07
 0.001685964651315369
 0
 0.0002339089192765447
 0
 0
 6.699012566783195e-07
 0.001685964651315369
 1.435105503777798e-05
 4.714589445513551e-05
 9.84012544847696e-07
 0.001685964651315369
 0
 0.0002339089192765447
 0
 0
 6.699012566783195e-07
 0.001685964651315369
 1.435105503777798e-05
 4.714589445513551e-05
 0
 0.001685964651315369
 0
 0
 0
 0
 0
 0.001685964651315369
 1.435105503777798e-05
 4.714589445513551e-05
 0
 0.001685964651315369
 0
 0
 0
 0
 0
 0.001685964651315369
 0
 0
 0
 0.001685964651315369
 0
 0
 0
 0
 0
 0.001685964651315369
 0
 0
 0
 0
 0
 0
 0
 0
 0
 0.001685964651315369
 0
 0
 0
 0
 0
 0
 0
 0
 0
 0
 0
 0
 0
 0
 0
 0
 0
 0
 0
 0
 0
 0
 0
 0
 0
 0
 0
 0
 0
 0
 0
 0
 0
 0
 0
 0
 0
 0
 0
 0
 0
 0
 0
 0
 0
 0
 0
 0
 0
 0
 0
 0
 0
 0
 0
 0
 0
 0
 0
 0
 0
 0
 0
 0
 0
 0
 0
 0
 0
 0
 0
 0
 0
 0
 0
 0
 0
 0
 0
 0
 0
 0
 0
 0
 0
 0
 0
 0
 0
 0
 0
 0
 0
 0
 0
 0
 0
 0
 0
 0
 0
 0
 0
