# Created by Octave 3.2.4, Tue Feb 05 08:58:59 2013 EST <rbom@zaphod>
# name: small_First_Fit
# type: matrix
# ndims: 3
 1 10 30
 1.574141495304352e-12
 1.552059690112411e-13
 1.601637555404712e-12
 4.424178793437027e-08
 9.076060280328351e-18
 9.046108186364135e-11
 2.428757558970419e-13
 3.759210977802083e-12
 2.100270325272665e-18
 1.962976978190871e-09
 1.425797778095045e-10
 3.367536899064218e-10
 2.379272285749603e-10
 6.607331915065083e-06
 1.333677134335804e-15
 3.070161738234709e-09
 5.131398017622066e-11
 1.435396904788195e-08
 2.403714200895785e-17
 3.619636030307628e-07
 1.425797778095045e-10
 6.553396077558627e-07
 4.848482267316642e-06
 7.897559397374345e-05
 2.667450840362494e-13
 3.070161738234709e-09
 2.208168390411172e-08
 2.170469122357308e-06
 3.212592072916444e-14
 3.619636030307628e-07
 1.425797778095045e-10
 6.553396077558627e-07
 4.848482267316642e-06
 6.083488925814993e-05
 4.230450029435374e-11
 1.399714227298572e-07
 2.250056908629055e-08
 2.905063086590012e-05
 6.069819560724976e-14
 1.702584986111862e-05
 3.979654490390748e-07
 6.553396077558627e-07
 3.287413600967338e-05
 6.083488925814993e-05
 1.617514924129738e-09
 1.399714227298572e-07
 5.461724657141503e-05
 2.905063086590012e-05
 5.951053341094372e-12
 1.702584986111862e-05
 3.979654490390748e-07
 6.553396077558627e-07
 2.062042094879141e-05
 6.083488925814993e-05
 1.749414358489599e-09
 2.24661038875725e-07
 6.083488925814993e-05
 2.905063086590012e-05
 5.30679051232344e-10
 1.702584986111862e-05
 2.420955536590004e-06
 8.040808069560446e-07
 0.005271597828787908
 0.0005818107811995873
 6.658262877088832e-08
 2.24661038875725e-07
 6.083488925814993e-05
 0.0001205116738201571
 5.728055446151505e-08
 1.702584986111862e-05
 0.0002247403282702292
 8.040808069560446e-07
 0.005271597828787908
 0.0005818107811995873
 6.658262877088832e-08
 2.24661038875725e-07
 6.083488925814993e-05
 0.0001205116738201571
 5.728055446151505e-08
 1.702584986111862e-05
 0.0002247403282702292
 8.040808069560446e-07
 0.005271597828787908
 0.0005818107811995873
 6.658262877088832e-08
 2.953365542671845e-06
 0.0002294650807804043
 0.0001205116738201571
 2.174738402471577e-06
 1.702584986111862e-05
 0.0002247403282702292
 8.040808069560446e-07
 0.01051873915657647
 0.0005818107811995873
 6.658262877088832e-08
 2.953365542671845e-06
 0.0002294650807804043
 0.001459485778215749
 2.174738402471577e-06
 0.0001593762119606991
 0.000625664793810482
 8.040808069560446e-07
 0.01051873915657647
 0.0005818107811995873
 1.853422610718896e-05
 2.953365542671845e-06
 0.0002294650807804043
 0.01336651926825179
 2.174738402471577e-06
 0.0008693768843858453
 0.0002247403282702292
 4.012943858334932e-06
 0.01051873915657647
 0.02006625946020529
 1.853422610718896e-05
 2.953365542671845e-06
 0.0002294650807804043
 0.01336651926825179
 0.001923057622128932
 0.0008693768843858453
 0.02006625946020529
 0.001923057622128932
 0.01051873915657647
 0.02006625946020529
 1.853422610718896e-05
 2.953365542671845e-06
 0.0005818107811995873
 0.01336651926825179
 0.001923057622128932
 0.006273065902383439
 0.02006625946020529
 0.001923057622128932
 0.01051873915657647
 0.02006625946020529
 0.001923057622128932
 2.953365542671845e-06
 0.0002294650807804043
 0.01336651926825179
 0.001923057622128932
 0.006273065902383439
 0.02006625946020529
 0.001923057622128932
 0.02006625946020529
 0.02006625946020529
 0.001923057622128932
 0.001459485778215749
 0.0002294650807804043
 0.01336651926825179
 0.006273065902383439
 0.006273065902383439
 0.02006625946020529
 0.001923057622128932
 0.02006625946020529
 0.02006625946020529
 0.001923057622128932
 0.01336651926825179
 0.006273065902383439
 0.01336651926825179
 0.02006625946020529
 0.006273065902383439
 0.02006625946020529
 0.001923057622128932
 0.02006625946020529
 0.02006625946020529
 0.001923057622128932
 0.01336651926825179
 0.006273065902383439
 0.02006625946020529
 0.006273065902383439
 0.006273065902383439
 0.02006625946020529
 0.001923057622128932
 0.02006625946020529
 0.02006625946020529
 0.001923057622128932
 0.01336651926825179
 0.006273065902383439
 0.01336651926825179
 0.006273065902383439
 0.006273065902383439
 0.02006625946020529
 0.001923057622128932
 0.02006625946020529
 0
 0.006273065902383439
 0.01336651926825179
 0.006273065902383439
 0.01336651926825179
 0.006273065902383439
 0.006273065902383439
 0
 0
 0.02006625946020529
 0
 0.006273065902383439
 0.01336651926825179
 0.006273065902383439
 0.01336651926825179
 0.02006625946020529
 0
 0
 0
 0.02006625946020529
 0
 0.006273065902383439
 0.01336651926825179
 0.006273065902383439
 0.01336651926825179
 0.02006625946020529
 0
 0
 0
 0
 0
 0.006273065902383439
 0.01336651926825179
 0.02006625946020529
 0.01336651926825179
 0.02006625946020529
 0
 0
 0
 0
 0
 0.006273065902383439
 0
 0.02006625946020529
 0.01336651926825179
 0.02006625946020529
 0
 0
 0
 0
 0
 0.006273065902383439
 0
 0.02006625946020529
 0
 0.02006625946020529
 0
 0
 0
 0
 0
 0.02006625946020529
 0
 0.02006625946020529
 0
 0.02006625946020529
 0
 0
 0
 0
 0
 0.02006625946020529
 0
 0.02006625946020529
 0
 0.02006625946020529
 0
 0
 0
 0
 0
 0.02006625946020529
 0
 0.02006625946020529
 0
 0
 0
 0
 0
 0
 0
 0.02006625946020529
 0
 0.02006625946020529
 0
 0
 0
 0
 0
 0
 0
 0.02006625946020529
 0
 0
 0
 0
 0
 0
 0
 0
 0
 0.006273065902383439
 0
 0
 0
 0
 0
