# Created by Octave 3.2.4, Wed Feb 06 05:32:42 2013 EST <rbom@zaphod>
# name: small_First_Fit
# type: matrix
# ndims: 3
 1 10 30
 3.03713677224714e-08
 2.260624338764062e-13
 4.893117887255357e-12
 1.350032084828181e-13
 9.633121086413587e-14
 7.774424086283515e-11
 1.212368842404886e-10
 2.123830635109973e-11
 1.166120499238212e-11
 2.938368681182309e-10
 1.843731012399662e-05
 1.651132150306394e-09
 3.251544384432889e-10
 6.679767007262513e-08
 3.752476783999367e-12
 5.182242399838765e-09
 2.446246655621392e-09
 2.641853670044871e-10
 3.134372960986102e-08
 1.130769771347886e-07
 1.843731012399662e-05
 1.095106513952598e-08
 2.40453979355009e-07
 1.008483689293902e-06
 4.065559885601995e-12
 8.803885360869267e-08
 1.994718418108386e-08
 1.402294620648554e-08
 2.642506986501969e-07
 2.052448868997185e-06
 3.806981210050282e-05
 2.159731085614218e-07
 0.0001176218259433922
 1.008483689293902e-06
 1.88341883310684e-10
 8.803885360869267e-08
 3.272876191697898e-07
 5.612564185089446e-05
 2.642506986501969e-07
 4.56466963544714e-06
 3.806981210050282e-05
 4.549452030239533e-07
 0.0002858460530952551
 4.341123165144312e-06
 1.88341883310684e-10
 8.803885360869267e-08
 1.313206440739319e-06
 5.612564185089446e-05
 1.447728971790342e-06
 4.56466963544714e-06
 0.0001116662526870125
 4.549452030239533e-07
 0.0002858460530952551
 4.994210929856024e-05
 1.447647596218543e-09
 3.189694916388292e-06
 2.14343017576602e-05
 5.612564185089446e-05
 0.0002427454124127568
 8.488471826523333e-06
 0.0001116662526870125
 8.495844340638672e-06
 0.0002858460530952551
 7.837960708121736e-05
 4.290809439443354e-09
 3.189694916388292e-06
 2.14343017576602e-05
 0.0001068450990883123
 0.0002427454124127568
 8.488471826523333e-06
 0.0001116662526870125
 6.541704202864805e-05
 0.002631385695391956
 0.0003673076883710148
 6.675215031911469e-08
 3.189694916388292e-06
 0.000496434802560946
 0.0002178763031523333
 0.0002427454124127568
 8.488471826523333e-06
 0.000897923624835965
 6.541704202864805e-05
 0.002631385695391956
 0.0007504652002156322
 1.378657666162066e-06
 3.189694916388292e-06
 0.000496434802560946
 0.0002178763031523333
 0.003887004166816593
 1.991487184387192e-05
 0.003590140044759583
 6.541704202864805e-05
 0.002631385695391956
 0.0007504652002156322
 1.378657666162066e-06
 2.400850446390644e-05
 0.01720373305666354
 0.0008492293287083624
 0.003887004166816593
 1.057580192507543e-05
 0.003590140044759583
 6.541704202864805e-05
 0.002631385695391956
 0.00397280428608276
 2.660400745604794e-06
 0.0001926268522191693
 0.01720373305666354
 0.0008492293287083624
 0.003887004166816593
 0.0001326326438568529
 0.003590140044759583
 6.541704202864805e-05
 0.002631385695391956
 0.00397280428608276
 2.660400745604794e-06
 0.0001926268522191693
 0.01720373305666354
 0.0008492293287083624
 0.003887004166816593
 0.002272011801923356
 0.003590140044759583
 6.541704202864805e-05
 0.002631385695391956
 0.00397280428608276
 1.378657666162066e-06
 0.001137196486695674
 0.01720373305666354
 0.002272011801923356
 0.003887004166816593
 0.002272011801923356
 0.003590140044759583
 6.541704202864805e-05
 0.002631385695391956
 0.00397280428608276
 1.378657666162066e-06
 0.001137196486695674
 0.01720373305666354
 0.002272011801923356
 0.003887004166816593
 0.002272011801923356
 0.003590140044759583
 0
 0
 0.00397280428608276
 0.0004767957776013035
 0.001137196486695674
 0.01720373305666354
 0.002272011801923356
 0.003887004166816593
 0.002272011801923356
 0.003590140044759583
 0
 0
 0.00397280428608276
 0.0004767957776013035
 0.001137196486695674
 0.01720373305666354
 0.002272011801923356
 0
 0.002272011801923356
 0
 0
 0
 0.00397280428608276
 0.01291620188572655
 0.001137196486695674
 0
 0.002272011801923356
 0
 0.002272011801923356
 0
 0
 0
 0
 0.01291620188572655
 0.002416693506018508
 0
 0.002272011801923356
 0
 0.002272011801923356
 0
 0
 0
 0
 0.01291620188572655
 0.002416693506018508
 0
 0.002272011801923356
 0
 0
 0
 0
 0
 0
 0.01291620188572655
 0.002416693506018508
 0
 0
 0
 0
 0
 0
 0
 0
 0.01291620188572655
 0.002416693506018508
 0
 0
 0
 0
 0
 0
 0
 0
 0.01291620188572655
 0.002416693506018508
 0
 0
 0
 0
 0
 0
 0
 0
 0.01291620188572655
 0.002416693506018508
 0
 0
 0
 0
 0
 0
 0
 0
 0
 0.002416693506018508
 0
 0
 0
 0
 0
 0
 0
 0
 0
 0
 0
 0
 0
 0
 0
 0
 0
 0
 0
 0
 0
 0
 0
 0
 0
 0
 0
 0
 0
 0
 0
 0
 0
 0
 0
 0
 0
 0
 0
 0
 0
 0
 0
 0
 0
 0
 0
 0
 0
 0
 0
 0
 0
 0
 0
 0
 0
 0
 0
 0
 0
 0
 0
 0
