# Created by Octave 3.2.4, Mon Feb 04 21:31:59 2013 EST <rbom@zaphod>
# name: small_First_Fit
# type: matrix
# ndims: 3
 1 10 30
 5.263010459198464e-14
 6.606842906004451e-13
 7.70834814421871e-11
 1.309735218881514e-19
 1.960044460907465e-14
 3.665995411975762e-17
 1.361973749588135e-16
 2.984054616498608e-16
 4.667196621498037e-19
 3.43793974257962e-16
 5.263010459198464e-14
 4.599427316451412e-10
 1.368022462554191e-07
 3.826944556836192e-17
 1.960044460907465e-14
 4.988198412623602e-13
 9.28122302518591e-14
 6.844362023389826e-12
 2.41065912030377e-16
 8.258353594870071e-14
 6.92386392047191e-12
 4.599427316451412e-10
 1.507583069439506e-05
 3.826944556836192e-17
 2.075843974749046e-10
 4.094487528339708e-11
 3.184339145701814e-11
 6.844362023389826e-12
 7.210571898244156e-12
 8.258353594870071e-14
 6.92386392047191e-12
 4.599427316451412e-10
 1.507583069439506e-05
 8.953063299021997e-14
 2.075843974749046e-10
 1.828700911239696e-08
 6.818798290524369e-09
 2.918653725579468e-10
 4.677258604110719e-10
 6.815806598958105e-12
 4.708748440034206e-09
 4.599427316451412e-10
 1.507583069439506e-05
 8.953063299021997e-14
 2.752985173294171e-08
 2.597553323604986e-06
 0.0001190292005699929
 7.266597300596212e-10
 4.677258604110719e-10
 3.51467969510588e-09
 3.546556238859252e-07
 8.379197303541002e-06
 0.0008099097142444277
 8.953063299021997e-14
 2.230024365839339e-06
 2.597553323604986e-06
 0.0001190292005699929
 1.191657334924363e-09
 4.677258604110719e-10
 3.51467969510588e-09
 3.546556238859252e-07
 8.379197303541002e-06
 0.0008099097142444277
 1.074327980629225e-09
 8.860311495323036e-05
 0.0001604868705898257
 0.0001190292005699929
 1.191657334924363e-09
 8.8628153662895e-06
 5.661228234522173e-07
 3.546556238859252e-07
 8.379197303541002e-06
 0.0008099097142444277
 1.496681587872427e-07
 2.230024365839339e-06
 0.006020276027717115
 0.0001190292005699929
 1.191657334924363e-09
 8.8628153662895e-06
 0.0001604868705898257
 3.546556238859252e-07
 0.0006963655535691748
 0.0008099097142444277
 1.496681587872427e-07
 0.0001604868705898257
 0.006020276027717115
 0.0009601166200162479
 2.860841131040309e-08
 8.8628153662895e-06
 0.006020276027717115
 3.546556238859252e-07
 0.0006963655535691748
 0.0008099097142444277
 6.953597560860432e-07
 0.006020276027717115
 0.006020276027717115
 0.0009601166200162479
 8.049370975548354e-07
 8.8628153662895e-06
 0.006020276027717115
 3.546556238859252e-07
 0.0006963655535691748
 0.0008099097142444277
 1.496681587872427e-07
 0.0001604868705898257
 0.006020276027717115
 0.0009601166200162479
 3.833818401982655e-05
 8.8628153662895e-06
 0.006020276027717115
 3.546556238859252e-07
 0.0006963655535691748
 0.0008099097142444277
 1.496681587872427e-07
 0.0001604868705898257
 0.006020276027717115
 0.0009601166200162479
 0.0006963655535691748
 8.8628153662895e-06
 0.006020276027717115
 0
 0.0006963655535691748
 0
 1.496681587872427e-07
 0.0001604868705898257
 0.006020276027717115
 0.0009601166200162479
 0.0006963655535691748
 8.8628153662895e-06
 0.006020276027717115
 0
 0.0006963655535691748
 0
 1.496681587872427e-07
 0.006020276027717115
 0.006020276027717115
 0.0009601166200162479
 0.0006963655535691748
 0
 0.006020276027717115
 0
 0.0006963655535691748
 0
 1.309346983983044e-05
 0.006020276027717115
 0
 0.0009601166200162479
 0.0006963655535691748
 0
 0.006020276027717115
 0
 0
 0
 1.309346983983044e-05
 0.006020276027717115
 0
 0
 0.0006963655535691748
 0
 0
 0
 0
 0
 1.309346983983044e-05
 0.006020276027717115
 0
 0
 0.0006963655535691748
 0
 0
 0
 0
 0
 1.309346983983044e-05
 0.006020276027717115
 0
 0
 0.0006963655535691748
 0
 0
 0
 0
 0
 1.309346983983044e-05
 0.006020276027717115
 0
 0
 0
 0
 0
 0
 0
 0
 1.309346983983044e-05
 0.006020276027717115
 0
 0
 0
 0
 0
 0
 0
 0
 1.309346983983044e-05
 0
 0
 0
 0
 0
 0
 0
 0
 0
 0
 0
 0
 0
 0
 0
 0
 0
 0
 0
 0
 0
 0
 0
 0
 0
 0
 0
 0
 0
 0
 0
 0
 0
 0
 0
 0
 0
 0
 0
 0
 0
 0
 0
 0
 0
 0
 0
 0
 0
 0
 0
 0
 0
 0
 0
 0
 0
 0
 0
 0
 0
 0
 0
 0
 0
 0
 0
 0
 0
 0
 0
 0
 0
 0
 0
 0
 0
 0
 0
 0
 0
 0
 0
 0
 0
 0
 0
 0
 0
 0
 0
 0
 0
 0
 0
 0
