# Created by Octave 3.2.4, Thu Feb 07 04:28:19 2013 EST <rbom@zaphod>
# name: small_First_Fit
# type: matrix
# ndims: 3
 1 10 30
 3.376926759980826e-19
 5.146764970759552e-15
 1.97306846879207e-16
 8.379049379312494e-12
 2.77635003647516e-13
 9.267678042947536e-15
 5.767834286013238e-14
 1.050279728253001e-09
 8.97132106374375e-17
 4.227559311942634e-16
 1.587955045951563e-13
 1.898536139623979e-13
 2.309805376939572e-14
 8.801861664047181e-10
 1.445868205572572e-10
 4.331753803973851e-09
 2.114044105581018e-11
 1.050279728253001e-09
 1.314338036863086e-13
 4.227559311942634e-16
 2.810332275606693e-09
 4.315731453346983e-07
 1.178070792867564e-11
 2.7428913993284e-07
 4.003586001431546e-08
 4.331753803973851e-09
 5.313582031590779e-09
 4.94022389999064e-08
 4.875371526944389e-11
 3.609374072652418e-15
 1.507201456580081e-07
 2.249112301171747e-05
 2.107687055413849e-07
 6.357449924006927e-06
 3.335563400621588e-07
 3.501066352896774e-06
 3.158282684679982e-08
 3.836945419171005e-06
 7.08273730218006e-09
 1.587578270214867e-12
 4.608663459713231e-05
 8.378252953384342e-05
 1.274930716754996e-06
 6.357449924006927e-06
 1.458994113070084e-06
 0.0001769333464380375
 3.858847760962953e-08
 0.0001584263712688984
 4.156030105661437e-07
 8.788844466318738e-09
 0.00023161849056809
 8.378252953384342e-05
 5.093694535479328e-05
 0.0003006043036197241
 1.458994113070084e-06
 0.0001769333464380375
 1.270262566766341e-06
 0.0001584263712688984
 7.464808351498998e-05
 8.788844466318738e-09
 0.00023161849056809
 8.378252953384342e-05
 0.007026358965480098
 0.0003006043036197241
 6.828612050561035e-06
 0.0001769333464380375
 7.809425723181719e-06
 0.006802486308424859
 0.007026358965480098
 1.286776483600651e-05
 0.00023161849056809
 8.378252953384342e-05
 0.007026358965480098
 0.007740257109853191
 2.707941050228627e-05
 0.0001769333464380375
 4.30782727134303e-06
 0.006802486308424859
 0.007026358965480098
 1.286776483600651e-05
 0.00023161849056809
 8.378252953384342e-05
 0.007026358965480098
 0.007740257109853191
 2.707941050228627e-05
 0.0001769333464380375
 0.0001769333464380375
 0.006802486308424859
 0.007026358965480098
 1.286776483600651e-05
 0.00023161849056809
 8.378252953384342e-05
 0.007026358965480098
 0.007740257109853191
 2.707941050228627e-05
 0.0001769333464380375
 6.531726014031204e-05
 0.006802486308424859
 0.007026358965480098
 1.286776483600651e-05
 0.00023161849056809
 0.0163648002249637
 0.007026358965480098
 0.01345217109340324
 0.007599895477995025
 0.0001769333464380375
 0.0001769333464380375
 0.007026358965480098
 0.007026358965480098
 1.286776483600651e-05
 0.00023161849056809
 0.0163648002249637
 0.007026358965480098
 0.007908523699866301
 0.007599895477995025
 0
 0.0001769333464380375
 0.006802486308424859
 0.007026358965480098
 0.0006220212076905994
 0
 0.0163648002249637
 0.007026358965480098
 0.01345217109340324
 0.007599895477995025
 0
 0.0001769333464380375
 0.006802486308424859
 0.007026358965480098
 0.0006220212076905994
 0
 0.0163648002249637
 0
 0.01345217109340324
 0.007599895477995025
 0
 0.0001769333464380375
 0.007908523699866301
 0
 0.0006220212076905994
 0
 0.0163648002249637
 0
 0.01345217109340324
 0.007599895477995025
 0
 0.0001769333464380375
 0.007908523699866301
 0
 0.0006220212076905994
 0
 0.0163648002249637
 0
 0.01345217109340324
 0.0163648002249637
 0
 0.0001769333464380375
 0.006802486308424859
 0
 0.0006220212076905994
 0
 0.0163648002249637
 0
 0.01345217109340324
 0.0163648002249637
 0
 0.0001769333464380375
 0.006802486308424859
 0
 0.0006220212076905994
 0
 0
 0
 0.01345217109340324
 0.0163648002249637
 0
 0
 0.006802486308424859
 0
 0.0006220212076905994
 0
 0
 0
 0.01345217109340324
 0.0163648002249637
 0
 0
 0.007908523699866301
 0
 0
 0
 0
 0
 0
 0.0163648002249637
 0
 0
 0.006802486308424859
 0
 0
 0
 0
 0
 0
 0.0163648002249637
 0
 0
 0.006802486308424859
 0
 0
 0
 0
 0
 0
 0.0163648002249637
 0
 0
 0.006802486308424859
 0
 0
 0
 0
 0
 0
 0
 0
 0
 0.006802486308424859
 0
 0
 0
 0
 0
 0
 0
 0
 0
 0.006802486308424859
 0
 0
 0
 0
 0
 0
 0
 0
 0
 0.006802486308424859
 0
 0
 0
 0
 0
 0
 0
 0
 0
 0
 0
 0
 0
 0
 0
 0
 0
 0
 0
 0
 0
 0
 0
 0
 0
 0
 0
 0
 0
 0
 0
 0
 0
 0
 0
 0
 0
 0
 0
 0
 0
 0
 0
 0
 0
 0
 0
 0
 0
 0
 0
 0
