# Created by Octave 3.2.4, Tue Feb 05 15:23:00 2013 EST <rbom@zaphod>
# name: small_First_Fit
# type: matrix
# ndims: 3
 1 10 30
 9.866779600930777e-14
 1.699103049384155e-16
 5.712442735452833e-18
 5.214079600297233e-16
 8.551150942406125e-17
 5.430160932160404e-19
 2.36335926073313e-11
 1.454308279811762e-12
 2.914284215101459e-15
 1.438487949118201e-14
 2.658273153269379e-11
 2.371033188231813e-13
 1.425615742017141e-14
 8.640454807993481e-14
 2.72824601540407e-12
 3.708431045167782e-13
 1.941040146320391e-09
 2.510435610651182e-10
 5.885620425096902e-13
 2.835306770922431e-11
 1.304468561854827e-10
 4.52708253608495e-11
 2.901353966986465e-12
 8.640454807993481e-14
 5.344617689900187e-09
 3.708431045167782e-13
 4.359966777028302e-08
 4.017778080346967e-08
 5.129042512995697e-12
 3.674234347396437e-08
 2.267987126346631e-08
 2.007583189433025e-09
 3.381025424775212e-09
 1.024531286157043e-11
 6.613638708354444e-06
 9.874453790052255e-09
 4.359966777028302e-08
 6.862030604815128e-05
 1.603886533596824e-10
 7.198585015139012e-06
 2.267987126346631e-08
 2.007583189433025e-09
 3.911949119539065e-07
 1.024531286157043e-11
 6.613638708354444e-06
 2.542920590751597e-07
 4.359966777028302e-08
 6.862030604815128e-05
 1.603886533596824e-10
 0.0001800484791792093
 3.204843014436487e-07
 2.007583189433025e-09
 3.911949119539065e-07
 1.141074199905572e-08
 6.613638708354444e-06
 2.542920590751597e-07
 1.819226928280821e-05
 6.862030604815128e-05
 7.221076503304209e-09
 0.0001800484791792093
 3.204843014436487e-07
 2.007583189433025e-09
 5.498232953648489e-05
 1.979671301476873e-07
 6.613638708354444e-06
 2.542920590751597e-07
 1.819226928280821e-05
 0.001488291200396532
 2.167095810275565e-06
 0.0001800484791792093
 3.204843014436487e-07
 2.007583189433025e-09
 0.001926571845846876
 1.141074199905572e-08
 6.613638708354444e-06
 2.542920590751597e-07
 1.819226928280821e-05
 0.001488291200396532
 6.3645172075824e-05
 0.0001800484791792093
 3.266584888378774e-07
 2.007583189433025e-09
 0.001926571845846876
 6.079682865477786e-07
 6.613638708354444e-06
 2.542920590751597e-07
 1.819226928280821e-05
 0.001488291200396532
 6.3645172075824e-05
 0.003576203497283232
 3.266584888378774e-07
 1.082752385454293e-06
 0.001926571845846876
 1.05471509499115e-05
 6.613638708354444e-06
 6.699477995310256e-06
 1.819226928280821e-05
 0.001488291200396532
 6.3645172075824e-05
 0.003576203497283232
 3.266584888378774e-07
 0.0001118407311949436
 0.001926571845846876
 0.0003524132288466281
 0
 0.0007775259705245935
 1.819226928280821e-05
 0.001488291200396532
 0.0003570271333898489
 0.003576203497283232
 5.805876806956457e-07
 0.0001118407311949436
 0.001926571845846876
 0.003576203497283232
 0
 0.001488291200396532
 1.819226928280821e-05
 0.001488291200396532
 0.0003570271333898489
 0.003576203497283232
 1.141796771900697e-06
 0.0001118407311949436
 0.001926571845846876
 0.003576203497283232
 0
 0.001488291200396532
 0
 0.001488291200396532
 0.0003570271333898489
 0.003576203497283232
 1.141796771900697e-06
 0.0001118407311949436
 0.001926571845846876
 0.003576203497283232
 0
 0.0007775259705245935
 0
 0
 0.0003570271333898489
 0.003576203497283232
 1.141796771900697e-06
 0.0001118407311949436
 0
 0.003576203497283232
 0
 0.0007775259705245935
 0
 0
 0.0003570271333898489
 0.003576203497283232
 1.141796771900697e-06
 0.0001118407311949436
 0
 0.003576203497283232
 0
 0.0007775259705245935
 0
 0
 0.001926571845846876
 0
 1.141796771900697e-06
 0.0001118407311949436
 0
 0.003576203497283232
 0
 0.0007775259705245935
 0
 0
 0.001926571845846876
 0
 1.141796771900697e-06
 0
 0
 0.003576203497283232
 0
 0.0007775259705245935
 0
 0
 0.0003570271333898489
 0
 1.141796771900697e-06
 0
 0
 0
 0
 0
 0
 0
 0.0003570271333898489
 0
 0
 0
 0
 0
 0
 0
 0
 0
 0.0003570271333898489
 0
 0
 0
 0
 0
 0
 0
 0
 0
 0.0003570271333898489
 0
 0
 0
 0
 0
 0
 0
 0
 0
 0.0003570271333898489
 0
 0
 0
 0
 0
 0
 0
 0
 0
 0
 0
 0
 0
 0
 0
 0
 0
 0
 0
 0
 0
 0
 0
 0
 0
 0
 0
 0
 0
 0
 0
 0
 0
 0
 0
 0
 0
 0
 0
 0
 0
 0
 0
 0
 0
 0
 0
 0
 0
 0
 0
 0
 0
 0
 0
 0
 0
 0
 0
 0
 0
 0
 0
 0
 0
 0
 0
 0
 0
 0
 0
 0
 0
 0
 0
 0
 0
 0
 0
 0
 0
