# Created by Octave 3.2.4, Tue Feb 05 06:45:46 2013 EST <rbom@zaphod>
# name: small_First_Fit
# type: matrix
# ndims: 3
 1 10 30
 1.344343525557117e-09
 3.083637888020884e-14
 3.016586395678434e-14
 3.431932399057472e-12
 1.927687448836992e-14
 5.813715709881926e-14
 4.57325610068548e-12
 1.212175540816994e-17
 7.099731173850471e-12
 4.23619646463729e-12
 6.738262855804177e-08
 2.216653152330271e-10
 4.642954996193942e-11
 3.123609871351841e-11
 1.927687448836992e-14
 8.84523532494816e-11
 4.57325610068548e-12
 5.277103953995255e-16
 2.612392825431807e-09
 7.142407723519284e-09
 8.343399824841364e-08
 9.81332681943775e-07
 2.56807809925315e-09
 9.588521298520345e-11
 7.228546708282086e-14
 2.614314412191086e-09
 4.57325610068548e-12
 2.78464788419946e-14
 2.001982998006436e-08
 9.148638337751283e-07
 2.278165555732766e-05
 1.309643856871231e-06
 2.56807809925315e-09
 3.887281113969751e-08
 5.795829954907168e-09
 2.614314412191086e-09
 1.995633838055038e-09
 4.521570080978924e-14
 2.001982998006436e-08
 2.084283134416716e-05
 2.278165555732766e-05
 9.81332681943775e-07
 1.900189549843971e-07
 3.887281113969751e-08
 1.968009778683818e-08
 2.614314412191086e-09
 4.289871743076665e-08
 1.491871668065593e-09
 9.226174332313743e-08
 2.798793669841415e-05
 2.278165555732766e-05
 9.81332681943775e-07
 1.084046432646483e-06
 3.727518616740782e-06
 1.968009778683818e-08
 5.57584401257179e-08
 2.094356568590774e-06
 7.270823672733261e-08
 9.226174332313743e-08
 3.928544335955438e-05
 2.278165555732766e-05
 2.378183127852275e-05
 1.905025204557953e-06
 0.0002448344516877813
 1.968009778683818e-08
 6.72005310609e-08
 2.094356568590774e-06
 2.095358136749126e-06
 1.380370351838808e-05
 3.928544335955438e-05
 2.278165555732766e-05
 2.378183127852275e-05
 8.542367415236509e-06
 0.0002448344516877813
 2.168925272364342e-07
 1.046079681104804e-06
 2.094356568590774e-06
 0.0001233501148724202
 1.380370351838808e-05
 3.928544335955438e-05
 2.278165555732766e-05
 2.409103725643347e-05
 3.265645704262865e-05
 0.0002448344516877813
 2.021176686560661e-06
 1.046079681104804e-06
 5.764641207103929e-05
 0.0001233501148724202
 1.380370351838808e-05
 3.928544335955438e-05
 2.278165555732766e-05
 2.409103725643347e-05
 3.265645704262865e-05
 0.0002448344516877813
 1.968066075411794e-05
 1.046079681104804e-06
 9.974303234703848e-05
 0.001354925988672516
 0.000396168232218128
 3.928544335955438e-05
 0
 2.409103725643347e-05
 3.265645704262865e-05
 0.0002448344516877813
 2.763759231412805e-05
 1.046079681104804e-06
 9.974303234703848e-05
 0.001354925988672516
 0.000396168232218128
 3.928544335955438e-05
 0
 2.409103725643347e-05
 3.265645704262865e-05
 0.0002448344516877813
 2.763759231412805e-05
 1.046079681104804e-06
 9.974303234703848e-05
 0.001354925988672516
 0.000396168232218128
 3.928544335955438e-05
 0
 2.409103725643347e-05
 3.265645704262865e-05
 0.0002448344516877813
 2.763759231412805e-05
 1.046079681104804e-06
 0.0001038796502020395
 0.001391082675326827
 0.000396168232218128
 0
 0
 2.409103725643347e-05
 3.265645704262865e-05
 0
 2.763759231412805e-05
 1.046079681104804e-06
 0.0001038796502020395
 0.001391082675326827
 0.000396168232218128
 0
 0
 2.409103725643347e-05
 3.265645704262865e-05
 0
 0.0008310775440246571
 0
 0.0001038796502020395
 0.001354925988672516
 0.000396168232218128
 0
 0
 0
 0
 0
 0.0008310775440246571
 0
 0.0001450530228705243
 0.001391082675326827
 0.000396168232218128
 0
 0
 0
 0
 0
 0.0008310775440246571
 0
 0.0001727078389068097
 0.001391082675326827
 0
 0
 0
 0
 0
 0
 0.0008310775440246571
 0
 0.0001727078389068097
 0.001391082675326827
 0
 0
 0
 0
 0
 0
 0.0008310775440246571
 0
 0.0001727078389068097
 0.001391082675326827
 0
 0
 0
 0
 0
 0
 0.0008310775440246571
 0
 0.0001727078389068097
 0.001391082675326827
 0
 0
 0
 0
 0
 0
 0.0008310775440246571
 0
 0.0001727078389068097
 0.001391082675326827
 0
 0
 0
 0
 0
 0
 0
 0
 0.0001727078389068097
 0.001391082675326827
 0
 0
 0
 0
 0
 0
 0
 0
 0.0001737388830392934
 0
 0
 0
 0
 0
 0
 0
 0
 0
 0.0007830283028110128
 0
 0
 0
 0
 0
 0
 0
 0
 0
 0.0007830283028110128
 0
 0
 0
 0
 0
 0
 0
 0
 0
 0.0007830283028110128
 0
 0
 0
 0
 0
 0
 0
 0
 0
 0.0007830283028110128
 0
 0
 0
 0
 0
 0
 0
 0
 0
 0.0007830283028110128
 0
 0
 0
 0
 0
 0
 0
 0
 0
 0.0007830283028110128
 0
 0
 0
 0
 0
 0
 0
 0
 0
 0.0007830283028110128
 0
 0
 0
