# Created by Octave 3.2.4, Sun Feb 03 23:16:51 2013 EST <rbom@zaphod>
# name: small_First_Fit
# type: matrix
# ndims: 3
 1 10 30
 8.977221253650652e-21
 2.372392427956743e-22
 3.611957961809259e-22
 1.039115607432389e-24
 1.294266068525665e-25
 1.40422946016928e-16
 3.051119037599159e-20
 2.976400332993279e-26
 8.081869171684909e-17
 1.438579183506299e-16
 3.748920412081945e-17
 6.877978272116282e-19
 1.521590987537726e-17
 2.978492096680267e-21
 1.098799008735111e-21
 1.774958139603384e-13
 1.508084893338086e-16
 2.180722922653697e-19
 8.081869171684909e-17
 1.438579183506299e-16
 1.02222878254818e-13
 6.877978272116282e-19
 1.609356919751734e-15
 2.978492096680267e-21
 1.50505506131575e-19
 1.650812050335352e-11
 1.906232410922756e-13
 2.180722922653697e-19
 8.081869171684909e-17
 2.234111923983796e-13
 1.0811868332976e-11
 7.960570483829338e-16
 1.832199479465545e-12
 1.758192874058899e-16
 3.238778550389331e-19
 6.185569770410667e-09
 6.846794873363517e-10
 2.963124292879286e-17
 8.081869171684909e-17
 7.348258364378956e-10
 2.250123542854436e-11
 8.419741157591047e-14
 1.937881248181865e-10
 6.847784558327848e-13
 4.276446937532648e-14
 1.79327491856216e-05
 9.060129256314274e-08
 7.802232321410054e-15
 2.658218174074401e-13
 2.189342619850505e-07
 2.379894714489409e-09
 1.009890930351152e-13
 1.937881248181865e-10
 2.039322719167424e-10
 1.267699193564334e-11
 0.001219155357542804
 5.558932925871822e-06
 7.802232321410054e-15
 1.403739443163833e-08
 2.189342619850505e-07
 5.59370185148008e-07
 4.988268313655135e-09
 6.296329687842132e-07
 2.039322719167424e-10
 1.340819393348978e-09
 0.001219155357542804
 5.558932925871822e-06
 7.804972457879926e-11
 1.403739443163833e-08
 6.697246326555849e-05
 5.59370185148008e-07
 5.365698099312616e-05
 0.001219155357542804
 2.039322719167424e-10
 1.340819393348978e-09
 0.001219155357542804
 5.558932925871822e-06
 3.002607112137355e-07
 3.512420249639997e-06
 6.697246326555849e-05
 5.234642659708723e-05
 0.007083545915363009
 0.001219155357542804
 2.039322719167424e-10
 1.340819393348978e-09
 0.001219155357542804
 5.558932925871822e-06
 0.0007084593516850278
 0.0007084593516850278
 6.697246326555849e-05
 5.234642659708723e-05
 0.007083545915363009
 0.001219155357542804
 2.69771026487541e-05
 3.768634867799466e-08
 0.001219155357542804
 5.558932925871822e-06
 0.0007084593516850278
 0.0007084593516850278
 0.007083545915363009
 5.234642659708723e-05
 0.007083545915363009
 0.001219155357542804
 0.007083545915363009
 3.133677886323804e-06
 0.001219155357542804
 5.558932925871822e-06
 0.0007084593516850278
 0.0007084593516850278
 0.007083545915363009
 5.234642659708723e-05
 0.007083545915363009
 0.001219155357542804
 0.007083545915363009
 5.591035802068178e-05
 0.001219155357542804
 5.558932925871822e-06
 0.0007084593516850278
 0.0007084593516850278
 0.007083545915363009
 5.234642659708723e-05
 0.007083545915363009
 0.001219155357542804
 0.007083545915363009
 3.133677886323804e-06
 0.001219155357542804
 5.558932925871822e-06
 0.0007084593516850278
 0.0007084593516850278
 0.007083545915363009
 5.234642659708723e-05
 0.007083545915363009
 0.001219155357542804
 0.007083545915363009
 5.591035802068178e-05
 0.001219155357542804
 0.001042625572577632
 0.0007084593516850278
 0.0007084593516850278
 0.007083545915363009
 5.234642659708723e-05
 0.007083545915363009
 0.001219155357542804
 0.007083545915363009
 5.591035802068178e-05
 0.001219155357542804
 0.001042625572577632
 0.0007084593516850278
 0.0007084593516850278
 0.007083545915363009
 5.234642659708723e-05
 0.007083545915363009
 0.001219155357542804
 0.007083545915363009
 0.0001035484142836319
 0.001219155357542804
 0.001042625572577632
 0.0007084593516850278
 0.0007084593516850278
 0.007083545915363009
 5.234642659708723e-05
 0.007083545915363009
 0.001219155357542804
 0.007083545915363009
 0.0001035484142836319
 0.001219155357542804
 0.001042625572577632
 0.0007084593516850278
 0.0007084593516850278
 0.007083545915363009
 5.234642659708723e-05
 0.007083545915363009
 0.001219155357542804
 0.007083545915363009
 0.0001035484142836319
 0.001219155357542804
 0.001042625572577632
 0.0007084593516850278
 0.0007084593516850278
 0.007083545915363009
 5.234642659708723e-05
 0.007083545915363009
 0.001219155357542804
 0.007083545915363009
 0.0001035484142836319
 0.001219155357542804
 0.001042625572577632
 0.0007084593516850278
 0.0007084593516850278
 0.007083545915363009
 5.234642659708723e-05
 0.007083545915363009
 0.001219155357542804
 0.007083545915363009
 0.0001035484142836319
 0.001219155357542804
 0.001042625572577632
 0.0007084593516850278
 0.0007084593516850278
 0.007083545915363009
 5.234642659708723e-05
 0.007083545915363009
 0.001219155357542804
 0.007083545915363009
 5.591035802068178e-05
 0.001219155357542804
 0.001042625572577632
 0.0007084593516850278
 0.0007084593516850278
 0.007083545915363009
 5.234642659708723e-05
 0.007083545915363009
 0.001219155357542804
 0.007083545915363009
 0.0001035484142836319
 0.001219155357542804
 0.001042625572577632
 0.0007084593516850278
 0.0007084593516850278
 0.007083545915363009
 5.234642659708723e-05
 0.007083545915363009
 0.001219155357542804
 0.007083545915363009
 0.0001035484142836319
 0.001219155357542804
 0.001042625572577632
 0.0007084593516850278
 0.0007084593516850278
 0.007083545915363009
 5.234642659708723e-05
 0.007083545915363009
 0.001219155357542804
 0.007083545915363009
 0.0001035484142836319
 0.001219155357542804
 0.001042625572577632
 0.0007084593516850278
 0.0007084593516850278
 0.007083545915363009
 5.234642659708723e-05
 0.007083545915363009
 0.001219155357542804
 0.007083545915363009
 0.0001035484142836319
 0.001219155357542804
 0.001042625572577632
 0.0007084593516850278
 0.0007084593516850278
 0.007083545915363009
 5.234642659708723e-05
 0.007083545915363009
 0.001219155357542804
 0.007083545915363009
 0.0001035484142836319
 0.001219155357542804
 0.001042625572577632
 0.0007084593516850278
 0.0007084593516850278
 0.007083545915363009
 5.234642659708723e-05
 0.007083545915363009
 0.001219155357542804
 0.007083545915363009
 0.0001035484142836319
 0.001219155357542804
 0.001042625572577632
 0.0007084593516850278
 0.0007084593516850278
 0.007083545915363009
 5.234642659708723e-05
 0.007083545915363009
 0.001219155357542804
 0.007083545915363009
 0.0001035484142836319
 0.001219155357542804
 0.001042625572577632
 0.0007084593516850278
 0.0007084593516850278
 0.007083545915363009
 5.234642659708723e-05
 0.007083545915363009
 0.001219155357542804
 0.007083545915363009
 0.0001035484142836319
 0.001219155357542804
 0.001042625572577632
 0.0007084593516850278
 0.0007084593516850278
 0.007083545915363009
 5.234642659708723e-05
 0.007083545915363009
 0.001219155357542804
 0.007083545915363009
 0.0001035484142836319
 0.001219155357542804
 0.001042625572577632
 0.0007084593516850278
 0.0007084593516850278
 0.007083545915363009
