# Created by Octave 3.2.4, Mon Feb 04 12:18:00 2013 EST <rbom@zaphod>
# name: small_First_Fit
# type: matrix
# ndims: 3
 1 10 30
 4.192333486701698e-18
 6.045612417494501e-21
 5.494920392507504e-22
 2.017974768134663e-21
 1.896184148958064e-19
 1.951436272022876e-19
 7.977814984938889e-15
 2.343427699613164e-22
 8.276104661503304e-18
 3.969472326816329e-18
 4.192333486701698e-18
 1.455043788647453e-14
 4.54469305476245e-19
 9.533834682335221e-17
 1.441026756630812e-15
 8.619848946871476e-14
 3.867666504945151e-11
 3.096042715126835e-12
 3.30544106867804e-11
 2.265202885358041e-11
 4.192333486701698e-18
 3.070600134945263e-10
 2.202856598435956e-17
 8.757887291464974e-14
 1.34134571936839e-12
 8.619848946871476e-14
 2.185954883490688e-08
 3.096042715126835e-12
 2.526838619102154e-07
 1.502150081899178e-08
 4.295030998658978e-14
 2.121431585405821e-08
 3.386365452817975e-16
 2.016421976067767e-12
 7.821831448097539e-10
 5.894284044512605e-12
 3.086281652762473e-07
 7.535628203248023e-10
 2.526838619102154e-07
 1.502150081899178e-08
 1.547715466693164e-11
 2.832221617757021e-07
 5.301967964106415e-13
 1.72101324165513e-09
 4.794226867080679e-07
 5.894284044512605e-12
 3.086281652762473e-07
 4.438603174720598e-07
 2.526838619102154e-07
 1.502150081899178e-08
 2.018981559291781e-09
 1.892383992661068e-05
 1.119735473470464e-09
 8.409835172111199e-05
 6.348815392725715e-06
 3.627203881696018e-09
 3.086281652762473e-07
 4.438603174720598e-07
 2.526838619102154e-07
 1.027212417400792e-06
 2.018981559291781e-09
 1.892383992661068e-05
 7.633273776527699e-08
 0.001094202775871787
 8.409835172111199e-05
 5.32264586815054e-07
 3.086787716708486e-07
 4.438603174720598e-07
 2.526838619102154e-07
 1.027212417400792e-06
 2.018981559291781e-09
 1.892383992661068e-05
 3.315425055336604e-06
 0.001094202775871787
 0.0002253601560860089
 3.426145853659676e-05
 3.086787716708486e-07
 4.438603174720598e-07
 2.526838619102154e-07
 1.027212417400792e-06
 2.018981559291781e-09
 1.892383992661068e-05
 0.0002253601560860089
 0.001094202775871787
 0.0002253601560860089
 3.426145853659676e-05
 3.086281652762473e-07
 4.438603174720598e-07
 2.526838619102154e-07
 1.027212417400792e-06
 2.018981559291781e-09
 1.892383992661068e-05
 0.0002253601560860089
 0.001094202775871787
 0.0002253601560860089
 3.426145853659676e-05
 3.086787716708486e-07
 4.438603174720598e-07
 2.526838619102154e-07
 1.027212417400792e-06
 2.018981559291781e-09
 0.002663771367167281
 0.0002253601560860089
 0.001094202775871787
 0.0002253601560860089
 3.426145853659676e-05
 3.086787716708486e-07
 4.438603174720598e-07
 0
 1.027212417400792e-06
 3.086281652762473e-07
 0.002663771367167281
 0.0002253601560860089
 0.001094202775871787
 0.0002253601560860089
 3.426145853659676e-05
 3.086787716708486e-07
 0
 0
 1.027212417400792e-06
 3.086281652762473e-07
 0.002663771367167281
 0.0002253601560860089
 0.001094202775871787
 0.0002253601560860089
 3.426145853659676e-05
 3.086281652762473e-07
 0
 0
 0
 3.086281652762473e-07
 0.002663771367167281
 0.0002253601560860089
 0
 0.0002253601560860089
 3.426145853659676e-05
 3.086281652762473e-07
 0
 0
 0
 3.086281652762473e-07
 0.002663771367167281
 0.0002253601560860089
 0
 0
 0
 3.086787716708486e-07
 0
 0
 0
 3.086281652762473e-07
 0.002663771367167281
 0
 0
 0
 0
 3.086787716708486e-07
 0
 0
 0
 3.086281652762473e-07
 0.002663771367167281
 0
 0
 0
 0
 3.086787716708486e-07
 0
 0
 0
 3.086281652762473e-07
 0
 0
 0
 0
 0
 3.086281652762473e-07
 0
 0
 0
 0
 0
 0
 0
 0
 0
 3.086787716708486e-07
 0
 0
 0
 0
 0
 0
 0
 0
 0
 3.086281652762473e-07
 0
 0
 0
 0
 0
 0
 0
 0
 0
 3.086787716708486e-07
 0
 0
 0
 0
 0
 0
 0
 0
 0
 3.086787716708486e-07
 0
 0
 0
 0
 0
 0
 0
 0
 0
 3.086787716708486e-07
 0
 0
 0
 0
 0
 0
 0
 0
 0
 3.086787716708486e-07
 0
 0
 0
 0
 0
 0
 0
 0
 0
 3.086787716708486e-07
 0
 0
 0
 0
 0
 0
 0
 0
 0
 3.086787716708486e-07
 0
 0
 0
 0
 0
 0
 0
 0
 0
 3.086787716708486e-07
 0
 0
 0
 0
 0
 0
 0
 0
 0
 0
 0
 0
 0
 0
 0
 0
 0
 0
 0
 0
 0
 0
 0
 0
 0
 0
 0
 0
 0
 0
 0
 0
 0
