# Created by Octave 3.2.4, Tue Feb 05 02:54:16 2013 EST <rbom@zaphod>
# name: small_First_Fit
# type: matrix
# ndims: 3
 1 10 30
 1.595772502944736e-10
 3.302203010226483e-11
 2.364621750026223e-10
 1.909678077649798e-13
 4.143582779724096e-13
 2.765250633832587e-12
 9.837100301518548e-13
 1.422089561971813e-11
 1.26180698473994e-10
 4.04130877994269e-11
 3.150669195695683e-05
 3.984989961330357e-09
 1.886300319177343e-06
 1.496966340119148e-10
 4.011975754842971e-09
 2.660348250558293e-10
 2.051645272800147e-06
 1.422089561971813e-11
 1.26180698473994e-10
 4.869660531242677e-10
 0.0005008002931948924
 6.044627069345427e-07
 1.559305752164338e-05
 1.505346720517658e-07
 4.011975754842971e-09
 2.51827505989825e-09
 2.051645272800147e-06
 1.320526098961246e-09
 2.836578802125048e-07
 1.466346165597357e-08
 0.0005008002931948924
 0.0001293959692778168
 5.271151280781661e-05
 4.539640175232568e-06
 2.693019698065657e-06
 9.851829680723859e-07
 6.638032292681406e-06
 1.178120065030723e-08
 0.0001041844379671438
 6.027896469001893e-08
 0.0005008002931948924
 0.0001293959692778168
 8.726839097910865e-05
 4.539640175232568e-06
 0.0001264134157709958
 8.185248471495368e-05
 6.638032292681406e-06
 1.178120065030723e-08
 0.0002240872035392188
 6.870701127419769e-07
 0.0005008002931948924
 0.0001293959692778168
 0.0002407685954117559
 1.10492846663339e-05
 0.0001264134157709958
 0.0001592666794384295
 1.025886851581504e-05
 1.678306312010502e-06
 0.0002235273977689122
 6.870701127419769e-07
 0.001716020577898195
 0.0001293959692778168
 0.0002733812775580116
 5.680628949596064e-05
 0.0001264134157709958
 0.0002942918178083287
 1.025886851581504e-05
 0.0002958097391150855
 0.0006869352322643446
 6.870701127419769e-07
 0.002845936775426889
 0.00420971206532933
 0.0009786087524541898
 5.680628949596064e-05
 0.0001445388853962551
 0.0002942918178083287
 1.025886851581504e-05
 0.0002958097391150855
 0.0006869352322643446
 6.870701127419769e-07
 0.002845936775426889
 0.004800987034334934
 0.0009786087524541898
 6.132422453738886e-05
 0.0004989508002582731
 0.0002942918178083287
 2.407561901320274e-05
 0.0002958097391150855
 0.001212376844195614
 0.0002014300700064187
 0.002845936775426889
 0.004800987034334934
 0.002834743593193069
 5.680628949596064e-05
 0.01237973311278377
 0.0002942918178083287
 2.407561901320274e-05
 0.0002958097391150855
 0.001212376844195614
 0.0002014300700064187
 0.002845936775426889
 0.004800987034334934
 0.002834743593193069
 0.0002856668223186719
 0.02775034235340634
 0.0002942918178083287
 2.407561901320274e-05
 0.0002958097391150855
 0.001212376844195614
 0.0002014300700064187
 0.002845936775426889
 0.00420971206532933
 0.002834743593193069
 0.0002856668223186719
 0.02775034235340634
 0.0002942918178083287
 0.01047511519407875
 0.0002958097391150855
 0.001212376844195614
 0.004853440550174501
 0.002845936775426889
 0.004800987034334934
 0.002834743593193069
 0.0002856668223186719
 0.02775034235340634
 0.0002942918178083287
 0.01047511519407875
 0.0002958097391150855
 0.001212376844195614
 0.004853440550174501
 0.002845936775426889
 0.004800987034334934
 0.002834743593193069
 0.0002856668223186719
 0.02775034235340634
 0
 0.01047511519407875
 0
 0.001212376844195614
 0.01282498999901927
 0
 0.004800987034334934
 0.002834743593193069
 0.0002856668223186719
 0.02775034235340634
 0
 0.01047511519407875
 0
 0.001212376844195614
 0.01282498999901927
 0
 0.004800987034334934
 0.01188121189161761
 0.0002856668223186719
 0.02775034235340634
 0
 0.01047511519407875
 0
 0
 0.01282498999901927
 0
 0.004800987034334934
 0.002834743593193069
 0.0006301145144693161
 0.02775034235340634
 0
 0.01047511519407875
 0
 0
 0.01282498999901927
 0
 0.004800987034334934
 0.002834743593193069
 0.01047511519407875
 0
 0
 0.01047511519407875
 0
 0
 0.02775034235340634
 0
 0.00420971206532933
 0.002834743593193069
 0.01047511519407875
 0
 0
 0
 0
 0
 0.02775034235340634
 0
 0
 0.002834743593193069
 0.01047511519407875
 0
 0
 0
 0
 0
 0.02775034235340634
 0
 0
 0.002834743593193069
 0.01047511519407875
 0
 0
 0
 0
 0
 0.02775034235340634
 0
 0
 0.002834743593193069
 0.01047511519407875
 0
 0
 0
 0
 0
 0.02775034235340634
 0
 0
 0
 0.01047511519407875
 0
 0
 0
 0
 0
 0.02775034235340634
 0
 0
 0
 0.01047511519407875
 0
 0
 0
 0
 0
 0.02775034235340634
 0
 0
 0
 0
 0
 0
 0
 0
 0
 0
 0
 0
 0
 0
 0
 0
 0
 0
 0
 0
 0
 0
 0
 0
 0
 0
 0
 0
 0
 0
 0
 0
 0
 0
 0
 0
 0
 0
 0
 0
 0
 0
 0
 0
 0
 0
 0
 0
 0
 0
 0
 0
 0
 0
 0
 0
 0
 0
 0
 0
