# Created by Octave 3.2.4, Wed Feb 06 00:47:32 2013 EST <rbom@zaphod>
# name: small_First_Fit
# type: matrix
# ndims: 3
 1 10 30
 1.094812907390117e-09
 2.343828026039247e-10
 2.96196408281329e-07
 3.089918117832754e-08
 3.547132502834217e-08
 3.644270081455223e-08
 2.743237137884093e-07
 2.202674357573807e-08
 1.880551393989385e-05
 3.685464384125308e-08
 6.475198696759721e-07
 5.163407225631709e-08
 6.037733520697257e-06
 1.156459245497863e-06
 2.252890159440413e-06
 4.911885907091773e-07
 2.999708698430857e-06
 1.931243790828947e-06
 1.880551393989385e-05
 1.651888275048317e-06
 0.0001123905666688706
 1.245838624865758e-05
 6.037733520697257e-06
 9.370409031286216e-06
 6.29010099333764e-06
 1.458447566412081e-06
 1.013366404191918e-05
 7.34406160005618e-06
 5.45609460994744e-05
 5.682227157958912e-06
 0.0001123905666688706
 1.245838624865758e-05
 0.0001629080194643174
 9.370409031286216e-06
 2.347480337750507e-05
 3.424896562351221e-05
 3.67845695196296e-05
 7.34406160005618e-06
 0.0001904995941866879
 0.002130336300200075
 0.0001123905666688706
 3.182442941830404e-05
 0.0001629080194643174
 6.715183926792821e-05
 2.347480337750507e-05
 7.28387665858577e-05
 0.001653524574836879
 0.0001319600351029814
 0.0001904995941866879
 0.01539223469319022
 0.0004972072335493035
 0.0003841654573814733
 0.0004673514133188246
 0.000169078335660825
 0.001732630355639863
 0.002554253741361844
 0.001653524574836879
 0.0003863887530429809
 0.0001963787151416184
 0.01539223469319022
 0.0001123905666688706
 0.001709025188228416
 0.0007948447063057526
 0.000169078335660825
 0.004938556503516572
 0.005424508099802577
 0.002239748381643321
 0.0003863887530429809
 0.0001963787151416184
 0.01539223469319022
 0.0001123905666688706
 0.009341750696610971
 0.0007948447063057526
 0.001176994049952367
 0.004938556503516572
 0.005424508099802577
 0.01022921723725925
 0.0003863887530429809
 0.0001963787151416184
 0.01539223469319022
 0.0004972072335493035
 0.009341750696610971
 0.0007948447063057526
 0.001176994049952367
 0.004938556503516572
 0.005424508099802577
 0.01022921723725925
 0.0003863887530429809
 0.0002678388761602827
 0.01539223469319022
 0.0004972072335493035
 0.009341750696610971
 0.003078914095256487
 0.001176994049952367
 0.004938556503516572
 0.005424508099802577
 0.01022921723725925
 0.001597804825067746
 0.001961828600479507
 0.01539223469319022
 0.0004972072335493035
 0.009341750696610971
 0.01248331693309143
 0.009946823353835845
 0.004938556503516572
 0.005424508099802577
 0.01022921723725925
 0.001597804825067746
 0.001961828600479507
 0.01539223469319022
 0.001093577426964153
 0.009946823353835845
 0.01248331693309143
 0.02864519352135493
 0.004938556503516572
 0.005424508099802577
 0.01022921723725925
 0.001597804825067746
 0.001961828600479507
 0
 0.001093577426964153
 0.01373596199577849
 0.01248331693309143
 0.02864519352135493
 0.01248331693309143
 0.009724124564479967
 0.01022921723725925
 0.001597804825067746
 0.001961828600479507
 0
 0.003971291821992652
 0.009946823353835845
 0.02864519352135493
 0.02864519352135493
 0.01248331693309143
 0.020240915489011
 0.01022921723725925
 0.00522411353566021
 0.001961828600479507
 0
 0.003971291821992652
 0.01373596199577849
 0.02864519352135493
 0.02864519352135493
 0.01248331693309143
 0.020240915489011
 0
 0.00522411353566021
 0.003881958835142686
 0
 0.003971291821992652
 0.01373596199577849
 0.02864519352135493
 0.02864519352135493
 0.01248331693309143
 0.020240915489011
 0
 0.00522411353566021
 0.001961828600479507
 0
 0.01171440401094903
 0.01373596199577849
 0.02864519352135493
 0.02864519352135493
 0.01248331693309143
 0.020240915489011
 0
 0.007156977305137383
 0.001961828600479507
 0
 0.01171440401094903
 0.009946823353835845
 0.02864519352135493
 0.02864519352135493
 0.01248331693309143
 0.020240915489011
 0
 0.01107213708903416
 0.001961828600479507
 0
 0.01171440401094903
 0.009946823353835845
 0.03188131642733102
 0
 0.01248331693309143
 0.020240915489011
 0
 0.01107213708903416
 0.001961828600479507
 0
 0.01171440401094903
 0.009946823353835845
 0.02864519352135493
 0
 0
 0.020240915489011
 0
 0.007156977305137383
 0.03189093477113999
 0
 0.01171440401094903
 0.01107213708903416
 0.02864519352135493
 0
 0
 0
 0
 0.007156977305137383
 0.03189093477113999
 0
 0.01171440401094903
 0.009946823353835845
 0.02864519352135493
 0
 0
 0
 0
 0.007156977305137383
 0.03189093477113999
 0
 0.01171440401094903
 0.009946823353835845
 0.02864519352135493
 0
 0
 0
 0
 0.007156977305137383
 0.03189093477113999
 0
 0
 0.009946823353835845
 0.02864519352135493
 0
 0
 0
 0
 0.007156977305137383
 0.03189093477113999
 0
 0
 0.009946823353835845
 0.03188131642733102
 0
 0
 0
 0
 0
 0.03189093477113999
 0
 0
 0.01107213708903416
 0.02864519352135493
 0
 0
 0
 0
 0
 0.03189093477113999
 0
 0
 0.02864519352135493
 0.02864519352135493
 0
 0
 0
 0
 0
 0
 0
 0
 0.01107213708903416
 0.02864519352135493
 0
 0
 0
 0
 0
 0
 0
 0
 0.01448284765038793
 0.03188131642733102
 0
 0
 0
 0
 0
 0
 0
 0
 0.01107213708903416
 0.03188131642733102
 0
 0
 0
 0
 0
 0
 0
