# Created by Octave 3.2.4, Wed Feb 06 22:06:02 2013 EST <rbom@zaphod>
# name: small_First_Fit
# type: matrix
# ndims: 3
 1 10 30
 0.002223975807775848
 0.0005922852994302242
 0.00157301980358154
 0.001607712569216492
 0.005082195921799712
 0.0001239643618216985
 4.716852999024008e-05
 1.686632203402114e-05
 0.006154530516110027
 0.0006229977969195989
 0.004526350762215799
 0.0070263615243865
 0.003503265527685537
 0.06783239178901164
 0.01236518060530379
 0.002382879057080884
 0.0004703213378021206
 0.007762850397273814
 0.05281433595628399
 0.004900185797948823
 0.004592437458109901
 0.006140096320927865
 0.001812736112527361
 0.06783239178901164
 0.01236518060530379
 0.002382879057080884
 0.008858082885603306
 0.02296400935702917
 0.05281433595628399
 0.05320080176675785
 0.009022830082782842
 0.007995799037256932
 0.001812736112527361
 0.09126456743946422
 0.01236518060530379
 0.003974782299183839
 0.02507209373874575
 0.02296400935702917
 0.2221918570401468
 0.07115182191486062
 0.009022830082782842
 0.5986209142374
 0.01214700109807671
 0.09596627858874712
 0.01236518060530379
 0.04484099218700006
 0.03728756633928685
 0.05791011282250562
 0.2221918570401468
 0.4042503856264338
 0.02662289772725311
 0.8217489327472374
 0.02999497309167976
 0.1937778640513299
 0.01236518060530379
 0.1850064131815533
 0.04627459522611311
 0.05791011282250562
 0.2221918570401468
 0.4042503856264338
 0.09440690313603503
 0.7920807791780283
 0.06568889632745741
 0.3632305865231904
 0.1411636932706393
 0.04484099218700006
 0.08013164093860578
 0.05791011282250562
 0.5912963442967821
 0.8285013888886857
 0.4116489731013973
 1.145756933566549
 0.2193390891178236
 0.3632305865231904
 0.3421595515962272
 0.04484099218700006
 0.1766810847050622
 0.1761116992752103
 0.5912963442967821
 0.8285013888886857
 0.4116489731013973
 0.7295105929745045
 0.4604821010454764
 0.3632305865231904
 0.3421595515962272
 0.04484099218700006
 0.1766810847050622
 0.2513617031814445
 0.5912963442967821
 0.8679181068375634
 0.4116489731013973
 1.145756933566549
 0.4604821010454764
 0.3632305865231904
 0.3421595515962272
 0.1138564500729923
 0.2033406372924692
 0.2513617031814445
 0.8285013888886857
 0.8285013888886857
 0.4116489731013973
 1.145756933566549
 0.8217489327472374
 0.85264033978258
 0.3421595515962272
 0.1850064131815533
 0.2033406372924692
 0.2941629284884318
 0.5912963442967821
 0.8285013888886857
 0.9653987538656241
 1.145756933566549
 0.8217489327472374
 0.85264033978258
 0.3421595515962272
 0.1850064131815533
 0.2033406372924692
 0.2941629284884318
 0.5912963442967821
 1.298558795590588
 0.9653987538656241
 1.145756933566549
 0.8217489327472374
 0.85264033978258
 0.3421595515962272
 0.1850064131815533
 0.2033406372924692
 0.85264033978258
 0.7101640734803245
 1.298558795590588
 0.9653987538656241
 1.145756933566549
 0.8217489327472374
 0.85264033978258
 0.3421595515962272
 0.4186440813940561
 0.4478696130433149
 0.85264033978258
 0.7101640734803245
 0.8285013888886857
 0.9653987538656241
 1.145756933566549
 0.8217489327472374
 1.298558795590588
 0
 0.4637989998524552
 0.4478696130433149
 0.85264033978258
 0.7101640734803245
 0.8329572077475264
 0.9653987538656241
 1.145756933566549
 0.8217489327472374
 0.85264033978258
 0
 0.4186440813940561
 0.4478696130433149
 0.85264033978258
 0.7101640734803245
 0.8329572077475264
 0.9653987538656241
 0
 0.8217489327472374
 0.85264033978258
 0
 0.5697091198560055
 0.4478696130433149
 0.85264033978258
 0.7101640734803245
 0.8679181068375634
 0.9653987538656241
 0
 0
 1.298558795590588
 0
 0.9800042372237903
 0.4933521831822655
 0.85264033978258
 0.7101640734803245
 0.8679181068375634
 0
 0
 0
 1.298558795590588
 0
 0.9800042372237903
 0.4841736880627205
 0.85264033978258
 1.122353097529721
 0.8679181068375634
 0
 0
 0
 1.298558795590588
 0
 0.9800042372237903
 0.4933521831822655
 0
 1.122353097529721
 0.8679181068375634
 0
 0
 0
 1.298558795590588
 0
 1.498474340214455
 0.4933521831822655
 0
 1.122353097529721
 0.8679181068375634
 0
 0
 0
 1.298558795590588
 0
 0.9800042372237903
 0.4933521831822655
 0
 1.122353097529721
 0.8285013888886857
 0
 0
 0
 1.298558795590588
 0
 1.151129808608212
 0.5507068116660014
 0
 1.122353097529721
 0.8285013888886857
 0
 0
 0
 1.298558795590588
 0
 0.9800042372237903
 0.4933521831822655
 0
 1.122353097529721
 0
 0
 0
 0
 0
 0
 0.9800042372237903
 0.4933521831822655
 0
 1.145756933566549
 0
 0
 0
 0
 0
 0
 0.9800042372237903
 0.5507068116660014
 0
 1.400861768079703
 0
 0
 0
 0
 0
 0
 0.9800042372237903
 0.7469585374021979
 0
 1.122353097529721
 0
 0
 0
 0
 0
 0
 1.151129808608212
 0.7469585374021979
 0
 1.289432494476247
 0
 0
 0
 0
 0
 0
 1.151129808608212
 0.7469585374021979
 0
 1.400861768079703
 0
 0
 0
 0
 0
 0
 1.151129808608212
 0.7469585374021979
 0
 1.400861768079703
 0
