# Created by Octave 3.2.4, Mon Feb 04 02:35:55 2013 EST <rbom@zaphod>
# name: small_First_Fit
# type: matrix
# ndims: 3
 1 10 30
 7.245765531154152e-12
 6.092832811388071e-19
 5.930540667962991e-16
 3.921271050126036e-15
 2.126877177043744e-16
 4.263128589690952e-18
 1.873367419630679e-15
 5.823777160175249e-14
 3.706412235321081e-17
 5.6454961534436e-19
 4.96871155603111e-10
 2.523141864739561e-14
 5.930540667962991e-16
 7.718968216212214e-13
 1.782296657782495e-14
 3.474391687107873e-15
 6.487205414773331e-12
 5.823777160175249e-14
 2.363192658372834e-14
 5.526745847715068e-14
 9.289058189185789e-08
 2.523141864739561e-14
 2.234289690393018e-12
 4.903150165101766e-10
 1.782296657782495e-14
 9.906147891124436e-14
 1.23635463869648e-09
 6.256406048978635e-12
 4.974442449949242e-12
 6.030129286662118e-11
 1.713040008656781e-05
 1.530986455755854e-11
 4.278816430689712e-09
 3.375504576711304e-08
 6.500292769702802e-11
 9.906147891124436e-14
 1.096493385115917e-07
 6.256406048978635e-12
 3.970765914643003e-08
 6.030129286662118e-11
 0.0003235168448095501
 1.530986455755854e-11
 1.303867365584727e-06
 3.375504576711304e-08
 6.306523960720485e-09
 7.857871911753571e-12
 8.47814412878973e-05
 4.678440298843745e-09
 1.187665373257229e-06
 7.455610353785221e-10
 0.0003235168448095501
 1.448147734199638e-06
 1.303867365584727e-06
 3.179319630574049e-06
 6.306523960720485e-09
 8.715177372231607e-11
 8.47814412878973e-05
 2.026529010795989e-05
 1.187665373257229e-06
 7.455610353785221e-10
 0.0003235168448095501
 0.0007877306096786399
 9.225558792122041e-05
 3.179319630574049e-06
 6.306523960720485e-09
 2.968568942382057e-07
 8.47814412878973e-05
 0.005883874457379761
 1.187665373257229e-06
 7.455610353785221e-10
 0.0003235168448095501
 0.0007877306096786399
 9.225558792122041e-05
 0.005883874457379761
 6.306523960720485e-09
 2.968568942382057e-07
 8.47814412878973e-05
 0.005883874457379761
 7.760413077271359e-05
 1.213778034936152e-06
 0.0003235168448095501
 0.0007877306096786399
 0.0005397783275898737
 0.005883874457379761
 3.963234005143766e-06
 2.968568942382057e-07
 8.47814412878973e-05
 0.005883874457379761
 7.760413077271359e-05
 1.213778034936152e-06
 0.0003235168448095501
 0.0007877306096786399
 0.0005397783275898737
 0.005883874457379761
 0.0001047328276002631
 2.968568942382057e-07
 8.47814412878973e-05
 0.005883874457379761
 0.005109618015201108
 8.032870358819454e-06
 0.0003235168448095501
 0.0007877306096786399
 0.0005397783275898737
 0.005883874457379761
 0.005883874457379761
 2.968568942382057e-07
 0.005883874457379761
 0.005883874457379761
 0.005109618015201108
 8.032870358819454e-06
 0.0003235168448095501
 0.0007877306096786399
 0.0005397783275898737
 0.005883874457379761
 0.005883874457379761
 2.968568942382057e-07
 0.005883874457379761
 0.005883874457379761
 0.005109618015201108
 0.0005397783275898737
 0.0003235168448095501
 0.0007877306096786399
 0.0005397783275898737
 0.005883874457379761
 0.005883874457379761
 2.796629514680297e-05
 0.005883874457379761
 0.005883874457379761
 0.005109618015201108
 0.0005397783275898737
 0.0003235168448095501
 0.0007877306096786399
 0.0005397783275898737
 0.005883874457379761
 0.005883874457379761
 2.796629514680297e-05
 0.005883874457379761
 0.005883874457379761
 0.005109618015201108
 0.0005397783275898737
 0.0003235168448095501
 0.0007877306096786399
 0.0005397783275898737
 0.005883874457379761
 0.005883874457379761
 2.796629514680297e-05
 0.005883874457379761
 0.005883874457379761
 0.005109618015201108
 0.0005397783275898737
 0.001490274420617667
 0.0007877306096786399
 0.0005397783275898737
 0.005883874457379761
 0.005883874457379761
 2.796629514680297e-05
 0.005883874457379761
 0.005883874457379761
 0.005109618015201108
 0.0005397783275898737
 0.001490274420617667
 0.0007877306096786399
 0.0005397783275898737
 0.005883874457379761
 0.005883874457379761
 2.796629514680297e-05
 0.005883874457379761
 0.005883874457379761
 0.005109618015201108
 0.0005397783275898737
 0.001490274420617667
 0.0007877306096786399
 0.0005397783275898737
 0.005883874457379761
 0.005883874457379761
 2.796629514680297e-05
 0.005883874457379761
 0.005883874457379761
 0.005109618015201108
 0.0005397783275898737
 0.001490274420617667
 0.0007877306096786399
 0.0005397783275898737
 0.005883874457379761
 0.005883874457379761
 2.796629514680297e-05
 0.005883874457379761
 0.005883874457379761
 0.005109618015201108
 0.0005397783275898737
 0.001490274420617667
 0.0007877306096786399
 0.0005397783275898737
 0.005883874457379761
 0.005883874457379761
 2.796629514680297e-05
 0.005883874457379761
 0.005883874457379761
 0.005109618015201108
 0.0005397783275898737
 0.001490274420617667
 0.0007877306096786399
 0.0005397783275898737
 0.005883874457379761
 0.005883874457379761
 2.796629514680297e-05
 0.005883874457379761
 0.005883874457379761
 0.005109618015201108
 0.0005397783275898737
 0.001490274420617667
 0.0007877306096786399
 0.0005397783275898737
 0.005883874457379761
 0.005883874457379761
 2.796629514680297e-05
 0.005883874457379761
 0.005883874457379761
 0.005109618015201108
 0.0005397783275898737
 0.001490274420617667
 0.0007877306096786399
 0.0005397783275898737
 0.005883874457379761
 0.005883874457379761
 2.796629514680297e-05
 0.005883874457379761
 0.005883874457379761
 0.005109618015201108
 0.0005397783275898737
 0.001490274420617667
 0.0007877306096786399
 0.0005397783275898737
 0.005883874457379761
 0.005883874457379761
 2.796629514680297e-05
 0.005883874457379761
 0.005883874457379761
 0.005109618015201108
 0.0005397783275898737
 0.001490274420617667
 0.0007877306096786399
 0.0005397783275898737
 0.005883874457379761
 0.005883874457379761
 2.796629514680297e-05
 0.005883874457379761
 0.005883874457379761
 0.005109618015201108
 0.0005397783275898737
 0.001490274420617667
 0.0007877306096786399
 0.0005397783275898737
 0.005883874457379761
 0.005883874457379761
 2.796629514680297e-05
 0.005883874457379761
 0.005883874457379761
 0.005109618015201108
 0.0005397783275898737
 0.001490274420617667
 0.0007877306096786399
 0.0005397783275898737
 0.005883874457379761
 0.005883874457379761
 2.796629514680297e-05
 0.005883874457379761
 0.005883874457379761
 0.005109618015201108
 0.0005397783275898737
 0.001490274420617667
 0.0007877306096786399
 0.0005397783275898737
 0.005883874457379761
 0.005883874457379761
 2.796629514680297e-05
 0.005883874457379761
 0.005883874457379761
 0.005109618015201108
 0.0005397783275898737
 0.001490274420617667
 0.0007877306096786399
 0.0005397783275898737
 0.005883874457379761
 0.005883874457379761
 2.796629514680297e-05
 0.005883874457379761
 0.005883874457379761
 0.005109618015201108
 0.0005397783275898737
 0.001490274420617667
 0.0007877306096786399
 0.0005397783275898737
 0.005883874457379761
 0.005883874457379761
 2.796629514680297e-05
 0.005883874457379761
 0.005883874457379761
 0.005109618015201108
 0.0005397783275898737
