# Created by Octave 3.2.4, Wed Feb 06 05:38:50 2013 EST <rbom@zaphod>
# name: small_First_Fit
# type: matrix
# ndims: 3
 1 10 30
 2.218208831496916e-18
 7.397438332831346e-19
 2.455082282972157e-15
 1.432640470371176e-14
 1.70949361954139e-17
 1.23283014236565e-10
 2.981379397307998e-14
 9.52686899578281e-19
 6.671621020293225e-19
 3.731290479126842e-12
 4.344155945027691e-15
 1.18187977075595e-09
 1.467517579260864e-06
 1.432640470371176e-14
 6.019306030757293e-10
 1.23283014236565e-10
 3.902143513481761e-12
 6.186283614400889e-16
 6.537649124741201e-09
 3.731290479126842e-12
 6.551664166023966e-12
 1.18187977075595e-09
 8.174800708586783e-05
 6.531553742918926e-13
 6.019306030757293e-10
 1.23283014236565e-10
 1.283155945190601e-11
 9.263087977170287e-15
 9.11409688059883e-07
 1.597061368578893e-09
 5.409900875786096e-09
 2.497908243104425e-07
 8.174800708586783e-05
 6.531553742918926e-13
 1.467517579260864e-06
 7.428649079403689e-08
 9.441228240806481e-09
 1.476776691990802e-13
 6.968510477950994e-06
 1.371226505616645e-07
 3.861262167042541e-07
 1.271841810594334e-05
 0.0213749078677178
 1.432640470371176e-14
 1.467517579260864e-06
 7.428649079403689e-08
 9.112128796498191e-06
 4.378745038975579e-12
 6.968510477950994e-06
 0.0001471424473543991
 3.861262167042541e-07
 1.271841810594334e-05
 0.0213749078677178
 1.432640470371176e-14
 8.174800708586783e-05
 1.711500357538757e-06
 9.112128796498191e-06
 3.652050695665992e-10
 6.968510477950994e-06
 0.0001471424473543991
 2.095857695541e-06
 1.271841810594334e-05
 0.0213749078677178
 2.05539743406296e-12
 8.174800708586783e-05
 1.711500357538757e-06
 0.0213749078677178
 9.931637683640565e-08
 0.0001203162780552541
 0.0001471424473543991
 0.0001139044650916862
 1.271841810594334e-05
 0.0213749078677178
 2.05539743406296e-12
 1.467517579260864e-06
 1.711500357538757e-06
 0.0213749078677178
 1.253685733735636e-05
 0.0001203162780552541
 0.0001471424473543991
 0.0001139044650916862
 1.271841810594334e-05
 0.0213749078677178
 9.406845352787871e-10
 1.467517579260864e-06
 1.711500357538757e-06
 0.0213749078677178
 0.000233036094709572
 0.0001203162780552541
 0.0001471424473543991
 0.0001139044650916862
 1.271841810594334e-05
 0.0213749078677178
 9.406845352787871e-10
 0.0005884891819828818
 1.711500357538757e-06
 0.0213749078677178
 0.000233036094709572
 0.0001203162780552541
 0.0001471424473543991
 0.0001139044650916862
 1.271841810594334e-05
 0.0213749078677178
 3.31039323731968e-08
 0.0213749078677178
 1.711500357538757e-06
 0.0213749078677178
 0.0213749078677178
 0.0001203162780552541
 0.0001471424473543991
 0.0001139044650916862
 0
 0
 3.31039323731968e-08
 0.0213749078677178
 1.481790486894974e-05
 0.0213749078677178
 0.0213749078677178
 0.0001203162780552541
 0
 0.0001139044650916862
 0
 0
 3.31039323731968e-08
 0.0213749078677178
 1.711500357538757e-06
 0.0213749078677178
 0.0213749078677178
 0.0001203162780552541
 0
 0.0001139044650916862
 0
 0
 1.56488280240784e-07
 0.0213749078677178
 1.711500357538757e-06
 0
 0.0213749078677178
 0
 0
 0
 0
 0
 1.56488280240784e-07
 0.0213749078677178
 1.711500357538757e-06
 0
 0.0213749078677178
 0
 0
 0
 0
 0
 1.56488280240784e-07
 0.0213749078677178
 1.711500357538757e-06
 0
 0.0213749078677178
 0
 0
 0
 0
 0
 1.56488280240784e-07
 0.0213749078677178
 1.711500357538757e-06
 0
 0.0213749078677178
 0
 0
 0
 0
 0
 1.56488280240784e-07
 0
 1.481790486894974e-05
 0
 0
 0
 0
 0
 0
 0
 1.56488280240784e-07
 0
 1.481790486894974e-05
 0
 0
 0
 0
 0
 0
 0
 3.443012536968255e-06
 0
 1.481790486894974e-05
 0
 0
 0
 0
 0
 0
 0
 3.443012536968255e-06
 0
 1.481790486894974e-05
 0
 0
 0
 0
 0
 0
 0
 3.443012536968255e-06
 0
 1.481790486894974e-05
 0
 0
 0
 0
 0
 0
 0
 3.443012536968255e-06
 0
 0.0213749078677178
 0
 0
 0
 0
 0
 0
 0
 3.443012536968255e-06
 0
 0.0213749078677178
 0
 0
 0
 0
 0
 0
 0
 3.443012536968255e-06
 0
 0.0213749078677178
 0
 0
 0
 0
 0
 0
 0
 3.443012536968255e-06
 0
 0.0213749078677178
 0
 0
 0
 0
 0
 0
 0
 0
 0
 0.0213749078677178
 0
 0
 0
 0
 0
 0
 0
 0
 0
 0.0213749078677178
 0
 0
 0
 0
 0
 0
 0
 0
 0
 0.0213749078677178
 0
 0
 0
 0
 0
 0
 0
 0
 0
 0
 0
 0
 0
 0
