# Created by Octave 3.2.4, Mon Feb 04 00:24:59 2013 EST <rbom@zaphod>
# name: small_First_Fit
# type: matrix
# ndims: 3
 1 10 30
 1.953554168452396e-18
 1.095519209321743e-15
 3.742078666662355e-18
 3.59761963064065e-19
 8.033582896424648e-10
 7.039324796504215e-20
 4.879617252990367e-17
 1.096360231276305e-16
 2.677548028074814e-14
 2.067413910676414e-18
 3.681565914180865e-14
 1.783220909900877e-12
 7.259551181095929e-14
 6.213832858295075e-14
 5.493508905791346e-08
 1.221688243204249e-06
 2.131559969812399e-15
 8.825908718383772e-15
 5.996222660414206e-11
 2.12219776909673e-15
 3.085030646452485e-12
 3.35780165044438e-10
 4.568520390571113e-10
 4.973314289868987e-10
 3.43135251860155e-06
 1.221688243204249e-06
 9.513181760145001e-15
 8.825908718383772e-15
 3.934866656502249e-08
 7.731873462911392e-13
 1.116276558718876e-09
 3.35780165044438e-10
 1.282643063136929e-08
 1.313487946250154e-07
 3.43135251860155e-06
 1.221688243204249e-06
 7.049550735032264e-13
 1.897400145640634e-10
 3.70863673563478e-06
 5.289073186540629e-11
 6.960751921315338e-08
 3.137241531102994e-08
 1.282643063136929e-08
 1.313487946250154e-07
 7.686838973513694e-06
 1.221688243204249e-06
 1.111427558848724e-10
 1.601321541777025e-06
 2.533664200931828e-05
 3.254614544977319e-08
 3.735732664596471e-06
 4.298517226178386e-08
 1.282643063136929e-08
 6.812301606621259e-07
 7.686838973513694e-06
 3.618327608032056e-05
 5.922857288736581e-09
 1.601321541777025e-06
 0.0002195970638439519
 3.254614544977319e-08
 1.508492857111262e-05
 4.298517226178386e-08
 1.282643063136929e-08
 0.0002789826292264497
 7.686838973513694e-06
 3.618327608032056e-05
 8.820769186081241e-07
 1.648437835169373e-05
 0.0006266743562714732
 3.254614544977319e-08
 1.508492857111262e-05
 4.298517226178386e-08
 4.881937371183893e-08
 0.0002789826292264497
 7.686838973513694e-06
 3.618327608032056e-05
 7.185764006633071e-06
 1.648437835169373e-05
 0.0006266743562714732
 3.254614544977319e-08
 1.508492857111262e-05
 4.298517226178386e-08
 4.881937371183893e-08
 0.0126832321876546
 7.686838973513694e-06
 3.618327608032056e-05
 7.185764006633071e-06
 1.648437835169373e-05
 0.0126832321876546
 3.254614544977319e-08
 1.508492857111262e-05
 3.773666025988943e-06
 2.71762138373657e-07
 0.0126832321876546
 7.686838973513694e-06
 3.618327608032056e-05
 7.185764006633071e-06
 1.648437835169373e-05
 0.0126832321876546
 3.254614544977319e-08
 1.508492857111262e-05
 0.001671997023168571
 0.0001030102077943376
 0.0126832321876546
 7.686838973513694e-06
 3.618327608032056e-05
 7.185764006633071e-06
 1.648437835169373e-05
 0.0126832321876546
 3.254614544977319e-08
 1.508492857111262e-05
 0.001671997023168571
 0.001671997023168571
 0.0126832321876546
 7.686838973513694e-06
 3.618327608032056e-05
 7.185764006633071e-06
 0.000137313324428735
 0.0126832321876546
 1.74060846775349e-06
 1.508492857111262e-05
 0.001671997023168571
 0.001671997023168571
 0.0126832321876546
 1.40576725666979e-05
 3.618327608032056e-05
 7.185764006633071e-06
 0.000137313324428735
 0.0126832321876546
 9.579837731336985e-05
 0.0008584810591108006
 0.001671997023168571
 0.001671997023168571
 0.0126832321876546
 1.40576725666979e-05
 3.618327608032056e-05
 7.185764006633071e-06
 0.000137313324428735
 0.0126832321876546
 0.0001030102077943376
 0.0008584810591108006
 0.001671997023168571
 0.001671997023168571
 0.0126832321876546
 1.40576725666979e-05
 3.618327608032056e-05
 7.185764006633071e-06
 0.000137313324428735
 0.0126832321876546
 0.0001030102077943376
 0.0008584810591108006
 0.001671997023168571
 0.001671997023168571
 0.0126832321876546
 1.40576725666979e-05
 3.618327608032056e-05
 7.185764006633071e-06
 0.000137313324428735
 0.0126832321876546
 0.0001030102077943376
 0.0008584810591108006
 0.001671997023168571
 0.001671997023168571
 0.0126832321876546
 1.40576725666979e-05
 3.618327608032056e-05
 7.185764006633071e-06
 0.000137313324428735
 0.0126832321876546
 9.579837731336985e-05
 0.0008584810591108006
 0.001671997023168571
 0.001671997023168571
 0.0126832321876546
 1.40576725666979e-05
 3.618327608032056e-05
 7.185764006633071e-06
 0.000137313324428735
 0.0126832321876546
 9.579837731336985e-05
 0.0008584810591108006
 0.001671997023168571
 0.001671997023168571
 0.0126832321876546
 1.40576725666979e-05
 3.618327608032056e-05
 7.185764006633071e-06
 0.000137313324428735
 0.0126832321876546
 9.579837731336985e-05
 0.0008584810591108006
 0.001671997023168571
 0.001671997023168571
 0.0126832321876546
 1.40576725666979e-05
 3.618327608032056e-05
 7.185764006633071e-06
 0.000137313324428735
 0.0126832321876546
 9.579837731336985e-05
 0.0008584810591108006
 0.001671997023168571
 0.001671997023168571
 0.0126832321876546
 1.40576725666979e-05
 3.618327608032056e-05
 7.185764006633071e-06
 0.000137313324428735
 0.0126832321876546
 9.579837731336985e-05
 0.0008584810591108006
 0.001671997023168571
 0.001671997023168571
 0.0126832321876546
 1.40576725666979e-05
 3.618327608032056e-05
 7.185764006633071e-06
 0.000137313324428735
 0.0126832321876546
 9.579837731336985e-05
 0.0008584810591108006
 0.001671997023168571
 0.001671997023168571
 0.0126832321876546
 1.40576725666979e-05
 3.618327608032056e-05
 7.185764006633071e-06
 0.000137313324428735
 0.0126832321876546
 9.579837731336985e-05
 0.0008584810591108006
 0.001671997023168571
 0.001671997023168571
 0.0126832321876546
 1.40576725666979e-05
 3.618327608032056e-05
 7.185764006633071e-06
 0.000137313324428735
 0.0126832321876546
 9.579837731336985e-05
 0.0008584810591108006
 0.001671997023168571
 0.001671997023168571
 0.0126832321876546
 1.40576725666979e-05
 3.618327608032056e-05
 7.185764006633071e-06
 0.000137313324428735
 0.0126832321876546
 9.579837731336985e-05
 0.0008584810591108006
 0.001671997023168571
 0.001671997023168571
 0.0126832321876546
 0.0126832321876546
 3.618327608032056e-05
 7.185764006633071e-06
 0.000137313324428735
 0.0126832321876546
 9.579837731336985e-05
 0.0008584810591108006
 0.001671997023168571
 0.001671997023168571
 0.0126832321876546
 0.0126832321876546
 3.618327608032056e-05
 7.185764006633071e-06
 0.000137313324428735
 0.0126832321876546
 9.579837731336985e-05
 0.0008584810591108006
 0.001671997023168571
 0.001671997023168571
 0.0126832321876546
 0.0126832321876546
 3.618327608032056e-05
 7.185764006633071e-06
 0.000137313324428735
 0.0126832321876546
 9.579837731336985e-05
 0.0008584810591108006
 0.001671997023168571
 0.001671997023168571
 0.0126832321876546
 0.0126832321876546
 3.618327608032056e-05
 7.185764006633071e-06
 0.000137313324428735
 0.0126832321876546
 9.579837731336985e-05
 0.0008584810591108006
 0.001671997023168571
 0.001671997023168571
 0.0126832321876546
 0.0126832321876546
 3.618327608032056e-05
 7.185764006633071e-06
 0.000137313324428735
 0.0126832321876546
 9.579837731336985e-05
