# Created by Octave 3.2.4, Wed Feb 06 16:08:48 2013 EST <rbom@zaphod>
# name: small_First_Fit
# type: matrix
# ndims: 3
 1 10 30
 2.865333686305477e-15
 1.824150694608719e-16
 1.009355819809268e-13
 7.825999437433054e-15
 2.332197877114484e-14
 7.805518077222619e-17
 5.501085287190664e-15
 1.010373731612209e-14
 3.583224639989246e-13
 1.719645211903696e-13
 2.861139439678334e-10
 3.684346996072286e-14
 9.283384287717876e-11
 4.623067334544011e-13
 1.410727223219409e-12
 2.198201191020106e-12
 1.469118417500892e-12
 2.560936865379589e-12
 2.520198023048397e-11
 9.107552420553393e-13
 1.4936912893302e-08
 4.926538003711756e-11
 2.476531442786083e-09
 5.101626849456905e-11
 1.922245894260797e-11
 8.380138678254404e-11
 1.469118417500892e-12
 1.732139716885639e-08
 2.819498459979669e-10
 9.107552420553393e-13
 3.478295775674843e-07
 7.10257858070129e-09
 4.112552568032504e-09
 2.96824208700396e-09
 1.118438644285101e-09
 8.132984046610818e-09
 7.865148865579453e-12
 2.561548195256689e-06
 2.819498459979669e-10
 1.118333226439326e-12
 3.222945599540961e-06
 4.111115006915488e-07
 9.212643959911539e-08
 2.122594320040676e-08
 1.680768836329211e-07
 1.383834463042433e-08
 4.390837623082698e-10
 4.83458848075215e-06
 1.603129197537729e-08
 1.401557986308724e-09
 3.222945599540961e-06
 1.145953442160747e-05
 0.0002049111714299457
 2.122594320040676e-08
 4.532822363978255e-06
 2.385484741318212e-08
 3.715207234177935e-07
 4.83458848075215e-06
 1.603129197537729e-08
 1.401557986308724e-09
 4.838917759799639e-06
 1.145953442160747e-05
 0.0002049111714299457
 2.122594320040676e-08
 4.700208005884144e-05
 5.484157757581446e-06
 3.715207234177935e-07
 5.574257342390544e-06
 4.836378778104612e-07
 3.548111555595542e-07
 7.980913212234033e-06
 1.145953442160747e-05
 0.00021751965848607
 2.122594320040676e-08
 4.700208005884144e-05
 5.484157757581446e-06
 1.822794859011348e-05
 5.574257342390544e-06
 4.836378778104612e-07
 1.274102300783882e-05
 0.0004181286019394022
 0.0002049111714299457
 0.0002049111714299457
 2.122594320040676e-08
 0.0008161841815004577
 5.484157757581446e-06
 1.822794859011348e-05
 5.574257342390544e-06
 4.193134038344271e-05
 3.073405060762456e-05
 0.0004181286019394022
 0.0002049111714299457
 0.0002049111714299457
 5.78890541338326e-07
 0.0008161841815004577
 5.484157757581446e-06
 0.0001207537823889001
 5.574257342390544e-06
 4.193134038344271e-05
 3.073405060762456e-05
 0.0004181286019394022
 0.0002049111714299457
 0.00021751965848607
 1.388933790587053e-06
 0.0008161841815004577
 1.371998554947198e-05
 0.0001955160148735467
 2.564138395163715e-05
 4.193134038344271e-05
 0.0001180760492676843
 0.001917625365844731
 0.00021751965848607
 0.00021751965848607
 1.388933790587053e-06
 0.0008161841815004577
 5.484157757581446e-06
 0.001142649047630434
 2.564138395163715e-05
 4.193134038344271e-05
 0.0001180760492676843
 0.001917625365844731
 0.00021751965848607
 0.00021751965848607
 4.222075432396213e-06
 0.0008161841815004577
 5.484157757581446e-06
 0.001142649047630434
 2.564138395163715e-05
 0.001142649047630434
 0.0001180760492676843
 0.0004181286019394022
 0.00021751965848607
 0.00021751965848607
 0.0004181286019394022
 0.0008161841815004577
 0.0002883705658912312
 0.001142649047630434
 2.564138395163715e-05
 0.001142649047630434
 0.0001180760492676843
 0.0004181286019394022
 0.00021751965848607
 0.00021751965848607
 0.0008877461195755775
 0.0008161841815004577
 0.0002883705658912312
 0.002257727540046764
 0.0003347412864221902
 0.002257727540046764
 0.0001180760492676843
 0.0004181286019394022
 0.0002049111714299457
 0.00021751965848607
 0.0008877461195755775
 0
 0.0002883705658912312
 0.002257727540046764
 0.002257727540046764
 0.001142649047630434
 0.0001180760492676843
 0.0004181286019394022
 0.0002049111714299457
 0.0002049111714299457
 0.0008877461195755775
 0
 0.0002883705658912312
 0.002257727540046764
 0.002257727540046764
 0.002257727540046764
 0.0001180760492676843
 0.0004181286019394022
 0.00021751965848607
 0
 0.0008877461195755775
 0
 0.0002883705658912312
 0.003553310666373631
 0.002257727540046764
 0.003553310666373631
 0
 0
 0.0002049111714299457
 0
 0.0008877461195755775
 0
 0.0002883705658912312
 0.003553310666373631
 0.002257727540046764
 0.002257727540046764
 0
 0
 0.0002049111714299457
 0
 0.0008877461195755775
 0
 0.0002883705658912312
 0.002257727540046764
 0.002257727540046764
 0.002257727540046764
 0
 0
 0.0002049111714299457
 0
 0.0008877461195755775
 0
 0
 0.002257727540046764
 0.002257727540046764
 0.002257727540046764
 0
 0
 0.0002049111714299457
 0
 0
 0
 0
 0.002257727540046764
 0.002257727540046764
 0.002257727540046764
 0
 0
 0.0002049111714299457
 0
 0
 0
 0
 0.003553310666373631
 0
 0.002098956718108945
 0
 0
 0.0002049111714299457
 0
 0
 0
 0
 0.002257727540046764
 0
 0.002257727540046764
 0
 0
 0
 0
 0
 0
 0
 0.002257727540046764
 0
 0.002257727540046764
 0
 0
 0
 0
 0
 0
 0
 0.002257727540046764
 0
 0.002257727540046764
 0
 0
 0
 0
 0
 0
 0
 0.003553310666373631
 0
 0.002257727540046764
 0
 0
 0
 0
 0
 0
 0
 0.003553310666373631
 0
 0.002257727540046764
 0
 0
 0
 0
 0
 0
 0
 0.003553310666373631
 0
 0.002257727540046764
 0
 0
 0
 0
 0
 0
 0
 0.003553310666373631
 0
 0.002257727540046764
 0
