# Created by Octave 3.2.4, Tue Feb 05 22:12:43 2013 EST <rbom@zaphod>
# name: small_First_Fit
# type: matrix
# ndims: 3
 1 10 30
 3.605728467729839e-16
 3.945688910825823e-20
 2.479807553342345e-20
 5.102062475492731e-17
 1.876605748821192e-19
 5.944475955669536e-18
 2.584275585052178e-18
 1.762031918882434e-19
 0.0001671467521236358
 3.488651066506502e-19
 3.315174891079819e-13
 1.239571770380252e-15
 4.064818492935897e-17
 4.717441704411657e-12
 9.425341051324005e-17
 1.846305685021379e-10
 1.700298220437914e-10
 5.037027770959644e-16
 0.0001671467521236358
 1.522781698677168e-14
 5.919417269305864e-12
 1.239571770380252e-15
 1.86633621837983e-14
 4.717441704411657e-12
 5.006613749020073e-14
 1.522408449824193e-08
 1.267626789040618e-08
 5.037027770959644e-16
 0.0001671467521236358
 8.93517103773553e-10
 5.919417269305864e-12
 1.325995305784632e-12
 5.354665280973568e-12
 2.392367603343155e-09
 4.703978551689068e-13
 6.039312567223222e-07
 5.260157055318571e-07
 5.037027770959644e-16
 0.0001671467521236358
 8.336205790680115e-07
 2.649439961016898e-10
 3.891209282730051e-10
 2.231126360592484e-10
 2.392367603343155e-09
 6.875835194758133e-11
 0.0002689050441143336
 2.990573732212435e-05
 7.504784415508399e-14
 0.002065173776739142
 3.546406384301272e-05
 5.185086780138397e-07
 3.891209282730051e-10
 2.231126360592484e-10
 6.039312567223222e-07
 5.726880935831149e-09
 0.0002689050441143336
 2.990573732212435e-05
 7.504784415508399e-14
 0.002065173776739142
 3.546406384301272e-05
 0.0001997087200182739
 3.891209282730051e-10
 2.231126360592484e-10
 6.039312567223222e-07
 5.726880935831149e-09
 0.01529401720036485
 2.990573732212435e-05
 3.515047935177012e-11
 0.002065173776739142
 0.0002994152512351302
 0.0001997087200182739
 3.891209282730051e-10
 2.231126360592484e-10
 0.0002689050441143336
 1.224067825001778e-07
 0.01529401720036485
 2.990573732212435e-05
 3.515047935177012e-11
 0.002065173776739142
 0.0002994152512351302
 0.0001997087200182739
 3.891209282730051e-10
 2.231126360592484e-10
 0.0002689050441143336
 2.449394220621013e-05
 0.01529401720036485
 2.990573732212435e-05
 2.221891560387598e-09
 0.002065173776739142
 0.0002994152512351302
 0.0001997087200182739
 3.891209282730051e-10
 2.231126360592484e-10
 0.0002689050441143336
 2.449394220621013e-05
 0.01529401720036485
 2.990573732212435e-05
 2.221891560387598e-09
 0.002065173776739142
 0.0002994152512351302
 0.00150748421432857
 4.554713250045227e-09
 8.593479175484337e-08
 0.0002689050441143336
 0.0002689050441143336
 0.01529401720036485
 2.990573732212435e-05
 2.221891560387598e-09
 0.002065173776739142
 0.0002994152512351302
 0.00150748421432857
 5.400498777923866e-09
 6.955404699428419e-07
 0.01529401720036485
 0.0002689050441143336
 0.01529401720036485
 0
 2.221891560387598e-09
 0
 0.0002994152512351302
 0.00150748421432857
 5.400498777923866e-09
 6.955404699428419e-07
 0.01529401720036485
 0.0002689050441143336
 0.01529401720036485
 0
 5.447219844845739e-05
 0
 0.0002994152512351302
 0.00150748421432857
 5.400498777923866e-09
 6.955404699428419e-07
 0.01529401720036485
 0.0002689050441143336
 0
 0
 0.003889913818721914
 0
 0
 0.00150748421432857
 2.55903272257e-05
 6.955404699428419e-07
 0.01529401720036485
 0.01529401720036485
 0
 0
 0.003889913818721914
 0
 0
 0.00150748421432857
 0.002065173776739142
 6.955404699428419e-07
 0.01529401720036485
 0.01529401720036485
 0
 0
 0.003889913818721914
 0
 0
 0.00150748421432857
 0.002065173776739142
 6.955404699428419e-07
 0.01529401720036485
 0.01529401720036485
 0
 0
 0.003889913818721914
 0
 0
 0
 0.002065173776739142
 3.838218843913583e-06
 0.01529401720036485
 0.01529401720036485
 0
 0
 0.003889913818721914
 0
 0
 0
 0.002065173776739142
 6.955404699428419e-07
 0
 0.01529401720036485
 0
 0
 0.003889913818721914
 0
 0
 0
 0.002065173776739142
 6.955404699428419e-07
 0
 0.01529401720036485
 0
 0
 0.003889913818721914
 0
 0
 0
 0.002065173776739142
 6.955404699428419e-07
 0
 0.01529401720036485
 0
 0
 0
 0
 0
 0
 0.002065173776739142
 0.0005607836467273063
 0
 0
 0
 0
 0
 0
 0
 0
 0
 0.01529401720036485
 0
 0
 0
 0
 0
 0
 0
 0
 0
 0.01529401720036485
 0
 0
 0
 0
 0
 0
 0
 0
 0
 0.01529401720036485
 0
 0
 0
 0
 0
 0
 0
 0
 0
 0.01529401720036485
 0
 0
 0
 0
 0
 0
 0
 0
 0
 0.01529401720036485
 0
 0
 0
 0
 0
 0
 0
 0
 0
 0.01529401720036485
 0
 0
 0
 0
 0
 0
 0
 0
 0
 0.01529401720036485
 0
 0
 0
 0
 0
 0
 0
 0
 0
 0
 0
 0
 0
 0
 0
 0
 0
