# Created by Octave 3.2.4, Mon Feb 04 00:02:13 2013 EST <rbom@zaphod>
# name: small_First_Fit
# type: matrix
# ndims: 3
 1 10 30
 4.021536264898089e-21
 9.904019254819256e-22
 6.461251042941052e-14
 1.777340421273465e-23
 2.054125493741028e-17
 7.045029150531331e-12
 4.230506205493194e-23
 3.531694668633249e-16
 9.732316580811307e-24
 1.407412583882688e-13
 2.715122032796171e-18
 2.121617568042762e-16
 4.22109462307039e-11
 3.238727997432904e-19
 2.054125493741028e-17
 2.019343997273701e-08
 1.881245885910351e-18
 2.745134962848741e-14
 7.38344823141842e-22
 1.407412583882688e-13
 9.292196548128415e-15
 1.398509204622317e-16
 4.22109462307039e-11
 9.283306259178282e-16
 2.054125493741028e-17
 2.57432599102703e-06
 2.042475822367568e-14
 5.004631588863752e-10
 2.650363826005538e-16
 1.308428152231037e-11
 6.860291946745445e-12
 1.398509204622317e-16
 4.22109462307039e-11
 1.172666986185055e-12
 6.902231238270501e-12
 2.57432599102703e-06
 5.854431685074203e-11
 5.924691108041068e-08
 7.596827837235532e-13
 1.132845382615857e-07
 6.860291946745445e-12
 1.398509204622317e-16
 4.22109462307039e-11
 1.04849178029026e-09
 6.902231238270501e-12
 2.57432599102703e-06
 7.750083396963946e-09
 5.924691108041068e-08
 3.541418744690912e-10
 1.132845382615857e-07
 6.860291946745445e-12
 1.398509204622317e-16
 3.020355279039078e-08
 5.815808168450474e-07
 6.902231238270501e-12
 0.003525903426601237
 7.242898970253663e-07
 5.250453153817986e-05
 3.541418744690912e-10
 1.132845382615857e-07
 2.148098131166026e-08
 1.260924795302254e-13
 3.020355279039078e-08
 8.633474713453551e-06
 7.829098195752354e-10
 0.003525903426601237
 4.221589027141112e-05
 5.250453153817986e-05
 6.16225100353721e-08
 7.712655525554559e-06
 2.148098131166026e-08
 3.23187687611645e-11
 3.020355279039078e-08
 8.633474713453551e-06
 2.631812647083664e-08
 0.003525903426601237
 4.221589027141112e-05
 5.250453153817986e-05
 6.16225100353721e-08
 7.712655525554559e-06
 8.900147640351524e-06
 8.785066912798995e-08
 3.020355279039078e-08
 8.633474713453551e-06
 3.289060872743483e-07
 0.003525903426601237
 4.221589027141112e-05
 0.004944068095553696
 6.16225100353721e-08
 7.712655525554559e-06
 1.365250983949313e-05
 1.172981489882899e-06
 3.9250008604171e-06
 8.633474713453551e-06
 3.289060872743483e-07
 0.003525903426601237
 4.221589027141112e-05
 0.004944068095553696
 6.16225100353721e-08
 7.712655525554559e-06
 8.900147640351524e-06
 1.172981489882899e-06
 0.0009955636644082679
 8.633474713453551e-06
 3.289060872743483e-07
 0.003525903426601237
 4.221589027141112e-05
 0.004944068095553696
 0.003525903426601237
 7.712655525554559e-06
 8.900147640351524e-06
 1.172981489882899e-06
 0.0009955636644082679
 8.633474713453551e-06
 3.289060872743483e-07
 0.003525903426601237
 0.001050335882340405
 0.004944068095553696
 0.003525903426601237
 7.712655525554559e-06
 8.900147640351524e-06
 1.172981489882899e-06
 0.0009955636644082679
 8.633474713453551e-06
 3.289060872743483e-07
 0.003525903426601237
 0.001139669080090003
 0.004944068095553696
 0.003525903426601237
 7.712655525554559e-06
 0.003320076773624287
 1.172981489882899e-06
 0.0009955636644082679
 8.633474713453551e-06
 3.289060872743483e-07
 0.003525903426601237
 0.001050335882340405
 0.004944068095553696
 0.003525903426601237
 7.712655525554559e-06
 0.003320076773624287
 1.172981489882899e-06
 0.0009955636644082679
 8.633474713453551e-06
 3.289060872743483e-07
 0.003525903426601237
 0.001050335882340405
 0.004944068095553696
 0.003525903426601237
 7.712655525554559e-06
 0.003320076773624287
 1.172981489882899e-06
 0.0009955636644082679
 8.633474713453551e-06
 3.289060872743483e-07
 0.003525903426601237
 0.001050335882340405
 0.004944068095553696
 0.003525903426601237
 7.712655525554559e-06
 0.003320076773624287
 1.172981489882899e-06
 0.0009955636644082679
 0.001139669080090003
 3.289060872743483e-07
 0.003525903426601237
 0.001050335882340405
 0.004944068095553696
 0.003525903426601237
 7.712655525554559e-06
 0.003320076773624287
 1.172981489882899e-06
 0.0009955636644082679
 0.001139669080090003
 3.289060872743483e-07
 0.003525903426601237
 0.001050335882340405
 0.004944068095553696
 0.003525903426601237
 7.712655525554559e-06
 0.003320076773624287
 1.172981489882899e-06
 0.0009955636644082679
 0.001139669080090003
 3.289060872743483e-07
 0.003525903426601237
 0.001050335882340405
 0.004944068095553696
 0.003525903426601237
 7.712655525554559e-06
 0.003320076773624287
 1.172981489882899e-06
 0.0009955636644082679
 0.001139669080090003
 3.289060872743483e-07
 0.003525903426601237
 0.001050335882340405
 0.004944068095553696
 0.003525903426601237
 7.712655525554559e-06
 0.003320076773624287
 1.172981489882899e-06
 0.0009955636644082679
 0.001139669080090003
 3.289060872743483e-07
 0.003525903426601237
 0.001050335882340405
 0.004944068095553696
 0.003525903426601237
 0.001050335882340405
 0.003320076773624287
 1.172981489882899e-06
 0.0009955636644082679
 0.001139669080090003
 3.289060872743483e-07
 0.003525903426601237
 0.001050335882340405
 0.004944068095553696
 0.003525903426601237
 0.001050335882340405
 0.003320076773624287
 1.172981489882899e-06
 0.0009955636644082679
 0.001139669080090003
 3.289060872743483e-07
 0.003525903426601237
 0.001050335882340405
 0.004944068095553696
 0.003525903426601237
 0.001050335882340405
 0.003320076773624287
 1.172981489882899e-06
 0.0009955636644082679
 0.001139669080090003
 3.289060872743483e-07
 0.003525903426601237
 0.001050335882340405
 0.004944068095553696
 0.003525903426601237
 0.001050335882340405
 0.003320076773624287
 1.172981489882899e-06
 0.0009955636644082679
 0.001139669080090003
 3.289060872743483e-07
 0.003525903426601237
 0.001050335882340405
 0.004944068095553696
 0.003525903426601237
 0.001050335882340405
 0.003320076773624287
 1.172981489882899e-06
 0.0009955636644082679
 0.001139669080090003
 3.289060872743483e-07
 0.003525903426601237
 0.001050335882340405
 0.004944068095553696
 0.003525903426601237
 0.001050335882340405
 0.003320076773624287
 1.172981489882899e-06
 0.0009955636644082679
 0.001139669080090003
 3.289060872743483e-07
 0.003525903426601237
 0.001050335882340405
 0.004944068095553696
 0.003525903426601237
 0.001050335882340405
 0.003320076773624287
 1.172981489882899e-06
 0.0009955636644082679
 0.001139669080090003
 3.289060872743483e-07
 0.003525903426601237
 0.001050335882340405
 0.004944068095553696
 0.003525903426601237
 0.001050335882340405
 0.003320076773624287
 1.172981489882899e-06
 0.0009955636644082679
 0.001139669080090003
 3.289060872743483e-07
 0.003525903426601237
 0.001050335882340405
 0.004944068095553696
 0.003525903426601237
 0.001050335882340405
 0.003320076773624287
 1.172981489882899e-06
 0.0009955636644082679
 0.001139669080090003
 3.289060872743483e-07
 0.003525903426601237
 0.001050335882340405
 0.004944068095553696
 0.003525903426601237
 0.001050335882340405
