# Created by Octave 3.2.4, Wed Feb 06 03:39:25 2013 EST <rbom@zaphod>
# name: small_First_Fit
# type: matrix
# ndims: 3
 1 10 30
 4.546744490143817e-09
 9.842638024170001e-10
 3.325896248651474e-08
 3.935442541237279e-06
 2.194595303634171e-07
 2.012129685999534e-07
 1.92815642883587e-07
 8.716399856144216e-10
 7.029047121524483e-09
 1.989725180782819e-05
 3.081369944680123e-07
 3.981495190577071e-06
 8.476500145088777e-07
 0.0006234725863456221
 2.194595303634171e-07
 0.0001133587864043961
 1.92815642883587e-07
 6.202321051438449e-07
 1.338521644900942e-05
 0.00411544040770898
 1.739485204354456e-05
 0.000153361809284863
 8.476500145088777e-07
 0.0006234725863456221
 2.194595303634171e-07
 0.0001918372143192317
 3.145573463669906e-06
 1.121956456927406e-06
 0.0001897342808796826
 0.00887657632881313
 9.035295758784943e-05
 0.001502813575083797
 8.476500145088777e-07
 0.005902254345266795
 3.950803132993882e-06
 0.0001133587864043961
 3.145573463669906e-06
 6.202321051438449e-07
 0.0008868379126137261
 0.00887657632881313
 0.000282742325436662
 0.001585128674744178
 2.376261721290182e-06
 0.005902254345266795
 3.950803132993882e-06
 0.002168544473938976
 0.0002541711853354138
 2.39911326703648e-05
 0.002010687358271931
 0.00887657632881313
 0.000282742325436662
 0.001502813575083797
 2.376261721290182e-06
 0.02638711041035745
 0.0001401159859936524
 0.007890801841616437
 0.0002541711853354138
 0.0003335697080793478
 0.002010687358271931
 0.00887657632881313
 0.000282742325436662
 0.001585128674744178
 6.897722503150985e-05
 0.02638711041035745
 0.0001485587349971825
 0.007890801841616437
 0.0009793345303297759
 0.002272424100748339
 0.002010687358271931
 0.00741965172100816
 0.000282742325436662
 0.001585128674744178
 0.0001188989896146662
 0.02638711041035745
 0.0001444535157299602
 0.007890801841616437
 0.001471127134339963
 0.01012296148181215
 0.002010687358271931
 0.00741965172100816
 0.000282742325436662
 0.001585128674744178
 0.02364837553215486
 0.02638711041035745
 0.0001401159859936524
 0.02697216967160041
 0.001471127134339963
 0.01012296148181215
 0.002010687358271931
 0.01012296148181215
 0.001010398450046954
 0.001502813575083797
 0.02364837553215486
 0.02638711041035745
 0.0001401159859936524
 0.02697216967160041
 0.0009793345303297759
 0.01012296148181215
 0.009347612287240622
 0.02105435705776844
 0.000282742325436662
 0.01140274880225645
 0.02364837553215486
 0.02638711041035745
 0.0001401159859936524
 0.06273830957143993
 0.006414983578149685
 0.01012296148181215
 0.009347612287240622
 0.02105435705776844
 0.000282742325436662
 0.01140274880225645
 0.06273830957143993
 0.04369642575256288
 0.0002168236948614791
 0.06273830957143993
 0.006414983578149685
 0.01012296148181215
 0.005786352374885608
 0.02105435705776844
 0.002467739285137111
 0.01263211660560172
 0.06273830957143993
 0.04369642575256288
 0.005206763554887433
 0.06273830957143993
 0.006414983578149685
 0.01012296148181215
 0.009347612287240622
 0.02105435705776844
 0.002467739285137111
 0.03809892515856882
 0.06273830957143993
 0.04369642575256288
 0.02638711041035745
 0.06273830957143993
 0.01177494881979981
 0.01012296148181215
 0.005786352374885608
 0.05969588253054906
 0.002467739285137111
 0.03809892515856882
 0.06273830957143993
 0.04369642575256288
 0.02638711041035745
 0.06273830957143993
 0.01177494881979981
 0
 0.005786352374885608
 0.05969588253054906
 0.002467739285137111
 0.03809892515856882
 0.06273830957143993
 0.04369642575256288
 0.02638711041035745
 0.06273830957143993
 0.02160242036382409
 0
 0.02105435705776844
 0.05969588253054906
 0.002467739285137111
 0.04369642575256288
 0.06273830957143993
 0.04369642575256288
 0.06273830957143993
 0.06273830957143993
 0.02160242036382409
 0
 0.02105435705776844
 0.05969588253054906
 0.005206763554887433
 0.04369642575256288
 0.06273830957143993
 0.04972715266111635
 0.06273830957143993
 0
 0.02160242036382409
 0
 0.04369642575256288
 0.05969588253054906
 0.005239676734038112
 0.03809892515856882
 0
 0.04972715266111635
 0.04972715266111635
 0
 0.02160242036382409
 0
 0.04369642575256288
 0.05969588253054906
 0.005239676734038112
 0.03809892515856882
 0
 0.04972715266111635
 0.02697216967160041
 0
 0.02160242036382409
 0
 0.04369642575256288
 0.05969588253054906
 0.005239676734038112
 0.03809892515856882
 0
 0.04972715266111635
 0.02697216967160041
 0
 0.02160242036382409
 0
 0.04369642575256288
 0
 0.005239676734038112
 0.03809892515856882
 0
 0.04972715266111635
 0.02697216967160041
 0
 0.02697216967160041
 0
 0.04369642575256288
 0
 0.005239676734038112
 0.03809892515856882
 0
 0.06273830957143993
 0.02697216967160041
 0
 0.02697216967160041
 0
 0.04972715266111635
 0
 0.005206763554887433
 0
 0
 0.06273830957143993
 0
 0
 0.02697216967160041
 0
 0.04369642575256288
 0
 0.0145896203302924
 0
 0
 0.06273830957143993
 0
 0
 0.02697216967160041
 0
 0.04369642575256288
 0
 0.006205952530044912
 0
 0
 0.04972715266111635
 0
 0
 0.02697216967160041
 0
 0.04972715266111635
 0
 0.005206763554887433
 0
 0
 0.04972715266111635
 0
 0
 0.02697216967160041
 0
 0.04972715266111635
 0
 0.02369156237461041
 0
 0
 0.04972715266111635
 0
 0
 0.02697216967160041
 0
 0.04369642575256288
 0
 0.02697216967160041
 0
 0
 0.04972715266111635
 0
 0
 0
 0
 0.04369642575256288
 0
 0.02697216967160041
 0
 0
 0
 0
 0
 0
 0
 0.04369642575256288
 0
