# Created by Octave 3.2.4, Wed Feb 06 20:06:08 2013 EST <rbom@zaphod>
# name: small_First_Fit
# type: matrix
# ndims: 3
 1 10 30
 8.730524963754777e-09
 2.873306991199703e-09
 5.831537383309745e-07
 6.294908389253979e-08
 2.708553082073879e-08
 3.116626546866681e-09
 2.609129389300581e-09
 6.044930575256203e-08
 1.207630761486023e-06
 2.431322541696417e-10
 1.325059627714178e-05
 0.0003094039326978292
 1.008495503876773e-06
 3.611439813887861e-06
 2.681588913538805e-06
 0.0006641862634530886
 5.691760152090336e-07
 4.941428833887241e-05
 2.056658847854854e-06
 2.888052630055509e-08
 1.325059627714178e-05
 0.004059252517059807
 5.831537383309745e-07
 3.611439813887861e-06
 9.156995349639068e-05
 0.003705148857447791
 6.752074956853017e-05
 0.0001052463845198635
 0.0002076845470049061
 1.032087414430483e-06
 0.000155600781921824
 0.004059252517059807
 2.634590652917139e-05
 4.311152338245037e-06
 0.0002779314127678709
 0.003705148857447791
 0.0004289547697770328
 0.0001372005218387152
 0.0002076845470049061
 1.470185638914096e-05
 0.000155600781921824
 0.008176154057474514
 2.688918465253811e-05
 0.0001107882303157388
 0.0002779314127678709
 0.004738726052513285
 0.0004289547697770328
 0.0001851443749832218
 0.008170515204755998
 1.470185638914096e-05
 0.000155600781921824
 0.01179175135501011
 0.0003219125762586552
 0.0008188853007904935
 0.0005777538318666125
 0.004738726052513285
 0.0004406198695954549
 0.0001851443749832218
 0.008170515204755998
 3.316537716519603e-05
 0.0002008608380557546
 0.01179175135501011
 0.0007654499043103741
 0.0008188853007904935
 0.0005777538318666125
 0.004738726052513285
 0.001153527424256851
 0.0001851443749832218
 0.008170515204755998
 0.001215586383841809
 0.001115406677190341
 0.01179175135501011
 0.007357066316951663
 0.0008188853007904935
 0.0005777538318666125
 0.004738726052513285
 0.001153527424256851
 0.0004105017409898501
 0.008170515204755998
 0.001215586383841809
 0.001115406677190341
 0.03654626800052484
 0.007357066316951663
 0.0008188853007904935
 0.0005777538318666125
 0.004738726052513285
 0.006011980466654485
 0.0001884165701749285
 0.02792085411352406
 0.001215586383841809
 0.001343609803299576
 0.03654626800052484
 0.007357066316951663
 0.002440425962598007
 0.003745491230849407
 0.01074345142927292
 0.006011980466654485
 0.0001884165701749285
 0.02792085411352406
 0.002015289303982888
 0.002362636525090979
 0.03654626800052484
 0.01692130689430162
 0.002847991815690321
 0.003745491230849407
 0.01074345142927292
 0.006134769422269
 0.0004105017409898501
 0.008170515204755998
 0.003285479309363187
 0.002362636525090979
 0.03654626800052484
 0.01692130689430162
 0.01637169236940534
 0.003745491230849407
 0.01074345142927292
 0.01637169236940534
 0.0004105017409898501
 0.02792085411352406
 0.003285479309363187
 0.001296080482252623
 0.03654626800052484
 0.01692130689430162
 0.01637169236940534
 0.009860396930677556
 0.02309372108762987
 0.01637169236940534
 0.000625870358155617
 0.03654626800052484
 0.004077565917015152
 0.005674131464413146
 0.03654626800052484
 0.01692130689430162
 0.01637169236940534
 0.009860396930677556
 0.02309372108762987
 0.01637169236940534
 0.000625870358155617
 0.03654626800052484
 0.003285479309363187
 0.005674131464413146
 0.03654626800052484
 0.01692130689430162
 0.01637169236940534
 0.009860396930677556
 0.02309372108762987
 0.01637169236940534
 0.000625870358155617
 0.03654626800052484
 0.0103651176786247
 0.005674131464413146
 0
 0.01692130689430162
 0.02792085411352406
 0.009963794090715688
 0.02792085411352406
 0.01637169236940534
 0.000625870358155617
 0.03654626800052484
 0.0103651176786247
 0.005674131464413146
 0
 0.01692130689430162
 0.01637169236940534
 0.02309372108762987
 0.02792085411352406
 0.01637169236940534
 0.01010685952205261
 0.03654626800052484
 0.01692130689430162
 0.005674131464413146
 0
 0
 0.01637169236940534
 0.02309372108762987
 0.02792085411352406
 0.02792085411352406
 0.01010685952205261
 0.03654626800052484
 0.01692130689430162
 0.005674131464413146
 0
 0
 0.01637169236940534
 0.009860396930677556
 0.02792085411352406
 0.02792085411352406
 0.02444930953869607
 0.03654626800052484
 0.01692130689430162
 0.008541942837389953
 0
 0
 0.01637169236940534
 0.009860396930677556
 0.02792085411352406
 0.01637169236940534
 0.02444930953869607
 0
 0.01692130689430162
 0.008541942837389953
 0
 0
 0.01637169236940534
 0.009860396930677556
 0.02792085411352406
 0.01637169236940534
 0.02444930953869607
 0
 0.01692130689430162
 0.008541942837389953
 0
 0
 0.01637169236940534
 0.009860396930677556
 0.02792085411352406
 0.01637169236940534
 0.02444930953869607
 0
 0.01692130689430162
 0.008541942837389953
 0
 0
 0
 0.009860396930677556
 0
 0.01637169236940534
 0.01228704524891521
 0
 0.01692130689430162
 0.008541942837389953
 0
 0
 0
 0
 0
 0.01637169236940534
 0.01228704524891521
 0
 0
 0.008541942837389953
 0
 0
 0
 0
 0
 0
 0.01228704524891521
 0
 0
 0.008541942837389953
 0
 0
 0
 0
 0
 0
 0
 0
 0
 0
 0
 0
 0
 0
 0
 0
 0
 0
 0
 0
 0
 0
 0
 0
 0
 0
 0
 0
 0
 0
 0
 0
 0
 0
 0
 0
 0
 0
 0
 0
 0
 0
 0
 0
 0
 0
 0
 0
 0
