# Created by Octave 3.2.4, Wed Feb 06 06:46:10 2013 EST <rbom@zaphod>
# name: small_First_Fit
# type: matrix
# ndims: 3
 1 10 30
 8.867793518369638e-16
 1.169036395417937e-14
 1.534621250332752e-13
 1.287338547766286e-15
 1.901952638215057e-15
 4.127992235082439e-11
 8.163010299070651e-16
 2.422212500384276e-16
 4.09161888376366e-12
 3.539207320624023e-14
 6.033967375675256e-11
 7.90266289138634e-12
 1.028246707970022e-10
 8.679624455655059e-13
 1.261011696394161e-12
 4.210379583454754e-08
 1.098835192372782e-11
 6.065954249217645e-11
 4.09161888376366e-12
 4.850633646133694e-10
 9.514406980723921e-08
 3.628278127570032e-11
 5.945567454951789e-08
 5.220699705944942e-09
 6.947118308002934e-10
 2.813704409439738e-06
 1.276419372106865e-10
 5.459206361709013e-10
 9.421754700685166e-09
 4.850633646133694e-10
 9.514406980723921e-08
 6.100895332500921e-10
 2.652610807266119e-05
 2.903087556295176e-07
 8.746220776629705e-08
 2.813704409439738e-06
 5.398090703269214e-08
 5.459206361709013e-10
 6.145371230790773e-06
 4.324245901562366e-07
 3.627482070377899e-06
 4.045820468355143e-08
 0.005119658734314411
 7.108926532238495e-06
 2.631439510556265e-06
 2.813704409439738e-06
 2.169659813310625e-05
 1.639896546776874e-09
 6.145371230790773e-06
 4.324245901562366e-07
 3.627482070377899e-06
 2.378327043068041e-06
 0.005119658734314411
 7.108926532238495e-06
 2.631439510556265e-06
 2.866853777497922e-05
 0.04595019494319873
 1.469232624480431e-08
 6.145371230790773e-06
 8.0352521190849e-05
 1.627091818620633e-05
 1.035189282919522e-05
 0.005119658734314411
 4.766876739508885e-05
 2.631439510556265e-06
 0.0001189879480499022
 0.04595019494319873
 1.469232624480431e-08
 6.145371230790773e-06
 0.0001841963178802809
 1.627091818620633e-05
 2.375712665645599e-05
 0.02682708045857243
 0.0006023187549083102
 2.631439510556265e-06
 0.0005556178069250363
 0.04595019494319873
 4.123685793025711e-08
 6.145371230790773e-06
 0.0001841963178802809
 1.627091818620633e-05
 0.0006436780374023086
 0.005119658734314411
 0.0008211502629884063
 2.631439510556265e-06
 0.0005556178069250363
 0.04595019494319873
 6.444109819569203e-06
 6.145371230790773e-06
 0.0001841963178802809
 4.66242532253832e-05
 0.02496499726243859
 0.02682708045857243
 0.0008211502629884063
 3.138433246289445e-06
 0.0005556178069250363
 0.04595019494319873
 0.01057725123201588
 6.145371230790773e-06
 0.0001841963178802809
 4.66242532253832e-05
 0.02496499726243859
 0.02682708045857243
 0.0008211502629884063
 2.631439510556265e-06
 0.0005556178069250363
 0.04595019494319873
 0.01586593876561417
 0
 0.0001841963178802809
 0.0001748927538702675
 0.04595019494319873
 0.02682708045857243
 0.0008180235656121834
 2.631439510556265e-06
 0.0005556178069250363
 0.04595019494319873
 0.04595019494319873
 0
 0.0001841963178802809
 0.0002970662889327615
 0.04595019494319873
 0.02682708045857243
 0.0008180235656121834
 2.631439510556265e-06
 0.0005556178069250363
 0
 0.04595019494319873
 0
 0.0001841963178802809
 0.008119595770884737
 0.04595019494319873
 0.02682708045857243
 0.001636285161074724
 2.631439510556265e-06
 0.0005556178069250363
 0
 0.04595019494319873
 0
 0
 0.01572298504372402
 0.04595019494319873
 0.02682708045857243
 0.001636285161074724
 2.631439510556265e-06
 0
 0
 0.04595019494319873
 0
 0
 0.01572298504372402
 0.04595019494319873
 0.02682708045857243
 0.001636285161074724
 2.631439510556265e-06
 0
 0
 0.04595019494319873
 0
 0
 0.01572298504372402
 0.04595019494319873
 0
 0.001636285161074724
 0
 0
 0
 0.04595019494319873
 0
 0
 0.01572298504372402
 0.04595019494319873
 0
 0.02682708045857243
 0
 0
 0
 0.04595019494319873
 0
 0
 0.01572298504372402
 0
 0
 0.02682708045857243
 0
 0
 0
 0
 0
 0
 0.01572298504372402
 0
 0
 0.02682708045857243
 0
 0
 0
 0
 0
 0
 0.01572298504372402
 0
 0
 0.02682708045857243
 0
 0
 0
 0
 0
 0
 0
 0
 0
 0.02682708045857243
 0
 0
 0
 0
 0
 0
 0
 0
 0
 0.02682708045857243
 0
 0
 0
 0
 0
 0
 0
 0
 0
 0.02682708045857243
 0
 0
 0
 0
 0
 0
 0
 0
 0
 0
 0
 0
 0
 0
 0
 0
 0
 0
 0
 0
 0
 0
 0
 0
 0
 0
 0
 0
 0
 0
 0
 0
 0
 0
 0
 0
 0
 0
 0
 0
 0
 0
 0
 0
 0
 0
 0
 0
 0
 0
 0
 0
 0
 0
 0
 0
 0
 0
 0
 0
 0
 0
 0
 0
 0
 0
