# Created by Octave 3.2.4, Tue Feb 05 13:28:14 2013 EST <rbom@zaphod>
# name: small_First_Fit
# type: matrix
# ndims: 3
 1 10 30
 3.41547493671734e-15
 7.171902310438794e-15
 4.493505049266607e-19
 1.631183970488214e-17
 1.597810458138324e-16
 1.256912755841218e-17
 2.78869880451391e-16
 3.752402096603247e-18
 6.593376714955256e-19
 4.156125203003854e-20
 6.473445486013535e-12
 7.171902310438794e-15
 1.92318424819514e-15
 1.631183970488214e-17
 6.675237550467281e-15
 4.990848252248312e-15
 1.510089593855273e-12
 1.44434523116935e-15
 8.523195960060324e-15
 2.294999751091443e-10
 8.144973695541509e-10
 4.581684870277187e-11
 3.78424291073043e-12
 1.991899222100119e-15
 5.864360827766075e-12
 6.236167893587622e-12
 5.184997012463294e-09
 2.660856969186628e-12
 1.591953846405075e-12
 8.871964638282002e-07
 8.144973695541509e-10
 8.937103348648431e-08
 3.78424291073043e-12
 4.926316913816361e-12
 5.164567149749362e-10
 2.600301143987059e-10
 1.291040307270425e-05
 1.138078907902376e-08
 1.591953846405075e-12
 0.001695536722562613
 8.144973695541509e-10
 8.937103348648431e-08
 3.78424291073043e-12
 4.926316913816361e-12
 6.514170463373746e-08
 7.433230520283609e-09
 1.291040307270425e-05
 1.138078907902376e-08
 3.45438492514606e-09
 0.001695536722562613
 3.349314680064117e-08
 8.707755998491364e-05
 3.638395297417775e-10
 1.801081474605373e-09
 9.155743733260596e-07
 1.045405137450578e-07
 1.291040307270425e-05
 1.138078907902376e-08
 6.081634432010161e-08
 0.001695536722562613
 3.349314680064117e-08
 8.707755998491364e-05
 1.401216960587836e-07
 1.801081474605373e-09
 0.0001015845115366683
 6.339406870374553e-05
 1.291040307270425e-05
 1.138078907902376e-08
 2.510020719652472e-06
 0.001695536722562613
 0.0001015845115366683
 8.707755998491364e-05
 0.0001284276969756414
 1.801081474605373e-09
 0.0001015845115366683
 6.339406870374553e-05
 1.291040307270425e-05
 9.462899520605221e-07
 2.510020719652472e-06
 0.001695536722562613
 0.0001015845115366683
 8.707755998491364e-05
 0.0001284276969756414
 1.801081474605373e-09
 0.0001015845115366683
 0.005252460854737169
 1.291040307270425e-05
 1.833810382668817e-05
 3.606274350507017e-05
 0.001695536722562613
 0.0001015845115366683
 0.0009289052406178569
 0.005252460854737169
 1.801081474605373e-09
 0.0007672598060484093
 0.005252460854737169
 0.001695536722562613
 1.270926210923696e-05
 3.606274350507017e-05
 0.001695536722562613
 0.0001015845115366683
 0.0009289052406178569
 0.005252460854737169
 7.686392571637853e-06
 0.0007672598060484093
 0.005252460854737169
 0.001695536722562613
 1.270926210923696e-05
 3.606274350507017e-05
 0
 0.0001015845115366683
 0.0009289052406178569
 0.05730743510849285
 7.686392571637853e-06
 0.0007672598060484093
 0.005252460854737169
 0.001695536722562613
 1.270926210923696e-05
 0.0001104386716731227
 0
 0.0001015845115366683
 0.0009289052406178569
 0.05730743510849285
 7.686392571637853e-06
 0.0007672598060484093
 0.005252460854737169
 0.02466843355768195
 1.270926210923696e-05
 3.606274350507017e-05
 0
 0.0007672598060484093
 0.0009289052406178569
 0.05730743510849285
 7.686392571637853e-06
 0.0007672598060484093
 0.005252460854737169
 0.02466843355768195
 1.270926210923696e-05
 3.606274350507017e-05
 0
 0.0007672598060484093
 0.0009289052406178569
 0.05730743510849285
 7.686392571637853e-06
 0.0007672598060484093
 0.005252460854737169
 0.02466843355768195
 1.270926210923696e-05
 3.606274350507017e-05
 0
 0.0007672598060484093
 0.0009289052406178569
 0.05730743510849285
 7.686392571637853e-06
 0.0007672598060484093
 0
 0.02466843355768195
 0
 0.0001104386716731227
 0
 0.0007672598060484093
 0
 0.05730743510849285
 7.686392571637853e-06
 0
 0
 0.02466843355768195
 0
 3.606274350507017e-05
 0
 0.0007672598060484093
 0
 0.05730743510849285
 0
 0
 0
 0.02466843355768195
 0
 3.606274350507017e-05
 0
 0.0007672598060484093
 0
 0
 0
 0
 0
 0.02466843355768195
 0
 0.05730743510849285
 0
 0.0007672598060484093
 0
 0
 0
 0
 0
 0
 0
 0.05730743510849285
 0
 0
 0
 0
 0
 0
 0
 0
 0
 0.05730743510849285
 0
 0
 0
 0
 0
 0
 0
 0
 0
 0.05730743510849285
 0
 0
 0
 0
 0
 0
 0
 0
 0
 0.05730743510849285
 0
 0
 0
 0
 0
 0
 0
 0
 0
 0.05730743510849285
 0
 0
 0
 0
 0
 0
 0
 0
 0
 0.05730743510849285
 0
 0
 0
 0
 0
 0
 0
 0
 0
 0
 0
 0
 0
 0
 0
 0
 0
 0
 0
 0
 0
 0
 0
 0
 0
 0
 0
 0
 0
 0
 0
 0
 0
 0
 0
 0
 0
 0
 0
 0
 0
 0
 0
 0
 0
 0
 0
 0
 0
 0
 0
