# Created by Octave 3.2.4, Wed Feb 06 21:19:13 2013 EST <rbom@zaphod>
# name: small_First_Fit
# type: matrix
# ndims: 3
 1 10 30
 1.651895739951253e-06
 1.929447093856441e-06
 1.088859059940979e-06
 9.973353102081854e-06
 2.797716793392741e-07
 0.0006466847147050129
 3.865166587476074e-07
 8.400822242383614e-06
 1.314927970694772e-05
 2.291646725490813e-06
 1.606196412129897e-05
 0.03051120392790317
 3.396309862708688e-05
 0.007180160662041646
 2.797716793392741e-07
 0.0006466847147050129
 0.0006930753527854581
 2.163918959795079e-05
 1.314927970694772e-05
 6.772130004762104e-06
 0.002388874177092724
 0.03051120392790317
 2.223102535480879e-05
 0.007180160662041646
 1.07299713376232e-06
 0.0006466847147050129
 0.0006930753527854581
 2.747210517593855e-05
 5.931278852394701e-05
 0.000167459590866238
 0.005847859144172003
 0.04103264726680746
 2.223102535480879e-05
 0.01114141937304915
 0.0002063718777800644
 0.02113189112505919
 0.0007863147639640606
 0.001793365568723619
 5.931278852394701e-05
 0.000167459590866238
 0.005847859144172003
 0.03947243983722384
 2.223102535480879e-05
 0.01114141937304915
 0.001622864009469836
 0.02113189112505919
 0.002914145271898974
 0.001793365568723619
 5.931278852394701e-05
 0.0003488555314427973
 0.005847859144172003
 0.03947243983722384
 2.709491251483724e-05
 0.03153885953853573
 0.001349300235427133
 0.0730469236986321
 0.005009385366553818
 0.005195764379324744
 0.001313597954810396
 0.0003488555314427973
 0.002480405002142815
 0.03947243983722384
 3.256118895014207e-05
 0.0313875329000761
 0.01093624684503838
 0.03315494668322069
 0.005009385366553818
 0.002058067405440078
 0.001313597954810396
 0.003029361641380944
 0.007805882473645019
 0.03947243983722384
 6.458046508984078e-05
 0.03153885953853573
 0.0266759162779122
 0.03315494668322069
 0.005009385366553818
 0.005195764379324744
 0.01240946038385166
 0.009595286881557301
 0.00320649860558805
 0.03947243983722384
 7.386278127304613e-05
 0.0815302100663154
 0.0266759162779122
 0.03315494668322069
 0.005009385366553818
 0.005195764379324744
 0.01604308171312863
 0.02091042958104307
 0.01545117469921742
 0.03947243983722384
 0.0006902682378701539
 0.03153885953853573
 0.04551318002376986
 0.0730469236986321
 0.005009385366553818
 0.005949485638568749
 0.04843713174833832
 0.02882147910501819
 0.00320649860558805
 0
 0.0006902682378701539
 0.03153885953853573
 0.04551318002376986
 0.0730469236986321
 0.03572481556517355
 0.008452992779810263
 0.04843713174833832
 0.02882147910501819
 0.0375133542188304
 0
 0.002249938666049325
 0.0815302100663154
 0.02969810375781313
 0.1528649123631054
 0.03572481556517355
 0.02273667402836502
 0.04843713174833832
 0.0730469236986321
 0.0375133542188304
 0
 0.01639812925981312
 0.0815302100663154
 0.02969810375781313
 0.1528649123631054
 0.05094315363439908
 0.02273667402836502
 0.1117163782955788
 0.0730469236986321
 0.04584879655882115
 0
 0.01917882415507864
 0.0815302100663154
 0.03026286898372918
 0.1528649123631054
 0.05094315363439908
 0.02273667402836502
 0.1117163782955788
 0.0730469236986321
 0.0375133542188304
 0
 0.01917882415507864
 0.0815302100663154
 0.07509391563431726
 0.1528649123631054
 0.05094315363439908
 0.02273667402836502
 0.1117163782955788
 0.1528649123631054
 0.0375133542188304
 0
 0.04054547038670272
 0.1104967510500466
 0.06261595335184181
 0.1528649123631054
 0.05094315363439908
 0.02957128920206522
 0.1117163782955788
 0.1528649123631054
 0.04584879655882115
 0
 0.04054547038670272
 0.0815302100663154
 0.06261595335184181
 0.1528649123631054
 0.05094315363439908
 0.02957128920206522
 0.1117163782955788
 0.1528649123631054
 0.04584879655882115
 0
 0.04054547038670272
 0.1104967510500466
 0.06261595335184181
 0.1528649123631054
 0.05094315363439908
 0.07681489513831007
 0.1117163782955788
 0.1528649123631054
 0.04584879655882115
 0
 0.04054547038670272
 0.1359749624361487
 0.06261595335184181
 0
 0.05094315363439908
 0.1265627216048306
 0.1117163782955788
 0.1528649123631054
 0.1475864380077505
 0
 0.04287726131707621
 0.0815302100663154
 0.06261595335184181
 0
 0
 0.02273667402836502
 0
 0.1528649123631054
 0.1475864380077505
 0
 0.04287726131707621
 0.1359749624361487
 0.06261595335184181
 0
 0
 0.02273667402836502
 0
 0.1528649123631054
 0.1475864380077505
 0
 0.04718577123264209
 0.1647904216182103
 0
 0
 0
 0.02273667402836502
 0
 0
 0.1475864380077505
 0
 0.1359749624361487
 0.1784791517004577
 0
 0
 0
 0.02273667402836502
 0
 0
 0.1475864380077505
 0
 0.1359749624361487
 0.1784791517004577
 0
 0
 0
 0.02957128920206522
 0
 0
 0.1475864380077505
 0
 0.1359749624361487
 0.1784791517004577
 0
 0
 0
 0.07681489513831007
 0
 0
 0.1784791517004577
 0
 0.1359749624361487
 0.1784791517004577
 0
 0
 0
 0.07681489513831007
 0
 0
 0.1784791517004577
 0
 0.1475864380077505
 0.1784791517004577
 0
 0
 0
 0.08675454861690002
 0
 0
 0.1784791517004577
 0
 0.1475864380077505
 0.1784791517004577
 0
 0
 0
 0.07681489513831007
 0
 0
 0.1784791517004577
 0
 0.1475864380077505
 0.1784791517004577
 0
 0
 0
 0.08675454861690002
 0
 0
 0.1784791517004577
 0
 0.1475864380077505
 0
 0
 0
 0
 0.1647904216182103
 0
 0
