# Created by Octave 3.2.4, Sun Feb 03 22:31:52 2013 EST <rbom@zaphod>
# name: small_First_Fit
# type: matrix
# ndims: 3
 1 10 30
 1.184703980500577e-07
 9.639194520307506e-20
 1.819815692023645e-22
 4.69395543594404e-19
 3.70051725128795e-19
 5.633591131437845e-21
 7.792222394252228e-16
 9.329617774209258e-28
 3.074487825566102e-21
 1.467704086320228e-19
 8.136132330344741e-06
 6.515114263995524e-15
 3.008225093179674e-20
 3.345820461291633e-16
 1.140798334854035e-14
 6.589036131031017e-18
 3.243465975326355e-10
 1.584102406960228e-22
 5.605041381804852e-17
 2.425247338346015e-17
 8.136132330344741e-06
 1.076552830742852e-12
 2.033157009442848e-15
 2.491457502435427e-13
 1.425832249669768e-11
 2.065387646939475e-14
 7.972810032440528e-10
 1.752284977004036e-17
 7.005487614103155e-14
 1.621105071722055e-14
 8.136132330344741e-06
 2.379699740584265e-12
 4.573108209785968e-12
 3.28668351381299e-11
 1.698679195245492e-09
 5.303306738368195e-11
 7.972810032440528e-10
 5.493353159833136e-14
 1.616524345222235e-07
 7.293441095311739e-11
 8.136132330344741e-06
 3.28404774847395e-08
 5.715240954328621e-09
 3.28668351381299e-11
 2.346962999305853e-07
 8.763231652828034e-09
 1.43070728933742e-07
 3.210490857234321e-10
 1.631695618004289e-05
 7.293441095311739e-11
 8.136132330344741e-06
 6.707708189739917e-06
 9.000841948093343e-07
 3.28668351381299e-11
 1.183451834937497e-06
 1.155674593679041e-06
 9.825613822479417e-06
 3.42466004552836e-08
 1.631695618004289e-05
 7.293441095311739e-11
 8.136132330344741e-06
 6.707708189739917e-06
 0.001124880001790315
 5.22731326483387e-09
 1.183451834937497e-06
 1.638063243426173e-05
 0.003588896527925293
 2.133528940865554e-05
 1.631695618004289e-05
 5.715240954328621e-09
 8.136132330344741e-06
 6.707708189739917e-06
 0.001124880001790315
 5.22731326483387e-09
 0.0007250671200764924
 1.638063243426173e-05
 0.003588896527925293
 2.133528940865554e-05
 1.631695618004289e-05
 5.715240954328621e-09
 8.136132330344741e-06
 6.707708189739917e-06
 0.001124880001790315
 2.133528940865554e-05
 0.0007250671200764924
 1.638063243426173e-05
 0.003588896527925293
 2.133528940865554e-05
 1.631695618004289e-05
 3.924732657025859e-07
 8.136132330344741e-06
 6.707708189739917e-06
 0.001124880001790315
 2.133528940865554e-05
 0.0007250671200764924
 1.638063243426173e-05
 0.003588896527925293
 2.133528940865554e-05
 1.631695618004289e-05
 0.001124880001790315
 8.136132330344741e-06
 0.0005499146637034561
 0.001124880001790315
 2.133528940865554e-05
 0.0007250671200764924
 1.638063243426173e-05
 0.003588896527925293
 2.133528940865554e-05
 1.631695618004289e-05
 0.001124880001790315
 0.007490314285678234
 0.0005499146637034561
 0.001124880001790315
 2.133528940865554e-05
 0.0007250671200764924
 0.001124880001790315
 0.003588896527925293
 2.133528940865554e-05
 1.631695618004289e-05
 0.001124880001790315
 0.007490314285678234
 0.0005499146637034561
 0.001124880001790315
 2.133528940865554e-05
 0.0007250671200764924
 0.001124880001790315
 0.003588896527925293
 2.133528940865554e-05
 1.631695618004289e-05
 0.001124880001790315
 0.007490314285678234
 0.0005499146637034561
 0.001124880001790315
 2.133528940865554e-05
 0.0007250671200764924
 0.001124880001790315
 0.003588896527925293
 2.133528940865554e-05
 0.001120597996801298
 0.001124880001790315
 0.007490314285678234
 0.0005499146637034561
 0.001124880001790315
 2.133528940865554e-05
 0.0007250671200764924
 0.001124880001790315
 0.003588896527925293
 2.133528940865554e-05
 0.001120597996801298
 0.001124880001790315
 0.007490314285678234
 0.0005499146637034561
 0.001124880001790315
 2.133528940865554e-05
 0.0007250671200764924
 0.001124880001790315
 0.003588896527925293
 2.133528940865554e-05
 0.001120597996801298
 0.001124880001790315
 0.007490314285678234
 0.0005499146637034561
 0.001124880001790315
 2.133528940865554e-05
 0.0007250671200764924
 0.001124880001790315
 0.003588896527925293
 2.133528940865554e-05
 0.001120597996801298
 0.001124880001790315
 0.007490314285678234
 0.0005499146637034561
 0.001124880001790315
 2.133528940865554e-05
 0.0007250671200764924
 0.001124880001790315
 0.003588896527925293
 2.133528940865554e-05
 0.001120597996801298
 0.001124880001790315
 0.007490314285678234
 0.0005499146637034561
 0.001124880001790315
 2.133528940865554e-05
 0.0007250671200764924
 0.001124880001790315
 0.003588896527925293
 0.001124880001790315
 0.001120597996801298
 0.001124880001790315
 0.007490314285678234
 0.0005499146637034561
 0.001124880001790315
 2.133528940865554e-05
 0.0007250671200764924
 0.001124880001790315
 0.003588896527925293
 0.001124880001790315
 0.001120597996801298
 0.001124880001790315
 0.007490314285678234
 0.0005499146637034561
 0.001124880001790315
 2.133528940865554e-05
 0.0007250671200764924
 0.001124880001790315
 0.003588896527925293
 0.001124880001790315
 0.001120597996801298
 0.001124880001790315
 0.007490314285678234
 0.0005499146637034561
 0.001124880001790315
 2.133528940865554e-05
 0.0007250671200764924
 0.001124880001790315
 0.003588896527925293
 0.001124880001790315
 0.001120597996801298
 0.001124880001790315
 0.007490314285678234
 0.0005499146637034561
 0.001124880001790315
 2.133528940865554e-05
 0.0007250671200764924
 0.001124880001790315
 0.003588896527925293
 0.001124880001790315
 0.001120597996801298
 0.001124880001790315
 0.007490314285678234
 0.0005499146637034561
 0.001124880001790315
 2.133528940865554e-05
 0.0007250671200764924
 0.001124880001790315
 0.003588896527925293
 0.001124880001790315
 0.001120597996801298
 0.001124880001790315
 0.007490314285678234
 0.0005499146637034561
 0.001124880001790315
 2.133528940865554e-05
 0.0007250671200764924
 0.001124880001790315
 0.003588896527925293
 0.001124880001790315
 0.001120597996801298
 0.001124880001790315
 0.007490314285678234
 0.0005499146637034561
 0.001124880001790315
 2.133528940865554e-05
 0.0007250671200764924
 0.001124880001790315
 0.003588896527925293
 0.001124880001790315
 0.001120597996801298
 0.001124880001790315
 0.007490314285678234
 0.0005499146637034561
 0.001124880001790315
 2.133528940865554e-05
 0.0007250671200764924
 0.001124880001790315
 0.003588896527925293
 0.001124880001790315
 0.001120597996801298
 0.001124880001790315
 0.007490314285678234
 0.0005499146637034561
 0.001124880001790315
 2.133528940865554e-05
 0.0007250671200764924
 0.001124880001790315
 0.003588896527925293
 0.001124880001790315
 0.001120597996801298
 0.001124880001790315
 0.007490314285678234
 0.0005499146637034561
 0.001124880001790315
 2.133528940865554e-05
 0.0007250671200764924
 0.001124880001790315
 0.003588896527925293
 0.001124880001790315
 0.001120597996801298
 0.001124880001790315
 0.007490314285678234
 0.0005499146637034561
 0.001124880001790315
 2.133528940865554e-05
 0.0007250671200764924
 0.001124880001790315
 0.003588896527925293
 0.001124880001790315
 0.001120597996801298
 0.001124880001790315
