# Created by Octave 3.2.4, Thu Feb 07 08:20:53 2013 EST <rbom@zaphod>
# name: small_First_Fit
# type: matrix
# ndims: 3
 1 10 30
 2.157304451049614e-12
 4.034387035781232e-10
 1.403585453560304e-11
 1.074984038037469e-14
 2.484578922984249e-09
 1.692988638534382e-08
 3.889208556856549e-12
 2.297802303902303e-11
 2.079615156367401e-13
 9.676350306397383e-15
 2.463210835323683e-11
 4.878562422875523e-07
 8.726666088307768e-10
 8.257691747903952e-10
 2.484578922984249e-09
 3.52652455241588e-07
 1.590732331089949e-10
 2.034432107266444e-10
 2.079615156367401e-13
 4.926256483207515e-13
 2.463210835323683e-11
 8.280037121624334e-07
 3.783422711068563e-08
 7.381747488613396e-09
 2.323639379022526e-07
 3.52652455241588e-07
 1.499218995995521e-08
 5.454800994000581e-07
 4.513955351584662e-11
 6.428460056486279e-08
 2.463210835323683e-11
 8.280037121624334e-07
 3.141315904656518e-07
 2.618189706813175e-07
 2.323639379022526e-07
 3.52652455241588e-07
 1.499218995995521e-08
 5.454800994000581e-07
 3.374657723713402e-10
 6.428460056486279e-08
 2.463210835323683e-11
 2.870406322089961e-06
 3.141315904656518e-07
 3.602226217498839e-06
 3.559030647554656e-06
 1.825839164345025e-06
 2.895276876724719e-05
 2.31306033405778e-06
 1.216428050655529e-09
 1.280532625958751e-06
 3.798005609586682e-08
 2.870406322089961e-06
 3.141315904656518e-07
 3.602226217498839e-06
 3.559030647554656e-06
 1.825839164345025e-06
 0.002690434632518938
 7.372101157716432e-06
 8.290052250721316e-09
 1.280532625958751e-06
 9.199748861163562e-06
 8.463935879180288e-06
 3.141315904656518e-07
 3.942765357761893e-05
 4.700959287368986e-05
 6.178826275167748e-06
 0.002690434632518938
 7.372101157716432e-06
 1.1832082390553e-07
 9.463892571097137e-06
 8.179446453595184e-05
 8.463935879180288e-06
 3.141315904656518e-07
 0.0002583727282622563
 4.700959287368986e-05
 1.825839164345025e-06
 0.002690434632518938
 7.372101157716432e-06
 6.900013144789676e-07
 9.463892571097137e-06
 8.179446453595184e-05
 8.463935879180288e-06
 7.525222918102332e-06
 0.0002583727282622563
 4.700959287368986e-05
 0.0001481624580720729
 0.002690434632518938
 7.372101157716432e-06
 6.900013144789676e-07
 4.700959287368986e-05
 8.179446453595184e-05
 4.211279559617596e-05
 0.0001013107835816263
 0.002277852375517123
 4.700959287368986e-05
 0.0001481624580720729
 0.002690434632518938
 7.372101157716432e-06
 3.14688668428735e-06
 4.700959287368986e-05
 8.179446453595184e-05
 4.211279559617596e-05
 0.0001013107835816263
 0.002277852375517123
 6.193595714549838e-05
 0.0001914593803772616
 0.009356897359316205
 3.268656820573652e-05
 5.577731431628272e-05
 4.700959287368986e-05
 8.738351205918612e-05
 0.0002551667392379624
 0.0001013107835816263
 0.002277852375517123
 6.193595714549838e-05
 0.0001481624580720729
 0.002690434632518938
 0.005659416220698103
 5.577731431628272e-05
 6.193595714549838e-05
 8.738351205918612e-05
 0.0002863862973551275
 0.0001013107835816263
 0.002277852375517123
 6.193595714549838e-05
 0.0001481624580720729
 0.002690434632518938
 0.009356897359316205
 5.577731431628272e-05
 4.700959287368986e-05
 8.738351205918612e-05
 0.0002863862973551275
 0.000541021196759403
 0.002277852375517123
 6.193595714549838e-05
 0.0001481624580720729
 0.002690434632518938
 0.009356897359316205
 5.577731431628272e-05
 4.700959287368986e-05
 8.738351205918612e-05
 0.0002863862973551275
 0.000541021196759403
 0.002277852375517123
 6.193595714549838e-05
 0.0001481624580720729
 0.009356897359316205
 0.009356897359316205
 5.577731431628272e-05
 4.700959287368986e-05
 8.738351205918612e-05
 0.0002863862973551275
 0.000541021196759403
 0.002277852375517123
 6.193595714549838e-05
 0.0001914593803772616
 0.002690434632518938
 0.009356897359316205
 5.577731431628272e-05
 6.193595714549838e-05
 8.738351205918612e-05
 0.0002863862973551275
 0.000541021196759403
 0
 6.193595714549838e-05
 0.0001914593803772616
 0.002690434632518938
 0.009356897359316205
 8.226669353916227e-05
 4.700959287368986e-05
 8.738351205918612e-05
 0.0002863862973551275
 0.000541021196759403
 0
 0
 0.0001914593803772616
 0.002690434632518938
 0.009356897359316205
 8.226669353916227e-05
 4.700959287368986e-05
 0
 0.0002863862973551275
 0.000541021196759403
 0
 0
 0.0001656552970800698
 0.009356897359316205
 0.005659416220698103
 8.226669353916227e-05
 6.193595714549838e-05
 0
 0
 0.000541021196759403
 0
 0
 0.0001656552970800698
 0.009356897359316205
 0
 8.226669353916227e-05
 4.700959287368986e-05
 0
 0
 0
 0
 0
 0.0001656552970800698
 0.009356897359316205
 0
 8.226669353916227e-05
 4.700959287368986e-05
 0
 0
 0
 0
 0
 0.0001914593803772616
 0.009356897359316205
 0
 8.226669353916227e-05
 4.700959287368986e-05
 0
 0
 0
 0
 0
 0.0001914593803772616
 0.009356897359316205
 0
 8.226669353916227e-05
 4.700959287368986e-05
 0
 0
 0
 0
 0
 0.0001914593803772616
 0.009356897359316205
 0
 0
 4.700959287368986e-05
 0
 0
 0
 0
 0
 0.0001914593803772616
 0.009356897359316205
 0
 0
 6.193595714549838e-05
 0
 0
 0
 0
 0
 0.0001914593803772616
 0
 0
 0
 6.193595714549838e-05
 0
 0
 0
 0
 0
 0.0001481624580720729
 0
 0
 0
 6.193595714549838e-05
 0
 0
 0
 0
 0
 0.0001914593803772616
 0
 0
 0
 6.193595714549838e-05
 0
 0
 0
 0
 0
 0.0001481624580720729
 0
 0
 0
 6.193595714549838e-05
 0
 0
 0
 0
 0
 0.0001481624580720729
 0
 0
 0
 6.193595714549838e-05
