# Created by Octave 3.2.4, Wed Feb 06 13:20:29 2013 EST <rbom@zaphod>
# name: small_First_Fit
# type: matrix
# ndims: 3
 1 10 30
 2.024399041739221e-17
 4.899626468996055e-16
 2.78312972246823e-12
 6.902093435117826e-16
 6.342800859758139e-14
 2.155676766892448e-13
 5.204219781153753e-11
 1.318624799024101e-16
 2.127774836333978e-16
 4.931746212591646e-15
 1.025496326567367e-14
 9.750621469521478e-14
 1.180227754699832e-10
 6.608050630882398e-13
 1.491276838913889e-11
 4.971151025735795e-11
 2.298097272243721e-09
 1.471074033587458e-09
 1.01204392236232e-11
 1.067461820831284e-07
 4.952813795966366e-13
 3.222761406854744e-11
 1.215495619581345e-09
 7.749500291701898e-12
 8.237917809977965e-10
 4.971151025735795e-11
 2.298097272243721e-09
 1.471074033587458e-09
 8.161116721681051e-10
 1.572208861252626e-07
 3.597195307058037e-10
 1.217253215716885e-09
 1.546016345978488e-07
 1.079518081046851e-09
 8.237917809977965e-10
 4.971151025735795e-11
 2.298097272243721e-09
 1.229079598719104e-08
 1.126534774781682e-07
 1.546016345978488e-07
 2.895366069757305e-07
 1.217253215716885e-09
 1.546016345978488e-07
 1.053665987632962e-07
 3.608144679189935e-08
 4.822249670734931e-09
 1.69548313836225e-07
 1.229079598719104e-08
 1.11290725272612e-05
 1.546016345978488e-07
 8.358133548110497e-07
 1.594981205398342e-07
 1.546016345978488e-07
 8.02368489275859e-06
 4.011103094857179e-07
 3.420431639052433e-07
 1.69548313836225e-07
 2.042983628330355e-07
 1.11290725272612e-05
 1.302640451822963e-05
 8.358133548110497e-07
 1.594981205398342e-07
 1.546016345978488e-07
 8.02368489275859e-06
 2.469032465282265e-06
 1.340993083686027e-05
 1.69548313836225e-07
 1.225495066408983e-05
 3.309207463108367e-05
 0.0009383457282687529
 1.071039864802229e-06
 1.594981205398342e-07
 1.546016345978488e-07
 8.02368489275859e-06
 2.469032465282265e-06
 0.0002756433781963843
 0.000132222463617812
 8.848704770075179e-05
 3.309207463108367e-05
 0.0009383457282687529
 1.480814412367275e-05
 7.44290324512246e-06
 1.546016345978488e-07
 8.02368489275859e-06
 1.173673874592846e-05
 0.001358714944361547
 0.000132222463617812
 8.848704770075179e-05
 3.309207463108367e-05
 0.0009383457282687529
 5.28928830736824e-05
 7.44290324512246e-06
 1.546016345978488e-07
 0.0004368658841296242
 0.004852943940692177
 0.001358714944361547
 0.000132222463617812
 8.848704770075179e-05
 3.309207463108367e-05
 0.0009383457282687529
 5.28928830736824e-05
 0.0001288513755603609
 0
 0.0004368658841296242
 0.004852943940692177
 0.001358714944361547
 0.002353500286786725
 0.0009383457282687529
 0.002353500286786725
 0.0009383457282687529
 5.28928830736824e-05
 0.000253692457266589
 0
 0.0004368658841296242
 0.004852943940692177
 0.001358714944361547
 0.002353500286786725
 0.001358714944361547
 0.002353500286786725
 0.0009383457282687529
 5.28928830736824e-05
 0.000253692457266589
 0
 0.0004368658841296242
 0.004852943940692177
 0.004852943940692177
 0.002353500286786725
 0.001358714944361547
 0.002353500286786725
 0.0009383457282687529
 5.28928830736824e-05
 0.000253692457266589
 0
 0.0004368658841296242
 0.004852943940692177
 0.004852943940692177
 0.002353500286786725
 0.004852943940692177
 0.002353500286786725
 0
 5.28928830736824e-05
 0.002353500286786725
 0
 0.0004368658841296242
 0.004852943940692177
 0.004852943940692177
 0.002353500286786725
 0.004852943940692177
 0.002353500286786725
 0
 0.004852943940692177
 0.000253692457266589
 0
 0.0004368658841296242
 0.004852943940692177
 0.004852943940692177
 0.002353500286786725
 0.004852943940692177
 0.002353500286786725
 0
 0.004852943940692177
 0.002353500286786725
 0
 0
 0
 0.004852943940692177
 0.002353500286786725
 0.004852943940692177
 0.002353500286786725
 0
 0.004852943940692177
 0.002353500286786725
 0
 0
 0
 0.004852943940692177
 0
 0.004852943940692177
 0
 0
 0.004852943940692177
 0.002353500286786725
 0
 0
 0
 0.004852943940692177
 0
 0.004852943940692177
 0
 0
 0.004852943940692177
 0.002353500286786725
 0
 0
 0
 0
 0
 0.004852943940692177
 0
 0
 0.004852943940692177
 0.002353500286786725
 0
 0
 0
 0
 0
 0
 0
 0
 0.004852943940692177
 0.002353500286786725
 0
 0
 0
 0
 0
 0
 0
 0
 0
 0.002353500286786725
 0
 0
 0
 0
 0
 0
 0
 0
 0
 0
 0
 0
 0
 0
 0
 0
 0
 0
 0
 0
 0
 0
 0
 0
 0
 0
 0
 0
 0
 0
 0
 0
 0
 0
 0
 0
 0
 0
 0
 0
 0
 0
 0
 0
 0
 0
 0
 0
 0
 0
 0
 0
 0
 0
 0
 0
 0
 0
 0
 0
 0
 0
 0
 0
 0
 0
 0
 0
 0
 0
 0
 0
 0
 0
 0
 0
 0
 0
