# Created by Octave 3.2.4, Tue Feb 05 17:08:33 2013 EST <rbom@zaphod>
# name: small_First_Fit
# type: matrix
# ndims: 3
 1 10 30
 7.102880195787955e-10
 6.211532554439371e-10
 6.470535666132655e-09
 3.167416309325725e-13
 2.738133598527534e-05
 5.273536826647868e-09
 3.44082062597597e-09
 8.420337409731801e-11
 7.49108778145181e-14
 3.482545850725731e-10
 1.40437677571555e-06
 9.886100501741123e-08
 9.910213909822687e-06
 7.973677953906941e-10
 0.0006222581758197785
 1.984125249863436e-06
 8.923121895026095e-06
 3.47369420802583e-07
 2.152689903057415e-10
 4.909546477687283e-07
 0.0003578926567390745
 2.440800580267882e-07
 0.0003839113345545872
 1.409651542406747e-08
 0.0006222581758197785
 3.091221540245408e-05
 0.0001136884808685264
 3.47369420802583e-07
 4.542020886655723e-06
 6.998114419171528e-06
 0.008977198964153752
 1.495557829781787e-06
 0.0003839113345545872
 1.409651542406747e-08
 0.0006222581758197785
 7.698720003554397e-05
 0.0009758130477236238
 3.47369420802583e-07
 1.738191493337579e-05
 6.998114419171528e-06
 0.01259752993182873
 3.559179892191172e-06
 0.008599823342089636
 1.409651542406747e-08
 0.001113288382937274
 7.698720003554397e-05
 0.0009758130477236238
 3.47369420802583e-07
 8.397717773643066e-05
 9.397998131618456e-05
 0.03382296278023944
 4.715999788099756e-06
 0.008599823342089636
 1.346717833069158e-05
 0.0006222581758197785
 7.698720003554397e-05
 0.0009758130477236238
 1.641769521352691e-05
 1.738191493337579e-05
 9.397998131618456e-05
 0.03606835133441263
 3.559179892191172e-06
 0.008599823342089636
 0.0003144102763267809
 0.001113288382937274
 0.001017507021179649
 0.01324678217490251
 1.641769521352691e-05
 1.738191493337579e-05
 0.0009934455931079938
 0.03606835133441263
 4.580326823267637e-05
 0.008599823342089636
 0.001788320339240556
 0.001550440473768908
 0.004173029162782336
 0.0253532727608701
 1.641769521352691e-05
 0.0002935603983176986
 0.0009934455931079938
 0.03606835133441263
 4.580326823267637e-05
 0.008599823342089636
 0.001788320339240556
 0.001113288382937274
 0.004173029162782336
 0.0253532727608701
 0.0001436371908459164
 0.0002935603983176986
 0.0009934455931079938
 0.03606835133441263
 5.069658774063601e-05
 0.008599823342089636
 0.001788320339240556
 0.001113288382937274
 0.004173029162782336
 0.0253532727608701
 0.0001436371908459164
 0.0002935603983176986
 0.0009934455931079938
 0.03606835133441263
 5.069658774063601e-05
 0.008599823342089636
 0.001788320339240556
 0.001113288382937274
 0.03534874088985723
 0.0253532727608701
 0.0001436371908459164
 0.0002935603983176986
 0.0009934455931079938
 0.03606835133441263
 0.0001464736517403151
 0
 0.002105010349074677
 0.0253532727608701
 0.03534874088985723
 0.0253532727608701
 0.0001464736517403151
 0.0002935603983176986
 0.01965609158871898
 0.03606835133441263
 0.0270341694543011
 0
 0.001895334200801404
 0.0253532727608701
 0.03534874088985723
 0.0253532727608701
 0.0001436371908459164
 0.007419967708780926
 0.01965609158871898
 0
 0.0270341694543011
 0
 0.001788320339240556
 0.0253532727608701
 0.03534874088985723
 0.0253532727608701
 0.0001436371908459164
 0.007419967708780926
 0.01965609158871898
 0
 0.0270341694543011
 0
 0.02289532480240565
 0.03534874088985723
 0.03534874088985723
 0
 0.0001436371908459164
 0.007419967708780926
 0.01965609158871898
 0
 0.05386934763248371
 0
 0.02289532480240565
 0.0253532727608701
 0.035714505960743
 0
 0.0001436371908459164
 0.007419967708780926
 0.01965609158871898
 0
 0.05386934763248371
 0
 0.02289532480240565
 0.03534874088985723
 0.035714505960743
 0
 0.0001436371908459164
 0.007419967708780926
 0.01965609158871898
 0
 0.0270341694543011
 0
 0.02435084783094519
 0.03534874088985723
 0.03534874088985723
 0
 0.0001436371908459164
 0.007419967708780926
 0.0253532727608701
 0
 0.0270341694543011
 0
 0.02289532480240565
 0.03534874088985723
 0.035714505960743
 0
 0
 0.007419967708780926
 0.0253532727608701
 0
 0.05386934763248371
 0
 0.02289532480240565
 0.03534874088985723
 0.035714505960743
 0
 0
 0
 0.0253532727608701
 0
 0.05386934763248371
 0
 0.0270341694543011
 0.035714505960743
 0.03534874088985723
 0
 0
 0
 0.0253532727608701
 0
 0.0270341694543011
 0
 0.0270341694543011
 0.03534874088985723
 0.03534874088985723
 0
 0
 0
 0.0253532727608701
 0
 0.0270341694543011
 0
 0.0270341694543011
 0.03534874088985723
 0.03534874088985723
 0
 0
 0
 0.0253532727608701
 0
 0.0270341694543011
 0
 0.02289532480240565
 0.03534874088985723
 0.03534874088985723
 0
 0
 0
 0.0253532727608701
 0
 0.0270341694543011
 0
 0.02435084783094519
 0.03534874088985723
 0.03534874088985723
 0
 0
 0
 0
 0
 0.0270341694543011
 0
 0.02289532480240565
 0.03534874088985723
 0
 0
 0
 0
 0
 0
 0
 0
 0.02289532480240565
 0.03534874088985723
 0
 0
 0
 0
 0
 0
 0
 0
 0.02289532480240565
 0
 0
 0
 0
 0
 0
 0
 0
 0
 0.02289532480240565
 0
 0
 0
 0
 0
 0
 0
 0
 0
 0.02289532480240565
 0
 0
 0
 0
 0
 0
