# Created by Octave 3.2.4, Tue Feb 05 13:08:07 2013 EST <rbom@zaphod>
# name: small_First_Fit
# type: matrix
# ndims: 3
 1 10 30
 4.903822110283239e-12
 3.311805012206135e-14
 2.008365973107284e-09
 7.397859059246347e-17
 3.243049465896377e-14
 2.553209830341386e-13
 2.241206965013249e-13
 8.170298759071028e-16
 8.078132165314246e-15
 2.336729654708088e-14
 2.467473455747546e-10
 4.465181474714765e-12
 1.648504678969021e-07
 4.813372153868314e-10
 1.579431925910891e-10
 1.026066118537685e-10
 3.919037409917776e-12
 4.134197292976124e-08
 5.368779210499044e-12
 9.395705374222686e-12
 4.251726036486116e-09
 4.465181474714765e-12
 1.648504678969021e-07
 4.813372153868314e-10
 8.1142892713542e-09
 4.200953856749753e-10
 2.968817748173537e-11
 3.250398493741503e-06
 5.592009024191298e-09
 7.504367208152474e-10
 9.257155953009254e-07
 4.465181474714765e-12
 1.648504678969021e-07
 4.813372153868314e-10
 2.56984457047971e-07
 1.026066118537685e-10
 4.970084765415654e-09
 3.250398493741503e-06
 5.592009024191298e-09
 3.858241755704513e-08
 9.257155953009254e-07
 3.201720874067998e-10
 1.897784916510916e-06
 7.582198338488462e-08
 3.442642831767147e-05
 2.746965209386693e-07
 8.687109950367012e-08
 3.250398493741503e-06
 2.725914796375225e-07
 5.982005474993539e-08
 9.257155953009254e-07
 9.986160618483512e-10
 2.870639703696406e-06
 3.389795403115534e-06
 0.0003022691049721762
 6.111598490455582e-07
 6.999197774363431e-06
 0.0001767898977139295
 1.287023463686551e-05
 5.982005474993539e-08
 5.99463214529177e-05
 6.686502367790738e-08
 2.870639703696406e-06
 3.389795403115534e-06
 0.0003022691049721762
 6.111598490455582e-07
 0.0007626421506233926
 0.0003017561060067142
 0.0002011635112421167
 1.809097960993629e-06
 0.003694266383638622
 2.403645368868118e-06
 2.870639703696406e-06
 0.0005540731212102129
 0.0003022691049721762
 0.0004023515259548964
 0.0007626421506233926
 0.0003017561060067142
 0.002809459189118511
 2.089071099746445e-06
 0.003694266383638622
 2.403645368868118e-06
 2.870639703696406e-06
 0.0005540731212102129
 0.0003022691049721762
 0.0004023515259548964
 0.0007626421506233926
 0.0003017561060067142
 0.002809459189118511
 0.0001708961053528704
 0.003694266383638622
 8.789272689534703e-05
 3.401235011509186e-05
 0.0005540731212102129
 0.0003022691049721762
 0.03792678682325741
 0.0007626421506233926
 0.0003017561060067142
 0.002809459189118511
 0.002136957296078911
 0.003694266383638622
 8.789272689534703e-05
 3.401235011509186e-05
 0.0005540731212102129
 0.0003022691049721762
 0.03792678682325741
 0.03792678682325741
 0.01141658289810655
 0.08032657780237737
 0.002136957296078911
 0.003694266383638622
 0.0008830399479459087
 3.401235011509186e-05
 0.08032657780237737
 0.0003765481380690466
 0.03792678682325741
 0.08032657780237737
 0.01141658289810655
 0.08032657780237737
 0.002136957296078911
 0.003694266383638622
 0.007995318626215848
 3.401235011509186e-05
 0.08032657780237737
 0.003694266383638622
 0.08032657780237737
 0.08032657780237737
 0.01141658289810655
 0.08032657780237737
 0.002136957296078911
 0.01141658289810655
 0.007995318626215848
 0.007995318626215848
 0.08032657780237737
 0.003694266383638622
 0.08032657780237737
 0.08032657780237737
 0.01141658289810655
 0.08032657780237737
 0.002136957296078911
 0.003694266383638622
 0.007995318626215848
 0.08032657780237737
 0.08032657780237737
 0.01141658289810655
 0.08032657780237737
 0.08032657780237737
 0.01141658289810655
 0.08032657780237737
 0.08032657780237737
 0.01141658289810655
 0.08032657780237737
 0.08032657780237737
 0.08032657780237737
 0.01141658289810655
 0.08032657780237737
 0.08032657780237737
 0.01141658289810655
 0.08032657780237737
 0.08032657780237737
 0.01141658289810655
 0.08032657780237737
 0.08032657780237737
 0.08032657780237737
 0.01141658289810655
 0.08032657780237737
 0.08032657780237737
 0.01141658289810655
 0.08032657780237737
 0.08032657780237737
 0.01141658289810655
 0.08032657780237737
 0.08032657780237737
 0.08032657780237737
 0.01141658289810655
 0.08032657780237737
 0.08032657780237737
 0
 0
 0.08032657780237737
 0.01141658289810655
 0.08032657780237737
 0.08032657780237737
 0
 0.01141658289810655
 0.08032657780237737
 0
 0
 0
 0.08032657780237737
 0.01141658289810655
 0.08032657780237737
 0.08032657780237737
 0
 0.08032657780237737
 0
 0
 0
 0
 0.08032657780237737
 0.01141658289810655
 0.08032657780237737
 0.08032657780237737
 0
 0.01141658289810655
 0
 0
 0
 0
 0.08032657780237737
 0.08032657780237737
 0.08032657780237737
 0
 0
 0.01141658289810655
 0
 0
 0
 0
 0
 0.08032657780237737
 0
 0
 0
 0.08032657780237737
 0
 0
 0
 0
 0
 0.08032657780237737
 0
 0
 0
 0.08032657780237737
 0
 0
 0
 0
 0
 0.08032657780237737
 0
 0
 0
 0.08032657780237737
 0
 0
 0
 0
 0
 0.08032657780237737
 0
 0
 0
 0.08032657780237737
 0
 0
 0
 0
 0
 0.08032657780237737
 0
 0
 0
 0.08032657780237737
 0
 0
 0
 0
 0
 0.08032657780237737
 0
 0
 0
 0.08032657780237737
 0
 0
 0
 0
 0
 0
 0
 0
 0
 0.08032657780237737
 0
 0
 0
 0
 0
 0
 0
 0
 0
 0
 0
 0
 0
 0
 0
