# Created by Octave 3.2.4, Wed Feb 06 05:00:36 2013 EST <rbom@zaphod>
# name: small_First_Fit
# type: matrix
# ndims: 3
 1 10 30
 2.762933292385267e-18
 1.617760930639914e-19
 1.939874597516661e-14
 3.528749238921052e-17
 1.558481977679464e-15
 5.190959123541401e-15
 2.063784063698962e-17
 9.204992286720475e-18
 3.099225634684875e-16
 6.182471889947071e-16
 5.381952178922186e-13
 1.664112322079352e-11
 8.969349019108712e-13
 4.764663166931679e-13
 1.558481977679464e-15
 8.694692599114721e-08
 1.643603102698862e-11
 7.895723516932945e-15
 3.099225634684875e-16
 4.187219001123571e-13
 5.809267424557135e-10
 1.070906367042705e-09
 1.554075909100057e-11
 1.479535788965876e-08
 2.3103943551457e-13
 0.0001316103722120577
 3.240441321984372e-10
 2.983435605881476e-12
 4.054403617999965e-12
 2.678016386458279e-10
 7.09757448323494e-06
 2.091190572683743e-08
 6.588306527889848e-10
 1.026802980368208e-06
 9.279117987734253e-12
 0.0001316103722120577
 1.532020546977209e-08
 1.222418017878925e-10
 4.054403617999965e-12
 1.960700876003612e-08
 0.003373914502858062
 2.091190572683743e-08
 1.245880410647696e-08
 1.026802980368208e-06
 6.633080341090354e-09
 0.0001316103722120577
 4.625473490968907e-08
 1.222418017878925e-10
 5.445519203695912e-10
 1.960700876003612e-08
 0.003373914502858062
 2.091190572683743e-08
 6.886403707409727e-06
 1.026802980368208e-06
 7.09757448323494e-06
 0.0001316103722120577
 1.532020546977209e-08
 1.222418017878925e-10
 4.029517903969495e-08
 1.219568987728729e-06
 0.003373914502858062
 2.357491591855653e-08
 6.886403707409727e-06
 1.026802980368208e-06
 7.09757448323494e-06
 0.0001316103722120577
 4.625473490968907e-08
 1.222418017878925e-10
 4.029517903969495e-08
 0.000661116983614443
 0.003373914502858062
 2.357491591855653e-08
 0.0004474991506340295
 1.026802980368208e-06
 0.003373914502858062
 0.0001316103722120577
 4.625473490968907e-08
 1.485782041403775e-06
 1.274709305791382e-06
 0.000661116983614443
 0.04581789376163136
 2.091190572683743e-08
 0.01577939186535595
 4.881799073379824e-06
 0.04581789376163136
 0.0001316103722120577
 4.625473490968907e-08
 1.485782041403775e-06
 1.274709305791382e-06
 0.000661116983614443
 0.04581789376163136
 2.357491591855653e-08
 0.01577939186535595
 4.881799073379824e-06
 0.04581789376163136
 0.0001316103722120577
 4.677492849963433e-05
 0.0004797176172504742
 1.274709305791382e-06
 0.000661116983614443
 0.04581789376163136
 2.357491591855653e-08
 0.01577939186535595
 4.881799073379824e-06
 0.04581789376163136
 0
 0.0001330954301333599
 0.0004797176172504742
 1.274709305791382e-06
 0.000661116983614443
 0.04581789376163136
 2.091190572683743e-08
 0.01577939186535595
 4.881799073379824e-06
 0.04581789376163136
 0
 0.0004596840895669134
 0.0004797176172504742
 2.561441706393185e-05
 0.000661116983614443
 0.04581789376163136
 9.451385301993497e-07
 0.01577939186535595
 6.293964803051071e-05
 0.04581789376163136
 0
 0.0004596840895669134
 0.0004797176172504742
 2.561441706393185e-05
 0.000661116983614443
 0.04581789376163136
 1.274709305791382e-06
 0.01577939186535595
 6.293964803051071e-05
 0.04581789376163136
 0
 0.0004596840895669134
 0.0004797176172504742
 2.561441706393185e-05
 0
 0.04581789376163136
 1.274709305791382e-06
 0.01577939186535595
 0.001195505031475278
 0.04581789376163136
 0
 0.04581789376163136
 0.01577939186535595
 2.561441706393185e-05
 0
 0
 1.274709305791382e-06
 0
 0.001195505031475278
 0
 0
 0.04581789376163136
 0.01577939186535595
 0.001195505031475278
 0
 0
 1.674962575227399e-06
 0
 0.001195505031475278
 0
 0
 0.04581789376163136
 0.01577939186535595
 0.001195505031475278
 0
 0
 1.674962575227399e-06
 0
 0.001195505031475278
 0
 0
 0.04581789376163136
 0.01577939186535595
 0.001195505031475278
 0
 0
 1.674962575227399e-06
 0
 0.001195505031475278
 0
 0
 0.04581789376163136
 0.01577939186535595
 0.001195505031475278
 0
 0
 1.674962575227399e-06
 0
 0.001195505031475278
 0
 0
 0.04581789376163136
 0.01577939186535595
 0.001195505031475278
 0
 0
 1.674962575227399e-06
 0
 0.001195505031475278
 0
 0
 0.04581789376163136
 0.01577939186535595
 0.001195505031475278
 0
 0
 1.674962575227399e-06
 0
 0
 0
 0
 0
 0
 0.001195505031475278
 0
 0
 1.674962575227399e-06
 0
 0
 0
 0
 0
 0
 0
 0
 0
 0
 0
 0
 0
 0
 0
 0
 0
 0
 0
 0
 0
 0
 0
 0
 0
 0
 0
 0
 0
 0
 0
 0
 0
 0
 0
 0
 0
 0
 0
 0
 0
 0
 0
 0
 0
 0
 0
 0
 0
 0
 0
 0
 0
 0
 0
 0
 0
 0
 0
 0
 0
 0
 0
 0
 0
 0
 0
 0
 0
 0
 0
 0
 0
 0
 0
 0
 0
 0
