# Created by Octave 3.2.4, Thu Feb 07 02:55:09 2013 EST <rbom@zaphod>
# name: small_First_Fit
# type: matrix
# ndims: 3
 1 10 30
 1.025416512904898e-10
 4.025928557413792e-08
 1.178080571740772e-09
 1.117268381771714e-07
 6.864936694978099e-08
 2.795368730230602e-06
 7.158385867283661e-09
 1.434302903961054e-09
 1.237969562418263e-08
 2.037807979199771e-09
 5.08225078143668e-07
 1.573152200173222e-06
 9.826633258135545e-09
 1.560313114313414e-05
 2.803746155719292e-07
 2.795368730230602e-06
 1.715131968860805e-06
 2.65833301102706e-08
 5.872716415027654e-08
 4.41752428386177e-08
 1.489793118490177e-06
 5.402391513847342e-05
 1.574775290803476e-07
 0.0002849332249924522
 2.480224110784547e-05
 2.795368730230602e-06
 3.557533891394518e-05
 7.965568742403026e-08
 1.02845076459065e-07
 7.294496355019154e-08
 1.126100508919534e-06
 0.000255642123654382
 2.951993192998411e-06
 0.0002849332249924522
 0.0001430172836134184
 1.052608669969349e-05
 0.0001463877806737487
 1.45675852086538e-06
 4.514190499057271e-07
 4.281668924329158e-07
 5.08225078143668e-07
 0.000255642123654382
 5.859294164425794e-06
 0.001099913013810103
 0.0001430172836134184
 0.0003487768169428976
 0.0003204033405297499
 4.787800165860728e-05
 1.706235195093934e-06
 6.812607598014391e-06
 9.435882732028389e-06
 0.003699268047509009
 4.429572725237645e-05
 0.001099913013810103
 0.0001430172836134184
 0.0003487768169428976
 0.0004841429673042211
 4.787800165860728e-05
 1.33508991119757e-05
 2.733573071858629e-05
 7.79627741860299e-05
 0.003699268047509009
 4.429572725237645e-05
 0.001099913013810103
 0.0001430172836134184
 0.0003487768169428976
 0.001361327524330658
 0.0001486292000751082
 1.381917901072683e-05
 0.0002046215447224973
 0.0001424812027981675
 0.003699268047509009
 0.0009247739462342843
 0.001592990215716185
 0.0005219025693213585
 0.0003487768169428976
 0.001361327524330658
 4.787800165860728e-05
 0.0003952662278825983
 0.001067618243242182
 0.001164103420291198
 0.005520748818611945
 0.007353626690498994
 0.003114934663205415
 0.0001430172836134184
 0.0003487768169428976
 0.003699268047509009
 0.001664578639095477
 0.0003952662278825983
 0.001067618243242182
 0.001164103420291198
 0.003699268047509009
 0.007353626690498994
 0.003114934663205415
 0.0001430172836134184
 0.0003487768169428976
 0.003699268047509009
 0.001664578639095477
 0.0009504680435126084
 0.008661357845890083
 0.001164103420291198
 0.005520748818611945
 0.007353626690498994
 0.003114934663205415
 0.0005219025693213585
 0.0003487768169428976
 0.003699268047509009
 0.002117844846141214
 0.0009504680435126084
 0.001067618243242182
 0.001164103420291198
 0.005520748818611945
 0.007353626690498994
 0.003180866264023931
 0.0005219025693213585
 0
 0.003699268047509009
 0.008661357845890083
 0.0009504680435126084
 0.001067618243242182
 0.001164103420291198
 0.003699268047509009
 0.007353626690498994
 0.003180866264023931
 0.0005219025693213585
 0
 0.003699268047509009
 0.008661357845890083
 0.0009504680435126084
 0.00343463880907979
 0.00411750052766515
 0.003699268047509009
 0.007353626690498994
 0.003180866264023931
 0.0005219025693213585
 0
 0.003699268047509009
 0.007353626690498994
 0.0009504680435126084
 0.008661357845890083
 0.001809758529862061
 0.003699268047509009
 0.007353626690498994
 0.003180866264023931
 0.0005219025693213585
 0
 0.003699268047509009
 0.0263304803225128
 0.01515937756526104
 0.008661357845890083
 0.001809758529862061
 0.005520748818611945
 0
 0.003114934663205415
 0.000776266575923962
 0
 0
 0.0263304803225128
 0.01515937756526104
 0.0263304803225128
 0.001809758529862061
 0.005520748818611945
 0
 0.003114934663205415
 0.000776266575923962
 0
 0
 0.0263304803225128
 0.01515937756526104
 0.0263304803225128
 0.001809758529862061
 0.005520748818611945
 0
 0.003114934663205415
 0.0008822580894375093
 0
 0
 0.0263304803225128
 0.01853766733705896
 0.0263304803225128
 0.001809758529862061
 0.005520748818611945
 0
 0
 0.0008822580894375093
 0
 0
 0.0263304803225128
 0.01853766733705896
 0.0263304803225128
 0.001809758529862061
 0.005520748818611945
 0
 0
 0.0008822580894375093
 0
 0
 0.0263304803225128
 0.01515937756526104
 0.0263304803225128
 0
 0.005520748818611945
 0
 0
 0.0008822580894375093
 0
 0
 0.0263304803225128
 0.01515937756526104
 0.0263304803225128
 0
 0.005520748818611945
 0
 0
 0.0008822580894375093
 0
 0
 0
 0.01853766733705896
 0.0263304803225128
 0
 0
 0
 0
 0.009589197305974984
 0
 0
 0
 0.01853766733705896
 0
 0
 0
 0
 0
 0.009589197305974984
 0
 0
 0
 0.01515937756526104
 0
 0
 0
 0
 0
 0.009589197305974984
 0
 0
 0
 0.01515937756526104
 0
 0
 0
 0
 0
 0.009589197305974984
 0
 0
 0
 0.01853766733705896
 0
 0
 0
 0
 0
 0.009589197305974984
 0
 0
 0
 0.01853766733705896
 0
 0
 0
 0
 0
 0.009589197305974984
 0
 0
 0
 0.01853766733705896
 0
 0
 0
 0
 0
 0.009589197305974984
 0
 0
 0
 0.01853766733705896
 0
 0
 0
 0
 0
 0
 0
 0
 0
 0.01853766733705896
 0
