# Created by Octave 3.2.4, Sun Feb 03 21:57:11 2013 EST <rbom@zaphod>
# name: small_First_Fit
# type: matrix
# ndims: 3
 1 10 30
 2.409995903217164e-19
 6.428315366405379e-20
 1.564145097653566e-19
 2.863378251132919e-12
 1.004803424139573e-24
 2.554253871706253e-26
 3.259922756070633e-17
 6.169061167613503e-15
 1.71323654039577e-23
 8.827455779498579e-16
 6.907945777862198e-16
 1.003695180304989e-11
 3.242784228772105e-15
 7.023641659757381e-10
 1.287968849824692e-17
 1.040462057299202e-17
 1.710104125118876e-13
 3.159111766057628e-11
 1.812056986044786e-21
 4.390385376585033e-11
 6.907945777862198e-16
 1.003695180304989e-11
 1.022328422195849e-11
 7.023641659757381e-10
 1.287968849824692e-17
 2.512064622571372e-15
 5.391321360861111e-10
 3.341331138178646e-09
 3.551884237720288e-19
 1.44404939449499e-07
 1.432156331124064e-11
 1.003695180304989e-11
 1.022328422195849e-11
 7.176452236764756e-07
 7.419489504462608e-13
 3.280190421975904e-14
 5.391321360861111e-10
 3.341331138178646e-09
 2.911945838423205e-16
 1.44404939449499e-07
 4.467609650573876e-08
 2.876766064164111e-08
 1.022328422195849e-11
 0.003538187531817612
 7.419489504462608e-13
 8.262476038042991e-12
 5.391321360861111e-10
 8.491244884153661e-07
 8.346720244189622e-13
 1.44404939449499e-07
 4.467609650573876e-08
 9.461373386803859e-05
 3.362555699382924e-08
 0.003538187531817612
 7.419489504462608e-13
 2.604851378603743e-08
 5.391321360861111e-10
 1.444029759887468e-05
 1.11646244262532e-09
 1.44404939449499e-07
 4.069431622529816e-05
 9.461373386803859e-05
 3.362555699382924e-08
 0.003538187531817612
 1.970206930165731e-10
 2.604851378603743e-08
 6.716352293862433e-09
 0.0001676216220732585
 2.462731091336465e-07
 1.44404939449499e-07
 0.004304151156428561
 9.461373386803859e-05
 3.362555699382924e-08
 0.003538187531817612
 1.970206930165731e-10
 2.604851378603743e-08
 1.584807487301162e-06
 0.0009045442750935243
 2.462731091336465e-07
 1.44404939449499e-07
 0.004304151156428561
 9.461373386803859e-05
 5.556311083447099e-06
 0.003538187531817612
 1.724358317153635e-07
 2.604851378603743e-08
 0.0004009257039127794
 0.0009045442750935243
 2.462731091336465e-07
 1.122298528764302e-06
 0.004304151156428561
 9.461373386803859e-05
 5.556311083447099e-06
 0.003538187531817612
 1.724358317153635e-07
 2.604851378603743e-08
 0.0004009257039127794
 0.0009045442750935243
 2.604778224136728e-05
 1.122298528764302e-06
 0.004304151156428561
 9.461373386803859e-05
 0.004304151156428561
 0.003538187531817612
 1.724358317153635e-07
 2.755099993718086e-06
 0.0004009257039127794
 0.0009045442750935243
 2.604778224136728e-05
 1.122298528764302e-06
 0.004304151156428561
 9.461373386803859e-05
 0.004304151156428561
 0.003538187531817612
 1.724358317153635e-07
 2.755099993718086e-06
 0.04240499014691113
 0.0009045442750935243
 0.004304151156428561
 1.122298528764302e-06
 0.004304151156428561
 9.461373386803859e-05
 0.004304151156428561
 0.003538187531817612
 1.724358317153635e-07
 2.755099993718086e-06
 0.04240499014691113
 0.0009045442750935243
 0.004304151156428561
 1.122298528764302e-06
 0.004304151156428561
 9.461373386803859e-05
 0.004304151156428561
 0.003538187531817612
 1.724358317153635e-07
 2.755099993718086e-06
 0.04240499014691113
 0.0009045442750935243
 0.004304151156428561
 1.122298528764302e-06
 0.004304151156428561
 9.461373386803859e-05
 0.004304151156428561
 0.003538187531817612
 1.724358317153635e-07
 0.0004552550638183601
 0.04240499014691113
 0.0009045442750935243
 0.004304151156428561
 1.122298528764302e-06
 0.004304151156428561
 9.461373386803859e-05
 0.004304151156428561
 0.003538187531817612
 1.724358317153635e-07
 0.0004552550638183601
 0.04240499014691113
 0.0009045442750935243
 0.004304151156428561
 1.122298528764302e-06
 0.004304151156428561
 9.461373386803859e-05
 0.004304151156428561
 0.003538187531817612
 0.0009045442750935243
 0.0004552550638183601
 0.04240499014691113
 0.0009045442750935243
 0.004304151156428561
 1.122298528764302e-06
 0.004304151156428561
 9.461373386803859e-05
 0.004304151156428561
 0.003538187531817612
 0.0009045442750935243
 0.0004552550638183601
 0.04240499014691113
 0.0009045442750935243
 0.004304151156428561
 1.122298528764302e-06
 0.004304151156428561
 9.461373386803859e-05
 0.004304151156428561
 0.003538187531817612
 0.0009045442750935243
 0.0004552550638183601
 0.04240499014691113
 0.0009045442750935243
 0.004304151156428561
 0.003538187531817612
 0.004304151156428561
 9.461373386803859e-05
 0.004304151156428561
 0.003538187531817612
 0.0009045442750935243
 0.0004552550638183601
 0.04240499014691113
 0.0009045442750935243
 0.004304151156428561
 0.003538187531817612
 0.004304151156428561
 9.461373386803859e-05
 0.004304151156428561
 0.003538187531817612
 0.0009045442750935243
 0.0004552550638183601
 0.04240499014691113
 0.0009045442750935243
 0.004304151156428561
 0.003538187531817612
 0.004304151156428561
 9.461373386803859e-05
 0.004304151156428561
 0.003538187531817612
 0.0009045442750935243
 0.0004552550638183601
 0.04240499014691113
 0.0009045442750935243
 0.004304151156428561
 0.003538187531817612
 0.004304151156428561
 9.461373386803859e-05
 0.004304151156428561
 0.003538187531817612
 0.0009045442750935243
 0.0004552550638183601
 0.04240499014691113
 0.0009045442750935243
 0.004304151156428561
 0.003538187531817612
 0.004304151156428561
 9.461373386803859e-05
 0.004304151156428561
 0.003538187531817612
 0.0009045442750935243
 0.0004552550638183601
 0.04240499014691113
 0.0009045442750935243
 0.004304151156428561
 0.003538187531817612
 0.004304151156428561
 9.461373386803859e-05
 0.004304151156428561
 0.003538187531817612
 0.0009045442750935243
 0.0004552550638183601
 0.04240499014691113
 0.0009045442750935243
 0.004304151156428561
 0.003538187531817612
 0.004304151156428561
 9.461373386803859e-05
 0.004304151156428561
 0.003538187531817612
 0.0009045442750935243
 0.0004552550638183601
 0.04240499014691113
 0.0009045442750935243
 0.004304151156428561
 0.003538187531817612
 0.004304151156428561
 9.461373386803859e-05
 0.004304151156428561
 0.003538187531817612
 0.0009045442750935243
 0.0004552550638183601
 0.04240499014691113
 0.0009045442750935243
 0.004304151156428561
 0.003538187531817612
 0.004304151156428561
 9.461373386803859e-05
 0.004304151156428561
 0.003538187531817612
 0.0009045442750935243
 0.0004552550638183601
 0.04240499014691113
 0.0009045442750935243
 0.004304151156428561
 0.003538187531817612
 0.004304151156428561
 9.461373386803859e-05
 0.004304151156428561
 0.003538187531817612
 0.0009045442750935243
 0.0004552550638183601
 0.04240499014691113
 0.0009045442750935243
 0.004304151156428561
 0.003538187531817612
 0.004304151156428561
 9.461373386803859e-05
 0.004304151156428561
 0.003538187531817612
 0.0009045442750935243
 0.0004552550638183601
 0.04240499014691113
 0.0009045442750935243
 0.004304151156428561
 0.003538187531817612
