# Created by Octave 3.2.4, Mon Feb 04 02:24:48 2013 EST <rbom@zaphod>
# name: small_First_Fit
# type: matrix
# ndims: 3
 1 10 30
 8.36974015994306e-20
 7.653955532443732e-17
 7.031268421281031e-18
 4.897643907832015e-20
 1.313151644394844e-21
 4.027268129704413e-18
 8.952359067428595e-15
 8.457038358568962e-11
 3.928813918046647e-17
 5.630605368796921e-22
 5.801875506998768e-16
 5.574223848743445e-14
 4.019707257227218e-09
 5.329479669647762e-12
 1.411540877653953e-14
 1.456867645839165e-10
 8.952359067428595e-15
 8.457038358568962e-11
 1.629803896017625e-15
 2.374707648946661e-18
 5.801875506998768e-16
 1.456147681182093e-10
 4.400428158790638e-06
 5.329479669647762e-12
 1.030552168863253e-11
 6.434902344978086e-05
 5.930550581774026e-11
 2.723195568018191e-07
 1.565253494562036e-13
 7.451515317245529e-15
 1.884032144997805e-12
 1.84471853379089e-07
 4.400428158790638e-06
 1.880853371527765e-08
 1.243771914927726e-09
 0.01143572407387894
 7.102432354575361e-09
 2.906246804872762e-05
 2.919003437927289e-10
 7.451515317245529e-15
 6.661523154457636e-09
 3.7250691931899e-05
 4.400428158790638e-06
 1.304703187981226e-05
 1.243771914927726e-09
 0.01143572407387894
 7.102432354575361e-09
 2.906246804872762e-05
 5.317288168608219e-08
 4.884614713612311e-12
 0.000293217319311991
 3.7250691931899e-05
 1.029182166413283e-05
 0.0001023622947479934
 1.038122100703182e-07
 0.01143572407387894
 7.102432354575361e-09
 2.906246804872762e-05
 5.317288168608219e-08
 2.165775090510131e-08
 0.000293217319311991
 3.7250691931899e-05
 1.029182166413283e-05
 0.0001023622947479934
 1.038122100703182e-07
 0.01143572407387894
 7.102432354575361e-09
 0.01143572407387894
 5.317288168608219e-08
 6.233344504922041e-07
 0.01143572407387894
 3.7250691931899e-05
 1.029182166413283e-05
 0.0001023622947479934
 1.038122100703182e-07
 0.01143572407387894
 7.102432354575361e-09
 0.01143572407387894
 5.317288168608219e-08
 6.233344504922041e-07
 0.01143572407387894
 3.7250691931899e-05
 1.029182166413283e-05
 0.01143572407387894
 1.038122100703182e-07
 0.01143572407387894
 2.597994703607573e-07
 0.01143572407387894
 7.670299772733102e-08
 0.0001730920148833666
 0.01143572407387894
 3.7250691931899e-05
 1.029182166413283e-05
 0.01143572407387894
 1.038122100703182e-07
 0.01143572407387894
 3.111338557427872e-05
 0.01143572407387894
 7.670299772733102e-08
 0.0001730920148833666
 0.01143572407387894
 3.7250691931899e-05
 1.029182166413283e-05
 0.01143572407387894
 0.0001919297719478331
 0.01143572407387894
 0.009248269799855288
 0.01143572407387894
 5.317288168608219e-08
 0.0001730920148833666
 0.01143572407387894
 3.7250691931899e-05
 1.029182166413283e-05
 0.01143572407387894
 0.0001919297719478331
 0.01143572407387894
 0.009248269799855288
 0.01143572407387894
 0.0001401419564816088
 0.0001730920148833666
 0.01143572407387894
 0.001520054971824934
 1.029182166413283e-05
 0.01143572407387894
 0.0001919297719478331
 0.01143572407387894
 0.009248269799855288
 0.01143572407387894
 0.0001401419564816088
 0.0001730920148833666
 0.01143572407387894
 0.001520054971824934
 1.029182166413283e-05
 0.01143572407387894
 0.0001919297719478331
 0.01143572407387894
 0.009248269799855288
 0.01143572407387894
 0.0001401419564816088
 0.0001730920148833666
 0.01143572407387894
 0.001520054971824934
 1.029182166413283e-05
 0.01143572407387894
 0.0001919297719478331
 0.01143572407387894
 0.009248269799855288
 0.01143572407387894
 0.01143572407387894
 0.0001730920148833666
 0.01143572407387894
 0.001520054971824934
 3.7250691931899e-05
 0.01143572407387894
 0.0001919297719478331
 0.01143572407387894
 0.009248269799855288
 0.01143572407387894
 0.01143572407387894
 0.0001730920148833666
 0.01143572407387894
 0.001520054971824934
 0.0001919297719478331
 0.01143572407387894
 0.0001919297719478331
 0.01143572407387894
 0.009248269799855288
 0.01143572407387894
 0.01143572407387894
 0.0001730920148833666
 0.01143572407387894
 0.001520054971824934
 0.0001919297719478331
 0.01143572407387894
 0.0001919297719478331
 0.01143572407387894
 0.009248269799855288
 0.01143572407387894
 0.01143572407387894
 0.0001730920148833666
 0.01143572407387894
 0.001520054971824934
 0.0001919297719478331
 0.01143572407387894
 0.0001919297719478331
 0.01143572407387894
 0.009248269799855288
 0.01143572407387894
 0.01143572407387894
 0.0001730920148833666
 0.01143572407387894
 0.001520054971824934
 0.0001919297719478331
 0.01143572407387894
 0.0001919297719478331
 0.01143572407387894
 0.009248269799855288
 0.01143572407387894
 0.01143572407387894
 0.0001730920148833666
 0.01143572407387894
 0.001520054971824934
 0.0001919297719478331
 0.01143572407387894
 0.0001919297719478331
 0.01143572407387894
 0.009248269799855288
 0.01143572407387894
 0.01143572407387894
 0.0001730920148833666
 0.01143572407387894
 0.001520054971824934
 0.0001919297719478331
 0.01143572407387894
 0.0001919297719478331
 0.01143572407387894
 0.009248269799855288
 0.01143572407387894
 0.01143572407387894
 0.0001730920148833666
 0.01143572407387894
 0.001520054971824934
 0.0001919297719478331
 0.01143572407387894
 0.0001919297719478331
 0.01143572407387894
 0.009248269799855288
 0.01143572407387894
 0.01143572407387894
 0.0001730920148833666
 0.01143572407387894
 0.001520054971824934
 0.0001919297719478331
 0.01143572407387894
 0.0001919297719478331
 0.01143572407387894
 0.009248269799855288
 0.01143572407387894
 0.01143572407387894
 0.0001730920148833666
 0.01143572407387894
 0.001520054971824934
 0.0001919297719478331
 0.01143572407387894
 0.0001919297719478331
 0.01143572407387894
 0.009248269799855288
 0.01143572407387894
 0.01143572407387894
 0.0001730920148833666
 0.01143572407387894
 0.001520054971824934
 0.0001919297719478331
 0.01143572407387894
 0.0001919297719478331
 0.01143572407387894
 0.009248269799855288
 0.01143572407387894
 0.01143572407387894
 0.0001730920148833666
 0.01143572407387894
 0.001520054971824934
 0.0001919297719478331
 0.01143572407387894
 0.0001919297719478331
 0.01143572407387894
 0.009248269799855288
 0.01143572407387894
 0.01143572407387894
 0.0001730920148833666
 0.01143572407387894
 0.001520054971824934
 0.0001919297719478331
 0.01143572407387894
 0.0001919297719478331
 0.01143572407387894
 0.009248269799855288
 0.01143572407387894
 0.01143572407387894
 0.0001730920148833666
 0.01143572407387894
 0.001520054971824934
 0.0001919297719478331
 0.01143572407387894
 0.0001919297719478331
 0.01143572407387894
 0.009248269799855288
 0.01143572407387894
 0.01143572407387894
 0.0001730920148833666
 0.01143572407387894
 0.001520054971824934
 0.0001919297719478331
 0.01143572407387894
 0.0001919297719478331
 0.01143572407387894
 0.009248269799855288
 0.01143572407387894
 0.01143572407387894
 0.0001730920148833666
