# Created by Octave 3.2.4, Tue Feb 05 18:32:24 2013 EST <rbom@zaphod>
# name: small_First_Fit
# type: matrix
# ndims: 3
 1 10 30
 6.297337354217027e-12
 1.054156559852596e-11
 2.263972413485356e-13
 2.439302877321812e-12
 9.166856916724578e-12
 2.717133070058035e-15
 6.849891882535659e-14
 1.10797551579631e-13
 2.060329189751298e-11
 1.295612330026863e-09
 9.083743757958841e-10
 1.680109796185881e-09
 1.322167914358187e-07
 1.384346939009385e-08
 3.999531258154832e-10
 1.585320808661692e-11
 4.279091142454999e-11
 6.539539498756389e-11
 6.193264087975819e-10
 8.944410387729596e-08
 4.010356549860195e-09
 1.680109796185881e-09
 1.322167914358187e-07
 1.384346939009385e-08
 1.24806098252016e-08
 4.693647857196928e-09
 1.320088073545376e-08
 7.472895301303034e-09
 6.801992958789977e-09
 8.944410387729596e-08
 5.748757652966843e-07
 1.373066676964004e-06
 7.986972562492263e-05
 1.384346939009385e-08
 5.4359740087591e-07
 2.237431328191196e-07
 3.850400251037866e-08
 2.892208919250584e-07
 0.0001292230746484136
 2.868960780579352e-05
 3.34857457780208e-05
 5.9907185050383e-05
 0.001094202250084139
 1.518189766455196e-08
 6.317024065733886e-06
 2.237431328191196e-07
 3.850400251037866e-08
 2.892208919250584e-07
 0.005061387129355688
 9.697127754183205e-05
 3.34857457780208e-05
 0.002443162572466598
 0.001266236740584462
 6.090238711608643e-07
 0.0002744567916019583
 2.403428969347759e-05
 3.850400251037866e-08
 2.892208919250584e-07
 0.005061387129355688
 9.697127754183205e-05
 3.34857457780208e-05
 0.002443162572466598
 0.01662197070927398
 3.370576125673143e-06
 0.0002744567916019583
 0.0009369569954584508
 4.383163419477936e-08
 0.000284348049826176
 0.005061387129355688
 9.697127754183205e-05
 9.80780008745142e-05
 0.09994226936029367
 0.01662197070927398
 0.0001433082953134535
 0.0002744567916019583
 0.009207878407365677
 1.775214796060405e-07
 0.00133380400691155
 0.005061387129355688
 0.001393934457135302
 9.80780008745142e-05
 0.09994226936029367
 0.04556471434914924
 0.0001433082953134535
 0.001051197576471572
 0.0009369569954584508
 1.775214796060405e-07
 0.00133380400691155
 0.005061387129355688
 0.02743264253559802
 9.80780008745142e-05
 0.09994226936029367
 0.04556471434914924
 0.0001433082953134535
 0.0002744567916019583
 0.009207878407365677
 8.611720337290452e-07
 0.00133380400691155
 0.03471398879441415
 0.02743264253559802
 9.80780008745142e-05
 0.09994226936029367
 0.04556471434914924
 0.0001433082953134535
 0.001051197576471572
 0.009207878407365677
 1.559746942002488e-05
 0.00133380400691155
 0.03471398879441415
 0.02743264253559802
 9.80780008745142e-05
 0.09994226936029367
 0.0883267422564669
 0.0001433082953134535
 0.0002744567916019583
 0.009207878407365677
 7.2844405688326e-05
 0.00133380400691155
 0.03471398879441415
 0.02743264253559802
 9.80780008745142e-05
 0.09994226936029367
 0.0883267422564669
 0.001684219924801016
 0.001051197576471572
 0.009207878407365677
 0.0001167978255810201
 0.04556471434914924
 0.03471398879441415
 0.02743264253559802
 9.80780008745142e-05
 0.09994226936029367
 0.09994226936029367
 0.0001578403943129928
 0.0883267422564669
 0.009207878407365677
 0.0001167978255810201
 0.04556471434914924
 0.09994226936029367
 0.02743264253559802
 0
 0
 0.09994226936029367
 0.001684219924801016
 0.0883267422564669
 0.009207878407365677
 0.004936028487175874
 0.04556471434914924
 0.09994226936029367
 0.02743264253559802
 0
 0
 0.0883267422564669
 0.001684219924801016
 0.0883267422564669
 0.009207878407365677
 0.004936028487175874
 0.04556471434914924
 0.09994226936029367
 0
 0
 0
 0.0883267422564669
 0.001684219924801016
 0.1483650018946907
 0
 0.01195824741520633
 0.04556471434914924
 0.09994226936029367
 0
 0
 0
 0.0883267422564669
 0.001684219924801016
 0.0883267422564669
 0
 0.01195824741520633
 0.0883267422564669
 0.09994226936029367
 0
 0
 0
 0.0883267422564669
 0.001684219924801016
 0.0883267422564669
 0
 0.01195824741520633
 0.0883267422564669
 0.09994226936029367
 0
 0
 0
 0.1483650018946907
 0.002443162572466598
 0.1483650018946907
 0
 0.01195824741520633
 0.0883267422564669
 0.09994226936029367
 0
 0
 0
 0.1483650018946907
 0.002443162572466598
 0.0883267422564669
 0
 0.01195824741520633
 0.0883267422564669
 0
 0
 0
 0
 0.1483650018946907
 0.002443162572466598
 0.0883267422564669
 0
 0.01195824741520633
 0.0883267422564669
 0
 0
 0
 0
 0.1483650018946907
 0.002443162572466598
 0.0883267422564669
 0
 0.01195824741520633
 0.09994226936029367
 0
 0
 0
 0
 0.1483650018946907
 0.002443162572466598
 0.0883267422564669
 0
 0
 0.0883267422564669
 0
 0
 0
 0
 0.1483650018946907
 0.001684219924801016
 0.0883267422564669
 0
 0
 0.0883267422564669
 0
 0
 0
 0
 0.1483650018946907
 0.001684219924801016
 0.09994226936029367
 0
 0
 0.0883267422564669
 0
 0
 0
 0
 0
 0
 0.1483650018946907
 0
 0
 0.04556471434914924
 0
 0
 0
 0
 0
 0
 0.0883267422564669
 0
 0
 0.0883267422564669
 0
 0
 0
 0
 0
 0
 0.0883267422564669
 0
 0
 0.04556471434914924
 0
 0
 0
 0
 0
 0
 0.0883267422564669
 0
 0
 0.04556471434914924
 0
 0
