# Created by Octave 3.2.4, Tue Feb 05 09:29:52 2013 EST <rbom@zaphod>
# name: small_First_Fit
# type: matrix
# ndims: 3
 1 10 30
 5.002760050523077e-13
 1.7893233709252e-13
 1.28899255242375e-10
 7.973095851230846e-11
 7.030595259993949e-13
 1.396968666644913e-11
 1.987383548009886e-13
 1.147993415185714e-11
 6.218411184087731e-15
 1.988091380679872e-12
 3.231567978597342e-12
 4.945967182828874e-10
 1.28899255242375e-10
 9.660348213891815e-09
 7.030595259993949e-13
 4.928222573366695e-10
 3.939633452984222e-08
 4.51437371202085e-07
 5.057307108250744e-07
 1.422327333232822e-10
 2.992103124244995e-11
 4.945967182828874e-10
 4.535073263425892e-07
 9.300962082611592e-07
 3.190959660392961e-12
 2.1866384715358e-09
 4.819571630150277e-07
 4.51437371202085e-07
 6.412919055450168e-06
 4.931060578186773e-09
 7.157810049566389e-11
 7.575494939705693e-08
 4.125011158980322e-06
 9.300962082611592e-07
 5.963733104448852e-10
 7.680466192517534e-08
 4.819571630150277e-07
 4.51437371202085e-07
 6.560062003141991e-05
 2.639227656233836e-07
 6.50605707571258e-10
 8.879794130984524e-06
 4.125011158980322e-06
 9.300962082611592e-07
 2.179884529575006e-09
 2.685421431517609e-06
 3.876860556414772e-05
 4.51437371202085e-07
 0.0005295047898658053
 2.639227656233836e-07
 2.988001648638973e-08
 0.0001720729887740226
 4.125011158980322e-06
 1.29087164202266e-06
 2.179884529575006e-09
 5.883792176572971e-06
 3.876860556414772e-05
 0.0001261740483863707
 0.0005295047898658053
 7.989585971045401e-07
 2.988001648638973e-08
 0.0001720729887740226
 4.125011158980322e-06
 1.29087164202266e-06
 7.600585964602873e-06
 2.685421431517609e-06
 0.000124846315344306
 0.0001261740483863707
 0.0005295047898658053
 2.355282833125273e-05
 2.988001648638973e-08
 0.004702244039945474
 4.125011158980322e-06
 0.0001313728955888489
 7.600585964602873e-06
 2.685421431517609e-06
 0.000124846315344306
 0.0001780381461771422
 0.0005295047898658053
 0.002206416885335287
 2.988001648638973e-08
 0.004702244039945474
 4.125011158980322e-06
 0.004531819580675967
 0.0002756447263759686
 0.00256902266969538
 0.000124846315344306
 0.0001780381461771422
 0.03621451019298397
 0.002206416885335287
 2.988001648638973e-08
 0.004702244039945474
 4.125011158980322e-06
 0.03621451019298397
 0.0002756447263759686
 0.00256902266969538
 0.0003171058866740662
 0.0001261740483863707
 0.03621451019298397
 0.002206416885335287
 2.988001648638973e-08
 0.004702244039945474
 0
 0.03621451019298397
 0.0002756447263759686
 0.008439199029339834
 0.0003259634124014311
 0.0001261740483863707
 0.03621451019298397
 0.01459899712926242
 2.988001648638973e-08
 0.02132033905728103
 0
 0.004702244039945474
 0.0002756447263759686
 0.008439199029339834
 0.01395145375473184
 0.0001261740483863707
 0.03621451019298397
 0.002206416885335287
 0
 0.02132033905728103
 0
 0.004531819580675967
 0.0002756447263759686
 0.008439199029339834
 0.01395145375473184
 0.0001261740483863707
 0.03621451019298397
 0.002206416885335287
 0
 0.02132033905728103
 0
 0.004531819580675967
 0.0002756447263759686
 0.008439199029339834
 0.01395145375473184
 0.0001261740483863707
 0.03621451019298397
 0.002206416885335287
 0
 0.02132033905728103
 0
 0.004531819580675967
 0.0002756447263759686
 0.008439199029339834
 0.01395145375473184
 0
 0.03621451019298397
 0.01459899712926242
 0
 0.02132033905728103
 0
 0.004531819580675967
 0
 0.03621451019298397
 0.01395145375473184
 0
 0
 0.01459899712926242
 0
 0.02132033905728103
 0
 0
 0
 0.03621451019298397
 0.01395145375473184
 0
 0
 0.01459899712926242
 0
 0.02132033905728103
 0
 0
 0
 0.03621451019298397
 0.01395145375473184
 0
 0
 0.01459899712926242
 0
 0
 0
 0
 0
 0.03621451019298397
 0
 0
 0
 0.01459899712926242
 0
 0
 0
 0
 0
 0.03621451019298397
 0
 0
 0
 0.01459899712926242
 0
 0
 0
 0
 0
 0.03621451019298397
 0
 0
 0
 0.01459899712926242
 0
 0
 0
 0
 0
 0.03621451019298397
 0
 0
 0
 0
 0
 0
 0
 0
 0
 0
 0
 0
 0
 0
 0
 0
 0
 0
 0
 0
 0
 0
 0
 0
 0
 0
 0
 0
 0
 0
 0
 0
 0
 0
 0
 0
 0
 0
 0
 0
 0
 0
 0
 0
 0
 0
 0
 0
 0
 0
 0
 0
 0
 0
 0
 0
 0
 0
 0
 0
 0
 0
 0
 0
 0
 0
 0
 0
 0
 0
 0
 0
 0
 0
 0
 0
 0
 0
 0
 0
 0
 0
 0
 0
