# Created by Octave 3.2.4, Wed Feb 06 09:17:08 2013 EST <rbom@zaphod>
# name: small_First_Fit
# type: matrix
# ndims: 3
 1 10 30
 5.978923250818838e-14
 7.827985704634434e-13
 2.586069023794011e-09
 6.13286618118883e-09
 1.050675454623214e-12
 2.376100467924724e-14
 1.476383783141782e-14
 9.423131794315851e-12
 1.1257495587875e-11
 2.144262382370419e-12
 3.944795745022086e-10
 4.264095587818251e-10
 6.072911829114149e-08
 3.089242056806236e-05
 1.51926575123827e-10
 1.786349809340571e-08
 1.413758057522657e-09
 1.622203645946527e-09
 3.970127993470371e-09
 8.131365854205569e-11
 3.363944493346593e-07
 1.022573003515009e-08
 3.771363592018771e-07
 0.0001090935942125876
 3.278179394527844e-09
 2.072449565353994e-07
 3.39293806935006e-08
 1.056723039801792e-08
 2.614611692643827e-05
 8.164511606245077e-09
 1.154786861987852e-05
 1.022573003515009e-08
 3.771363592018771e-07
 0.0004025482040660053
 3.278179394527844e-09
 2.239896369502448e-07
 1.098710982365772e-06
 2.720837221547111e-08
 2.614611692643827e-05
 2.603671275321091e-08
 0.0001368869653983785
 2.035436999886075e-07
 8.797539474571396e-06
 0.0001090935942125876
 3.278179394527844e-09
 2.072449565353994e-07
 2.39662498759877e-06
 0.0006563689284376738
 0.0004215557650064852
 1.210157880273141e-07
 0.003101412207081486
 2.035436999886075e-07
 8.797539474571396e-06
 0.0002285141679042751
 4.860713573045932e-08
 3.631789546879762e-06
 0.0001557475835614968
 0.005707473469790655
 0.0004215557650064852
 1.411392117063858e-05
 0.01601491483370176
 9.113159412620263e-06
 0.0002958521734093346
 0.0002285141679042751
 3.785423540832497e-08
 2.747928966792026e-05
 0.003951068595892192
 0.005707473469790655
 0.0004215557650064852
 3.664228330871932e-05
 0.01601491483370176
 9.113159412620263e-06
 0.0009302000063848829
 0.0002285141679042751
 3.785423540832497e-08
 0.0004666505767622901
 0.003951068595892192
 0.005707473469790655
 0.004550040595315582
 3.664228330871932e-05
 0.01601491483370176
 6.118060744863995e-05
 0.00631608953279719
 0.001872915451012701
 3.785423540832497e-08
 0.0004666505767622901
 0.003951068595892192
 0.005707473469790655
 0.004550040595315582
 3.664228330871932e-05
 0.01601491483370176
 0.001698515533386909
 0.00631608953279719
 0.001872915451012701
 1.212480245342771e-06
 0.0004666505767622901
 0.003951068595892192
 0.005707473469790655
 0.004550040595315582
 0.0001891484336629751
 0.01601491483370176
 0.01101972033117109
 0.00631608953279719
 0.001872915451012701
 1.212480245342771e-06
 0.0004666505767622901
 0.003951068595892192
 0.005707473469790655
 0.004550040595315582
 0.0001891484336629751
 0.01601491483370176
 0.01101972033117109
 0.02838593400255182
 0.001872915451012701
 1.212480245342771e-06
 0.0004666505767622901
 0.003951068595892192
 0.005707473469790655
 0.004550040595315582
 0.0001891484336629751
 0.01601491483370176
 0.01101972033117109
 0.02838593400255182
 0.001872915451012701
 1.212480245342771e-06
 0.0004666505767622901
 0.003951068595892192
 0
 0.004550040595315582
 0.0001891484336629751
 0
 0.01101972033117109
 0.02838593400255182
 0.001872915451012701
 0.000161410479756176
 0.0004666505767622901
 0
 0
 0.004550040595315582
 0.0001891484336629751
 0
 0.01101972033117109
 0.02838593400255182
 0.001872915451012701
 0.000161410479756176
 0
 0
 0
 0
 0.0001891484336629751
 0
 0.01101972033117109
 0.02838593400255182
 0
 0.000161410479756176
 0
 0
 0
 0
 0.0001891484336629751
 0
 0.01601491483370176
 0.02838593400255182
 0
 0.000161410479756176
 0
 0
 0
 0
 0
 0
 0.01601491483370176
 0.02838593400255182
 0
 0.000161410479756176
 0
 0
 0
 0
 0
 0
 0.01101972033117109
 0
 0
 0.000161410479756176
 0
 0
 0
 0
 0
 0
 0.01101972033117109
 0
 0
 0.002099232322834013
 0
 0
 0
 0
 0
 0
 0.01101972033117109
 0
 0
 0.002099232322834013
 0
 0
 0
 0
 0
 0
 0.01590047625262269
 0
 0
 0.002099232322834013
 0
 0
 0
 0
 0
 0
 0.02838593400255182
 0
 0
 0.002099232322834013
 0
 0
 0
 0
 0
 0
 0.02838593400255182
 0
 0
 0.002099232322834013
 0
 0
 0
 0
 0
 0
 0.02838593400255182
 0
 0
 0.002099232322834013
 0
 0
 0
 0
 0
 0
 0.02838593400255182
 0
 0
 0.002099232322834013
 0
 0
 0
 0
 0
 0
 0.02838593400255182
 0
 0
 0
 0
 0
 0
 0
 0
 0
 0.02838593400255182
 0
 0
 0
 0
 0
 0
 0
 0
 0
 0.02838593400255182
 0
 0
 0
 0
 0
 0
 0
 0
 0
 0
 0
 0
 0
 0
 0
 0
 0
 0
