# Created by Octave 3.2.4, Mon Feb 04 06:12:34 2013 EST <rbom@zaphod>
# name: small_First_Fit
# type: matrix
# ndims: 3
 1 10 30
 3.925183338267935e-22
 8.59722800042799e-22
 4.278938500260921e-19
 2.370792028355589e-13
 1.276648165172232e-21
 2.28601174372016e-15
 3.914412995776136e-16
 1.867837567656341e-16
 5.721912645877825e-21
 7.744605277831768e-13
 4.993757433454839e-15
 1.294578553191789e-18
 3.742596169826381e-15
 1.398468791219169e-09
 1.075264836712442e-17
 2.294028866020901e-12
 1.452296981418374e-10
 6.252085023634884e-12
 1.008360433615541e-17
 7.744605277831768e-13
 1.130081178097815e-12
 1.277162490213452e-15
 2.950091709853899e-13
 5.53601637221501e-08
 3.043279254347673e-14
 2.294028866020901e-12
 3.883034219016168e-08
 1.702101244256317e-09
 2.845275712108163e-14
 7.744605277831768e-13
 9.492258144202735e-09
 5.340631015176814e-12
 2.950091709853899e-13
 5.53601637221501e-08
 1.584942495765996e-11
 1.267905234397363e-09
 3.883034219016168e-08
 4.13907843427626e-08
 1.483753208718332e-11
 1.091093413389196e-10
 9.492258144202735e-09
 3.653682421961751e-10
 2.017483202076318e-11
 5.53601637221501e-08
 2.326970165185309e-09
 2.785168196151913e-07
 3.883034219016168e-08
 0.0003128084120157639
 6.998853259255258e-10
 7.463930688296128e-09
 9.492258144202735e-09
 3.653682421961751e-10
 2.017483202076318e-11
 4.046359215160329e-06
 2.326970165185309e-09
 1.339956350237156e-05
 3.883034219016168e-08
 0.01153170811151538
 6.998853259255258e-10
 7.463930688296128e-09
 9.490270416413205e-06
 3.653682421961751e-10
 3.546910640641938e-10
 4.046359215160329e-06
 4.550401835643723e-07
 1.339956350237156e-05
 4.645481528222453e-06
 0.01153170811151538
 6.998853259255258e-10
 7.463930688296128e-09
 9.490270416413205e-06
 1.819105923052675e-08
 3.546910640641938e-10
 4.046359215160329e-06
 4.550401835643723e-07
 1.339956350237156e-05
 0.01266788595327529
 0.01153170811151538
 6.998853259255258e-10
 7.922892779568869e-07
 9.490270416413205e-06
 1.819105923052675e-08
 3.546910640641938e-10
 3.875953367717626e-05
 8.734995915401796e-07
 0.001013334411703657
 0.01266788595327529
 0.01153170811151538
 6.998853259255258e-10
 7.922892779568869e-07
 9.490270416413205e-06
 1.819105923052675e-08
 3.546910640641938e-10
 0.000243299591803443
 8.734995915401796e-07
 0.01153170811151538
 0.01266788595327529
 0.01153170811151538
 8.508808096985168e-06
 7.922892779568869e-07
 0.002051142643220294
 9.490270416413205e-06
 3.546910640641938e-10
 0.000243299591803443
 0.0002335704110777587
 0.01153170811151538
 0.01266788595327529
 0.01153170811151538
 8.508808096985168e-06
 0.01153170811151538
 0.002051142643220294
 0.0001212350791871029
 3.491230183962929e-08
 0.000243299591803443
 0.0002335704110777587
 0.01153170811151538
 0.01266788595327529
 0.01153170811151538
 0.001806548490028059
 0.01153170811151538
 0.002051142643220294
 0.002051142643220294
 3.491230183962929e-08
 0.000243299591803443
 0.0002335704110777587
 0.01153170811151538
 0.01266788595327529
 0.01153170811151538
 0.001806548490028059
 0.01153170811151538
 0.002051142643220294
 0.003293725005433091
 3.491230183962929e-08
 0.000243299591803443
 0.0002335704110777587
 0.01153170811151538
 0.01266788595327529
 0.01153170811151538
 0.001806548490028059
 0.01153170811151538
 0.002051142643220294
 0.002051142643220294
 3.491230183962929e-08
 0.0008411150211080893
 0.0002335704110777587
 0.01153170811151538
 0.01266788595327529
 0.01153170811151538
 0.001806548490028059
 0.01153170811151538
 0.01266788595327529
 0.002051142643220294
 3.491230183962929e-08
 0.000243299591803443
 0.0002335704110777587
 0.01153170811151538
 0.01266788595327529
 0.01153170811151538
 0.001806548490028059
 0.01153170811151538
 0.01266788595327529
 0.01266788595327529
 0.006414590762918084
 0.0002930023668920331
 0.0002335704110777587
 0.01153170811151538
 0.01266788595327529
 0.01153170811151538
 0.001806548490028059
 0.01153170811151538
 0.01266788595327529
 0.01266788595327529
 0.006414590762918084
 0.0002930023668920331
 0.0002335704110777587
 0.01153170811151538
 0.01266788595327529
 0.01153170811151538
 0.001806548490028059
 0.01153170811151538
 0.01266788595327529
 0.01266788595327529
 0.006414590762918084
 0.0002930023668920331
 0.0002335704110777587
 0.01153170811151538
 0.01266788595327529
 0.01153170811151538
 0.001806548490028059
 0.01153170811151538
 0.01266788595327529
 0.01266788595327529
 0.006414590762918084
 0.0002930023668920331
 0.0002335704110777587
 0.01153170811151538
 0.01266788595327529
 0.01153170811151538
 0.001806548490028059
 0.01153170811151538
 0.01266788595327529
 0.01266788595327529
 0.006414590762918084
 0.0002930023668920331
 0.0002335704110777587
 0.01153170811151538
 0.01266788595327529
 0.01153170811151538
 0.001806548490028059
 0.01153170811151538
 0.01266788595327529
 0.01266788595327529
 0.006414590762918084
 0.0002930023668920331
 0.0002335704110777587
 0.01153170811151538
 0.01266788595327529
 0.01153170811151538
 0.001806548490028059
 0.01153170811151538
 0.01266788595327529
 0.01266788595327529
 0.006414590762918084
 0.0002930023668920331
 0.0002335704110777587
 0.01153170811151538
 0.01266788595327529
 0.01153170811151538
 0.001806548490028059
 0.01153170811151538
 0.01266788595327529
 0.01266788595327529
 0.006414590762918084
 0.0002930023668920331
 0.01153170811151538
 0.01153170811151538
 0.01266788595327529
 0.01153170811151538
 0.001806548490028059
 0.01153170811151538
 0.01266788595327529
 0.01266788595327529
 0.006414590762918084
 0.0002930023668920331
 0.01153170811151538
 0.01153170811151538
 0.01266788595327529
 0.01153170811151538
 0.001806548490028059
 0.01153170811151538
 0.01266788595327529
 0.01266788595327529
 0.006414590762918084
 0.000243299591803443
 0.01153170811151538
 0.01153170811151538
 0.01266788595327529
 0.01153170811151538
 0.001806548490028059
 0.01153170811151538
 0.01266788595327529
 0.01266788595327529
 0.006414590762918084
 0.000243299591803443
 0.01153170811151538
 0.01153170811151538
 0.01266788595327529
 0.01153170811151538
 0.001806548490028059
 0.01153170811151538
 0.01266788595327529
 0.01266788595327529
 0.006414590762918084
 0.0008411150211080893
 0.01153170811151538
 0.01153170811151538
 0.01266788595327529
 0.01153170811151538
 0.001806548490028059
 0.01153170811151538
 0.01266788595327529
 0.01266788595327529
 0.006414590762918084
 0.01266788595327529
 0.01153170811151538
 0.01153170811151538
 0.01266788595327529
 0.01153170811151538
 0.001806548490028059
 0.01153170811151538
 0.01266788595327529
 0.01266788595327529
 0.006414590762918084
 0.01266788595327529
 0.01153170811151538
 0.01153170811151538
 0.01266788595327529
 0.01153170811151538
 0.001806548490028059
 0.01153170811151538
