# Created by Octave 3.2.4, Tue Feb 05 01:19:23 2013 EST <rbom@zaphod>
# name: small_First_Fit
# type: matrix
# ndims: 3
 1 10 30
 3.140794804025132e-15
 1.470214413908088e-16
 1.13950193695255e-07
 7.507843753439916e-12
 6.937411850562101e-19
 4.227340547606353e-10
 5.791335185231531e-16
 2.497808991942525e-15
 4.068170628624289e-14
 2.966680907127187e-14
 6.253302628873925e-11
 2.137615023331836e-08
 3.011735395475952e-06
 7.507843753439916e-12
 8.424540389402646e-11
 5.686075341391239e-08
 1.344726002410769e-10
 1.321190360884958e-13
 7.20916092407441e-13
 1.898334119586886e-08
 4.747098929553947e-07
 1.427291729527612e-06
 4.781904036991815e-05
 1.519478770266982e-10
 4.312453546956141e-09
 3.439630752306351e-06
 1.743838928295663e-05
 2.412592047853325e-12
 3.540321517432783e-12
 1.898334119586886e-08
 3.319152373608528e-06
 7.105192006062238e-05
 0.0009830973290188493
 3.609797845316072e-10
 4.093886946036296e-07
 1.641120788051803e-05
 0.0002226525880898503
 3.258356773550601e-10
 1.365217718212725e-11
 1.898334119586886e-08
 5.693262514687339e-05
 7.105192006062238e-05
 0.01474663202829809
 2.288037153918246e-09
 4.093886946036296e-07
 1.641120788051803e-05
 0.0002226525880898503
 5.593530913665641e-09
 3.471011691888144e-10
 1.355295045726499e-05
 5.693262514687339e-05
 7.105192006062238e-05
 0.01474663202829809
 2.288037153918246e-09
 0.0001876562013753361
 0.0004523979258867013
 0.0002226525880898503
 1.72241906903213e-08
 1.823674228057842e-09
 1.355295045726499e-05
 5.693262514687339e-05
 7.105192006062238e-05
 0.01474663202829809
 2.861343354062607e-08
 0.0001876562013753361
 0.001912022481037436
 0.005932337312753947
 2.926077571855482e-07
 2.890934816323704e-08
 0.001804611862799419
 5.693262514687339e-05
 7.105192006062238e-05
 0.05677899845585277
 6.264881044653873e-07
 0.002295712127797737
 0.001912022481037436
 0.05677899845585277
 2.926077571855482e-07
 1.197297985403479e-07
 0.001804611862799419
 5.693262514687339e-05
 0.01313295982742894
 0.01474663202829809
 2.149161452504209e-05
 0.005882953960943987
 0.005882953960943987
 0.05677899845585277
 2.926077571855482e-07
 4.070731533335587e-07
 0.01033203978176859
 0.00135787071146294
 0.01313295982742894
 0.01474663202829809
 2.149161452504209e-05
 0.05677899845585277
 0.005882953960943987
 0.05677899845585277
 2.926077571855482e-07
 0.0002320636513254408
 0.01033203978176859
 0.00135787071146294
 0.01313295982742894
 0.01474663202829809
 9.482857965820972e-05
 0.05677899845585277
 0.05677899845585277
 0.05677899845585277
 3.620036673958529e-06
 0.01313295982742894
 0.01033203978176859
 0.01474663202829809
 0.01313295982742894
 0.05677899845585277
 9.482857965820972e-05
 0.05677899845585277
 0.05677899845585277
 0.05677899845585277
 2.604507253217119e-05
 0.01313295982742894
 0.01033203978176859
 0.01474663202829809
 0.01313295982742894
 0.05677899845585277
 0.0006693267310459336
 0.05677899845585277
 0.05677899845585277
 0.05677899845585277
 2.604507253217119e-05
 0.01313295982742894
 0.01033203978176859
 0.05677899845585277
 0.01313295982742894
 0.05677899845585277
 0.0006693267310459336
 0.05677899845585277
 0.05677899845585277
 0.05677899845585277
 0.0002161879373453277
 0.01313295982742894
 0.01033203978176859
 0.05677899845585277
 0.01313295982742894
 0.05677899845585277
 0.0006693267310459336
 0.05677899845585277
 0.05677899845585277
 0
 0.0002161879373453277
 0.01313295982742894
 0.01033203978176859
 0.05677899845585277
 0
 0.05677899845585277
 0.0006693267310459336
 0.05677899845585277
 0.05677899845585277
 0
 0.0002161879373453277
 0.01313295982742894
 0
 0.05677899845585277
 0
 0.05677899845585277
 0.0006693267310459336
 0
 0.05677899845585277
 0
 0.01033203978176859
 0.01313295982742894
 0
 0.05677899845585277
 0
 0.05677899845585277
 0.0006693267310459336
 0
 0
 0
 0.01033203978176859
 0
 0
 0.05677899845585277
 0
 0
 0.0006693267310459336
 0
 0
 0
 0.01033203978176859
 0
 0
 0.05677899845585277
 0
 0
 0
 0
 0
 0
 0.01033203978176859
 0
 0
 0
 0
 0
 0
 0
 0
 0
 0.01033203978176859
 0
 0
 0
 0
 0
 0
 0
 0
 0
 0.01474663202829809
 0
 0
 0
 0
 0
 0
 0
 0
 0
 0.01474663202829809
 0
 0
 0
 0
 0
 0
 0
 0
 0
 0.01474663202829809
 0
 0
 0
 0
 0
 0
 0
 0
 0
 0.01474663202829809
 0
 0
 0
 0
 0
 0
 0
 0
 0
 0.01474663202829809
 0
 0
 0
 0
 0
 0
 0
 0
 0
 0.01474663202829809
 0
 0
 0
 0
 0
 0
 0
 0
 0
 0.01474663202829809
 0
 0
 0
 0
 0
 0
 0
 0
 0
 0
 0
 0
 0
 0
 0
 0
 0
 0
 0
 0
 0
 0
