# Created by Octave 3.2.4, Mon Feb 04 16:30:31 2013 EST <rbom@zaphod>
# name: small_First_Fit
# type: matrix
# ndims: 3
 1 10 30
 1.471719742930655e-11
 1.434545637754146e-12
 7.673418723165269e-22
 3.739753561351421e-21
 2.519598419238188e-13
 2.706725477430631e-18
 1.304939377424358e-18
 1.098162963780522e-18
 2.263724312001372e-16
 4.80930914510369e-19
 1.471719742930655e-11
 7.839683833403553e-11
 5.818317573242647e-18
 6.820765111479012e-17
 2.747358932488098e-10
 1.150179919496199e-13
 9.683988046516563e-16
 7.512465479112805e-17
 8.724351238364649e-15
 2.295674725164192e-18
 4.867939476911158e-09
 1.364135473292849e-09
 6.087026069708911e-14
 3.513449192151211e-16
 2.212675968724616e-07
 6.085354331148626e-11
 9.683988046516563e-16
 7.512465479112805e-17
 8.724351238364649e-15
 2.295674725164192e-18
 4.867939476911158e-09
 1.364135473292849e-09
 1.61573735584889e-11
 3.513449192151211e-16
 2.212675968724616e-07
 5.548670959402802e-09
 9.540633378279878e-12
 8.003251222363169e-13
 2.923735692329739e-12
 5.54313517484644e-17
 4.867939476911158e-09
 1.364135473292849e-09
 1.61573735584889e-11
 1.741550219174038e-13
 0.001005983859785287
 5.548670959402802e-09
 9.540633378279878e-12
 8.003251222363169e-13
 8.941964198035707e-11
 2.431435926573029e-15
 5.654449673641019e-07
 7.209877703202708e-08
 2.564603916507761e-09
 1.4869955416987e-10
 0.06881524098595473
 5.548670959402802e-09
 1.653339192125759e-09
 8.003251222363169e-13
 6.064308880672534e-06
 2.796012725380566e-13
 0.0002435010040439906
 4.690197098721019e-07
 2.564603916507761e-09
 5.285867006863465e-08
 0.06881524098595473
 5.548670959402802e-09
 1.653339192125759e-09
 4.391582557612124e-11
 6.064308880672534e-06
 1.5423271002678e-11
 0.0002435010040439906
 4.690197098721019e-07
 3.66036105277004e-09
 5.285867006863465e-08
 0.06881524098595473
 5.548670959402802e-09
 1.653339192125759e-09
 1.93699381157444e-10
 6.064308880672534e-06
 2.487016570754966e-08
 0.0002435010040439906
 4.690197098721019e-07
 1.256387081232164e-06
 5.841007468952043e-06
 0.06881524098595473
 5.548670959402802e-09
 2.700544082817788e-06
 1.062816208520075e-08
 0.0002767569994402381
 2.487016570754966e-08
 0.0002435010040439906
 2.609545031782014e-05
 1.256387081232164e-06
 5.841007468952043e-06
 0.06881524098595473
 5.548670959402802e-09
 2.700544082817788e-06
 1.062816208520075e-08
 0.0002767569994402381
 2.487016570754966e-08
 0.0002435010040439906
 0.001785127011065377
 1.256387081232164e-06
 5.841007468952043e-06
 0.06881524098595473
 0
 2.700544082817788e-06
 1.218088518384974e-05
 0.0002767569994402381
 1.974312691510597e-05
 0.0002435010040439906
 0.001785127011065377
 0.0001082665035119555
 6.40773434879515e-06
 0.06881524098595473
 0
 6.064308880672534e-06
 5.469458521525974e-05
 0.0002767569994402381
 1.974312691510597e-05
 0.0002435010040439906
 0.001785127011065377
 0.0001082665035119555
 5.841007468952043e-06
 0
 0
 6.064308880672534e-06
 5.469458521525974e-05
 0.0002767569994402381
 2.375923009844435e-05
 0
 0.001785127011065377
 0.0001082665035119555
 5.841007468952043e-06
 0
 0
 6.064308880672534e-06
 5.469458521525974e-05
 0.0002767569994402381
 2.375923009844435e-05
 0
 0.001785127011065377
 0.0001082665035119555
 5.841007468952043e-06
 0
 0
 6.064308880672534e-06
 5.469458521525974e-05
 0.0002767569994402381
 0.06881524098595473
 0
 0.001785127011065377
 0.06881524098595473
 5.841007468952043e-06
 0
 0
 6.064308880672534e-06
 5.469458521525974e-05
 0
 0.06881524098595473
 0
 0.001785127011065377
 0.06881524098595473
 6.40773434879515e-06
 0
 0
 0.0004035923520620802
 5.469458521525974e-05
 0
 0.06881524098595473
 0
 0
 0.06881524098595473
 6.40773434879515e-06
 0
 0
 0.0004035923520620802
 5.469458521525974e-05
 0
 0.06881524098595473
 0
 0
 0.06881524098595473
 5.841007468952043e-06
 0
 0
 0.0004035923520620802
 0
 0
 0.06881524098595473
 0
 0
 0.06881524098595473
 6.40773434879515e-06
 0
 0
 0.0004035923520620802
 0
 0
 0.06881524098595473
 0
 0
 0.06881524098595473
 6.40773434879515e-06
 0
 0
 0.0005322097475594122
 0
 0
 0.06881524098595473
 0
 0
 0.06881524098595473
 6.40773434879515e-06
 0
 0
 0.0005322097475594122
 0
 0
 0
 0
 0
 0
 5.841007468952043e-06
 0
 0
 0.0005322097475594122
 0
 0
 0
 0
 0
 0
 5.841007468952043e-06
 0
 0
 0.0005322097475594122
 0
 0
 0
 0
 0
 0
 6.40773434879515e-06
 0
 0
 0.0004035923520620802
 0
 0
 0
 0
 0
 0
 5.841007468952043e-06
 0
 0
 0.0004035923520620802
 0
 0
 0
 0
 0
 0
 5.841007468952043e-06
 0
 0
 0.0005322097475594122
 0
 0
 0
 0
 0
 0
 5.841007468952043e-06
 0
 0
 0.0005322097475594122
 0
 0
 0
 0
 0
 0
 5.841007468952043e-06
 0
 0
 0.0005322097475594122
 0
 0
 0
 0
 0
 0
 5.841007468952043e-06
 0
 0
 0.0004035923520620802
 0
 0
 0
