# Created by Octave 3.2.4, Mon Feb 04 23:22:27 2013 EST <rbom@zaphod>
# name: small_First_Fit
# type: matrix
# ndims: 3
 1 10 30
 2.262429976026631e-13
 9.078498730014525e-11
 1.7530187763744e-12
 1.422990970700807e-12
 1.08128286132595e-07
 8.763206040497733e-14
 2.015194574583535e-11
 2.518064495542507e-10
 4.247787146009555e-13
 2.921522899849192e-12
 3.105468750178216e-12
 8.521213395509098e-09
 4.344449391303213e-11
 1.469402855368021e-10
 1.08128286132595e-07
 2.104658267965469e-10
 1.088338900674339e-08
 2.518064495542507e-10
 3.577875087993457e-09
 3.091636499394599e-10
 1.838373024010363e-08
 2.901910625732122e-07
 1.683772673722626e-09
 4.334027947560173e-09
 3.274284007559296e-06
 2.104658267965469e-10
 4.740461653505105e-08
 1.246536884022627e-07
 2.311315491915027e-06
 2.643603666727053e-09
 1.602170869303228e-06
 1.290889499444959e-06
 1.683772673722626e-09
 4.334027947560173e-09
 3.052893946137409e-05
 1.789570823488824e-08
 4.740461653505105e-08
 9.593689966288839e-06
 2.311315491915027e-06
 1.608198037114278e-08
 1.487223507229602e-05
 8.498102196319241e-05
 1.683772673722626e-09
 3.435071440748762e-07
 3.052893946137409e-05
 7.477641024721519e-07
 3.919068994929887e-07
 9.593689966288839e-06
 5.221091856499794e-05
 5.461189572351118e-07
 4.399127198575314e-05
 8.498102196319241e-05
 1.204073303706103e-06
 1.075082437630921e-05
 0.0001991029435400922
 7.477641024721519e-07
 1.231651257016606e-05
 0.0001247517256753961
 5.221091856499794e-05
 2.696960808262665e-05
 0.000207627922486819
 8.498102196319241e-05
 2.821091540549528e-06
 1.075082437630921e-05
 0.0001991029435400922
 7.477641024721519e-07
 7.249163363881948e-05
 0.0001247517256753961
 0.0003073390545753657
 0.0003476628997594187
 0.000207627922486819
 9.24598961810522e-05
 0.0001556006784986299
 3.506318360092735e-05
 0.0001991029435400922
 7.477641024721519e-07
 7.249163363881948e-05
 0.0001247517256753961
 0.0003073390545753657
 0.0003476628997594187
 0.000207627922486819
 8.498102196319241e-05
 0.0003532765048248313
 3.506318360092735e-05
 0.0001991029435400922
 7.477641024721519e-07
 0.001282925472700524
 0.0006435874629623403
 0.0003073390545753657
 0.0003476628997594187
 0.0002898522006621552
 8.498102196319241e-05
 0.0003532765048248313
 3.506318360092735e-05
 0.0001991029435400922
 3.030757081986619e-06
 0.001282925472700524
 0.0006435874629623403
 0.0003073390545753657
 0.0003476628997594187
 0.0002898522006621552
 8.498102196319241e-05
 0.0005848566203998886
 3.506318360092735e-05
 0.008272052099184225
 3.030757081986619e-06
 0.001282925472700524
 0.0006435874629623403
 0.0003073390545753657
 0.0003476628997594187
 0.0002898522006621552
 8.498102196319241e-05
 0.0005848566203998886
 3.506318360092735e-05
 0.008272052099184225
 1.577343893635065e-05
 0.001282925472700524
 0.002016506618027518
 0.0003073390545753657
 0.0003476628997594187
 0.0002898522006621552
 8.498102196319241e-05
 0.0005848566203998886
 3.506318360092735e-05
 0.008272052099184225
 1.577343893635065e-05
 0.001282925472700524
 0.002016506618027518
 0.0003073390545753657
 0.0003476628997594187
 0.0002898522006621552
 8.498102196319241e-05
 0.0005848566203998886
 3.506318360092735e-05
 0.008272052099184225
 1.577343893635065e-05
 0.001282925472700524
 0.004798081849335892
 0
 0
 0.0003547672984047123
 0
 0.0005848566203998886
 0
 0.008272052099184225
 1.577343893635065e-05
 0.001282925472700524
 0.004798081849335892
 0
 0
 0.0002898522006621552
 0
 0.000779603857005634
 0
 0.008272052099184225
 1.577343893635065e-05
 0
 0.004473677502345562
 0
 0
 0.0002898522006621552
 0
 0.0005848566203998886
 0
 0.008272052099184225
 1.577343893635065e-05
 0
 0.004473677502345562
 0
 0
 0.0002898522006621552
 0
 0.0006027082184789941
 0
 0
 1.577343893635065e-05
 0
 0.004798081849335892
 0
 0
 0.0002898522006621552
 0
 0.0006027082184789941
 0
 0
 0
 0
 0.004798081849335892
 0
 0
 0.0002898522006621552
 0
 0.0005848566203998886
 0
 0
 0
 0
 0.004798081849335892
 0
 0
 0.0003547672984047123
 0
 0.0005848566203998886
 0
 0
 0
 0
 0.008272052099184225
 0
 0
 0.0003547672984047123
 0
 0.0005848566203998886
 0
 0
 0
 0
 0.008272052099184225
 0
 0
 0.0002898522006621552
 0
 0.0005848566203998886
 0
 0
 0
 0
 0.008272052099184225
 0
 0
 0.0002898522006621552
 0
 0.0006027082184789941
 0
 0
 0
 0
 0.008272052099184225
 0
 0
 0.0002898522006621552
 0
 0.000779603857005634
 0
 0
 0
 0
 0.008272052099184225
 0
 0
 0.0002898522006621552
 0
 0.000779603857005634
 0
 0
 0
 0
 0.008272052099184225
 0
 0
 0.0002898522006621552
 0
 0.00497547127109643
 0
 0
 0
 0
 0.008272052099184225
 0
 0
 0
 0
 0.00497547127109643
 0
 0
 0
 0
 0
 0
 0
 0
 0
 0.00497547127109643
 0
 0
 0
 0
 0
 0
 0
 0
 0
 0.00497547127109643
 0
 0
 0
 0
 0
 0
 0
