# Created by Octave 3.2.4, Tue Feb 05 19:51:01 2013 EST <rbom@zaphod>
# name: small_First_Fit
# type: matrix
# ndims: 3
 1 10 30
 6.664994457688478e-18
 3.058003744631148e-17
 1.85343019571447e-14
 8.15051055436394e-19
 5.648203776501703e-15
 1.3450016069846e-17
 3.579751203959456e-20
 3.607876367582216e-17
 1.211847643780409e-18
 1.312782054439291e-18
 6.983020428745191e-15
 3.770393322250964e-15
 6.061516755885066e-12
 3.111400548864639e-14
 1.101272422253968e-12
 9.729896137162597e-13
 2.083718999640873e-16
 1.106631943271432e-13
 1.279178362222037e-15
 6.906866169060691e-16
 9.585033542834134e-13
 4.046668280952642e-12
 1.260877103833698e-09
 1.907727723414543e-12
 2.441052885655723e-10
 3.358959304376668e-10
 5.124681732600259e-16
 1.106631943271432e-13
 6.230288186411807e-14
 2.867665005552368e-12
 9.585033542834134e-13
 4.046668280952642e-12
 1.61143366543057e-07
 1.010646319922385e-10
 1.27693049740712e-08
 7.328949345319727e-08
 1.550971618209506e-13
 1.106631943271432e-13
 4.364726937274668e-09
 4.022402388482271e-10
 3.260955581245562e-10
 2.665047872914301e-07
 5.39606519167285e-05
 3.134210105051168e-09
 1.27693049740712e-08
 7.328949345319727e-08
 3.805847147223922e-13
 3.406781853969906e-11
 2.864454873418773e-06
 7.594504400816975e-08
 3.260955581245562e-10
 2.81865327619083e-05
 5.39606519167285e-05
 5.113717097549232e-07
 3.023238952928998e-06
 7.328949345319727e-08
 1.548266426428798e-11
 9.482631005890113e-10
 1.198877063906416e-05
 2.053603792167642e-07
 5.275917366989129e-09
 3.132423858645435e-05
 0.003312515949447948
 5.322720436547688e-06
 0.0003978341540735968
 7.328949345319727e-08
 1.378379920138475e-10
 9.482631005890113e-10
 1.198877063906416e-05
 2.053603792167642e-07
 5.275917366989129e-09
 0.003312515949447948
 0.003312515949447948
 5.322720436547688e-06
 0.0003978341540735968
 7.328949345319727e-08
 8.323077998786458e-09
 9.482631005890113e-10
 1.198877063906416e-05
 7.243782023491975e-05
 5.410707592034272e-07
 0.003312515949447948
 0.003312515949447948
 3.082821664798937e-05
 0.0003978341540735968
 7.328949345319727e-08
 8.323077998786458e-09
 9.482631005890113e-10
 3.051069172815257e-05
 7.243782023491975e-05
 8.753966625453738e-06
 0.003312515949447948
 0.003312515949447948
 3.082821664798937e-05
 0.0003978341540735968
 7.328949345319727e-08
 5.340806171710724e-07
 9.482631005890113e-10
 0.0006397910033948037
 7.243782023491975e-05
 8.753966625453738e-06
 0.003312515949447948
 0.003312515949447948
 3.082821664798937e-05
 0.0003978341540735968
 0
 5.340806171710724e-07
 9.482631005890113e-10
 0.0006397910033948037
 7.243782023491975e-05
 0.002076622550038815
 0.003312515949447948
 0.003312515949447948
 3.082821664798937e-05
 0.0003978341540735968
 0
 0.0005513013568183547
 1.594257431411827e-07
 0.0006397910033948037
 7.243782023491975e-05
 0.002076622550038815
 0.003312515949447948
 0.003312515949447948
 3.082821664798937e-05
 0.0003978341540735968
 0
 0.0005513013568183547
 5.117352398759744e-06
 0.0006397910033948037
 0.003312515949447948
 0.002076622550038815
 0.003312515949447948
 0
 3.082821664798937e-05
 0
 0
 0.0005513013568183547
 0.0006397910033948037
 0.0006397910033948037
 0.003312515949447948
 0.002076622550038815
 0
 0
 3.082821664798937e-05
 0
 0
 0.0005513013568183547
 0.0006397910033948037
 0.0006397910033948037
 0.003312515949447948
 0.002076622550038815
 0
 0
 0
 0
 0
 0.0005513013568183547
 0.0006397910033948037
 0.0006397910033948037
 0.003312515949447948
 0.002076622550038815
 0
 0
 0
 0
 0
 0.0005513013568183547
 0.0006397910033948037
 0
 0.003312515949447948
 0.002076622550038815
 0
 0
 0
 0
 0
 0.0005513013568183547
 0.0006397910033948037
 0
 0.003312515949447948
 0
 0
 0
 0
 0
 0
 0
 0.0006397910033948037
 0
 0.003312515949447948
 0
 0
 0
 0
 0
 0
 0
 0.0006397910033948037
 0
 0
 0
 0
 0
 0
 0
 0
 0
 0
 0
 0
 0
 0
 0
 0
 0
 0
 0
 0
 0
 0
 0
 0
 0
 0
 0
 0
 0
 0
 0
 0
 0
 0
 0
 0
 0
 0
 0
 0
 0
 0
 0
 0
 0
 0
 0
 0
 0
 0
 0
 0
 0
 0
 0
 0
 0
 0
 0
 0
 0
 0
 0
 0
 0
 0
 0
 0
 0
 0
 0
 0
 0
 0
 0
 0
 0
 0
 0
 0
 0
 0
 0
 0
 0
 0
 0
 0
 0
 0
 0
 0
 0
 0
 0
 0
 0
 0
 0
 0
 0
 0
