# Created by Octave 3.2.4, Mon Feb 04 01:44:52 2013 EST <rbom@zaphod>
# name: small_First_Fit
# type: matrix
# ndims: 3
 1 10 30
 7.95607871598098e-18
 2.987083741434798e-14
 8.553509328104042e-16
 6.610929085207271e-15
 1.669828757140116e-18
 1.645647953979119e-19
 2.956194379465729e-19
 2.089307904243184e-15
 1.416016518294616e-18
 6.104047496803522e-20
 5.827979583434461e-15
 2.987083741434798e-14
 1.735826595151522e-12
 1.391509338653934e-10
 3.061204016158812e-15
 2.406932162140116e-12
 1.049832267113862e-16
 1.528593605698899e-12
 2.875423372189656e-15
 3.220661306599945e-15
 1.041809671699915e-11
 1.893322284742354e-11
 1.735826595151522e-12
 1.391509338653934e-10
 2.256059649352149e-13
 1.736446348004815e-09
 3.878376962495438e-13
 1.528593605698899e-12
 5.633577157344764e-12
 1.262876123682835e-13
 2.366560711685621e-10
 5.064268186151482e-09
 5.147518948245293e-11
 2.420168892259453e-07
 2.471476527025465e-11
 3.220075468162949e-08
 2.669670124983e-09
 6.309779187602665e-11
 1.473635629522535e-09
 5.022435888245779e-12
 2.366560711685621e-10
 3.776441490785465e-07
 3.194428839488782e-09
 1.313680656012376e-05
 2.471476527025465e-11
 8.148384647875652e-08
 1.850875119545456e-06
 1.631044717858334e-10
 8.294716933331429e-08
 2.245699651691994e-10
 1.198386937823362e-07
 6.438416214558268e-06
 1.53893037541121e-07
 0.0009609210865753683
 6.730765723512983e-09
 6.087008830152629e-05
 3.459556970180924e-05
 4.197823500234899e-08
 7.84604403987812e-07
 3.387009800723811e-07
 1.198386937823362e-07
 6.438416214558268e-06
 2.616433431489037e-06
 0.01618744097446674
 2.561364879838263e-06
 6.087008830152629e-05
 0.0008844244529901312
 4.197823500234899e-08
 4.360858021339532e-05
 3.387009800723811e-07
 1.198386937823362e-07
 6.438416214558268e-06
 2.616433431489037e-06
 0.01618744097446674
 4.335802665677335e-05
 6.087008830152629e-05
 0.0008844244529901312
 4.090032016225031e-06
 0.0006849611387669307
 3.387009800723811e-07
 1.438619915182265e-06
 4.356229542676966e-05
 2.616433431489037e-06
 0.01618744097446674
 0.001523090558625426
 6.087008830152629e-05
 0.0008844244529901312
 7.115139606198834e-05
 0.0006849611387669307
 3.889949534172747e-06
 8.824808228921543e-06
 0.001156944135640465
 6.087008830152629e-05
 0.01618744097446674
 0.01871981307867573
 0.0005021486174937507
 0.0008844244529901312
 7.115139606198834e-05
 0.0006849611387669307
 3.889949534172747e-06
 8.88429034636918e-05
 0.004001731420330576
 6.087008830152629e-05
 0.01618744097446674
 0.01871981307867573
 0.0005935510455893002
 0.0008844244529901312
 7.115139606198834e-05
 0.0006849611387669307
 3.889949534172747e-06
 8.88429034636918e-05
 0.004001731420330576
 6.087008830152629e-05
 0.01618744097446674
 0.01871981307867573
 0.0005935510455893002
 0.0008844244529901312
 7.115139606198834e-05
 0.008903768045957921
 0.0002816829607750989
 8.88429034636918e-05
 0.004001731420330576
 0.0005021486174937507
 0.01618744097446674
 0.01871981307867573
 0.0005935510455893002
 0.0008844244529901312
 0.001847904899231594
 0.01871981307867573
 0.0002816829607750989
 8.88429034636918e-05
 0.004001731420330576
 0.0005021486174937507
 0.01618744097446674
 0.01871981307867573
 0.0005935510455893002
 0.0008844244529901312
 0.001847904899231594
 0.01871981307867573
 0.0005021486174937507
 0.008903768045957921
 0.004001731420330576
 0.0005021486174937507
 0.01618744097446674
 0.01871981307867573
 0.0005021486174937507
 0.008903768045957921
 0.001847904899231594
 0.01871981307867573
 0.0005021486174937507
 0.008903768045957921
 0.004001731420330576
 0.0005021486174937507
 0.01618744097446674
 0.01871981307867573
 0.0005021486174937507
 0.008903768045957921
 0.01618744097446674
 0.01871981307867573
 0.0005935510455893002
 0.008903768045957921
 0.004001731420330576
 0.0005021486174937507
 0.01618744097446674
 0.01871981307867573
 0.0005021486174937507
 0.008903768045957921
 0.01618744097446674
 0.01871981307867573
 0.0007052808425328347
 0.008903768045957921
 0.004001731420330576
 0.0005021486174937507
 0.01618744097446674
 0.01871981307867573
 0.0005021486174937507
 0.008903768045957921
 0.01618744097446674
 0.01871981307867573
 0.0005935510455893002
 0.008903768045957921
 0.004001731420330576
 0.0005021486174937507
 0.01618744097446674
 0.01871981307867573
 0.0005021486174937507
 0.008903768045957921
 0.01618744097446674
 0.01871981307867573
 0.0005935510455893002
 0.008903768045957921
 0.004001731420330576
 0.0005021486174937507
 0.01618744097446674
 0.01871981307867573
 0.0005021486174937507
 0.008903768045957921
 0.01618744097446674
 0.01871981307867573
 0.0005935510455893002
 0.008903768045957921
 0.004001731420330576
 0.0005021486174937507
 0.01618744097446674
 0.01871981307867573
 0.0005021486174937507
 0.008903768045957921
 0.01618744097446674
 0.01871981307867573
 0.0005935510455893002
 0.008903768045957921
 0.004001731420330576
 0.0005021486174937507
 0.01618744097446674
 0.01871981307867573
 0.0005021486174937507
 0.008903768045957921
 0.01618744097446674
 0.01871981307867573
 0.0005935510455893002
 0.008903768045957921
 0.004001731420330576
 0.0005021486174937507
 0.01618744097446674
 0.01871981307867573
 0.0005021486174937507
 0.008903768045957921
 0.01618744097446674
 0.01871981307867573
 0.0005935510455893002
 0.008903768045957921
 0.004001731420330576
 0.0005021486174937507
 0.01618744097446674
 0.01871981307867573
 0.0005021486174937507
 0.008903768045957921
 0.01618744097446674
 0.01871981307867573
 0.0007052808425328347
 0.008903768045957921
 0.004001731420330576
 0.0005021486174937507
 0.01618744097446674
 0.01871981307867573
 0.0005021486174937507
 0.008903768045957921
 0.01618744097446674
 0.01871981307867573
 0.0007052808425328347
 0.008903768045957921
 0.004001731420330576
 0.0005021486174937507
 0.01618744097446674
 0.01871981307867573
 0.0005021486174937507
 0.008903768045957921
 0.01618744097446674
 0.01871981307867573
 0.0005935510455893002
 0.008903768045957921
 0.004001731420330576
 0.0005021486174937507
 0.01618744097446674
 0.01871981307867573
 0.0005021486174937507
 0.008903768045957921
 0.01618744097446674
 0.01871981307867573
 0.0005935510455893002
 0.008903768045957921
 0.004001731420330576
 0.0005021486174937507
 0.01618744097446674
 0.01871981307867573
 0.0005021486174937507
 0.008903768045957921
 0.01618744097446674
 0.01871981307867573
 0.0005935510455893002
 0.008903768045957921
 0.004001731420330576
 0.0005021486174937507
 0.01618744097446674
 0.01871981307867573
 0.0005021486174937507
 0.008903768045957921
 0.01618744097446674
 0.01871981307867573
 0.0005935510455893002
 0.008903768045957921
 0.004001731420330576
 0.0005021486174937507
 0.01618744097446674
 0.01871981307867573
 0.0005021486174937507
 0.008903768045957921
 0.01618744097446674
 0.01871981307867573
 0.0005935510455893002
