# Created by Octave 3.2.4, Tue Feb 05 16:29:03 2013 EST <rbom@zaphod>
# name: small_First_Fit
# type: matrix
# ndims: 3
 1 10 30
 5.967624142063926e-16
 2.806394212536267e-15
 1.533668785622763e-13
 4.088597476036506e-15
 1.318793514322009e-07
 6.022817084999361e-14
 5.122585457034264e-12
 8.742232220528654e-14
 1.058819335399643e-15
 2.259241508829706e-11
 3.653465985565214e-11
 2.806394212536267e-15
 3.572257744940193e-10
 2.929903274033179e-13
 1.318793514322009e-07
 1.293073624685848e-12
 3.500773612219424e-10
 8.717528061291343e-11
 1.058819335399643e-15
 2.761786719451528e-10
 3.653465985565214e-11
 2.806394212536267e-15
 2.276528657191745e-05
 7.476528007657147e-12
 1.318793514322009e-07
 5.092804702097223e-10
 3.482378099523477e-08
 4.079950289790544e-08
 2.619489922782524e-12
 7.186662040370906e-09
 3.645452117673937e-08
 2.711564061328058e-14
 2.693025240487647e-05
 1.637339229336744e-08
 1.318793514322009e-07
 1.233763559580753e-08
 2.37719782911482e-06
 3.187894287536332e-07
 1.711405472425143e-09
 7.432704132875435e-08
 3.543865355005402e-07
 1.575933143948119e-12
 0.0001493866586005891
 1.637339229336744e-08
 8.932460174276811e-06
 1.233763559580753e-08
 0.0001276524179781675
 3.187894287536332e-07
 1.16895586050933e-07
 8.374070360344406e-05
 3.543865355005402e-07
 1.105081988061894e-11
 0.0001493866586005891
 2.100343803448685e-07
 8.932460174276811e-06
 1.233763559580753e-08
 0.001407405304838483
 2.786429362170028e-06
 3.167818363524917e-06
 0.003959718656794351
 1.775511045842419e-05
 8.59196855280518e-09
 0.0001493866586005891
 2.100343803448685e-07
 8.932460174276811e-06
 3.713175683382002e-06
 0.001407405304838483
 2.172743669236244e-05
 3.167818363524917e-06
 0.003959718656794351
 1.775511045842419e-05
 4.429541731819127e-06
 0.000194331380927718
 2.100343803448685e-07
 8.932460174276811e-06
 3.852450929276714e-05
 0.001407405304838483
 2.172743669236244e-05
 3.167818363524917e-06
 0.003959718656794351
 1.775511045842419e-05
 4.429541731819127e-06
 0.0001493866586005891
 1.431215053720717e-06
 8.932460174276811e-06
 3.852450929276714e-05
 0.001407405304838483
 2.172743669236244e-05
 0.001112460866780687
 0.003959718656794351
 1.775511045842419e-05
 4.429541731819127e-06
 0.008311530448433871
 1.749338519013534e-06
 8.932460174276811e-06
 3.852450929276714e-05
 0.001407405304838483
 2.466355126849035e-05
 0.01042832916536915
 0.003959718656794351
 1.775511045842419e-05
 1.689005583321443e-05
 0.01850031924486064
 1.05439642484442e-05
 8.932460174276811e-06
 3.852450929276714e-05
 0.001407405304838483
 2.466355126849035e-05
 0.01042832916536915
 0.003959718656794351
 1.775511045842419e-05
 4.110897798734913e-05
 0.01850031924486064
 0.0007273062056804382
 0
 3.852450929276714e-05
 0.001407405304838483
 2.466355126849035e-05
 0.01042832916536915
 0.003959718656794351
 0.003959718656794351
 4.110897798734913e-05
 0.06765227960130527
 0.002380696660836016
 0
 3.852450929276714e-05
 0
 2.466355126849035e-05
 0.06765227960130527
 0
 0.003959718656794351
 4.110897798734913e-05
 0.06765227960130527
 0.002380696660836016
 0
 3.852450929276714e-05
 0
 2.172743669236244e-05
 0.06765227960130527
 0
 0.003959718656794351
 0.002380696660836016
 0.06765227960130527
 0.002380696660836016
 0
 0
 0
 2.172743669236244e-05
 0.06765227960130527
 0
 0.003959718656794351
 0.01033025688367135
 0.06765227960130527
 0.01033025688367135
 0
 0
 0
 2.172743669236244e-05
 0.06765227960130527
 0
 0.003959718656794351
 0.06765227960130527
 0.06765227960130527
 0.01033025688367135
 0
 0
 0
 0
 0.06765227960130527
 0
 0.003959718656794351
 0.06765227960130527
 0.06765227960130527
 0.01033025688367135
 0
 0
 0
 0
 0.06765227960130527
 0
 0.003959718656794351
 0.06765227960130527
 0.06765227960130527
 0.01033025688367135
 0
 0
 0
 0
 0.06765227960130527
 0
 0
 0.06765227960130527
 0
 0.06765227960130527
 0
 0
 0
 0
 0
 0
 0
 0.06765227960130527
 0
 0.06765227960130527
 0
 0
 0
 0
 0
 0
 0
 0.06765227960130527
 0
 0.06765227960130527
 0
 0
 0
 0
 0
 0
 0
 0.06765227960130527
 0
 0.06765227960130527
 0
 0
 0
 0
 0
 0
 0
 0
 0
 0.06765227960130527
 0
 0
 0
 0
 0
 0
 0
 0
 0
 0.06765227960130527
 0
 0
 0
 0
 0
 0
 0
 0
 0
 0.06765227960130527
 0
 0
 0
 0
 0
 0
 0
 0
 0
 0
 0
 0
 0
 0
 0
 0
 0
 0
 0
 0
 0
 0
 0
 0
 0
 0
 0
 0
 0
 0
 0
 0
 0
 0
 0
 0
 0
 0
 0
 0
 0
 0
 0
 0
 0
 0
