# Created by Octave 3.2.4, Wed Feb 06 23:21:51 2013 EST <rbom@zaphod>
# name: small_First_Fit
# type: matrix
# ndims: 3
 1 10 30
 1.561230283451053e-13
 1.341373148841682e-13
 1.502126512603202e-17
 1.38698765247977e-12
 1.994322432668652e-11
 2.872855797531661e-17
 4.42367149459475e-14
 2.311873029340145e-14
 1.232656417661996e-16
 3.14033144200231e-15
 3.947228765256022e-09
 1.084652075110194e-11
 1.958796760602328e-10
 1.466975928457892e-11
 2.32318372229816e-09
 6.456146928496831e-14
 1.214229438690095e-11
 2.311873029340145e-14
 1.059143353874516e-12
 2.965171562273097e-13
 3.947228765256022e-09
 2.316898404840537e-08
 1.152420988577911e-07
 1.466975928457892e-11
 3.670090744145388e-09
 1.601827766817493e-11
 9.851736388627049e-10
 6.34347467059655e-12
 5.864476224772605e-10
 2.496471061784483e-11
 3.947228765256022e-09
 2.316898404840537e-08
 1.283147785122861e-06
 4.650172618218161e-11
 6.790530091059423e-06
 8.621883098737682e-10
 3.371658927576214e-07
 9.709325740815111e-10
 3.123836407291299e-08
 1.031841804402468e-07
 5.008969260146779e-08
 2.316898404840537e-08
 8.337525506567908e-05
 4.320491800855038e-10
 6.790530091059423e-06
 9.94646664059307e-09
 7.842200158905574e-05
 2.948939238914621e-07
 1.210961989229349e-06
 7.291849125944017e-06
 2.563499976015541e-06
 2.316898404840537e-08
 8.799528795180364e-05
 2.639037789225655e-07
 6.790530091059423e-06
 7.212478384986134e-07
 0.005227658371034999
 2.260696708071727e-05
 1.210961989229349e-06
 7.291849125944017e-06
 2.563499976015541e-06
 2.864641220887448e-07
 0.0003629305423680371
 5.372636463967688e-06
 3.101801163490976e-05
 3.597022771386854e-05
 0.03463380426258034
 2.937279028385769e-05
 2.554549865101385e-06
 0.0002006546958140812
 0.004868704575979684
 3.156736198642915e-07
 8.337525506567908e-05
 5.372636463967688e-06
 0.0005961462124373141
 0.0002941162579593889
 0.03463380426258034
 2.937279028385769e-05
 2.554549865101385e-06
 0.002723035365556127
 0.004868704575979684
 3.468445699411724e-06
 8.337525506567908e-05
 0.00864322429983555
 0.0005961462124373141
 0.0002941162579593889
 0.03463380426258034
 2.937279028385769e-05
 1.210961989229349e-06
 0.002723035365556127
 0.03463380426258034
 4.441091621631995e-05
 8.337525506567908e-05
 0.00864322429983555
 0.0005961462124373141
 0.0002941162579593889
 0.03463380426258034
 0.001387591032445986
 1.210961989229349e-06
 0.003450140095234139
 0.03463380426258034
 4.441091621631995e-05
 8.337525506567908e-05
 0.00864322429983555
 0.0005961462124373141
 0.0002941162579593889
 0.03463380426258034
 0.001387591032445986
 1.210961989229349e-06
 0.003450140095234139
 0.03463380426258034
 4.441091621631995e-05
 0.0003629305423680371
 0.00864322429983555
 0.0005961462124373141
 0.0002941162579593889
 0.03463380426258034
 0.001387591032445986
 3.62467784480446e-05
 0.003450140095234139
 0.03463380426258034
 4.441091621631995e-05
 0.0003629305423680371
 0.00864322429983555
 0.002723035365556127
 0.0002941162579593889
 0.03463380426258034
 0.001387591032445986
 3.62467784480446e-05
 0.002723035365556127
 0.03463380426258034
 4.441091621631995e-05
 0.0003629305423680371
 0.00864322429983555
 0.002723035365556127
 0.0002941162579593889
 0
 0.001387591032445986
 3.62467784480446e-05
 0.002723035365556127
 0.03463380426258034
 4.441091621631995e-05
 0.0003629305423680371
 0.00864322429983555
 0.002723035365556127
 0
 0
 0.00864322429983555
 3.62467784480446e-05
 0.002723035365556127
 0.03463380426258034
 4.441091621631995e-05
 0.0003629305423680371
 0
 0.002723035365556127
 0
 0
 0.00864322429983555
 3.62467784480446e-05
 0.003450140095234139
 0
 0
 0.0003629305423680371
 0
 0.002723035365556127
 0
 0
 0.00864322429983555
 3.62467784480446e-05
 0.003450140095234139
 0
 0
 0.001055987708066478
 0
 0.002723035365556127
 0
 0
 0.00864322429983555
 3.62467784480446e-05
 0.003450140095234139
 0
 0
 0.001055987708066478
 0
 0.002723035365556127
 0
 0
 0.00864322429983555
 0
 0.003450140095234139
 0
 0
 0.001055987708066478
 0
 0
 0
 0
 0.00864322429983555
 0
 0.003450140095234139
 0
 0
 0.001055987708066478
 0
 0
 0
 0
 0.00864322429983555
 0
 0.003450140095234139
 0
 0
 0.03463380426258034
 0
 0
 0
 0
 0
 0
 0.003450140095234139
 0
 0
 0.03463380426258034
 0
 0
 0
 0
 0
 0
 0
 0
 0
 0.03463380426258034
 0
 0
 0
 0
 0
 0
 0
 0
 0
 0.03463380426258034
 0
 0
 0
 0
 0
 0
 0
 0
 0
 0.03463380426258034
 0
 0
 0
 0
 0
 0
 0
 0
 0
 0.03463380426258034
 0
 0
 0
 0
 0
 0
 0
 0
 0
 0.03463380426258034
 0
 0
 0
 0
 0
 0
 0
 0
 0
 0
 0
 0
 0
 0
 0
 0
 0
 0
 0
 0
 0
 0
 0
 0
 0
 0
 0
