# Created by Octave 3.2.4, Tue Feb 05 17:00:25 2013 EST <rbom@zaphod>
# name: small_First_Fit
# type: matrix
# ndims: 3
 1 10 30
 1.484238623464466e-13
 1.153815695376458e-14
 1.233545761892592e-12
 4.545446425952447e-14
 7.816045668277665e-13
 9.255454461985661e-10
 5.490522861484085e-10
 3.017118221407444e-06
 2.201127477424168e-12
 2.440702602833463e-13
 2.280171207848976e-09
 8.229880988660303e-11
 3.307969471913838e-10
 4.851524922385459e-10
 4.274833153845706e-08
 1.800425834899269e-08
 4.756252243338266e-07
 0.000206178435231037
 6.733696110547797e-09
 5.16650984586436e-12
 5.930771481135696e-09
 2.028761366372884e-10
 8.754440645079323e-09
 1.196124336740652e-08
 5.2437764059492e-06
 1.800425834899269e-08
 4.756252243338266e-07
 0.004239850961504146
 6.733696110547797e-09
 1.602574804669027e-10
 6.162761613773109e-09
 4.927591028663413e-10
 5.930995775344342e-06
 2.917107334739282e-07
 0.0001423275719838994
 1.800425834899269e-08
 7.349659299585669e-05
 0.004239850961504146
 6.390161867301076e-08
 3.320919775516086e-09
 7.649909467956684e-08
 4.078801137698244e-09
 0.0001283877574823141
 6.716106276559427e-06
 0.005922342176324646
 1.352218641416828e-06
 7.349659299585669e-05
 0.004239850961504146
 3.32585161853068e-06
 8.01097586910379e-09
 1.021802967650395e-06
 1.615056905532099e-07
 0.001544310018774328
 0.0001488750429774617
 0.005922342176324646
 8.231556741910596e-05
 7.349659299585669e-05
 0.004298938231366366
 0.0004280791692764896
 1.213684947205753e-07
 1.171358651271844e-05
 1.615056905532099e-07
 0.001544310018774328
 0.004239850961504146
 0.09637388183885152
 0.0009590958786172732
 0.003356652573732695
 0.004239850961504146
 0.01088455022109644
 1.213684947205753e-07
 0.0003769336619763773
 0.0008814890889902716
 0.002474603337438772
 0.004239850961504146
 0.09637388183885152
 0.02941901282415414
 0.003356652573732695
 0.004239850961504146
 0.01088455022109644
 1.49513660423665e-06
 0.000665196789274745
 0.001840783621845685
 0.002474603337438772
 0.004239850961504146
 0.09637388183885152
 0.02941901282415414
 0.003356652573732695
 0.004298938231366366
 0.01472404474231384
 1.49513660423665e-06
 0.000665196789274745
 0.01180862207610446
 0.002474603337438772
 0.004239850961504146
 0.09637388183885152
 0.1109890722073903
 0.01088455022109644
 0.004298938231366366
 0.01088455022109644
 3.586159601400246e-06
 0.000665196789274745
 0.03464597217780058
 0.1109890722073903
 0.004239850961504146
 0.1109890722073903
 0.1109890722073903
 0.003356652573732695
 0.004298938231366366
 0.01088455022109644
 1.49513660423665e-06
 0.000665196789274745
 0.03464597217780058
 0.1109890722073903
 0.004239850961504146
 0.1109890722073903
 0.1109890722073903
 0.003356652573732695
 0.004298938231366366
 0.01088455022109644
 3.586159601400246e-06
 0.1109890722073903
 0.03464597217780058
 0.1109890722073903
 0.004298938231366366
 0.09637388183885152
 0.1109890722073903
 0.003356652573732695
 0.004298938231366366
 0.01088455022109644
 1.49513660423665e-06
 0.1109890722073903
 0.03464597217780058
 0.1109890722073903
 0.004239850961504146
 0.09637388183885152
 0.1109890722073903
 0.003356652573732695
 0.004298938231366366
 0.09637388183885152
 1.49513660423665e-06
 0.1109890722073903
 0.03464597217780058
 0.1109890722073903
 0.004239850961504146
 0.09637388183885152
 0.1109890722073903
 0.003356652573732695
 0.004298938231366366
 0.09637388183885152
 3.586159601400246e-06
 0.1109890722073903
 0.03464597217780058
 0.1109890722073903
 0.004298938231366366
 0.1109890722073903
 0.1109890722073903
 0.01088455022109644
 0
 0.09637388183885152
 1.49513660423665e-06
 0.1109890722073903
 0.03464597217780058
 0.1109890722073903
 0.004298938231366366
 0.09637388183885152
 0
 0.01088455022109644
 0
 0.09637388183885152
 1.49513660423665e-06
 0.1109890722073903
 0
 0
 0.004298938231366366
 0.09637388183885152
 0
 0.01088455022109644
 0
 0.09637388183885152
 1.49513660423665e-06
 0.1109890722073903
 0
 0
 0.004298938231366366
 0.09637388183885152
 0
 0.01088455022109644
 0
 0.09637388183885152
 1.49513660423665e-06
 0
 0
 0
 0.004298938231366366
 0.09637388183885152
 0
 0.03464597217780058
 0
 0.09637388183885152
 1.49513660423665e-06
 0
 0
 0
 0.004298938231366366
 0.1109890722073903
 0
 0.03464597217780058
 0
 0
 3.586159601400246e-06
 0
 0
 0
 0.004298938231366366
 0.1109890722073903
 0
 0.03464597217780058
 0
 0
 1.49513660423665e-06
 0
 0
 0
 0
 0.1109890722073903
 0
 0.03464597217780058
 0
 0
 3.586159601400246e-06
 0
 0
 0
 0
 0.1109890722073903
 0
 0.03464597217780058
 0
 0
 3.586159601400246e-06
 0
 0
 0
 0
 0.1109890722073903
 0
 0.03464597217780058
 0
 0
 0.05279837053112179
 0
 0
 0
 0
 0.1109890722073903
 0
 0.03500377234595654
 0
 0
 0.05279837053112179
 0
 0
 0
 0
 0.1109890722073903
 0
 0.03500377234595654
 0
 0
 0.05279837053112179
 0
 0
 0
 0
 0
 0
 0.03500377234595654
 0
 0
 0.05279837053112179
 0
 0
 0
 0
 0
 0
 0.03500377234595654
 0
 0
 0.05279837053112179
 0
 0
 0
 0
 0
 0
 0.03500377234595654
 0
 0
 0.05279837053112179
