# Created by Octave 3.2.4, Mon Feb 04 11:14:05 2013 EST <rbom@zaphod>
# name: small_First_Fit
# type: matrix
# ndims: 3
 1 10 30
 6.719880198415388e-21
 1.559075653467621e-19
 1.367409605273769e-22
 1.367013470199009e-24
 1.531846043871089e-18
 5.197660559190563e-23
 1.859790181411205e-11
 3.310149712208601e-20
 1.105004647455924e-21
 5.761388076384259e-16
 1.09344501105686e-17
 3.54935505772521e-16
 8.055315254041167e-15
 1.367013470199009e-24
 4.282458038500113e-14
 5.197660559190563e-23
 1.279568466182912e-08
 5.390098551599127e-17
 4.245381710015908e-18
 2.548879813569201e-12
 8.91905635343655e-15
 1.655014261091266e-12
 4.011028948429672e-10
 7.991636779718e-21
 1.581021204598529e-10
 5.634508189610711e-19
 1.279568466182912e-08
 1.648364325540052e-13
 4.001090346685042e-15
 3.389618148334396e-10
 4.241822431957577e-15
 5.432728759980674e-10
 4.011028948429672e-10
 1.321220044691586e-17
 1.581021204598529e-10
 8.54833377152666e-16
 1.279568466182912e-08
 3.40890199162742e-12
 2.731893140151243e-12
 2.327713244215348e-08
 2.913119770839424e-13
 1.827999850983685e-06
 1.390272335369937e-07
 1.380223322045634e-14
 1.581021204598529e-10
 8.54833377152666e-16
 1.279568466182912e-08
 1.664290076305308e-09
 3.736428195891431e-10
 2.327713244215348e-08
 7.050637242185581e-12
 7.488220238472613e-06
 1.390272335369937e-07
 8.494781856068656e-12
 8.151163359021137e-07
 7.578869576721787e-14
 1.279568466182912e-08
 1.664290076305308e-09
 3.736428195891431e-10
 2.327713244215348e-08
 1.404550288834814e-08
 1.827999850983685e-06
 1.390272335369937e-07
 2.433332341839524e-07
 8.151163359021137e-07
 7.578869576721787e-14
 7.261704923768333e-06
 1.664290076305308e-09
 3.736428195891431e-10
 2.944606716583026e-05
 9.645455148491444e-07
 1.827999850983685e-06
 1.390272335369937e-07
 2.433332341839524e-07
 8.151163359021137e-07
 7.854585804457196e-11
 7.261704923768333e-06
 1.664290076305308e-09
 3.736428195891431e-10
 2.944606716583026e-05
 9.645455148491444e-07
 1.827999850983685e-06
 1.390272335369937e-07
 2.433332341839524e-07
 8.151163359021137e-07
 1.173827358764844e-08
 0.0005953212465808656
 8.963020307113776e-08
 3.736428195891431e-10
 2.944606716583026e-05
 6.794909657957395e-05
 1.827999850983685e-06
 1.390272335369937e-07
 2.433332341839524e-07
 8.151163359021137e-07
 1.173827358764844e-08
 0.0005953212465808656
 1.131016818950962e-06
 3.736428195891431e-10
 2.944606716583026e-05
 6.794909657957395e-05
 2.342667846057165e-06
 1.390272335369937e-07
 2.433332341839524e-07
 8.151163359021137e-07
 1.697065330554426e-08
 0.0005953212465808656
 1.131016818950962e-06
 5.573999749286925e-07
 2.944606716583026e-05
 6.794909657957395e-05
 0.0008036843490869951
 0
 2.433332341839524e-07
 8.151163359021137e-07
 1.173827358764844e-08
 0.0005953212465808656
 1.131016818950962e-06
 0.0005953212465808656
 2.944606716583026e-05
 6.794909657957395e-05
 0.0008036843490869951
 0
 2.433332341839524e-07
 0
 1.173827358764844e-08
 0.0005953212465808656
 1.131016818950962e-06
 0.0005953212465808656
 2.944606716583026e-05
 6.794909657957395e-05
 0.0008036843490869951
 0
 0
 0
 1.173827358764844e-08
 0.0005953212465808656
 1.131016818950962e-06
 0.0005953212465808656
 0
 6.794909657957395e-05
 0.0008036843490869951
 0
 0
 0
 8.060441390809853e-07
 0.0005953212465808656
 1.131016818950962e-06
 0.0005953212465808656
 0
 6.794909657957395e-05
 0.0008036843490869951
 0
 0
 0
 8.060441390809853e-07
 0
 1.131016818950962e-06
 0.0005953212465808656
 0
 0
 0.0008036843490869951
 0
 0
 0
 8.060441390809853e-07
 0
 0
 0.0005953212465808656
 0
 0
 0.0008036843490869951
 0
 0
 0
 8.060441390809853e-07
 0
 0
 0.0005953212465808656
 0
 0
 0
 0
 0
 0
 8.060441390809853e-07
 0
 0
 0
 0
 0
 0
 0
 0
 0
 8.060441390809853e-07
 0
 0
 0
 0
 0
 0
 0
 0
 0
 8.060441390809853e-07
 0
 0
 0
 0
 0
 0
 0
 0
 0
 0
 0
 0
 0
 0
 0
 0
 0
 0
 0
 0
 0
 0
 0
 0
 0
 0
 0
 0
 0
 0
 0
 0
 0
 0
 0
 0
 0
 0
 0
 0
 0
 0
 0
 0
 0
 0
 0
 0
 0
 0
 0
 0
 0
 0
 0
 0
 0
 0
 0
 0
 0
 0
 0
 0
 0
 0
 0
 0
 0
 0
 0
 0
 0
 0
 0
 0
 0
 0
 0
 0
 0
 0
 0
 0
 0
 0
 0
 0
 0
 0
 0
 0
 0
 0
