# Created by Octave 3.2.4, Sun Feb 03 22:09:11 2013 EST <rbom@zaphod>
# name: small_First_Fit
# type: matrix
# ndims: 3
 1 10 30
 2.512618431102706e-22
 2.914836197658276e-23
 3.000346900630434e-14
 6.467849079895165e-24
 9.139644344287043e-19
 5.204561656765106e-23
 1.257037001909938e-16
 6.462571243513983e-10
 5.840985062846018e-22
 1.497965977963586e-16
 1.460532499031726e-18
 6.806109067405655e-20
 3.000346900630434e-14
 1.934202945695431e-20
 6.276843294798275e-17
 2.823779483469399e-19
 1.126056278015473e-12
 4.438302443205443e-08
 1.738900529724998e-18
 1.497965977963586e-16
 3.006087608967652e-15
 5.395733008843704e-17
 3.000346900630434e-14
 1.633920443783909e-17
 3.338363563067525e-16
 6.994145611929414e-15
 1.822506619345268e-09
 4.438302443205443e-08
 3.557703306883086e-15
 1.497965977963586e-16
 1.634081447319661e-11
 2.675025065483975e-14
 9.05068901959499e-09
 1.633920443783909e-17
 5.644520819108883e-13
 8.856033550651426e-13
 3.784600912356992e-05
 0.007213283427920648
 3.557703306883086e-15
 5.47149484039164e-14
 2.429287080675076e-09
 1.185314148400184e-11
 9.05068901959499e-09
 2.785531137602228e-14
 3.876493000529208e-11
 1.119341692757377e-09
 3.784600912356992e-05
 0.007213283427920648
 1.879566844203539e-11
 2.26554099290578e-13
 2.5694097914134e-07
 1.065883475779222e-07
 9.05068901959499e-09
 1.489553961102731e-10
 3.876493000529208e-11
 1.119341692757377e-09
 3.784600912356992e-05
 0.007213283427920648
 2.980992045412261e-08
 8.275139805204343e-11
 3.562421149262318e-05
 1.065883475779222e-07
 9.05068901959499e-09
 1.489553961102731e-10
 3.876493000529208e-11
 2.016722066571967e-06
 3.784600912356992e-05
 0.007213283427920648
 2.04725652036071e-06
 8.275139805204343e-11
 3.562421149262318e-05
 1.065883475779222e-07
 9.05068901959499e-09
 1.339476519000871e-06
 2.479499138172594e-08
 2.016722066571967e-06
 0.01876275098153895
 0.007213283427920648
 2.04725652036071e-06
 5.683114545408563e-09
 3.562421149262318e-05
 1.065883475779222e-07
 9.05068901959499e-09
 1.339476519000871e-06
 2.479499138172594e-08
 2.016722066571967e-06
 0.01876275098153895
 0.007213283427920648
 0.0007366238270744554
 5.668942796398868e-07
 3.562421149262318e-05
 1.065883475779222e-07
 7.146487644249716e-07
 0.0001237370184915836
 0.0007366238270744554
 2.016722066571967e-06
 0.01876275098153895
 0.007213283427920648
 0.0007366238270744554
 6.010906955332134e-07
 0.001171835229504382
 1.065883475779222e-07
 7.146487644249716e-07
 0.0001237370184915836
 0.0007366238270744554
 2.016722066571967e-06
 0.01876275098153895
 0.007213283427920648
 0.0007366238270744554
 5.805502576142589e-05
 0.001171835229504382
 3.893241802681183e-05
 0.0003542971611429111
 0.0001237370184915836
 0.0007366238270744554
 2.016722066571967e-06
 0.01876275098153895
 0.007213283427920648
 0.0007366238270744554
 5.805502576142589e-05
 0.001171835229504382
 3.893241802681183e-05
 0.0003542971611429111
 0.0001237370184915836
 0.0007366238270744554
 0.0007366238270744554
 0.01876275098153895
 0.007213283427920648
 0.0007366238270744554
 5.805502576142589e-05
 0.001171835229504382
 3.893241802681183e-05
 0.0003542971611429111
 0.0001237370184915836
 0.0007366238270744554
 0.0007366238270744554
 0.01876275098153895
 0.007213283427920648
 0.0007366238270744554
 5.805502576142589e-05
 0.001171835229504382
 3.893241802681183e-05
 0.0003542971611429111
 0.0001237370184915836
 0.0007366238270744554
 0.0007366238270744554
 0.01876275098153895
 0.007213283427920648
 0.0007366238270744554
 5.805502576142589e-05
 0.001171835229504382
 0.004117780637610887
 0.0003542971611429111
 0.0001237370184915836
 0.0007366238270744554
 0.0007366238270744554
 0.01876275098153895
 0.007213283427920648
 0.0007366238270744554
 5.805502576142589e-05
 0.001171835229504382
 0.004117780637610887
 0.0003542971611429111
 0.0001237370184915836
 0.0007366238270744554
 0.0007366238270744554
 0.01876275098153895
 0.007213283427920648
 0.0007366238270744554
 5.805502576142589e-05
 0.001171835229504382
 0.004117780637610887
 0.0003542971611429111
 0.0001237370184915836
 0.0007366238270744554
 0.0007366238270744554
 0.01876275098153895
 0.007213283427920648
 0.0007366238270744554
 5.805502576142589e-05
 0.001171835229504382
 0.004117780637610887
 0.0003542971611429111
 0.0001237370184915836
 0.0007366238270744554
 0.004117780637610887
 0.01876275098153895
 0.007213283427920648
 0.0007366238270744554
 5.805502576142589e-05
 0.001171835229504382
 0.004117780637610887
 0.0003542971611429111
 0.0001237370184915836
 0.0007366238270744554
 0.004117780637610887
 0.01876275098153895
 0.007213283427920648
 0.0007366238270744554
 5.805502576142589e-05
 0.001171835229504382
 0.004117780637610887
 0.0003542971611429111
 0.0001237370184915836
 0.0007366238270744554
 0.004117780637610887
 0.01876275098153895
 0.007213283427920648
 0.0007366238270744554
 5.805502576142589e-05
 0.001171835229504382
 0.004117780637610887
 0.0003542971611429111
 0.0001237370184915836
 0.0007366238270744554
 0.004117780637610887
 0.01876275098153895
 0.007213283427920648
 0.0007366238270744554
 5.805502576142589e-05
 0.001171835229504382
 0.004117780637610887
 0.0003542971611429111
 0.0001237370184915836
 0.0007366238270744554
 0.004117780637610887
 0.01876275098153895
 0.007213283427920648
 0.0007366238270744554
 5.805502576142589e-05
 0.001171835229504382
 0.004117780637610887
 0.0003542971611429111
 0.0001237370184915836
 0.0007366238270744554
 0.004117780637610887
 0.01876275098153895
 0.007213283427920648
 0.0007366238270744554
 5.805502576142589e-05
 0.001171835229504382
 0.004117780637610887
 0.0003542971611429111
 0.0001237370184915836
 0.0007366238270744554
 0.004117780637610887
 0.01876275098153895
 0.007213283427920648
 0.0007366238270744554
 5.805502576142589e-05
 0.001171835229504382
 0.004117780637610887
 0.0003542971611429111
 0.0001237370184915836
 0.0007366238270744554
 0.004117780637610887
 0.01876275098153895
 0.007213283427920648
 0.0007366238270744554
 5.805502576142589e-05
 0.001171835229504382
 0.004117780637610887
 0.0003542971611429111
 0.0001237370184915836
 0.0007366238270744554
 0.004117780637610887
 0.01876275098153895
 0.007213283427920648
 0.0007366238270744554
 5.805502576142589e-05
 0.001171835229504382
 0.004117780637610887
 0.0003542971611429111
 0.0001237370184915836
 0.0007366238270744554
 0.004117780637610887
 0.01876275098153895
 0.007213283427920648
 0.0007366238270744554
 5.805502576142589e-05
 0.001171835229504382
 0.004117780637610887
 0.0003542971611429111
 0.0001237370184915836
 0.0007366238270744554
 0.004117780637610887
 0.01876275098153895
 0.007213283427920648
 0.0007366238270744554
 5.805502576142589e-05
 0.001171835229504382
 0.004117780637610887
 0.0003542971611429111
 0.0001237370184915836
 0.0007366238270744554
 0.004117780637610887
 0.01876275098153895
 0.007213283427920648
 0.0007366238270744554
 5.805502576142589e-05
