# Created by Octave 3.2.4, Wed Feb 06 20:28:44 2013 EST <rbom@zaphod>
# name: small_First_Fit
# type: matrix
# ndims: 3
 1 10 30
 3.693992502816831e-09
 3.04730171874766e-07
 1.689334236184784e-05
 3.051062357845302e-07
 3.139360566437545e-08
 3.604114133364726e-10
 2.380013159094216e-09
 5.539824571975549e-07
 1.180878634364615e-09
 5.132829725029335e-09
 1.332050637735148e-05
 3.04730171874766e-07
 0.000301857458380585
 1.064953902452079e-05
 8.510864238835495e-07
 8.968016186653794e-07
 2.380013159094216e-09
 1.668483214404851e-05
 4.096830985117823e-08
 4.114383750890661e-06
 0.000301858514814587
 3.361324277228627e-06
 0.000301857458380585
 0.0002055667826138219
 1.175614804063879e-05
 8.968016186653794e-07
 2.234572978378369e-08
 1.668483214404851e-05
 1.060087921635245e-06
 1.118011075938789e-05
 0.000301858514814587
 3.361324277228627e-06
 0.000301857458380585
 0.0002055667826138219
 0.0002388218356166279
 8.968016186653794e-07
 6.784103796405559e-08
 0.000148032554441859
 0.0005404017155077693
 0.000880675318644409
 0.0006594952605577737
 3.361324277228627e-06
 0.000301857458380585
 0.0007081315515243388
 0.003401968362692064
 2.09535714845663e-05
 7.027566303123809e-05
 0.000148032554441859
 0.0006455109795501851
 0.001744261567766108
 0.00216239369555535
 0.0001133809693574744
 0.000857738029186384
 0.0007081315515243388
 0.003401968362692064
 4.104125275956243e-05
 7.027566303123809e-05
 0.000148032554441859
 0.0005404017155077693
 0.002311278357322067
 0.00216239369555535
 0.0001133809693574744
 0.000301857458380585
 0.001357360044545227
 0.003401968362692064
 2.09535714845663e-05
 0.0004463794639803771
 0.0001560676825438708
 0.0008676241535325607
 0.002311278357322067
 0.00216239369555535
 0.0001133809693574744
 0.000301857458380585
 0.001357360044545227
 0.02824599724067288
 9.190437012057164e-05
 0.0004463794639803771
 0.0001849354202949101
 0.0008676241535325607
 0.000880675318644409
 0.00216239369555535
 0.0001133809693574744
 0.000852819672455584
 0.008081769726827098
 0.02824599724067288
 9.778429085402976e-05
 0.0004463794639803771
 0.0001560676825438708
 0.0005404017155077693
 0.000880675318644409
 0.003325867236358502
 0.002943955792697639
 0.00452762416911939
 0.008081769726827098
 0.02824599724067288
 0.0001741971910035661
 0.005802168719202001
 0.0001560676825438708
 0.0008676241535325607
 0.002311278357322067
 0.003325867236358502
 0.002943955792697639
 0.00452762416911939
 0.008081769726827098
 0.02824599724067288
 0.0001744861447998378
 0.005802168719202001
 0.0003401707160635442
 0.005584140086514868
 0.01400336714912425
 0.003325867236358502
 0.002943955792697639
 0.00452762416911939
 0.008081769726827098
 0.02824599724067288
 0.0001744861447998378
 0.005802168719202001
 0.0003401707160635442
 0.0008676241535325607
 0.01400336714912425
 0.003325867236358502
 0.002943955792697639
 0.00452762416911939
 0.008081769726827098
 0.02824599724067288
 0.0001741971910035661
 0.01082834773865924
 0.0003401707160635442
 0.005584140086514868
 0.03485849013845729
 0.003559937017418591
 0.002943955792697639
 0.00452762416911939
 0.008081769726827098
 0.02824599724067288
 0.000438093111145339
 0.01082834773865924
 0.000148032554441859
 0.005584140086514868
 0.03485849013845729
 0.01823831337548707
 0.002943955792697639
 0.00452762416911939
 0.008081769726827098
 0
 0.000438093111145339
 0.01082834773865924
 0.000148032554441859
 0.007036929696873417
 0.03485849013845729
 0.003559937017418591
 0.002943955792697639
 0.00452762416911939
 0
 0
 0.0007080248397750471
 0.009757656055886547
 0.0003401707160635442
 0.007036929696873417
 0.03485849013845729
 0.003325867236358502
 0
 0
 0
 0
 0.006383522901197169
 0.009757656055886547
 0.002700572424560723
 0.005584140086514868
 0.03485849013845729
 0.003325867236358502
 0
 0
 0
 0
 0.01086729301363983
 0.01082834773865924
 0.006041390565341316
 0.005584140086514868
 0.03485849013845729
 0.003559937017418591
 0
 0
 0
 0
 0.01086729301363983
 0.01082834773865924
 0.006041390565341316
 0.005584140086514868
 0.03485849013845729
 0.003993631971553127
 0
 0
 0
 0
 0.01314658183958899
 0.01082834773865924
 0.01197763822235695
 0.005584140086514868
 0
 0.003993631971553127
 0
 0
 0
 0
 0.01367638936363188
 0.01082834773865924
 0.01197763822235695
 0.005584140086514868
 0
 0.003325867236358502
 0
 0
 0
 0
 0.01367638936363188
 0.01082834773865924
 0.01197763822235695
 0
 0
 0.003325867236358502
 0
 0
 0
 0
 0.02611073679420059
 0.01197763822235695
 0.01197763822235695
 0
 0
 0.003325867236358502
 0
 0
 0
 0
 0.02611073679420059
 0.01502606410066106
 0.01197763822235695
 0
 0
 0.003325867236358502
 0
 0
 0
 0
 0.02611073679420059
 0.03485849013845729
 0.01197763822235695
 0
 0
 0.003325867236358502
 0
 0
 0
 0
 0.02611073679420059
 0.03485849013845729
 0.01197763822235695
 0
 0
 0
 0
 0
 0
 0
 0.02611073679420059
 0.03485849013845729
 0
 0
 0
 0
 0
 0
 0
 0
 0.02611073679420059
 0.03485849013845729
 0
 0
 0
 0
 0
 0
 0
 0
 0.02611073679420059
 0.03485849013845729
 0
 0
 0
 0
 0
 0
 0
 0
 0
 0.03485849013845729
 0
 0
 0
