# Created by Octave 3.2.4, Thu Feb 07 09:00:35 2013 EST <rbom@zaphod>
# name: small_First_Fit
# type: matrix
# ndims: 3
 1 10 30
 7.003440894958219e-12
 2.464203971225497e-14
 6.079279812517931e-09
 8.370992644414297e-18
 1.210559598273073e-14
 5.174664176245287e-09
 2.158542539601906e-16
 4.945985934364383e-13
 3.488588194250484e-13
 8.409601292188879e-14
 4.245985265809034e-09
 1.854627773115676e-11
 2.635763544832006e-07
 3.301241525535117e-14
 1.844116535122979e-12
 6.917693086147397e-08
 3.58513381895249e-12
 4.945985934364383e-13
 1.297079986385346e-08
 3.454607836992106e-12
 4.624469562757768e-07
 1.854627773115676e-11
 2.635763544832006e-07
 4.272541464478814e-08
 1.439400506995707e-11
 1.483846848617869e-07
 8.557654199382304e-11
 1.6433452998741e-11
 3.799410667124737e-07
 3.454607836992106e-12
 2.133280722464477e-05
 8.561468488733867e-10
 1.106195090695244e-05
 5.398107810384381e-08
 2.076316047036876e-09
 6.917693086147397e-08
 8.557654199382304e-11
 1.040962866645838e-10
 3.546044961190756e-06
 3.454607836992106e-12
 2.133280722464477e-05
 7.232006925318204e-08
 1.379898264255382e-05
 3.219011591947451e-07
 2.076316047036876e-09
 3.08726629344017e-06
 6.275341409494735e-09
 1.858361512739549e-08
 0.0005667845644556874
 3.454607836992106e-12
 2.945529979328352e-05
 3.499973515485509e-07
 5.559099558116464e-05
 5.030459953415883e-06
 7.24115813600998e-09
 4.124116131289511e-05
 1.675423079954614e-07
 7.328479344794352e-06
 0.003451094346889073
 1.15536075193786e-10
 2.721645386986052e-05
 1.540023280137822e-06
 0.0005667845644556874
 5.509802091822798e-06
 1.707253826969205e-07
 4.124116131289511e-05
 1.675423079954614e-07
 7.328479344794352e-06
 0.003451094346889073
 2.229522038406787e-09
 2.945529979328352e-05
 1.078262070637619e-06
 0.0024071848260514
 2.720324857903073e-05
 1.707253826969205e-07
 4.124116131289511e-05
 1.675423079954614e-07
 9.381379872630002e-05
 0.003451094346889073
 1.711734763720443e-06
 2.945529979328352e-05
 1.078262070637619e-06
 0.0005667845644556874
 2.720324857903073e-05
 1.218292641791818e-05
 4.124116131289511e-05
 1.823374024166338e-07
 9.381379872630002e-05
 0.003451094346889073
 4.581461856024123e-05
 2.721645386986052e-05
 1.078262070637619e-06
 0.001483156616108132
 2.720324857903073e-05
 0.0001416210080352821
 0.0003142942303353359
 1.823374024166338e-07
 9.381379872630002e-05
 0.003451094346889073
 0.0003142942303353359
 2.721645386986052e-05
 1.078262070637619e-06
 0.003451094346889073
 2.720324857903073e-05
 0.0001416210080352821
 0.0003142942303353359
 1.823374024166338e-07
 9.381379872630002e-05
 0.003451094346889073
 0.0003142942303353359
 2.721645386986052e-05
 0.0002515687185311895
 0.003451094346889073
 4.907616021600102e-05
 0.0001416210080352821
 0.0003142942303353359
 1.823374024166338e-07
 9.381379872630002e-05
 0.003451094346889073
 0.0003142942303353359
 2.721645386986052e-05
 0.0002515687185311895
 0.003451094346889073
 2.720324857903073e-05
 0.0001416210080352821
 0.0003142942303353359
 1.399469633467076e-07
 9.381379872630002e-05
 0
 0.0003142942303353359
 2.133280722464477e-05
 0.0002515687185311895
 0.003451094346889073
 7.954313515313077e-05
 0.0001416210080352821
 0.0003142942303353359
 1.823374024166338e-07
 9.381379872630002e-05
 0
 0.0003142942303353359
 0
 0.0002515687185311895
 0.003451094346889073
 7.954313515313077e-05
 0.0001416210080352821
 0.0003142942303353359
 1.823374024166338e-07
 0
 0
 0.0003142942303353359
 0
 0.0002515687185311895
 0.003451094346889073
 7.954313515313077e-05
 0.0001416210080352821
 0.0003142942303353359
 1.823374024166338e-07
 0
 0
 0.0003142942303353359
 0
 0.0002515687185311895
 0.003451094346889073
 7.954313515313077e-05
 0
 0
 1.823374024166338e-07
 0
 0
 0
 0
 0.0002515687185311895
 0
 7.954313515313077e-05
 0
 0
 1.823374024166338e-07
 0
 0
 0
 0
 0
 0
 7.954313515313077e-05
 0
 0
 1.823374024166338e-07
 0
 0
 0
 0
 0
 0
 0.003451094346889073
 0
 0
 1.823374024166338e-07
 0
 0
 0
 0
 0
 0
 0.003451094346889073
 0
 0
 0
 0
 0
 0
 0
 0
 0
 0.003451094346889073
 0
 0
 0
 0
 0
 0
 0
 0
 0
 0.003451094346889073
 0
 0
 0
 0
 0
 0
 0
 0
 0
 0.003451094346889073
 0
 0
 0
 0
 0
 0
 0
 0
 0
 0.003451094346889073
 0
 0
 0
 0
 0
 0
 0
 0
 0
 0.003451094346889073
 0
 0
 0
 0
 0
 0
 0
 0
 0
 0
 0
 0
 0
 0
 0
 0
 0
 0
 0
 0
 0
 0
 0
 0
 0
 0
 0
 0
 0
 0
 0
 0
 0
 0
 0
 0
 0
 0
 0
 0
 0
 0
 0
 0
 0
 0
