# Created by Octave 3.2.4, Tue Feb 05 14:02:13 2013 EST <rbom@zaphod>
# name: small_First_Fit
# type: matrix
# ndims: 3
 1 10 30
 1.972130818501614e-10
 1.184014841630852e-10
 2.901064142512964e-13
 3.808392337379459e-13
 8.136006529531856e-14
 5.555475383511871e-15
 2.993077736598894e-16
 1.391775760229177e-14
 1.024154065271952e-13
 3.064460995783502e-14
 3.604300554556591e-09
 2.33490578359626e-06
 6.312487877730331e-11
 1.289032460615133e-10
 4.355172167249751e-09
 2.548339510387123e-11
 8.906336673653403e-11
 1.360425051364741e-11
 1.056633466328138e-10
 2.735913831735624e-09
 1.634170226730518e-07
 0.000167600046395133
 8.703898089412135e-07
 1.853994337256192e-08
 4.355172167249751e-09
 1.400609800680157e-10
 2.978460373640241e-08
 1.002175866043782e-09
 3.382374678653516e-08
 2.094048304534152e-06
 1.634170226730518e-07
 0.000167600046395133
 1.365843524838873e-06
 1.853994337256192e-08
 1.518115473497734e-08
 1.400609800680157e-10
 5.368530894150945e-07
 1.002175866043782e-09
 7.076450011017014e-06
 0.0001458572691171727
 4.538616463490861e-05
 0.000167600046395133
 1.365843524838873e-06
 6.259349351925722e-07
 1.518115473497734e-08
 1.455419535080823e-09
 8.528041561259656e-07
 8.95234379797742e-07
 7.076450011017014e-06
 0.02319400286139487
 0.001274720270572645
 0.01179663706879631
 8.703898089412135e-07
 9.66571074378121e-05
 8.100492372579477e-08
 5.07719842160123e-09
 1.513967416198478e-05
 1.610839867460347e-05
 4.05394431462348e-05
 0.02319400286139487
 0.1592255080691096
 0.01179663706879631
 8.703898089412135e-07
 9.66571074378121e-05
 1.087177783036438e-06
 5.07719842160123e-09
 0.01179663706879631
 1.610839867460347e-05
 0.0001463998463551725
 0.1592255080691096
 0.1592255080691096
 0.01179663706879631
 3.127883269707232e-06
 0.0008235835685999368
 3.843832018100093e-05
 5.07719842160123e-09
 0.01179663706879631
 1.610839867460347e-05
 0.0001463998463551725
 0.1592255080691096
 0.1592255080691096
 0.1592255080691096
 3.127883269707232e-06
 0.0008934527256061629
 0.002592048835744334
 1.18418481360708e-06
 0.01179663706879631
 1.610839867460347e-05
 0.0006656285904874837
 0.1592255080691096
 0.1592255080691096
 0.1592255080691096
 7.710507204348502e-05
 0.0008934527256061629
 0.002592048835744334
 5.609348581848464e-05
 0.01179663706879631
 0.0001153309718537608
 0.005584768041503046
 0.1592255080691096
 0.1592255080691096
 0.1592255080691096
 0.005584768041503046
 0.001734474915952177
 0.1592255080691096
 0.003223001340428637
 0.1592255080691096
 0.0001153309718537608
 0.005584768041503046
 0.1592255080691096
 0.1592255080691096
 0.1592255080691096
 0.005584768041503046
 0.007214266255897026
 0.1592255080691096
 0.02995765004865517
 0.1592255080691096
 0.001171255821131742
 0.005584768041503046
 0.1592255080691096
 0.1592255080691096
 0.1592255080691096
 0.005584768041503046
 0.007214266255897026
 0.1592255080691096
 0.1592255080691096
 0.1592255080691096
 0.007214266255897026
 0.005584768041503046
 0.1592255080691096
 0
 0.1592255080691096
 0.005584768041503046
 0.007214266255897026
 0.1592255080691096
 0.1592255080691096
 0.1592255080691096
 0.007214266255897026
 0.005584768041503046
 0
 0
 0.1592255080691096
 0.005584768041503046
 0.04628256317939582
 0.1592255080691096
 0.1592255080691096
 0.1592255080691096
 0.007214266255897026
 0.005584768041503046
 0
 0
 0
 0.02319400286139487
 0.04628256317939582
 0.1592255080691096
 0.1592255080691096
 0.1592255080691096
 0.007214266255897026
 0.02319400286139487
 0
 0
 0
 0.02319400286139487
 0.04628256317939582
 0.1592255080691096
 0.1592255080691096
 0.1592255080691096
 0.007214266255897026
 0.005584768041503046
 0
 0
 0
 0.02319400286139487
 0.04628256317939582
 0
 0.1592255080691096
 0
 0.007214266255897026
 0.02319400286139487
 0
 0
 0
 0.02319400286139487
 0.1592255080691096
 0
 0.1592255080691096
 0
 0.04628256317939582
 0.02319400286139487
 0
 0
 0
 0.02319400286139487
 0.1592255080691096
 0
 0
 0
 0.04628256317939582
 0.02319400286139487
 0
 0
 0
 0.02319400286139487
 0.1592255080691096
 0
 0
 0
 0.04628256317939582
 0.02319400286139487
 0
 0
 0
 0.02319400286139487
 0.1592255080691096
 0
 0
 0
 0.04628256317939582
 0.02319400286139487
 0
 0
 0
 0
 0.1592255080691096
 0
 0
 0
 0.04628256317939582
 0.02319400286139487
 0
 0
 0
 0
 0.1592255080691096
 0
 0
 0
 0.1592255080691096
 0.1592255080691096
 0
 0
 0
 0
 0.1592255080691096
 0
 0
 0
 0.1592255080691096
 0.1592255080691096
 0
 0
 0
 0
 0
 0
 0
 0
 0.1592255080691096
 0.1592255080691096
 0
 0
 0
 0
 0
 0
 0
 0
 0.1592255080691096
 0.1592255080691096
 0
 0
 0
 0
 0
 0
 0
 0
 0.1592255080691096
 0.1592255080691096
 0
 0
 0
 0
 0
 0
 0
 0
 0.1592255080691096
 0.1592255080691096
 0
 0
 0
 0
 0
 0
 0
 0
 0.1592255080691096
 0.1592255080691096
 0
