# Created by Octave 3.2.4, Mon Feb 04 10:02:23 2013 EST <rbom@zaphod>
# name: small_First_Fit
# type: matrix
# ndims: 3
 1 10 30
 2.955204586665166e-16
 6.368259578081038e-15
 5.937566475980981e-12
 1.608942184855971e-10
 2.94859102895518e-13
 2.292033455309181e-08
 7.530280036145807e-08
 2.107865045777678e-11
 6.286970447908459e-13
 5.423577548059672e-13
 5.060647795206496e-11
 2.805181782850444e-12
 5.937566475980981e-12
 7.881040871184289e-08
 6.238791708062166e-11
 8.515017044459874e-08
 3.66636849154585e-05
 6.174517235685445e-10
 1.973174423391177e-11
 2.256622062853693e-11
 2.000646794012184e-07
 4.696889910039567e-09
 1.64155774955148e-11
 4.553341107176781e-07
 3.09449035185744e-08
 3.647957288056542e-05
 3.66636849154585e-05
 6.741512909128309e-08
 1.973174423391177e-11
 8.350840515914034e-10
 2.000646794012184e-07
 3.698321837254801e-07
 6.80893735415474e-09
 5.865360253615384e-06
 5.291921760539926e-05
 3.647957288056542e-05
 0.003017535594101482
 1.123327585767849e-06
 1.296660287159494e-10
 8.350840515914034e-10
 8.359809922670713e-06
 1.069827806759441e-05
 5.598715800466616e-07
 6.616998151135746e-07
 0.002249016826295987
 0.0005987123274636577
 0.01382238541774344
 1.123327585767849e-06
 3.648337647566658e-10
 3.471545718901134e-08
 8.359809922670713e-06
 4.430958973194472e-05
 2.496259676155266e-05
 9.333261144313682e-07
 0.002249016826295987
 0.0005987123274636577
 0.003017535594101482
 9.7343548022023e-05
 9.619554846119389e-10
 3.896815030043645e-07
 0.0003466598328745654
 0.001122176704375328
 0.001122176704375328
 9.333261144313682e-07
 0.002249016826295987
 0.0005987123274636577
 0.006086908286019613
 9.7343548022023e-05
 6.782684235359614e-09
 1.619407327747345e-05
 0.000488800250509955
 0.001122176704375328
 0.001122176704375328
 5.074138886243389e-05
 0.002249016826295987
 0.0005987123274636577
 0.006086908286019613
 0.0001918488082324046
 1.190538969202845e-06
 1.619407327747345e-05
 0.000488800250509955
 0.001176566743611983
 0.005846779394697293
 0.002249016826295987
 0.01134110498043283
 0.0005987123274636577
 0.003017535594101482
 0.0001918488082324046
 0.0003542905790208721
 0.001017615095409355
 0.0009290483372430384
 0.001176566743611983
 0.005846779394697293
 0.002249016826295987
 0.01134110498043283
 0.0005987123274636577
 0.006086908286019613
 0.0001918488082324046
 0.01134110498043283
 0.001017615095409355
 0.000488800250509955
 0.001176566743611983
 0.005846779394697293
 0.01134110498043283
 0.01134110498043283
 0.0005987123274636577
 0.01382238541774344
 0.0004760932502648415
 0.01134110498043283
 0.001017615095409355
 0.002314501232907108
 0.001176566743611983
 0.01134110498043283
 0.01134110498043283
 0.01283322743459658
 0.0006448668588815806
 0.01382238541774344
 0.0004760932502648415
 0.0152415573631075
 0.01134110498043283
 0.002314501232907108
 0.001176566743611983
 0.01134110498043283
 0.01134110498043283
 0.01283322743459658
 0.0005987123274636577
 0.01382238541774344
 0.0004760932502648415
 0.0152415573631075
 0.01134110498043283
 0.01283322743459658
 0.001122176704375328
 0.005846779394697293
 0.01406231337327711
 0.01283322743459658
 0.0006448668588815806
 0.01382238541774344
 0.0004760932502648415
 0.0152415573631075
 0.01134110498043283
 0.01283322743459658
 0.001122176704375328
 0.005846779394697293
 0.01134110498043283
 0.01134110498043283
 0.0005987123274636577
 0.01382238541774344
 0.0004760932502648415
 0.0152415573631075
 0.0152415573631075
 0.01283322743459658
 0.001122176704375328
 0.005846779394697293
 0.01406231337327711
 0.0152415573631075
 0.0006448668588815806
 0.01382238541774344
 0.0004760932502648415
 0.0152415573631075
 0.01134110498043283
 0.01283322743459658
 0.001122176704375328
 0.005846779394697293
 0.01406231337327711
 0.0152415573631075
 0.0005987123274636577
 0.01382238541774344
 0.0152415573631075
 0.0152415573631075
 0.01134110498043283
 0.01283322743459658
 0.001122176704375328
 0.01134110498043283
 0.0152415573631075
 0.01134110498043283
 0.0005987123274636577
 0.01382238541774344
 0.0152415573631075
 0.0152415573631075
 0.01134110498043283
 0.01283322743459658
 0.001122176704375328
 0.01134110498043283
 0.01283322743459658
 0.01134110498043283
 0.0006448668588815806
 0.01382238541774344
 0.0152415573631075
 0.0152415573631075
 0.01134110498043283
 0.01283322743459658
 0.001176566743611983
 0.01134110498043283
 0.01283322743459658
 0.01134110498043283
 0.01382238541774344
 0.01382238541774344
 0.0152415573631075
 0.0152415573631075
 0.01406231337327711
 0.01283322743459658
 0.001176566743611983
 0.01134110498043283
 0.01283322743459658
 0.0152415573631075
 0.01382238541774344
 0.01382238541774344
 0.0152415573631075
 0.0152415573631075
 0.01406231337327711
 0.01283322743459658
 0.001122176704375328
 0.01134110498043283
 0.01283322743459658
 0.0152415573631075
 0.01382238541774344
 0.01382238541774344
 0.0152415573631075
 0.0152415573631075
 0.01406231337327711
 0.01283322743459658
 0.001122176704375328
 0.01134110498043283
 0.01283322743459658
 0.0152415573631075
 0.01382238541774344
 0.01382238541774344
 0.0152415573631075
 0.0152415573631075
 0.0152415573631075
 0.01283322743459658
 0.001122176704375328
 0.01283322743459658
 0.01283322743459658
 0.0152415573631075
 0.01382238541774344
 0.01382238541774344
 0.0152415573631075
 0.0152415573631075
 0.0152415573631075
 0.01283322743459658
 0.001176566743611983
 0.01283322743459658
 0.0152415573631075
 0.0152415573631075
 0.01382238541774344
 0.01382238541774344
 0.0152415573631075
 0.0152415573631075
 0.0152415573631075
 0.01283322743459658
 0.001122176704375328
 0.01283322743459658
 0.0152415573631075
 0.0152415573631075
 0.01382238541774344
 0.01382238541774344
 0.0152415573631075
 0.0152415573631075
 0.0152415573631075
 0.01283322743459658
 0.001122176704375328
 0.01406231337327711
 0.0152415573631075
 0.0152415573631075
 0.01382238541774344
 0.01382238541774344
 0.0152415573631075
 0.0152415573631075
 0.0152415573631075
 0.01283322743459658
 0.001122176704375328
 0.01283322743459658
 0.0152415573631075
 0.0152415573631075
 0.01382238541774344
 0.01382238541774344
 0.0152415573631075
 0.0152415573631075
 0.0152415573631075
 0.01283322743459658
 0.001122176704375328
 0.01283322743459658
 0.0152415573631075
 0.0152415573631075
 0.01382238541774344
 0.01382238541774344
 0.0152415573631075
 0.0152415573631075
 0.0152415573631075
 0.01283322743459658
 0.001122176704375328
 0.01283322743459658
 0.01406231337327711
 0.0152415573631075
 0.01382238541774344
 0.01382238541774344
 0.0152415573631075
 0.0152415573631075
 0.0152415573631075
