# Created by Octave 3.2.4, Wed Feb 06 09:48:32 2013 EST <rbom@zaphod>
# name: small_First_Fit
# type: matrix
# ndims: 3
 1 10 30
 6.510253993235418e-10
 2.071688364656608e-17
 4.438297803233263e-13
 3.046448614106889e-13
 1.134007708984548e-15
 2.72510595775466e-16
 2.529001636266574e-12
 2.126691512380317e-16
 3.365869361262323e-20
 6.822601700774558e-19
 1.924966539321156e-09
 5.762600970484754e-11
 4.438297803233263e-13
 6.967909368808063e-11
 1.160165949790387e-12
 8.439659683489938e-11
 7.54215261945217e-08
 4.170196201315589e-14
 2.777706365362447e-12
 7.408144216096315e-16
 7.407038362600783e-08
 6.548962279435527e-10
 8.664362842274018e-10
 1.088355238669846e-08
 5.236083326853106e-09
 9.384316148859055e-08
 7.54215261945217e-08
 4.809951662929366e-12
 1.396135233730155e-09
 1.464745318200903e-13
 2.460712077075067e-06
 4.21361857276204e-08
 1.610856437013174e-07
 4.83061429178641e-07
 5.236083326853106e-09
 9.384316148859055e-08
 1.956334482250691e-07
 1.822555445477029e-09
 8.085935154259724e-07
 1.152183674646219e-10
 2.460712077075067e-06
 6.220598239248914e-08
 1.610856437013174e-07
 4.83061429178641e-07
 1.704660612532808e-07
 9.86563832242686e-07
 3.793057099312768e-05
 3.872489326766371e-08
 0.0001529470672066319
 6.204200551532373e-09
 2.460712077075067e-06
 0.0003757084963546247
 1.610856437013174e-07
 4.83061429178641e-07
 1.704660612532808e-07
 9.86563832242686e-07
 0.001758826257766631
 2.274053678661899e-05
 0.0001529470672066319
 7.177492752390156e-08
 0.001001921653658518
 0.0003757084963546247
 1.610856437013174e-07
 1.953116365250221e-05
 1.704660612532808e-07
 9.86563832242686e-07
 0.001758826257766631
 0.000481076297276807
 0.0001529470672066319
 7.177492752390156e-08
 0.01822458224178175
 0.01684421974620442
 1.610856437013174e-07
 1.953116365250221e-05
 6.858752890619083e-06
 9.86563832242686e-07
 0.003054496638708271
 0.001758826257766631
 0.0001529470672066319
 7.177492752390156e-08
 0.01822458224178175
 0.01684421974620442
 1.494209662238481e-05
 0.001879536616006043
 6.858752890619083e-06
 9.86563832242686e-07
 0.003054496638708271
 0.001758826257766631
 0.0001529470672066319
 7.177492752390156e-08
 0.01822458224178175
 0.03488209976870384
 1.494209662238481e-05
 0.001879536616006043
 6.858752890619083e-06
 9.589277565508112e-06
 0.03488209976870384
 0.00272836378133541
 0.0002977150130673022
 2.358750122603025e-06
 0.01822458224178175
 0.03488209976870384
 0.0006762062631613827
 0.001879536616006043
 6.858752890619083e-06
 9.589277565508112e-06
 0.03488209976870384
 0.03488209976870384
 0.0001529470672066319
 2.358750122603025e-06
 0.01822458224178175
 0.03488209976870384
 0.0006762062631613827
 0.001879536616006043
 6.858752890619083e-06
 9.589277565508112e-06
 0.03488209976870384
 0.03488209976870384
 0.002809347834796144
 0.0002977150130673022
 0.01822458224178175
 0.03488209976870384
 0.01822458224178175
 0.001879536616006043
 6.858752890619083e-06
 9.589277565508112e-06
 0.03488209976870384
 0.03488209976870384
 0.002809347834796144
 0.0002977150130673022
 0.01822458224178175
 0.03488209976870384
 0.01822458224178175
 0.001879536616006043
 6.858752890619083e-06
 9.589277565508112e-06
 0.03488209976870384
 0.03488209976870384
 0.002809347834796144
 0.0002977150130673022
 0
 0.03488209976870384
 0.01822458224178175
 0.01822458224178175
 0
 4.403517996111188e-05
 0.03488209976870384
 0.03488209976870384
 0.01822458224178175
 0.0002977150130673022
 0
 0.03488209976870384
 0.01822458224178175
 0.01822458224178175
 0
 0.004235012790505624
 0.03488209976870384
 0.03488209976870384
 0.003422606258865843
 0.0002977150130673022
 0
 0
 0.01822458224178175
 0.01822458224178175
 0
 0.004235012790505624
 0
 0.03488209976870384
 0.002809347834796144
 0.0002977150130673022
 0
 0
 0.01822458224178175
 0.03488209976870384
 0
 0.004235012790505624
 0
 0
 0.003422606258865843
 0.0002977150130673022
 0
 0
 0.01822458224178175
 0.03488209976870384
 0
 0.004235012790505624
 0
 0
 0.003422606258865843
 0
 0
 0
 0
 0.03488209976870384
 0
 0.004235012790505624
 0
 0
 0.003422606258865843
 0
 0
 0
 0
 0.03488209976870384
 0
 0.01684421974620442
 0
 0
 0.002809347834796144
 0
 0
 0
 0
 0.03488209976870384
 0
 0.01684421974620442
 0
 0
 0.01822458224178175
 0
 0
 0
 0
 0.03488209976870384
 0
 0.01684421974620442
 0
 0
 0.002809347834796144
 0
 0
 0
 0
 0.03488209976870384
 0
 0.01684421974620442
 0
 0
 0.002809347834796144
 0
 0
 0
 0
 0
 0
 0.03488209976870384
 0
 0
 0.01822458224178175
 0
 0
 0
 0
 0
 0
 0.03488209976870384
 0
 0
 0.01822458224178175
 0
 0
 0
 0
 0
 0
 0.03488209976870384
 0
 0
 0.01822458224178175
 0
 0
 0
 0
 0
 0
 0.03488209976870384
 0
 0
 0.01822458224178175
 0
 0
 0
 0
 0
 0
 0.03488209976870384
 0
 0
 0.01822458224178175
 0
 0
 0
 0
 0
 0
 0.03488209976870384
 0
 0
 0.03488209976870384
 0
