# Created by Octave 3.2.4, Wed Feb 06 14:39:00 2013 EST <rbom@zaphod>
# name: small_First_Fit
# type: matrix
# ndims: 3
 1 10 30
 9.952497947922655e-17
 1.576810650013984e-12
 1.521275751609243e-11
 8.9738487056251e-13
 1.031853961277724e-14
 5.640522206735464e-10
 3.178470186705452e-14
 1.863337231973496e-09
 6.832811782439235e-11
 1.11831045440237e-16
 5.284011746592022e-13
 1.756133257911872e-10
 1.070187501326757e-09
 3.278754595937767e-10
 6.469790839688875e-14
 3.852782974981314e-08
 1.790496364811028e-10
 2.055107914148924e-05
 3.730138400779765e-10
 1.641176187460017e-11
 1.069256365837142e-09
 2.139455642731937e-10
 1.59974167740417e-09
 1.25679919842266e-07
 1.824540929922765e-13
 2.496982364992316e-06
 1.046039527229554e-08
 2.055107914148924e-05
 3.345440886843706e-07
 5.259721596969947e-08
 3.892475117860775e-08
 2.362056485053585e-08
 1.119756354657666e-07
 3.271669811431725e-05
 1.912632528057125e-12
 2.496982364992316e-06
 4.134332196793211e-07
 2.055107914148924e-05
 2.206103626273848e-05
 5.259721596969947e-08
 1.066453210688397e-07
 8.446986515297147e-07
 5.107830505151507e-06
 0.0004379001767461289
 2.721608399684456e-11
 2.496982364992316e-06
 7.051440386763219e-05
 2.055107914148924e-05
 8.011745269192978e-05
 1.123192068916585e-05
 1.066453210688397e-07
 8.446986515297147e-07
 5.107830505151507e-06
 0.0004379001767461289
 2.351005379632661e-10
 2.496982364992316e-06
 7.051440386763219e-05
 2.055107914148924e-05
 8.011745269192978e-05
 1.123192068916585e-05
 1.066453210688397e-07
 1.027017389792741e-05
 0.0004379001767461289
 0.0004379001767461289
 2.351005379632661e-10
 2.496982364992316e-06
 7.051440386763219e-05
 2.055107914148924e-05
 0.0001044573121681369
 1.123192068916585e-05
 1.066453210688397e-07
 1.027017389792741e-05
 0.0004379001767461289
 0.0004379001767461289
 1.147793501045522e-08
 2.496982364992316e-06
 7.051440386763219e-05
 4.452310570362173e-05
 0.005239662104417822
 0.0001042749410676782
 1.500750382394527e-05
 1.027017389792741e-05
 0.0004379001767461289
 0.0004379001767461289
 5.212943013162121e-08
 2.496982364992316e-06
 7.051440386763219e-05
 4.452310570362173e-05
 0.01107795211403209
 0.0006130993216637841
 4.617733541300399e-05
 1.027017389792741e-05
 0.000917489430134294
 0.0004429544613326048
 4.561854563513484e-07
 0.0001414305577567191
 0.004358692307907693
 0.00570979987347855
 0.01107795211403209
 0.0006130993216637841
 4.617733541300399e-05
 1.027017389792741e-05
 0.000917489430134294
 0.0004379001767461289
 4.795245485424021e-06
 0.0002566588561068512
 0.004358692307907693
 0.01107795211403209
 0.01107795211403209
 0.0006130993216637841
 4.617733541300399e-05
 1.027017389792741e-05
 0.000917489430134294
 0.000917489430134294
 0.0001634417791357295
 0.0002566588561068512
 0.004358692307907693
 0.01107795211403209
 0.01107795211403209
 0.0006130993216637841
 4.617733541300399e-05
 1.027017389792741e-05
 0.000917489430134294
 0.000917489430134294
 0.0007321835672859749
 0.0002566588561068512
 0.004358692307907693
 0.01107795211403209
 0.01107795211403209
 0.0006130993216637841
 4.617733541300399e-05
 0
 0.004358692307907693
 0.000917489430134294
 0.0007321835672859749
 0.01107795211403209
 0.004358692307907693
 0.01107795211403209
 0.01107795211403209
 0.0006130993216637841
 4.617733541300399e-05
 0
 0.004358692307907693
 0.000917489430134294
 0.01107795211403209
 0.01107795211403209
 0.004358692307907693
 0.01107795211403209
 0.01107795211403209
 0.0006130993216637841
 4.617733541300399e-05
 0
 0.004358692307907693
 0.000917489430134294
 0.01107795211403209
 0.01107795211403209
 0.004358692307907693
 0.01107795211403209
 0
 0
 0
 0
 0.00570979987347855
 0.000917489430134294
 0.01107795211403209
 0.01107795211403209
 0
 0.01107795211403209
 0
 0
 0
 0
 0.00570979987347855
 0.004358692307907693
 0.01107795211403209
 0.01107795211403209
 0
 0
 0
 0
 0
 0
 0.004358692307907693
 0.004358692307907693
 0.01107795211403209
 0.01107795211403209
 0
 0
 0
 0
 0
 0
 0.005239662104417822
 0.004358692307907693
 0.01107795211403209
 0.01107795211403209
 0
 0
 0
 0
 0
 0
 0.004358692307907693
 0.004358692307907693
 0.01107795211403209
 0
 0
 0
 0
 0
 0
 0
 0.004358692307907693
 0.004358692307907693
 0
 0
 0
 0
 0
 0
 0
 0
 0.004358692307907693
 0.004358692307907693
 0
 0
 0
 0
 0
 0
 0
 0
 0.004358692307907693
 0.004358692307907693
 0
 0
 0
 0
 0
 0
 0
 0
 0.004358692307907693
 0
 0
 0
 0
 0
 0
 0
 0
 0
 0.004358692307907693
 0
 0
 0
 0
 0
 0
 0
 0
 0
 0
 0
 0
 0
 0
 0
 0
 0
 0
 0
 0
 0
 0
 0
 0
 0
 0
 0
 0
 0
 0
 0
 0
 0
 0
 0
 0
 0
 0
 0
 0
 0
 0
 0
 0
 0
 0
 0
