# Created by Octave 3.2.4, Thu Feb 07 03:10:41 2013 EST <rbom@zaphod>
# name: small_First_Fit
# type: matrix
# ndims: 3
 1 10 30
 1.051605943995223e-15
 4.288203454795703e-16
 2.598955044182014e-16
 3.974715506406255e-16
 1.661935522309198e-15
 2.686944928339826e-16
 1.155954727842572e-18
 6.530231243858627e-12
 1.667750770729825e-15
 4.330769402801607e-20
 1.603041281019569e-13
 8.823262661625877e-15
 3.177795643272049e-12
 1.081617622348695e-13
 4.820654509804745e-12
 2.772587265803495e-14
 4.814247077630547e-14
 4.801638677269447e-09
 1.653219359499466e-07
 8.996784824722135e-17
 5.343770996222905e-12
 8.823262661625877e-15
 2.316914203889671e-09
 3.204394359638928e-10
 3.118639368904034e-10
 7.880512192287002e-14
 1.136840731166585e-11
 4.801638677269447e-09
 3.28962568853442e-05
 3.543440407793173e-14
 5.617922794594791e-10
 1.28217188246818e-11
 2.327521398030786e-07
 3.221910891870704e-08
 3.538973101479991e-07
 1.111719831750627e-10
 6.098585761282097e-10
 3.568366548731911e-07
 3.28962568853442e-05
 4.252165109182038e-13
 3.63696469548637e-07
 1.255108673198982e-09
 1.290946184048381e-05
 3.221910891870704e-08
 7.591371499331881e-05
 1.111719831750627e-10
 1.300826264656413e-07
 4.184046728545096e-07
 3.28962568853442e-05
 4.496477211986445e-11
 1.43660927066776e-05
 3.619797368193189e-06
 0.001933554350836954
 2.904310046580137e-06
 7.591371499331881e-05
 7.204523172155536e-08
 4.088530593876637e-06
 3.502973760419472e-05
 0.005450935176965871
 9.440778087103161e-09
 0.0002010729040770331
 3.619797368193189e-06
 0.001933554350836954
 2.904310046580137e-06
 7.591371499331881e-05
 1.464960603535899e-05
 8.0371564104854e-06
 3.502973760419472e-05
 0.005450935176965871
 9.440778087103161e-09
 1.43660927066776e-05
 3.619797368193189e-06
 0.02186489835031636
 0.001855928660306064
 7.591371499331881e-05
 1.464960603535899e-05
 6.591289834959445e-05
 3.502973760419472e-05
 0.005450935176965871
 9.440778087103161e-09
 0.0001448952175638426
 4.854533645815636e-05
 0.02186489835031636
 0.02186489835031636
 7.591371499331881e-05
 1.464960603535899e-05
 6.591289834959445e-05
 0.001855928660306064
 0.005450935176965871
 9.440778087103161e-09
 0.0007592981026648779
 4.854533645815636e-05
 0.02186489835031636
 0.02186489835031636
 7.591371499331881e-05
 1.464960603535899e-05
 0.007529769968225341
 0.001855928660306064
 0.005450935176965871
 1.43660927066776e-05
 0.0007592981026648779
 4.854533645815636e-05
 0.02186489835031636
 0.02186489835031636
 7.591371499331881e-05
 1.464960603535899e-05
 0.007529769968225341
 0.001855928660306064
 0.005450935176965871
 1.43660927066776e-05
 0.007529769968225341
 4.854533645815636e-05
 0.02186489835031636
 0.02186489835031636
 0
 1.464960603535899e-05
 0.007529769968225341
 0.001855928660306064
 0.005450935176965871
 1.43660927066776e-05
 0.007529769968225341
 0.02186489835031636
 0.02186489835031636
 0.02186489835031636
 0
 1.464960603535899e-05
 0.007529769968225341
 0.001855928660306064
 0
 1.43660927066776e-05
 0.007529769968225341
 0.02186489835031636
 0.02186489835031636
 0.02186489835031636
 0
 0
 0.007529769968225341
 0.001855928660306064
 0
 0.0007592981026648779
 0.007529769968225341
 0.02186489835031636
 0
 0.02186489835031636
 0
 0
 0.007529769968225341
 0.02186489835031636
 0
 0.0007592981026648779
 0.007529769968225341
 0.02186489835031636
 0
 0
 0
 0
 0.007529769968225341
 0.02186489835031636
 0
 0.007529769968225341
 0.007529769968225341
 0.02186489835031636
 0
 0
 0
 0
 0
 0.02186489835031636
 0
 0.007529769968225341
 0.007529769968225341
 0.02186489835031636
 0
 0
 0
 0
 0
 0.02186489835031636
 0
 0.007529769968225341
 0
 0.02186489835031636
 0
 0
 0
 0
 0
 0.02186489835031636
 0
 0.007529769968225341
 0
 0
 0
 0
 0
 0
 0
 0.02186489835031636
 0
 0.007529769968225341
 0
 0
 0
 0
 0
 0
 0
 0.02186489835031636
 0
 0.007529769968225341
 0
 0
 0
 0
 0
 0
 0
 0
 0
 0.007529769968225341
 0
 0
 0
 0
 0
 0
 0
 0
 0
 0
 0
 0
 0
 0
 0
 0
 0
 0
 0
 0
 0
 0
 0
 0
 0
 0
 0
 0
 0
 0
 0
 0
 0
 0
 0
 0
 0
 0
 0
 0
 0
 0
 0
 0
 0
 0
 0
 0
 0
 0
 0
 0
 0
 0
 0
 0
 0
 0
 0
 0
 0
 0
 0
 0
 0
 0
 0
 0
 0
 0
 0
 0
 0
 0
 0
 0
 0
 0
 0
 0
