# Created by Octave 3.2.4, Wed Feb 06 02:26:42 2013 EST <rbom@zaphod>
# name: small_First_Fit
# type: matrix
# ndims: 3
 1 10 30
 9.244334627691569e-10
 2.916281174629448e-11
 4.125805751014794e-11
 4.419250960854028e-08
 5.06125212674818e-08
 1.868614490363553e-07
 5.770127503656919e-10
 1.700930515909543e-11
 1.348138858914887e-13
 3.279413805649666e-12
 1.100590628446357e-06
 6.026233698916948e-11
 3.817443207843304e-10
 4.419250960854028e-08
 5.06125212674818e-08
 4.191972179810397e-07
 2.406749723411084e-06
 4.317135800633727e-07
 2.951500096103489e-09
 7.835664414076618e-07
 5.051430880702282e-06
 6.782368457262706e-10
 1.005940489457287e-08
 4.419250960854028e-08
 1.064861533743806e-06
 3.135833144600426e-06
 0.0002474655870795767
 1.610725415840533e-05
 1.448026310280514e-07
 5.956279574191235e-05
 5.051430880702282e-06
 8.34034422311028e-10
 1.345336649490893e-06
 9.985611072981117e-07
 1.064861533743806e-06
 3.549179268650767e-06
 0.0002474655870795767
 2.045374404214683e-05
 2.833512816644031e-06
 0.0006739224827730189
 5.668036991040559e-05
 1.12591203778885e-08
 2.763148162503375e-05
 4.707551047703424e-06
 1.064861533743806e-06
 9.487223074907115e-05
 0.003598403900848645
 0.0007630997466880286
 1.117322693377566e-05
 0.0006739224827730189
 5.668036991040559e-05
 5.669902656923891e-08
 2.763148162503375e-05
 0.0001042529511282963
 1.103661623701771e-05
 9.487223074907115e-05
 0.003598403900848645
 0.0007630997466880286
 0.0001434015904805214
 0.0007358701071284509
 0.0008753730300971754
 6.233998830262999e-07
 2.763148162503375e-05
 0.002904100118487082
 1.103661623701771e-05
 9.487223074907115e-05
 0.003598403900848645
 0.0007630997466880286
 0.0001434015904805214
 0.002687755304690952
 0.001262149754078675
 0.0002874588786470188
 0.0001385130726138638
 0.002904100118487082
 1.103661623701771e-05
 9.487223074907115e-05
 0.05129713789463167
 0.0007630997466880286
 0.0001434015904805214
 0.002687755304690952
 0.01510518871297044
 0.0002874588786470188
 0.0001385130726138638
 0.002904100118487082
 0.0003311115102465768
 9.487223074907115e-05
 0.05129713789463167
 0.000928735732010078
 0.0001570037514078703
 0.01350693868787564
 0.01510518871297044
 0.0002874588786470188
 0.0004804872103996975
 0.006437595833861772
 0.0003311115102465768
 0.0001109937217442083
 0.05129713789463167
 0.000928735732010078
 0.0024008018383446
 0.01350693868787564
 0.01510518871297044
 0.0005845854193126108
 0.002056988386899429
 0.002904100118487082
 0.0003311115102465768
 0.0001109937217442083
 0.05129713789463167
 0.000928735732010078
 0.0024008018383446
 0.01350693868787564
 0.01510518871297044
 0.0005845854193126108
 0.002056988386899429
 0.006437595833861772
 0.0003311115102465768
 0.0001109937217442083
 0.05129713789463167
 0.000928735732010078
 0.0024008018383446
 0.01350693868787564
 0.01510518871297044
 0.0005845854193126108
 0.002056988386899429
 0.006437595833861772
 0.0003311115102465768
 0.0001109937217442083
 0.05129713789463167
 0.000928735732010078
 0.002687755304690952
 0.01510518871297044
 0.01510518871297044
 0.0002874588786470188
 0.00751058073545352
 0.006437595833861772
 0.003376330752778071
 0.0001109937217442083
 0.05129713789463167
 0.000928735732010078
 0.002687755304690952
 0.01350693868787564
 0.05129713789463167
 0.0002874588786470188
 0.00751058073545352
 0.006437595833861772
 0.005930572675685163
 0.0001109937217442083
 0
 0.000928735732010078
 0.002904100118487082
 0.01350693868787564
 0.01510518871297044
 0.0002874588786470188
 0.00751058073545352
 0.006437595833861772
 0.005930572675685163
 0.0001109937217442083
 0
 0
 0.002904100118487082
 0.01350693868787564
 0.05129713789463167
 0.002056988386899429
 0.00751058073545352
 0.006437595833861772
 0.005930572675685163
 0
 0
 0
 0.002904100118487082
 0.01350693868787564
 0.05129713789463167
 0.002056988386899429
 0.00751058073545352
 0.006437595833861772
 0.05129713789463167
 0
 0
 0
 0.002904100118487082
 0.01350693868787564
 0.05129713789463167
 0.002056988386899429
 0.00751058073545352
 0
 0.05129713789463167
 0
 0
 0
 0.002904100118487082
 0.01510518871297044
 0.05129713789463167
 0.002056988386899429
 0.05129713789463167
 0
 0.05129713789463167
 0
 0
 0
 0.002904100118487082
 0.01350693868787564
 0.05129713789463167
 0.002056988386899429
 0.05129713789463167
 0
 0.05129713789463167
 0
 0
 0
 0.002904100118487082
 0.01510518871297044
 0.05129713789463167
 0.002056988386899429
 0.05129713789463167
 0
 0.05129713789463167
 0
 0
 0
 0
 0.01510518871297044
 0.05129713789463167
 0.002056988386899429
 0.05129713789463167
 0
 0.05129713789463167
 0
 0
 0
 0
 0.01510518871297044
 0
 0
 0.05129713789463167
 0
 0.05129713789463167
 0
 0
 0
 0
 0.01510518871297044
 0
 0
 0.05129713789463167
 0
 0
 0
 0
 0
 0
 0.01510518871297044
 0
 0
 0.05129713789463167
 0
 0
 0
 0
 0
 0
 0.01510518871297044
 0
 0
 0
 0
 0
 0
 0
 0
 0
 0.01510518871297044
 0
 0
 0
 0
 0
 0
 0
 0
 0
 0
 0
 0
 0
 0
 0
 0
 0
 0
 0
 0
 0
 0
 0
 0
 0
 0
 0
 0
 0
 0
