# Created by Octave 3.2.4, Thu Feb 07 01:17:49 2013 EST <rbom@zaphod>
# name: small_First_Fit
# type: matrix
# ndims: 3
 1 10 30
 4.168082166816642e-16
 5.750696898687185e-18
 1.037744445956993e-19
 7.451990271943337e-12
 4.749825697730345e-15
 5.108638307378744e-12
 2.416438310336245e-13
 1.03788419488945e-18
 1.149626905047241e-16
 2.11752585381724e-12
 3.474672496180317e-14
 1.746308586192061e-09
 2.732703797539474e-15
 5.626540313332314e-10
 1.535972880402602e-12
 5.108638307378744e-12
 3.472914566027895e-12
 1.544266482561599e-15
 3.084681886710489e-13
 3.694893261950073e-10
 7.90137515418999e-12
 6.179469296485448e-07
 5.790088480876469e-12
 5.440683350020818e-09
 3.36215288556584e-08
 1.834076545408184e-09
 1.771087444447244e-11
 1.215887252221483e-12
 6.091012545200607e-11
 2.085823875249622e-08
 4.36492640755972e-10
 9.142149570880968e-06
 5.790088480876469e-12
 3.381861336068543e-08
 3.36215288556584e-08
 1.143344376373323e-07
 1.771087444447244e-11
 9.909430005578771e-11
 7.915606579039331e-08
 6.831868625950908e-07
 4.36492640755972e-10
 9.142149570880968e-06
 9.065746772214423e-10
 1.073108468009701e-06
 3.36215288556584e-08
 1.143344376373323e-07
 9.44616612085419e-09
 1.727602442518334e-08
 3.044137158497293e-07
 6.831868625950908e-07
 1.12265207990836e-08
 9.142149570880968e-06
 5.394748354992594e-07
 1.073108468009701e-06
 3.36215288556584e-08
 1.143344376373323e-07
 7.17964864100664e-07
 2.977241513206826e-07
 3.044137158497293e-07
 6.831868625950908e-07
 3.194466311185321e-05
 9.142149570880968e-06
 5.394748354992594e-07
 1.073108468009701e-06
 1.228019627515333e-05
 0.000197038453702763
 7.17964864100664e-07
 5.038481762695261e-06
 2.891194760723841e-05
 1.164669673778211e-05
 0.001762752388292743
 9.142149570880968e-06
 5.394748354992594e-07
 1.073108468009701e-06
 1.228019627515333e-05
 0.000197038453702763
 7.17964864100664e-07
 5.038481762695261e-06
 2.891194760723841e-05
 1.164669673778211e-05
 0.001762752388292743
 9.142149570880968e-06
 5.394748354992594e-07
 1.073108468009701e-06
 1.228019627515333e-05
 0.000197038453702763
 0.0001764211156931883
 5.038481762695261e-06
 0.0001111709642760177
 0.0006518399967680149
 0.001762752388292743
 0.02542438637318471
 5.394748354992594e-07
 1.073108468009701e-06
 1.228019627515333e-05
 0.000197038453702763
 0.0001764211156931883
 0.0001163611476560181
 0.0001111709642760177
 0.0006518399967680149
 0.001762752388292743
 0.02542438637318471
 5.394748354992594e-07
 1.433305589425567e-05
 1.228019627515333e-05
 0.000197038453702763
 0.0001764211156931883
 0.0001163611476560181
 0.0001111709642760177
 0.001762752388292743
 0.001762752388292743
 0.02542438637318471
 5.394748354992594e-07
 1.433305589425567e-05
 1.228019627515333e-05
 0.000197038453702763
 0.0001764211156931883
 0.0001163611476560181
 0.0001111709642760177
 0.002221460672101194
 0.001762752388292743
 0.02542438637318471
 0
 1.433305589425567e-05
 1.228019627515333e-05
 0.000197038453702763
 0.0001764211156931883
 0.0001163611476560181
 0.0001111709642760177
 0.002221460672101194
 0.001762752388292743
 0.02542438637318471
 0
 1.433305589425567e-05
 0
 0
 0.0001764211156931883
 0.0001163611476560181
 0.0001111709642760177
 0.002221460672101194
 0
 0.02542438637318471
 0
 0.009231550317616537
 0
 0
 0.0001764211156931883
 0.0001163611476560181
 0.0001111709642760177
 0.002221460672101194
 0
 0.02542438637318471
 0
 0.009231550317616537
 0
 0
 0
 0.0001163611476560181
 0
 0.002221460672101194
 0
 0
 0
 0.009231550317616537
 0
 0
 0
 0
 0
 0.02542438637318471
 0
 0
 0
 0.009231550317616537
 0
 0
 0
 0
 0
 0.02542438637318471
 0
 0
 0
 0.009231550317616537
 0
 0
 0
 0
 0
 0.02542438637318471
 0
 0
 0
 0.009231550317616537
 0
 0
 0
 0
 0
 0.02542438637318471
 0
 0
 0
 0.009231550317616537
 0
 0
 0
 0
 0
 0.02542438637318471
 0
 0
 0
 0
 0
 0
 0
 0
 0
 0.02542438637318471
 0
 0
 0
 0
 0
 0
 0
 0
 0
 0.02542438637318471
 0
 0
 0
 0
 0
 0
 0
 0
 0
 0
 0
 0
 0
 0
 0
 0
 0
 0
 0
 0
 0
 0
 0
 0
 0
 0
 0
 0
 0
 0
 0
 0
 0
 0
 0
 0
 0
 0
 0
 0
 0
 0
 0
 0
 0
 0
 0
 0
 0
 0
 0
 0
 0
 0
 0
 0
 0
 0
 0
 0
 0
 0
 0
 0
 0
 0
 0
 0
 0
 0
