# Created by Octave 3.2.4, Mon Feb 04 08:54:11 2013 EST <rbom@zaphod>
# name: small_First_Fit
# type: matrix
# ndims: 3
 1 10 30
 5.739648961071096e-19
 1.32936670365879e-15
 2.108405350415684e-14
 2.037098708845114e-14
 5.562696450810973e-13
 2.546292810637593e-15
 1.814900307086687e-12
 1.108215266283438e-14
 7.932126376322037e-16
 2.176501162565787e-11
 7.142753634177635e-16
 1.597019301877911e-09
 5.716199130239613e-13
 1.995371198067215e-10
 4.976662402931373e-12
 1.0431125842574e-11
 2.504083450131024e-09
 5.557801258820985e-09
 2.907810244952432e-12
 2.176501162565787e-11
 3.08730980101189e-13
 2.868385993093806e-09
 6.408662461715499e-13
 1.798738640275226e-08
 4.976662402931373e-12
 1.00695877433968e-09
 1.954332470680995e-07
 1.851452047267829e-07
 4.630784453298472e-11
 5.971841641100861e-09
 1.235653566846391e-11
 1.597019301877911e-09
 3.448582962562552e-09
 1.798738640275226e-08
 4.930589156388445e-10
 4.322418670274463e-08
 7.070642860376931e-06
 1.851452047267829e-07
 5.6497102200043e-10
 5.971841641100861e-09
 2.359365110803205e-09
 7.327333278529016e-08
 3.448582962562552e-09
 1.098531528948818e-07
 9.676062386771413e-08
 4.322418670274463e-08
 6.215462996664092e-05
 5.127179544174909e-05
 2.030499519568406e-07
 5.971841641100861e-09
 2.403217172134073e-06
 0.0002510253176600937
 5.030416782954511e-06
 0.0001046550566670258
 9.676062386771413e-08
 2.585644538569561e-06
 6.215462996664092e-05
 5.127179544174909e-05
 3.787645573850288e-06
 5.871326670767012e-08
 6.380316136167159e-06
 0.0002510253176600937
 5.325428878819757e-06
 0.0001046550566670258
 9.676062386771413e-08
 2.585644538569561e-06
 6.215462996664092e-05
 5.127179544174909e-05
 6.987385418905459e-05
 9.737418343116056e-06
 2.687750346808856e-05
 0.0002557794997287774
 5.030416782954511e-06
 0.001050784885603473
 3.597263501710419e-05
 7.084077533275283e-06
 6.215462996664092e-05
 5.127179544174909e-05
 0.001137166491571776
 9.737418343116056e-06
 2.687750346808856e-05
 0.0002557794997287774
 5.030416782954511e-06
 0.001050784885603473
 3.597263501710419e-05
 7.084077533275283e-06
 0.0002388294563538702
 6.008945281838251e-05
 0.001137166491571776
 8.899537582984517e-05
 2.687750346808856e-05
 0.0002557794997287774
 0.001251872257493654
 0.001050784885603473
 3.597263501710419e-05
 0.0001037161706953489
 0.0002388294563538702
 5.127179544174909e-05
 0.001137166491571776
 8.899537582984517e-05
 2.687750346808856e-05
 0.0002510253176600937
 0.001251872257493654
 0.001050784885603473
 3.597263501710419e-05
 0.001065275388704247
 0.0002388294563538702
 6.008945281838251e-05
 0.001580921349486084
 8.899537582984517e-05
 4.826945136940151e-05
 0.001251872257493654
 0.001251872257493654
 0.001050784885603473
 3.597263501710419e-05
 0.001065275388704247
 0.001889654092897109
 5.127179544174909e-05
 0.001137166491571776
 0.001580921349486084
 4.826945136940151e-05
 0.001251872257493654
 0.001251872257493654
 0.001050784885603473
 3.597263501710419e-05
 0.001065275388704247
 0.001889654092897109
 5.127179544174909e-05
 0.001580921349486084
 0.001580921349486084
 4.826945136940151e-05
 0.006157989552796046
 0.001251872257493654
 0.001050784885603473
 3.597263501710419e-05
 0.001065275388704247
 0.001889654092897109
 6.008945281838251e-05
 0.001580921349486084
 0.001580921349486084
 4.826945136940151e-05
 0.006157989552796046
 0.001251872257493654
 0.001050784885603473
 3.597263501710419e-05
 0.001065275388704247
 0.001889654092897109
 6.008945281838251e-05
 0.001580921349486084
 0.001580921349486084
 0.001580921349486084
 0.006157989552796046
 0.001251872257493654
 0.001050784885603473
 3.597263501710419e-05
 0.01067687069797985
 0.001889654092897109
 5.127179544174909e-05
 0.001580921349486084
 0.001580921349486084
 0.001580921349486084
 0.006157989552796046
 0.001251872257493654
 0.001050784885603473
 3.597263501710419e-05
 0.01067687069797985
 0.001889654092897109
 5.127179544174909e-05
 0.001580921349486084
 0.001580921349486084
 0.001580921349486084
 0.006157989552796046
 0.001251872257493654
 0.001050784885603473
 3.597263501710419e-05
 0.01067687069797985
 0.001889654092897109
 5.127179544174909e-05
 0.001137166491571776
 0.001580921349486084
 0.001580921349486084
 0.006157989552796046
 0.001251872257493654
 0.001050784885603473
 3.597263501710419e-05
 0.01067687069797985
 0.001889654092897109
 5.127179544174909e-05
 0.001137166491571776
 0.001580921349486084
 0.001580921349486084
 0.006157989552796046
 0.001251872257493654
 0.001050784885603473
 3.597263501710419e-05
 0.01067687069797985
 0.001889654092897109
 5.127179544174909e-05
 0.001137166491571776
 0.001580921349486084
 0.001580921349486084
 0.006157989552796046
 0.001251872257493654
 0.001050784885603473
 3.597263501710419e-05
 0.01067687069797985
 0.001889654092897109
 5.127179544174909e-05
 0.001580921349486084
 0.001580921349486084
 0.001580921349486084
 0.006157989552796046
 0.001251872257493654
 0.001050784885603473
 3.597263501710419e-05
 0.01067687069797985
 0.001889654092897109
 5.127179544174909e-05
 0.001580921349486084
 0.001580921349486084
 0.001580921349486084
 0.006157989552796046
 0.001251872257493654
 0.001050784885603473
 0.000124990806839627
 0.01067687069797985
 0.001889654092897109
 6.008945281838251e-05
 0.001580921349486084
 0.001580921349486084
 0.001580921349486084
 0.006157989552796046
 0.001251872257493654
 0.001050784885603473
 0.000124990806839627
 0.01067687069797985
 0.001889654092897109
 6.008945281838251e-05
 0.001137166491571776
 0.001580921349486084
 0.001580921349486084
 0.006157989552796046
 0.001251872257493654
 0.001050784885603473
 0.000124990806839627
 0.01067687069797985
 0.001889654092897109
 6.008945281838251e-05
 0.001580921349486084
 0.001580921349486084
 0.001580921349486084
 0.006157989552796046
 0.001251872257493654
 0.001050784885603473
 0.000124990806839627
 0.01067687069797985
 0.001889654092897109
 6.008945281838251e-05
 0.001580921349486084
 0.001580921349486084
 0.001580921349486084
 0.006157989552796046
 0.001251872257493654
 0.001050784885603473
 0.000124990806839627
 0.01067687069797985
 0.001889654092897109
 0.0002197233661051405
 0.001580921349486084
 0.001580921349486084
 0.001580921349486084
 0.006157989552796046
 0.001251872257493654
 0.001050784885603473
 0.000124990806839627
 0.01067687069797985
 0.001889654092897109
 0.0002197233661051405
 0.001580921349486084
 0.001580921349486084
 0.001580921349486084
 0.006157989552796046
 0.001251872257493654
 0.001050784885603473
 0.000124990806839627
 0.01067687069797985
 0.001889654092897109
 0.0002197233661051405
 0.001580921349486084
 0.001580921349486084
 0.001580921349486084
 0.006157989552796046
 0.001251872257493654
 0.001050784885603473
 0.01067687069797985
 0.01067687069797985
 0.001889654092897109
 0.006157989552796046
 0.001580921349486084
 0.001580921349486084
