# Created by Octave 3.2.4, Wed Feb 06 15:15:44 2013 EST <rbom@zaphod>
# name: small_First_Fit
# type: matrix
# ndims: 3
 1 10 30
 9.495508257920305e-09
 1.072752043640808e-14
 4.111995492162186e-15
 3.772703757557701e-17
 9.720856638576356e-14
 1.12888940288077e-15
 3.353562931652937e-16
 2.43626033289804e-16
 6.855263154765041e-13
 8.514352577120765e-15
 3.010567818407692e-06
 3.095083089445006e-12
 2.133875629363501e-09
 1.592849926573271e-11
 2.417433662996971e-10
 4.507777781269251e-13
 6.463708074705543e-10
 7.272816916436973e-12
 4.881253312915242e-10
 1.2000941153907e-11
 3.010567818407692e-06
 5.408964419446988e-10
 1.01120569758592e-06
 1.398980358202067e-09
 1.959169137275942e-09
 7.008003676421741e-11
 1.016145101319853e-05
 2.757137937428907e-10
 3.629578994533306e-07
 2.867776545725969e-08
 3.010567818407692e-06
 1.500990515091158e-07
 7.240365695062361e-06
 1.608346395340299e-07
 8.112402839248602e-08
 2.72958455729907e-09
 1.016145101319853e-05
 1.570238527235993e-08
 1.742035709816232e-05
 1.002430731238674e-07
 3.010567818407692e-06
 1.277010544469166e-05
 2.318009227963196e-05
 3.329205755664735e-05
 8.112402839248602e-08
 3.812437905247653e-09
 1.016145101319853e-05
 1.570238527235993e-08
 4.678649008372915e-05
 1.21534932561409e-07
 7.84006177828734e-06
 0.0001792707991725461
 9.782582321065446e-05
 3.329205755664735e-05
 1.333964681675874e-06
 2.72958455729907e-09
 1.016145101319853e-05
 4.651183387378349e-06
 0.00109694860520218
 2.054683212069545e-06
 7.84006177828734e-06
 0.0001792707991725461
 9.782582321065446e-05
 3.329205755664735e-05
 7.9991355585398e-06
 6.333347568678921e-07
 1.016145101319853e-05
 0.0002068918108524217
 0.00109694860520218
 0.000126523901911356
 3.010567818407692e-06
 0.0003949131351172864
 9.782582321065446e-05
 0.001519177653373672
 7.9991355585398e-06
 6.333347568678921e-07
 1.016145101319853e-05
 0.0002068918108524217
 0.00109694860520218
 0.001787047200251518
 3.010567818407692e-06
 0.005077021395710086
 9.782582321065446e-05
 0.001519177653373672
 7.9991355585398e-06
 6.333347568678921e-07
 5.96215731362155e-05
 0.0002068918108524217
 0.00109694860520218
 0.001787047200251518
 1.981557612189961e-05
 0.005077021395710086
 9.782582321065446e-05
 0.001519177653373672
 7.9991355585398e-06
 4.853096578872204e-05
 5.96215731362155e-05
 0.0002068918108524217
 0.00109694860520218
 0.001787047200251518
 4.616014480871148e-05
 0.005077021395710086
 9.782582321065446e-05
 0.001519177653373672
 0.0002688105115183585
 4.853096578872204e-05
 0.001519177653373672
 0.0002068918108524217
 0.00109694860520218
 0.001787047200251518
 4.616014480871148e-05
 0.005077021395710086
 9.782582321065446e-05
 0.001519177653373672
 0.0002688105115183585
 7.876638576030664e-05
 0.001519177653373672
 0.0002068918108524217
 0.00109694860520218
 0.001787047200251518
 4.616014480871148e-05
 0.005077021395710086
 0
 0.001519177653373672
 0.001977935373544254
 7.876638576030664e-05
 0.001519177653373672
 0.0002068918108524217
 0
 0.001787047200251518
 4.616014480871148e-05
 0.005077021395710086
 0
 0.001519177653373672
 0.001977935373544254
 7.876638576030664e-05
 0.001519177653373672
 0
 0
 0.002662800686467811
 4.616014480871148e-05
 0.005077021395710086
 0
 0
 0.001977935373544254
 4.853096578872204e-05
 0.001519177653373672
 0
 0
 0.001787047200251518
 4.616014480871148e-05
 0
 0
 0
 0.001977935373544254
 5.775233697721089e-05
 0.001519177653373672
 0
 0
 0.001787047200251518
 4.616014480871148e-05
 0
 0
 0
 0.001977935373544254
 5.775233697721089e-05
 0.001519177653373672
 0
 0
 0.005077021395710086
 0
 0
 0
 0
 0.001977935373544254
 4.853096578872204e-05
 0
 0
 0
 0.005077021395710086
 0
 0
 0
 0
 0.001977935373544254
 4.853096578872204e-05
 0
 0
 0
 0.005077021395710086
 0
 0
 0
 0
 0
 4.853096578872204e-05
 0
 0
 0
 0.005077021395710086
 0
 0
 0
 0
 0
 4.853096578872204e-05
 0
 0
 0
 0.005077021395710086
 0
 0
 0
 0
 0
 7.876638576030664e-05
 0
 0
 0
 0.005077021395710086
 0
 0
 0
 0
 0
 4.853096578872204e-05
 0
 0
 0
 0.005077021395710086
 0
 0
 0
 0
 0
 7.876638576030664e-05
 0
 0
 0
 0
 0
 0
 0
 0
 0
 7.876638576030664e-05
 0
 0
 0
 0
 0
 0
 0
 0
 0
 4.853096578872204e-05
 0
 0
 0
 0
 0
 0
 0
 0
 0
 7.876638576030664e-05
 0
 0
 0
 0
 0
 0
 0
 0
 0
 5.775233697721089e-05
 0
 0
 0
 0
 0
 0
 0
 0
 0
 7.876638576030664e-05
 0
 0
 0
 0
 0
 0
 0
 0
 0
 4.853096578872204e-05
 0
 0
 0
 0
