# Created by Octave 3.2.4, Wed Feb 06 04:01:46 2013 EST <rbom@zaphod>
# name: small_First_Fit
# type: matrix
# ndims: 3
 1 10 30
 1.765989866267805e-08
 1.314963187591328e-10
 4.275601942912667e-09
 9.846933904320567e-10
 8.065546072285933e-12
 5.446284868003976e-10
 1.342222859429385e-12
 2.726573551004501e-08
 2.275301717052132e-08
 1.038834926354472e-11
 2.822081686625854e-07
 1.082215540375234e-06
 4.275601942912667e-09
 1.522174330839232e-08
 1.176509288972984e-05
 8.262760841163249e-08
 1.342222859429385e-12
 5.088313907627771e-08
 4.574293428356411e-08
 1.038834926354472e-11
 1.90384063290523e-06
 5.982981422954831e-05
 2.643274242966479e-07
 1.522174330839232e-08
 1.176509288972984e-05
 8.262760841163249e-08
 1.772983433833937e-10
 5.391836444840789e-05
 2.069140770577367e-05
 2.01762172818877e-10
 0.0003916706335402992
 5.982981422954831e-05
 1.147711482121811e-05
 5.22034015104055e-06
 1.176509288972984e-05
 1.001413262877722e-05
 1.671808810605681e-08
 5.391836444840789e-05
 5.753170923449111e-05
 6.251393679988685e-09
 0.003760507882592616
 0.0002727690994519913
 1.147711482121811e-05
 0.0002262454037515901
 0.00012202927877482
 0.0004394968145777577
 1.870046216334083e-07
 0.001628994317707927
 5.753170923449111e-05
 2.424693316903752e-06
 0.003760507882592616
 5.982981422954831e-05
 0.002874487642741518
 0.0004329893370524907
 0.01773103998636443
 0.0004394968145777577
 1.870046216334083e-07
 0.001628994317707927
 8.28918143412094e-05
 0.0002491032087621106
 0.003760507882592616
 5.982981422954831e-05
 0.002874487642741518
 0.00495824075406538
 0.1654333680061872
 0.0004394968145777577
 1.870046216334083e-07
 0.001628994317707927
 8.28918143412094e-05
 0.0002491032087621106
 0.003760507882592616
 5.982981422954831e-05
 0.06909843770351218
 0.0147490081814173
 0.1654333680061872
 0.00884807094389407
 2.612697849126208e-05
 0.002330896534085439
 8.28918143412094e-05
 0.0002491032087621106
 0.3227441040715001
 5.982981422954831e-05
 0.06909843770351218
 0.0147490081814173
 0.1654333680061872
 0.00884807094389407
 2.612697849126208e-05
 0.002330896534085439
 8.28918143412094e-05
 0.003038538837065388
 0.3227441040715001
 0.002593574975205261
 0.06909843770351218
 0.0147490081814173
 0.3227441040715001
 0.07369202305594105
 2.612697849126208e-05
 0.002330896534085439
 0.001308558498299843
 0.003038538837065388
 0.3227441040715001
 0.002593574975205261
 0.06909843770351218
 0.0147490081814173
 0.3227441040715001
 0.3227441040715001
 0.0002029391932413961
 0.002330896534085439
 0.001308558498299843
 0.003811170174187165
 0.3227441040715001
 0.002593574975205261
 0.06909843770351218
 0.08412118425125709
 0.3227441040715001
 0.3227441040715001
 4.468958029405092e-05
 0.002330896534085439
 0.001308558498299843
 0.003811170174187165
 0.3227441040715001
 0.002593574975205261
 0.06909843770351218
 0.08412118425125709
 0.3227441040715001
 0.3227441040715001
 4.468958029405092e-05
 0.1654333680061872
 0.001308558498299843
 0.003811170174187165
 0.3227441040715001
 0.002593574975205261
 0.08480300839003674
 0.08412118425125709
 0.3227441040715001
 0.3227441040715001
 4.468958029405092e-05
 0.3227441040715001
 0.007758109528138208
 0.003811170174187165
 0.3227441040715001
 0.002593574975205261
 0.08480300839003674
 0.08412118425125709
 0.3227441040715001
 0.3227441040715001
 0.0008695065519431436
 0.3227441040715001
 0.007758109528138208
 0.1284969846051086
 0
 0.01164268731729831
 0.08480300839003674
 0.08412118425125709
 0.3227441040715001
 0.3227441040715001
 0.0008695065519431436
 0.3227441040715001
 0.04435684165359206
 0.1284969846051086
 0
 0.07369202305594105
 0.06909843770351218
 0.08412118425125709
 0
 0.3227441040715001
 0.0008695065519431436
 0.3227441040715001
 0.08480300839003674
 0.1284969846051086
 0
 0.01164268731729831
 0.06909843770351218
 0.08412118425125709
 0
 0
 0.0008695065519431436
 0.3227441040715001
 0.08480300839003674
 0.1284969846051086
 0
 0.3227441040715001
 0.06909843770351218
 0
 0
 0
 0.005418085014620406
 0.3227441040715001
 0.04435684165359206
 0.1654333680061872
 0
 0.3227441040715001
 0.06909843770351218
 0
 0
 0
 0.005418085014620406
 0.3227441040715001
 0.08480300839003674
 0.1284969846051086
 0
 0.3227441040715001
 0
 0
 0
 0
 0.005418085014620406
 0
 0.08480300839003674
 0.1284969846051086
 0
 0.3227441040715001
 0
 0
 0
 0
 0.007764452185209778
 0
 0.08480300839003674
 0.1654333680061872
 0
 0.3227441040715001
 0
 0
 0
 0
 0.007764452185209778
 0
 0.04435684165359206
 0.1654333680061872
 0
 0.3227441040715001
 0
 0
 0
 0
 0.005418085014620406
 0
 0.04435684165359206
 0.1654333680061872
 0
 0.3227441040715001
 0
 0
 0
 0
 0.005418085014620406
 0
 0.04435684165359206
 0.1654333680061872
 0
 0
 0
 0
 0
 0
 0.005418085014620406
 0
 0.04435684165359206
 0.1654333680061872
 0
 0
 0
 0
 0
 0
 0.08480300839003674
 0
 0
 0.1654333680061872
 0
 0
 0
 0
 0
 0
 0.08480300839003674
 0
 0
 0.1654333680061872
 0
 0
 0
 0
 0
 0
 0.3227441040715001
 0
 0
 0
 0
 0
 0
 0
 0
 0
 0.08480300839003674
 0
 0
 0
