# Created by Octave 3.2.4, Mon Feb 04 07:35:28 2013 EST <rbom@zaphod>
# name: small_First_Fit
# type: matrix
# ndims: 3
 1 10 30
 8.35278414054975e-13
 2.858691733786178e-13
 3.17674677770723e-15
 6.618574192045939e-16
 4.724216329415593e-14
 8.669324069246529e-18
 8.400780530988704e-15
 2.748878597009477e-13
 8.744933809671654e-12
 1.318000585016783e-13
 1.501900622951077e-07
 1.858033620674685e-07
 2.087692014449442e-09
 1.173603590703384e-13
 7.877708494303401e-13
 3.372032284367412e-10
 6.356319716638886e-07
 5.162632016824217e-11
 8.744933809671654e-12
 4.348572931114944e-10
 1.213115322587617e-06
 0.0007179875684619988
 4.328246610404126e-05
 2.72287765345642e-11
 1.460127116496426e-11
 1.533317650712117e-08
 7.486388334541906e-06
 1.943695033887214e-10
 7.125203191092137e-11
 1.880443587543384e-08
 6.263491909709311e-06
 0.0007179875684619988
 4.328246610404126e-05
 1.081932552497289e-09
 2.744252978426296e-10
 1.69717803564971e-07
 6.624391311934931e-05
 4.59628473561399e-07
 3.774222276063637e-09
 1.96638491643824e-07
 6.263491909709311e-06
 0.0007179875684619988
 0.001010388993644334
 3.958118361099118e-06
 2.300696206752075e-08
 1.69717803564971e-07
 6.624391311934931e-05
 1.672028368096915e-06
 4.308360723517077e-08
 1.909500949829495e-06
 6.489511969175769e-05
 0.008850621909940907
 0.001010388993644334
 0.0003813484757824414
 7.050155303186951e-08
 1.605069483230922e-05
 0.0006547772074872528
 1.926288610238995e-06
 5.566225867523914e-07
 1.784519022570439e-05
 6.489511969175769e-05
 0.008850621909940907
 0.008850621909940907
 0.0003813484757824414
 8.369582850913595e-05
 1.605069483230922e-05
 0.0006547772074872528
 2.020572709373643e-05
 5.948418504018993e-06
 1.784519022570439e-05
 6.489511969175769e-05
 0.008850621909940907
 0.008850621909940907
 0.001010388993644334
 0.007109992814574825
 0.0001269062540560751
 0.0006547772074872528
 0.0001897041057124729
 5.807532950541554e-05
 1.784519022570439e-05
 6.489511969175769e-05
 0.008850621909940907
 0.008850621909940907
 0.001010388993644334
 0.007109992814574825
 0.0001269062540560751
 0.0006547772074872528
 0.007098065220418317
 0.0002161028380062846
 8.412902455816771e-05
 0.004605189576227704
 0.008850621909940907
 0.008850621909940907
 0.001010388993644334
 0.007109992814574825
 0.0001269062540560751
 0.004342638721643772
 0.01609638399714967
 0.0002161028380062846
 8.412902455816771e-05
 0.004605189576227704
 0.008850621909940907
 0.008850621909940907
 0.001010388993644334
 0.007109992814574825
 0.0006480960579898122
 0.004342638721643772
 0.01609638399714967
 0.0002161028380062846
 0.004605189576227704
 0.004605189576227704
 0.008850621909940907
 0.008850621909940907
 0.001010388993644334
 0.007109992814574825
 0.0006480960579898122
 0.01609638399714967
 0.01609638399714967
 0.01609638399714967
 0.004605189576227704
 0.004605189576227704
 0.008850621909940907
 0.008850621909940907
 0.001010388993644334
 0.007109992814574825
 0.004342638721643772
 0.01609638399714967
 0.01609638399714967
 0.01609638399714967
 0.004605189576227704
 0.004605189576227704
 0.008850621909940907
 0.008850621909940907
 0.008850621909940907
 0.007109992814574825
 0.006276979668322621
 0.01609638399714967
 0.01609638399714967
 0.01609638399714967
 0.004605189576227704
 0.004605189576227704
 0.008850621909940907
 0.008850621909940907
 0.008850621909940907
 0.007109992814574825
 0.01609638399714967
 0.01609638399714967
 0.01609638399714967
 0.01609638399714967
 0.004605189576227704
 0.004605189576227704
 0.008850621909940907
 0.008850621909940907
 0.008850621909940907
 0.007109992814574825
 0.01609638399714967
 0.01609638399714967
 0.01609638399714967
 0.01609638399714967
 0.004605189576227704
 0.004605189576227704
 0.008850621909940907
 0.008850621909940907
 0.008850621909940907
 0.007109992814574825
 0.01609638399714967
 0.01609638399714967
 0.01609638399714967
 0.01609638399714967
 0.004605189576227704
 0.004605189576227704
 0.008850621909940907
 0.008850621909940907
 0.008850621909940907
 0.007109992814574825
 0.01609638399714967
 0.01609638399714967
 0.01609638399714967
 0.01609638399714967
 0.004605189576227704
 0.004605189576227704
 0.008850621909940907
 0.008850621909940907
 0.008850621909940907
 0.007109992814574825
 0.01609638399714967
 0.01609638399714967
 0.01609638399714967
 0.01609638399714967
 0.004605189576227704
 0.004605189576227704
 0.008850621909940907
 0.008850621909940907
 0.008850621909940907
 0.007109992814574825
 0.01609638399714967
 0.01609638399714967
 0.01609638399714967
 0.01609638399714967
 0.004605189576227704
 0.004605189576227704
 0.008850621909940907
 0.008850621909940907
 0.008850621909940907
 0.007109992814574825
 0.01609638399714967
 0.01609638399714967
 0.01609638399714967
 0.01609638399714967
 0.004605189576227704
 0.004605189576227704
 0.008850621909940907
 0.008850621909940907
 0.008850621909940907
 0.007109992814574825
 0.01609638399714967
 0.01609638399714967
 0.01609638399714967
 0.01609638399714967
 0.004605189576227704
 0.004605189576227704
 0.008850621909940907
 0.008850621909940907
 0.008850621909940907
 0.007109992814574825
 0.01609638399714967
 0.01609638399714967
 0.01609638399714967
 0.01609638399714967
 0.004605189576227704
 0.004605189576227704
 0.008850621909940907
 0.008850621909940907
 0.008850621909940907
 0.007109992814574825
 0.01609638399714967
 0.01609638399714967
 0.01609638399714967
 0.01609638399714967
 0.004605189576227704
 0.004605189576227704
 0.008850621909940907
 0.008850621909940907
 0.008850621909940907
 0.007109992814574825
 0.01609638399714967
 0.01609638399714967
 0.01609638399714967
 0.01609638399714967
 0.004605189576227704
 0.004605189576227704
 0.008850621909940907
 0.008850621909940907
 0.008850621909940907
 0.007109992814574825
 0.01609638399714967
 0.01609638399714967
 0.01609638399714967
 0.01609638399714967
 0.004605189576227704
 0.004605189576227704
 0.008850621909940907
 0.008850621909940907
 0.008850621909940907
 0.007109992814574825
 0.01609638399714967
 0.01609638399714967
 0.01609638399714967
 0.01609638399714967
 0.004605189576227704
 0.004605189576227704
 0.008850621909940907
 0.008850621909940907
 0.008850621909940907
 0.007109992814574825
 0.01609638399714967
 0.01609638399714967
 0.01609638399714967
 0.01609638399714967
 0.004605189576227704
 0.004605189576227704
 0.008850621909940907
 0.008850621909940907
 0.008850621909940907
 0.007109992814574825
 0.01609638399714967
 0.01609638399714967
 0.01609638399714967
 0.01609638399714967
 0.004605189576227704
 0.004605189576227704
 0.008850621909940907
 0.008850621909940907
 0.008850621909940907
 0.007109992814574825
 0.01609638399714967
 0.01609638399714967
 0.01609638399714967
 0.01609638399714967
 0.004605189576227704
