# Created by Octave 3.2.4, Mon Feb 04 04:40:25 2013 EST <rbom@zaphod>
# name: small_First_Fit
# type: matrix
# ndims: 3
 1 10 30
 1.504370350229439e-20
 1.798930353084558e-16
 8.052417491505012e-19
 5.152528827327295e-15
 7.028544116821295e-14
 4.293865437799181e-23
 1.417360281584927e-17
 4.368135505788015e-16
 4.569261261389289e-26
 6.750663801035252e-19
 9.007105480143219e-14
 1.798930353084558e-16
 5.14193293525835e-12
 2.120595672055552e-12
 9.264030677417899e-12
 2.475334569631858e-17
 3.984844047575056e-11
 1.6390582698477e-13
 2.411167466693835e-23
 3.279152211193255e-13
 1.927387699700458e-12
 8.52313714614837e-15
 5.14193293525835e-12
 2.85806247957755e-10
 3.455892319938876e-11
 1.124258875938526e-12
 2.581895962071419e-06
 9.425383418275033e-10
 1.18001378783553e-18
 2.88627661197728e-09
 2.303734432641271e-10
 2.251517035739843e-12
 1.011075968344723e-08
 2.85806247957755e-10
 1.070344999135612e-07
 7.287881312938968e-10
 0.0001238313561847317
 2.108999018084577e-07
 1.28238171784945e-14
 7.79017564053901e-07
 1.582120628196045e-08
 1.546259716610587e-10
 1.011075968344723e-08
 1.406469495414039e-08
 1.070344999135612e-07
 7.287881312938968e-10
 0.0001238313561847317
 1.89237486076092e-05
 8.100771271133743e-10
 7.79017564053901e-07
 1.582120628196045e-08
 7.150429164009363e-09
 1.208265567564878e-05
 2.517387421792563e-07
 1.070344999135612e-07
 2.979677265278517e-07
 0.0001238313561847317
 1.89237486076092e-05
 5.656796288732453e-07
 7.79017564053901e-07
 1.101008863918569e-05
 1.270313175050931e-06
 1.208265567564878e-05
 2.941394718201575e-05
 4.410063972062727e-05
 0.0001493493834800656
 0.02191803869996451
 1.89237486076092e-05
 0.0002728196908797442
 0.0002244607599993841
 1.101008863918569e-05
 1.270313175050931e-06
 0.001430292692562676
 0.0004025317673894565
 4.410063972062727e-05
 0.0001493493834800656
 0.02191803869996451
 1.89237486076092e-05
 0.0002728196908797442
 0.0002244607599993841
 0.002253021323131407
 1.270313175050931e-06
 0.001430292692562676
 0.003464094573930884
 4.410063972062727e-05
 0.0001493493834800656
 0.02191803869996451
 1.89237486076092e-05
 0.02191803869996451
 0.0002244607599993841
 0.002253021323131407
 0.003464094573930884
 0.001430292692562676
 0.003464094573930884
 4.410063972062727e-05
 0.0001493493834800656
 0.02191803869996451
 1.89237486076092e-05
 0.02191803869996451
 0.0002244607599993841
 0.002253021323131407
 0.003464094573930884
 0.001430292692562676
 0.003464094573930884
 4.410063972062727e-05
 0.0001493493834800656
 0.02191803869996451
 1.89237486076092e-05
 0.02191803869996451
 0.0002244607599993841
 0.002253021323131407
 0.003464094573930884
 0.001430292692562676
 0.003464094573930884
 4.410063972062727e-05
 0.02191803869996451
 0.02191803869996451
 1.89237486076092e-05
 0.02191803869996451
 0.0002244607599993841
 0.002253021323131407
 0.003464094573930884
 0.001430292692562676
 0.003464094573930884
 4.410063972062727e-05
 0.02191803869996451
 0.02191803869996451
 1.89237486076092e-05
 0.02191803869996451
 0.0002244607599993841
 0.002253021323131407
 0.003464094573930884
 0.001430292692562676
 0.003464094573930884
 4.410063972062727e-05
 0.02191803869996451
 0.02191803869996451
 1.89237486076092e-05
 0.02191803869996451
 0.0002244607599993841
 0.002253021323131407
 0.003464094573930884
 0.001430292692562676
 0.003464094573930884
 4.410063972062727e-05
 0.02191803869996451
 0.02191803869996451
 1.89237486076092e-05
 0.02191803869996451
 0.0002244607599993841
 0.002253021323131407
 0.003464094573930884
 0.001430292692562676
 0.003464094573930884
 4.410063972062727e-05
 0.02191803869996451
 0.02191803869996451
 1.89237486076092e-05
 0.02191803869996451
 0.0002244607599993841
 0.002253021323131407
 0.003464094573930884
 0.001430292692562676
 0.003464094573930884
 4.410063972062727e-05
 0.02191803869996451
 0.02191803869996451
 1.89237486076092e-05
 0.02191803869996451
 0.0002244607599993841
 0.002253021323131407
 0.003464094573930884
 0.001430292692562676
 0.003464094573930884
 4.410063972062727e-05
 0.02191803869996451
 0.02191803869996451
 1.89237486076092e-05
 0.02191803869996451
 0.0002244607599993841
 0.002253021323131407
 0.003464094573930884
 0.001430292692562676
 0.003464094573930884
 4.410063972062727e-05
 0.02191803869996451
 0.02191803869996451
 1.89237486076092e-05
 0.02191803869996451
 0.0002244607599993841
 0.002253021323131407
 0.003464094573930884
 0.001430292692562676
 0.003464094573930884
 4.410063972062727e-05
 0.02191803869996451
 0.02191803869996451
 1.89237486076092e-05
 0.02191803869996451
 0.0002244607599993841
 0.002253021323131407
 0.003464094573930884
 0.001430292692562676
 0.003464094573930884
 4.410063972062727e-05
 0.02191803869996451
 0.02191803869996451
 1.89237486076092e-05
 0.02191803869996451
 0.0002244607599993841
 0.002253021323131407
 0.003464094573930884
 0.001430292692562676
 0.003464094573930884
 4.410063972062727e-05
 0.02191803869996451
 0.02191803869996451
 1.89237486076092e-05
 0.02191803869996451
 0.0002244607599993841
 0.002253021323131407
 0.003464094573930884
 0.001430292692562676
 0.003464094573930884
 4.410063972062727e-05
 0.02191803869996451
 0.02191803869996451
 1.89237486076092e-05
 0.02191803869996451
 0.0002244607599993841
 0.002253021323131407
 0.003464094573930884
 0.001430292692562676
 0.003464094573930884
 4.410063972062727e-05
 0.02191803869996451
 0.02191803869996451
 1.89237486076092e-05
 0.02191803869996451
 0.0002244607599993841
 0.002253021323131407
 0.003464094573930884
 0.001430292692562676
 0.003464094573930884
 4.410063972062727e-05
 0.02191803869996451
 0.02191803869996451
 1.89237486076092e-05
 0.02191803869996451
 0.0002244607599993841
 0.002253021323131407
 0.003464094573930884
 0.001430292692562676
 0.003464094573930884
 4.410063972062727e-05
 0.02191803869996451
 0.02191803869996451
 1.89237486076092e-05
 0.02191803869996451
 0.0002244607599993841
 0.002253021323131407
 0.003464094573930884
 0.001430292692562676
 0.003464094573930884
 4.410063972062727e-05
 0.02191803869996451
 0.02191803869996451
 1.89237486076092e-05
 0.02191803869996451
 0.0002244607599993841
 0.002253021323131407
 0.003464094573930884
 0.001430292692562676
 0.003464094573930884
 4.410063972062727e-05
 0.02191803869996451
 0.02191803869996451
 1.89237486076092e-05
 0.02191803869996451
 0.0002244607599993841
 0.002253021323131407
 0.003464094573930884
 0.001430292692562676
 0.003464094573930884
 4.410063972062727e-05
 0.02191803869996451
 0.02191803869996451
 1.89237486076092e-05
 0.02191803869996451
 0.0002244607599993841
 0.002253021323131407
 0.003464094573930884
 0.001430292692562676
 0.003464094573930884
 4.410063972062727e-05
 0.02191803869996451
 0.02191803869996451
 1.89237486076092e-05
 0.02191803869996451
 0.0002244607599993841
