# Created by Octave 3.2.4, Wed Feb 06 19:23:10 2013 EST <rbom@zaphod>
# name: small_First_Fit
# type: matrix
# ndims: 3
 1 10 30
 4.515313756250957e-10
 5.428571427040576e-11
 2.878936435755484e-08
 8.524676591508753e-10
 3.915476992481619e-11
 1.610560070778974e-07
 6.181956303864751e-11
 4.920661794349442e-10
 1.743671227198489e-09
 6.17623769982505e-08
 3.678146918628136e-07
 1.866279024158926e-06
 5.87655752959391e-08
 1.006037012248874e-07
 1.999241349128701e-08
 1.610560070778974e-07
 4.236171173438866e-09
 2.303203813110075e-08
 2.402947388990014e-06
 6.849782398594071e-08
 0.0001927398950703502
 3.595375664819347e-05
 2.878936435755484e-08
 1.343446586632555e-07
 7.433070729711765e-08
 1.610560070778974e-07
 1.448181260674642e-08
 1.085315530484729e-07
 6.097996162436295e-06
 1.495204674829921e-05
 0.005710047534995562
 3.595375664819347e-05
 1.04749483999784e-07
 1.343446586632555e-07
 0.0001707554703456587
 9.593621305995466e-07
 2.721425642908934e-07
 3.573888233467695e-06
 0.0001122665705700917
 0.01302982712206819
 0.04135491539891409
 3.595375664819347e-05
 1.511328054497991e-07
 3.449307453554896e-06
 0.0005798641035028117
 3.741555272614524e-06
 2.721425642908934e-07
 0.001139943825127496
 0.0001122665705700917
 0.01302982712206819
 0.04135491539891409
 0.001784104351524549
 1.0162458620612e-06
 0.000101993782289891
 0.000236817491800653
 1.087809839441786e-05
 8.666009143042355e-06
 0.003107156557357413
 0.002432218512745084
 0.01302982712206819
 0.05381919347977629
 0.001784104351524549
 3.695201038275384e-06
 0.000101993782289891
 0.004606769163880077
 6.433697191157752e-05
 1.032755803848064e-05
 0.03926207876611016
 0.002432218512745084
 0.01302982712206819
 0.1296484192712968
 0.01841358087659384
 0.0005442666706457549
 0.003590056259190437
 0.01956577061889322
 0.001593737149366707
 2.373865045266332e-05
 0.1242757384408023
 0.009741430306721663
 0.01302982712206819
 0.1296484192712968
 0.01841358087659384
 0.0005442666706457549
 0.01955642158459861
 0.01956577061889322
 0.003462714555858309
 2.373865045266332e-05
 0.1242757384408023
 0.009741430306721663
 0.03801824664441571
 0.1296484192712968
 0.02908880372249387
 0.01633378902552079
 0.01955642158459861
 0.01956577061889322
 0.003462714555858309
 0.0001256604507254311
 0.2443274544940445
 0.009741430306721663
 0.03801824664441571
 0.1296484192712968
 0.1370840537141305
 0.01633378902552079
 0.05401064055713664
 0.04713089779622608
 0.05503352648053374
 0.001281936916252625
 0.3240429991570322
 0.02404774367133317
 0.01302982712206819
 0.3240429991570322
 0.1370840537141305
 0.01633378902552079
 0.05400438219425746
 0.04713089779622608
 0.05503352648053374
 0.002625523017629649
 0.3240429991570322
 0.02404774367133317
 0.01841358087659384
 0.3240429991570322
 0.1370840537141305
 0.01633378902552079
 0.05401064055713664
 0.04713089779622608
 0.05503352648053374
 0.001281936916252625
 0.3240429991570322
 0.02404774367133317
 0.01841358087659384
 0.3240429991570322
 0.1370840537141305
 0.01633378902552079
 0.05401064055713664
 0.05381919347977629
 0.2443274544940445
 0.002625523017629649
 0.3240429991570322
 0.03726689726789566
 0.01841358087659384
 0.3240429991570322
 0.1370840537141305
 0.07465884139010166
 0.05401064055713664
 0.05381919347977629
 0.1107505229189367
 0.002625523017629649
 0.3240429991570322
 0.02419712208890007
 0.01302982712206819
 0.3240429991570322
 0.1370840537141305
 0.07465884139010166
 0.1370840537141305
 0.05381919347977629
 0.1107505229189367
 0.002625523017629649
 0.3240429991570322
 0.02404774367133317
 0.01302982712206819
 0.3240429991570322
 0.1370840537141305
 0.07465884139010166
 0.1370840537141305
 0.07465884139010166
 0.1107505229189367
 0.007168559151263774
 0.3240429991570322
 0.02404774367133317
 0.01302982712206819
 0.3240429991570322
 0
 0.2443274544940445
 0.1370840537141305
 0.1242757384408023
 0.1107505229189367
 0.007168559151263774
 0
 0.03726689726789566
 0.01841358087659384
 0
 0
 0.2443274544940445
 0.1370840537141305
 0.2443274544940445
 0.1107505229189367
 0.01096318428620128
 0
 0.03726689726789566
 0.01841358087659384
 0
 0
 0.2443274544940445
 0.1370840537141305
 0.2443274544940445
 0.1107505229189367
 0.3240429991570322
 0
 0.03726689726789566
 0.01302982712206819
 0
 0
 0.2443274544940445
 0.3240429991570322
 0.2443274544940445
 0
 0.3240429991570322
 0
 0.03726689726789566
 0.01841358087659384
 0
 0
 0.2443274544940445
 0.3240429991570322
 0.2443274544940445
 0
 0.3240429991570322
 0
 0.03726689726789566
 0.03801824664441571
 0
 0
 0.2443274544940445
 0.3240429991570322
 0.2443274544940445
 0
 0.3240429991570322
 0
 0.03726689726789566
 0.03801824664441571
 0
 0
 0.2443274544940445
 0.3240429991570322
 0.2443274544940445
 0
 0.3240429991570322
 0
 0.03726689726789566
 0.03801824664441571
 0
 0
 0
 0.3240429991570322
 0.3240429991570322
 0
 0.3240429991570322
 0
 0
 0.01841358087659384
 0
 0
 0
 0.3240429991570322
 0.3240429991570322
 0
 0.3240429991570322
 0
 0
 0.01302982712206819
 0
 0
 0
 0.3240429991570322
 0.3240429991570322
 0
 0
 0
 0
 0.01302982712206819
 0
 0
 0
 0
 0.3240429991570322
 0
 0
 0
 0
 0.03801824664441571
 0
 0
 0
 0
 0.3240429991570322
 0
 0
 0
 0
 0.03801824664441571
 0
 0
 0
 0
 0.3240429991570322
 0
 0
 0
 0
 0.03801824664441571
