# Created by Octave 3.2.4, Mon Feb 04 23:11:39 2013 EST <rbom@zaphod>
# name: small_First_Fit
# type: matrix
# ndims: 3
 1 10 30
 6.579046729635138e-12
 1.51903941976925e-13
 3.856578731296058e-15
 1.80661971171003e-11
 3.231168816797502e-16
 4.196968560844885e-16
 3.278508075783781e-14
 4.059201234253755e-15
 7.795281471611531e-17
 7.306530781648265e-14
 8.074501940448978e-06
 6.969188971501229e-13
 1.881979800603273e-10
 1.80661971171003e-11
 2.908925479332093e-13
 5.98549625944283e-13
 5.76670647780619e-12
 1.598464738737356e-12
 2.859387334296621e-11
 7.306530781648265e-14
 8.074501940448978e-06
 6.969188971501229e-13
 7.535599109604589e-09
 1.102346950491679e-08
 2.756430506757722e-11
 2.479694797822785e-12
 1.795501635328891e-11
 8.309832525387527e-11
 1.138389047965489e-08
 2.169412661290333e-10
 0.0004060885944664195
 7.130237339653507e-11
 7.535599109604589e-09
 1.102346950491679e-08
 2.44114817934099e-10
 3.81209051464624e-09
 3.922625404443527e-09
 4.454789820787831e-07
 1.615365727154829e-06
 8.911092125125708e-09
 0.0004060885944664195
 3.37998274872996e-08
 7.535599109604589e-09
 1.102346950491679e-08
 1.212224723991457e-08
 3.174303867828239e-08
 3.922625404443527e-09
 6.812184210484075e-05
 4.417540005609144e-06
 8.911092125125708e-09
 0.0004060885944664195
 3.37998274872996e-08
 1.440311429829761e-07
 1.084727941074852e-07
 3.696733634245777e-07
 3.174303867828239e-08
 1.142445719783332e-07
 6.812184210484075e-05
 4.018103213237706e-05
 8.060729922791286e-07
 0.0004060885944664195
 3.37998274872996e-08
 1.440311429829761e-07
 1.084727941074852e-07
 5.79569065508605e-06
 3.174303867828239e-08
 1.142445719783332e-07
 6.812184210484075e-05
 4.018103213237706e-05
 8.060729922791286e-07
 0.0004060885944664195
 0.0002450379539829938
 1.072416493721858e-06
 1.084727941074852e-07
 1.355281265787356e-05
 3.174303867828239e-08
 2.951695743537474e-06
 6.812184210484075e-05
 4.018103213237706e-05
 2.104396391256968e-05
 0.0004060885944664195
 0.0002450379539829938
 1.072416493721858e-06
 1.084727941074852e-07
 1.407878073609772e-05
 3.174303867828239e-08
 4.793612658893643e-05
 6.812184210484075e-05
 4.018103213237706e-05
 2.104396391256968e-05
 0.0004060885944664195
 0.002433057049114537
 1.072416493721858e-06
 5.918655443733254e-06
 0.0002038375810310565
 3.174303867828239e-08
 0.001046171910165734
 6.812184210484075e-05
 9.178485475669301e-05
 2.104396391256968e-05
 0
 0.002433057049114537
 8.789534324650136e-05
 5.918655443733254e-06
 0.00147376623408283
 3.698239551752694e-05
 0.001046171910165734
 6.812184210484075e-05
 9.178485475669301e-05
 2.712154649508007e-05
 0
 0.002433057049114537
 8.789534324650136e-05
 5.918655443733254e-06
 0.00147376623408283
 3.698239551752694e-05
 0.001046171910165734
 0
 9.178485475669301e-05
 2.996080767616445e-05
 0
 0.002433057049114537
 8.789534324650136e-05
 5.918655443733254e-06
 0.00147376623408283
 3.698239551752694e-05
 0.001046171910165734
 0
 9.178485475669301e-05
 2.996080767616445e-05
 0
 0.002433057049114537
 8.789534324650136e-05
 5.918655443733254e-06
 0.00147376623408283
 3.698239551752694e-05
 0.001046171910165734
 0
 9.178485475669301e-05
 2.996080767616445e-05
 0
 0.002433057049114537
 8.789534324650136e-05
 5.918655443733254e-06
 0.00147376623408283
 3.698239551752694e-05
 0.001046171910165734
 0
 9.178485475669301e-05
 0.0001595349967716767
 0
 0.002433057049114537
 8.789534324650136e-05
 5.918655443733254e-06
 0.00147376623408283
 3.698239551752694e-05
 0.001046171910165734
 0
 9.178485475669301e-05
 2.996080767616445e-05
 0
 0
 8.789534324650136e-05
 0
 0.00147376623408283
 3.698239551752694e-05
 0
 0
 0
 2.996080767616445e-05
 0
 0
 0
 0
 0
 0
 0
 0
 0
 2.712154649508007e-05
 0
 0
 0
 0
 0
 0
 0
 0
 0
 2.712154649508007e-05
 0
 0
 0
 0
 0
 0
 0
 0
 0
 3.698239551752694e-05
 0
 0
 0
 0
 0
 0
 0
 0
 0
 3.698239551752694e-05
 0
 0
 0
 0
 0
 0
 0
 0
 0
 5.799156987430974e-05
 0
 0
 0
 0
 0
 0
 0
 0
 0
 5.799156987430974e-05
 0
 0
 0
 0
 0
 0
 0
 0
 0
 0.0001595349967716767
 0
 0
 0
 0
 0
 0
 0
 0
 0
 2.922490038950495e-05
 0
 0
 0
 0
 0
 0
 0
 0
 0
 5.799156987430974e-05
 0
 0
 0
 0
 0
 0
 0
 0
 0
 5.799156987430974e-05
 0
 0
 0
 0
 0
 0
 0
 0
 0
 5.799156987430974e-05
 0
 0
 0
 0
 0
 0
 0
 0
 0
 2.922490038950495e-05
 0
 0
 0
 0
 0
 0
 0
 0
 0
 2.922490038950495e-05
