# Created by Octave 3.2.4, Mon Feb 04 20:55:11 2013 EST <rbom@zaphod>
# name: small_First_Fit
# type: matrix
# ndims: 3
 1 10 30
 1.2022386441906e-10
 2.646684128301144e-17
 3.050024508437051e-13
 1.034049558876646e-13
 5.670747615557814e-15
 2.943918597596683e-10
 4.573528459512128e-16
 8.516915766086128e-16
 2.552864775135835e-13
 3.488570014686348e-13
 1.2022386441906e-10
 1.755137472958224e-11
 1.456254318270196e-10
 6.807456268997934e-12
 4.054178253966208e-12
 5.860383368177898e-09
 5.886674476414724e-12
 1.136851592016723e-10
 5.432478084391263e-12
 1.57340250352114e-10
 1.2022386441906e-10
 1.108197327610254e-08
 9.230330957809873e-09
 2.564654306048821e-10
 3.327883558952369e-08
 1.530749885378613e-05
 4.981908664040666e-08
 5.89293458127283e-08
 2.705683819684892e-10
 1.036924924723507e-08
 4.92506250669006e-06
 3.708287547027721e-06
 1.310546859842862e-07
 3.18393276652649e-08
 3.570583512349802e-07
 1.530749885378613e-05
 1.943882456741628e-05
 9.453547789390339e-07
 2.705683819684892e-10
 3.905666146582945e-08
 4.92506250669006e-06
 3.708287547027721e-06
 8.28224068642517e-06
 2.675176699997331e-06
 3.570583512349802e-07
 0.0001730677552264686
 1.943882456741628e-05
 9.453547789390339e-07
 1.067090492941725e-08
 1.01316527089127e-05
 0.0283377445200241
 9.936013430566756e-05
 7.468217910892223e-05
 2.675176699997331e-06
 7.149192420064055e-06
 0.0007676360531937652
 0.0005265955044410689
 9.453547789390339e-07
 6.382133016857967e-08
 1.01316527089127e-05
 0.0283377445200241
 9.936013430566756e-05
 7.468217910892223e-05
 8.128276439685313e-07
 7.149192420064055e-06
 0.0007676360531937652
 0.0005265955044410689
 9.453547789390339e-07
 4.142762878391057e-06
 1.01316527089127e-05
 0.0283377445200241
 9.936013430566756e-05
 0.00040174561405504
 8.128276439685313e-07
 7.149192420064055e-06
 0.0007676360531937652
 0.0005265955044410689
 9.453547789390339e-07
 0.0001939227824694878
 1.01316527089127e-05
 0.0283377445200241
 9.936013430566756e-05
 0.00040174561405504
 3.642173883755128e-06
 7.149192420064055e-06
 0.0007676360531937652
 0.0005265955044410689
 9.453547789390339e-07
 0.0001939227824694878
 1.01316527089127e-05
 0.0283377445200241
 9.936013430566756e-05
 0.00040174561405504
 5.567524126988889e-05
 7.149192420064055e-06
 0.0007676360531937652
 0.0283377445200241
 9.453547789390339e-07
 0.0001939227824694878
 1.01316527089127e-05
 0.0283377445200241
 9.936013430566756e-05
 0.0009641188414248493
 5.567524126988889e-05
 7.149192420064055e-06
 0.0007676360531937652
 0.0283377445200241
 0
 0.002960770826011618
 0.0002026432204587004
 0.0283377445200241
 9.936013430566756e-05
 0.0009641188414248493
 0.002960770826011618
 7.149192420064055e-06
 0.0007676360531937652
 0.0283377445200241
 0
 0.002960770826011618
 1.01316527089127e-05
 0
 0
 0.0009641188414248493
 0.002960770826011618
 0
 0
 0.0283377445200241
 0
 0.002960770826011618
 1.01316527089127e-05
 0
 0
 0.0009641188414248493
 0.002960770826011618
 0
 0
 0.0283377445200241
 0
 0.0283377445200241
 0.0002026432204587004
 0
 0
 0.0283377445200241
 0.002960770826011618
 0
 0
 0.0283377445200241
 0
 0.0283377445200241
 0.0002026432204587004
 0
 0
 0.0283377445200241
 0.0283377445200241
 0
 0
 0.0283377445200241
 0
 0.0283377445200241
 0.0002026432204587004
 0
 0
 0.0283377445200241
 0.002960770826011618
 0
 0
 0
 0
 0.0283377445200241
 0.0002026432204587004
 0
 0
 0.0283377445200241
 0.002960770826011618
 0
 0
 0
 0
 0.0283377445200241
 0.0002026432204587004
 0
 0
 0.0283377445200241
 0.0283377445200241
 0
 0
 0
 0
 0.0283377445200241
 0.0002026432204587004
 0
 0
 0.0283377445200241
 0.0283377445200241
 0
 0
 0
 0
 0.0283377445200241
 0.0002026432204587004
 0
 0
 0.0283377445200241
 0.0283377445200241
 0
 0
 0
 0
 0
 0
 0
 0
 0
 0.0283377445200241
 0
 0
 0
 0
 0
 0
 0
 0
 0
 0.0283377445200241
 0
 0
 0
 0
 0
 0
 0
 0
 0
 0.0283377445200241
 0
 0
 0
 0
 0
 0
 0
 0
 0
 0.0283377445200241
 0
 0
 0
 0
 0
 0
 0
 0
 0
 0
 0
 0
 0
 0
 0
 0
 0
 0
 0
 0
 0
 0
 0
 0
 0
 0
 0
 0
 0
 0
 0
 0
 0
 0
 0
 0
 0
 0
 0
 0
 0
 0
 0
 0
 0
 0
 0
 0
 0
 0
 0
 0
 0
 0
 0
 0
