# Created by Octave 3.2.4, Mon Feb 04 07:47:08 2013 EST <rbom@zaphod>
# name: small_First_Fit
# type: matrix
# ndims: 3
 1 10 30
 3.333862918497293e-21
 1.839664197402725e-19
 9.099061208577582e-16
 3.212465593195994e-14
 2.002843257330044e-13
 1.309194843238227e-14
 5.14630512383161e-13
 1.271318705461037e-11
 5.940526650417334e-17
 6.650766945055478e-16
 6.821102532772821e-17
 4.18689068147921e-13
 3.132422331570766e-09
 2.513352140848539e-12
 9.610440229535151e-10
 2.517911375600038e-12
 3.396355708943937e-11
 2.401913566091663e-09
 4.488682566549502e-13
 2.511672187787752e-13
 3.846142123419334e-15
 6.933357153246416e-11
 3.132422331570766e-09
 2.513352140848539e-12
 9.610440229535151e-10
 3.888182539858753e-09
 1.549620890576409e-09
 3.783981186011185e-08
 7.184229805760027e-10
 3.056829211889445e-11
 1.883641187556609e-13
 5.783482479485059e-08
 3.17077242643737e-06
 6.190106482578947e-10
 8.638227069058834e-07
 2.401626043699769e-06
 3.573580664354027e-08
 3.783981186011185e-08
 4.643162162694549e-08
 1.058542635470301e-09
 3.83127733349762e-12
 1.56586397865942e-05
 3.17077242643737e-06
 6.190106482578947e-10
 0.0002054573368641015
 0.002329255437987354
 1.757989842876542e-06
 3.946723847427179e-06
 5.593007969477929e-07
 1.058542635470301e-09
 1.559187592627463e-09
 0.0002622798506893719
 3.17077242643737e-06
 4.630090262768154e-06
 0.0002054573368641015
 0.002329255437987354
 5.116907862337396e-05
 5.916442663140341e-05
 3.560611332772272e-06
 1.254586395550876e-08
 8.469016841151874e-08
 0.0002622798506893719
 3.17077242643737e-06
 4.630090262768154e-06
 0.0002054573368641015
 0.002329255437987354
 0.0002810807079069815
 5.916442663140341e-05
 2.162611791903208e-05
 1.254586395550876e-08
 0.0002645393445776229
 0.0002622798506893719
 0.000131533322894808
 0.0001879118907317278
 0.0002054573368641015
 0.002329255437987354
 0.0002810807079069815
 5.916442663140341e-05
 2.162611791903208e-05
 1.615334471199103e-06
 0.0002645393445776229
 0.0002622798506893719
 0.001214454912026912
 0.0001879118907317278
 0.0002054573368641015
 0.002329255437987354
 0.0002810807079069815
 0.002329255437987354
 2.162611791903208e-05
 1.615334471199103e-06
 0.0002645393445776229
 0.0002622798506893719
 0.001214454912026912
 0.0001879118907317278
 0.0002054573368641015
 0.002329255437987354
 0.0002810807079069815
 0.002329255437987354
 2.162611791903208e-05
 0.0002645393445776229
 0.002329255437987354
 0.0002622798506893719
 0.001214454912026912
 0.0001879118907317278
 0.0002054573368641015
 0.002329255437987354
 0.0002810807079069815
 0.002329255437987354
 6.979359581442167e-05
 0.0002645393445776229
 0.002329255437987354
 0.0002622798506893719
 0.001214454912026912
 0.0001879118907317278
 0.0002054573368641015
 0.002329255437987354
 0.0002810807079069815
 0.002329255437987354
 2.162611791903208e-05
 0.002329255437987354
 0.002329255437987354
 0.0002622798506893719
 0.001214454912026912
 0.0004822750100622814
 0.0002054573368641015
 0.002329255437987354
 0.0002810807079069815
 0.002329255437987354
 6.979359581442167e-05
 0.002329255437987354
 0.002329255437987354
 0.0002622798506893719
 0.001214454912026912
 0.0004822750100622814
 0.0002054573368641015
 0.002329255437987354
 0.0002810807079069815
 0.002329255437987354
 6.979359581442167e-05
 0.002329255437987354
 0.002329255437987354
 0.0002622798506893719
 0.001214454912026912
 0.0004822750100622814
 0.0002054573368641015
 0.002329255437987354
 0.0002810807079069815
 0.002329255437987354
 6.979359581442167e-05
 0.002329255437987354
 0.002329255437987354
 0.0002622798506893719
 0.001214454912026912
 0.0004822750100622814
 0.0002054573368641015
 0.002329255437987354
 0.0002810807079069815
 0.002329255437987354
 6.979359581442167e-05
 0.002329255437987354
 0.002329255437987354
 0.0002622798506893719
 0.001214454912026912
 0.0004822750100622814
 0.0002054573368641015
 0.002329255437987354
 0.0002810807079069815
 0.002329255437987354
 6.979359581442167e-05
 0.002329255437987354
 0.002329255437987354
 0.0002622798506893719
 0.001214454912026912
 0.0004822750100622814
 0.0002054573368641015
 0.002329255437987354
 0.0002810807079069815
 0.002329255437987354
 6.979359581442167e-05
 0.002329255437987354
 0.002329255437987354
 0.0002622798506893719
 0.001214454912026912
 0.0004822750100622814
 0.0002054573368641015
 0.002329255437987354
 0.0002810807079069815
 0.002329255437987354
 0.0004551128417705367
 0.002329255437987354
 0.002329255437987354
 0.0002622798506893719
 0.001214454912026912
 0.0004822750100622814
 0.0002054573368641015
 0.002329255437987354
 0.0002810807079069815
 0.002329255437987354
 0.0004551128417705367
 0.002329255437987354
 0.002329255437987354
 0.0002622798506893719
 0.001214454912026912
 0.0004822750100622814
 0.0002054573368641015
 0.002329255437987354
 0.0002810807079069815
 0.002329255437987354
 0.0004551128417705367
 0.002329255437987354
 0.002329255437987354
 0.0002622798506893719
 0.001214454912026912
 0.0004822750100622814
 0.0002054573368641015
 0.002329255437987354
 0.0002810807079069815
 0.002329255437987354
 0.0004551128417705367
 0.002329255437987354
 0.002329255437987354
 0.0002622798506893719
 0.001214454912026912
 0.0004822750100622814
 0.0002054573368641015
 0.002329255437987354
 0.0002810807079069815
 0.002329255437987354
 0.0004551128417705367
 0.002329255437987354
 0.002329255437987354
 0.0002622798506893719
 0.001214454912026912
 0.0004822750100622814
 0.0002054573368641015
 0.002329255437987354
 0.0002810807079069815
 0.002329255437987354
 0.0004551128417705367
 0.002329255437987354
 0.002329255437987354
 0.0002622798506893719
 0.001214454912026912
 0.0004822750100622814
 0.0002054573368641015
 0.002329255437987354
 0.0002810807079069815
 0.002329255437987354
 0.0004551128417705367
 0.002329255437987354
 0.002329255437987354
 0.0002622798506893719
 0.001214454912026912
 0.0004822750100622814
 0.0002054573368641015
 0.002329255437987354
 0.0002810807079069815
 0.002329255437987354
 0.0004551128417705367
 0.002329255437987354
 0.002329255437987354
 0.0002622798506893719
 0.001214454912026912
 0.0004822750100622814
 0.0002054573368641015
 0.002329255437987354
 0.0002810807079069815
 0.002329255437987354
 0.0004551128417705367
 0.002329255437987354
 0.002329255437987354
 0.0002622798506893719
 0.001214454912026912
 0.0004822750100622814
 0.0002054573368641015
 0.002329255437987354
 0.0002810807079069815
 0.002329255437987354
 0.0004551128417705367
 0.002329255437987354
 0.002329255437987354
 0.0002622798506893719
 0.001214454912026912
 0.0004822750100622814
 0.0002054573368641015
 0.002329255437987354
 0.0002810807079069815
 0.002329255437987354
 0.001214454912026912
 0.002329255437987354
 0.002329255437987354
 0.0002622798506893719
 0.001214454912026912
 0.0004822750100622814
 0.0002054573368641015
 0.002329255437987354
 0.0002810807079069815
 0.002329255437987354
 0.001214454912026912
 0.002329255437987354
