# Created by Octave 3.2.4, Mon Feb 04 12:34:50 2013 EST <rbom@zaphod>
# name: small_First_Fit
# type: matrix
# ndims: 3
 1 10 30
 1.968749523203946e-13
 1.377830027028106e-11
 5.260978547668846e-15
 8.337283407876575e-16
 4.978324434606469e-17
 6.426478069237728e-14
 1.216444028805875e-14
 7.555588966367646e-18
 1.602143713821369e-17
 4.588143576411015e-17
 4.534778441697874e-12
 5.990681513944416e-09
 5.094617628485054e-11
 4.581592886870557e-13
 8.032250021005902e-15
 6.426478069237728e-14
 4.486104856958938e-12
 1.720311495283859e-14
 9.431772988131764e-13
 4.588143576411015e-17
 1.535355268257248e-11
 5.990681513944416e-09
 4.798095998919529e-09
 1.499521410195377e-09
 1.775140107089981e-14
 6.426478069237728e-14
 7.215511995326582e-10
 1.12315157477341e-12
 1.642638138193094e-09
 5.580389094251036e-15
 1.535355268257248e-11
 5.990681513944416e-09
 3.026548061594506e-06
 1.499521410195377e-09
 2.677197839780509e-12
 2.221507447584865e-11
 7.215511995326582e-10
 3.245522323537921e-11
 6.394924501980938e-08
 5.273288460585633e-13
 3.508869968318172e-10
 5.990681513944416e-09
 0.0002849854019896485
 1.499521410195377e-09
 3.807286821568459e-11
 2.221507447584865e-11
 7.215511995326582e-10
 3.40686953761707e-09
 6.394924501980938e-08
 2.338330176772949e-11
 2.63251162806779e-08
 6.028656321659102e-07
 0.006833488150171826
 1.499521410195377e-09
 7.541557387926991e-09
 2.221507447584865e-11
 7.215511995326582e-10
 3.40686953761707e-09
 6.394924501980938e-08
 9.043464560303304e-10
 3.582178066100292e-07
 5.693244060243555e-05
 0.006833488150171826
 3.844209471448646e-08
 5.155701107658794e-07
 3.377468246862481e-10
 3.037222233949188e-08
 3.40686953761707e-09
 6.394924501980938e-08
 1.286205314616318e-06
 3.582178066100292e-07
 5.693244060243555e-05
 0.006833488150171826
 2.047990823049169e-06
 5.155701107658794e-07
 3.377468246862481e-10
 3.037222233949188e-08
 1.082423362852726e-06
 6.394924501980938e-08
 1.286205314616318e-06
 0.0008242325551538228
 0.006833488150171826
 0.006833488150171826
 2.474527122451194e-06
 7.257269137698887e-05
 1.062958602873396e-06
 1.131354565656836e-07
 2.117285919444943e-05
 6.394924501980938e-08
 1.286205314616318e-06
 0.0008242325551538228
 0.006833488150171826
 0.006833488150171826
 1.820413749679895e-05
 0.006833488150171826
 1.809222368289848e-05
 1.131354565656836e-07
 2.117285919444943e-05
 6.394924501980938e-08
 2.771005636194658e-05
 0.0008242325551538228
 0.006833488150171826
 0.006833488150171826
 1.820413749679895e-05
 0.006833488150171826
 2.325010629798952e-05
 1.131354565656836e-07
 2.117285919444943e-05
 0
 2.771005636194658e-05
 0.0008242325551538228
 0.006833488150171826
 0.006833488150171826
 2.495446995582843e-05
 0.006833488150171826
 2.325010629798952e-05
 0.000424751681883858
 2.117285919444943e-05
 0
 2.771005636194658e-05
 0.0008242325551538228
 0.006833488150171826
 0
 2.495446995582843e-05
 0.006833488150171826
 1.809222368289848e-05
 0.006833488150171826
 2.117285919444943e-05
 0
 0.0002099983875856243
 0.0008242325551538228
 0.006833488150171826
 0
 2.495446995582843e-05
 0.006833488150171826
 1.809222368289848e-05
 0.006833488150171826
 2.117285919444943e-05
 0
 0.0002099983875856243
 0.0008242325551538228
 0.006833488150171826
 0
 2.495446995582843e-05
 0.006833488150171826
 0.0002099983875856243
 0.006833488150171826
 2.117285919444943e-05
 0
 0.0002099983875856243
 0
 0
 0
 2.495446995582843e-05
 0.006833488150171826
 0.0002099983875856243
 0.006833488150171826
 0
 0
 0.0002099983875856243
 0
 0
 0
 2.495446995582843e-05
 0
 0.0002099983875856243
 0.006833488150171826
 0
 0
 0.0002099983875856243
 0
 0
 0
 2.495446995582843e-05
 0
 0.0002099983875856243
 0.006833488150171826
 0
 0
 0.0002099983875856243
 0
 0
 0
 0
 0
 0.0002099983875856243
 0.006833488150171826
 0
 0
 0.0002315489481807285
 0
 0
 0
 0
 0
 0.0002099983875856243
 0
 0
 0
 0.0002099983875856243
 0
 0
 0
 0
 0
 0.0002099983875856243
 0
 0
 0
 0.0002099983875856243
 0
 0
 0
 0
 0
 0
 0
 0
 0
 0.0002099983875856243
 0
 0
 0
 0
 0
 0
 0
 0
 0
 0.0002099983875856243
 0
 0
 0
 0
 0
 0
 0
 0
 0
 0.0002099983875856243
 0
 0
 0
 0
 0
 0
 0
 0
 0
 0.0002099983875856243
 0
 0
 0
 0
 0
 0
 0
 0
 0
 0
 0
 0
 0
 0
 0
 0
 0
 0
 0
 0
 0
 0
 0
 0
 0
 0
 0
 0
 0
 0
 0
 0
 0
 0
 0
 0
 0
 0
 0
 0
 0
 0
 0
 0
 0
 0
 0
 0
 0
 0
