# Created by Octave 3.2.4, Wed Feb 06 00:30:52 2013 EST <rbom@zaphod>
# name: small_First_Fit
# type: matrix
# ndims: 3
 1 10 30
 3.604620928687991e-09
 9.164140699461556e-10
 4.470133772587982e-12
 1.321716080908276e-09
 1.034887303502211e-09
 1.121441197820528e-10
 3.429834910311872e-12
 4.000843462961699e-12
 7.67204005941295e-11
 2.397416820172837e-10
 3.604620928687991e-09
 8.479031230794773e-07
 5.354518212475138e-10
 7.180834865922129e-07
 5.124951640606009e-08
 8.29806124227156e-09
 1.467357734063742e-09
 2.667729402400217e-09
 7.643362734716892e-09
 4.239330314755427e-09
 1.733904736639388e-07
 3.598999155954785e-05
 4.818865958393242e-07
 2.610788565833915e-05
 1.12596868467919e-05
 4.486893498933196e-08
 2.684251536225054e-08
 9.477280286483239e-08
 2.509250052264525e-06
 4.239330314755427e-09
 7.985641365759515e-06
 3.598999155954785e-05
 1.396855653843794e-05
 2.610788565833915e-05
 1.12596868467919e-05
 4.486893498933196e-08
 2.684251536225054e-08
 9.477280286483239e-08
 6.782908041891737e-06
 5.355076374298302e-08
 9.462247438087057e-05
 0.01170648879283988
 0.0003986778703424418
 0.0003201593844151341
 1.835116066961172e-05
 2.126779241269467e-06
 2.36885066689135e-06
 1.382174563880956e-06
 6.782908041891737e-06
 5.355076374298302e-08
 9.462247438087057e-05
 0.01908618973150476
 0.0003986778703424418
 0.0004043482269392281
 1.12596868467919e-05
 3.138919740788521e-05
 2.36885066689135e-06
 7.751543797183448e-06
 6.782908041891737e-06
 1.937512259221961e-06
 0.003402048218217569
 0.01908618973150476
 0.0005861969581951121
 0.0004043482269392281
 0.0001013638627111195
 3.138919740788521e-05
 2.36885066689135e-06
 0.001568320049173919
 9.515432327763904e-05
 2.779765729316464e-05
 0.01908618973150476
 0.01908618973150476
 0.0005861969581951121
 0.0009600746369821732
 1.835116066961172e-05
 3.138919740788521e-05
 2.515435069404263e-05
 0.001568320049173919
 9.515432327763904e-05
 2.779765729316464e-05
 0.01908618973150476
 0.01908618973150476
 0.008749240361834724
 0.002707265577987605
 0.0001738630357677078
 0.0001454462474289956
 3.836162670292662e-05
 0.001568320049173919
 0.0009360280265575049
 0.0001162890470987399
 0.01908618973150476
 0.01908618973150476
 0.008749240361834724
 0.002707265577987605
 0.0001738630357677078
 0.0001454462474289956
 0.0002248563222918919
 0.001568320049173919
 0.0009360280265575049
 0.0001162890470987399
 0.01908618973150476
 0.01908618973150476
 0.008749240361834724
 0.008749240361834724
 0.001042347804894386
 0.0001454462474289956
 0.0004043482269392281
 0.006469383352775643
 0.0009360280265575049
 0.0001162890470987399
 0.01908618973150476
 0.01908618973150476
 0.01625154491269491
 0.008749240361834724
 0.001042347804894386
 0.0007471973920059735
 0.002052092612875748
 0.006469383352775643
 0.0009360280265575049
 0.0004630321754264488
 0.01908618973150476
 0
 0.008749240361834724
 0.008749240361834724
 0.001042347804894386
 0.0007471973920059735
 0.002052092612875748
 0.006469383352775643
 0.0009360280265575049
 0.0004630321754264488
 0.01908618973150476
 0
 0.01908618973150476
 0.008749240361834724
 0.001042347804894386
 0.0007471973920059735
 0.002052092612875748
 0.006469383352775643
 0.0009360280265575049
 0.004629298474644402
 0
 0
 0.008749240361834724
 0.008749240361834724
 0.001042347804894386
 0.009166413823839861
 0.002052092612875748
 0.006469383352775643
 0.003078760724272914
 0.0004630321754264488
 0
 0
 0.01625154491269491
 0.008749240361834724
 0.001042347804894386
 0.009166413823839861
 0.002052092612875748
 0.006469383352775643
 0.003078760724272914
 0.0004630321754264488
 0
 0
 0.01625154491269491
 0.008749240361834724
 0.001042347804894386
 0.009166413823839861
 0.002052092612875748
 0.006469383352775643
 0.003078760724272914
 0.004629298474644402
 0
 0
 0.008749240361834724
 0
 0
 0.009166413823839861
 0.002052092612875748
 0
 0.003078760724272914
 0.004629298474644402
 0
 0
 0.008749240361834724
 0
 0
 0.009166413823839861
 0
 0
 0.003078760724272914
 0.006532551945188281
 0
 0
 0.008749240361834724
 0
 0
 0.009166413823839861
 0
 0
 0.003078760724272914
 0.006532551945188281
 0
 0
 0.008749240361834724
 0
 0
 0.009166413823839861
 0
 0
 0.01908618973150476
 0.006532551945188281
 0
 0
 0.01625154491269491
 0
 0
 0
 0
 0
 0.01908618973150476
 0.006532551945188281
 0
 0
 0.008749240361834724
 0
 0
 0
 0
 0
 0.01908618973150476
 0.006532551945188281
 0
 0
 0.008749240361834724
 0
 0
 0
 0
 0
 0.01908618973150476
 0.006532551945188281
 0
 0
 0.008749240361834724
 0
 0
 0
 0
 0
 0.01908618973150476
 0.006532551945188281
 0
 0
 0.01625154491269491
 0
 0
 0
 0
 0
 0.01908618973150476
 0
 0
 0
 0.01625154491269491
 0
 0
 0
 0
 0
 0.01908618973150476
 0
 0
 0
 0.01625154491269491
 0
 0
 0
 0
 0
 0
 0
 0
 0
 0.01625154491269491
 0
 0
 0
 0
 0
 0
 0
 0
 0
 0.01625154491269491
 0
 0
 0
 0
 0
 0
 0
