# Created by Octave 3.2.4, Tue Feb 05 16:52:56 2013 EST <rbom@zaphod>
# name: small_First_Fit
# type: matrix
# ndims: 3
 1 10 30
 9.432509687149357e-11
 7.170662347414428e-09
 1.49421441367315e-12
 4.184021931114795e-12
 1.385461495377689e-12
 6.250225902512545e-13
 1.221955348303899e-11
 5.331192143776244e-10
 7.195358602334463e-12
 7.809671792397775e-12
 1.06178213840771e-09
 7.170662347414428e-09
 1.506240750522118e-09
 3.92536451471779e-11
 1.435050531508104e-10
 8.238154790154071e-08
 1.395238423586483e-10
 8.255341564031707e-08
 3.894806612861978e-10
 6.240176956872904e-08
 1.356047913454037e-08
 1.687621754049009e-07
 2.180910751642243e-07
 3.92536451471779e-11
 7.011010552305972e-09
 1.590346242189061e-06
 4.152230584349196e-09
 7.631322041246797e-07
 4.822124699317483e-09
 2.399680940523924e-07
 1.48263311709207e-07
 1.687621754049009e-07
 6.52146763415539e-06
 2.463292414856397e-10
 7.011010552305972e-09
 1.590346242189061e-06
 1.781909561946665e-06
 7.631322041246797e-07
 2.395065555714373e-07
 2.399680940523924e-07
 2.592451324506077e-06
 0.0001461526719191564
 6.52146763415539e-06
 2.222330822402375e-09
 1.297127251216464e-05
 2.542712658910434e-05
 1.781909561946665e-06
 8.020995427089057e-06
 2.395065555714373e-07
 0.0001520365793987306
 2.592451324506077e-06
 0.001843707899022612
 6.52146763415539e-06
 5.293893731053729e-08
 1.297127251216464e-05
 2.542712658910434e-05
 3.112411045653589e-05
 8.020995427089057e-06
 1.069890519790648e-06
 0.02142211544249215
 0.0003428364441378988
 0.001843707899022612
 0.001068187423431319
 2.907259808808931e-05
 0.0002257908650283261
 2.542712658910434e-05
 3.112411045653589e-05
 8.020995427089057e-06
 9.122276790738155e-06
 0.02142211544249215
 0.003285624176301192
 0.001843707899022612
 0.001068187423431319
 0.003345453920716222
 0.0002661439870037832
 2.542712658910434e-05
 3.112411045653589e-05
 0.0009630953909288507
 0.009796907127777576
 0.02142211544249215
 0.003285624176301192
 0.001843707899022612
 0.001068187423431319
 0.004500557558345533
 0.004455858682557716
 0.001240941921888885
 0.0001155583055970858
 0.004456587197512924
 0.009796907127777576
 0.02142211544249215
 0.003285624176301192
 0.001843707899022612
 0.001068187423431319
 0.003345453920716222
 0.004455858682557716
 0.001240941921888885
 0.0006445388958473604
 0.004456587197512924
 0.009796907127777576
 0.02142211544249215
 0.003292280926582516
 0.002078184390743829
 0.006801363959053082
 0.003345453920716222
 0.004455858682557716
 0.02142211544249215
 0.0006445388958473604
 0.004456587197512924
 0.009796907127777576
 0.02630473474068193
 0.003285624176301192
 0.002078184390743829
 0.001068187423431319
 0.003345453920716222
 0.004455858682557716
 0.02142211544249215
 0.0006445388958473604
 0.004456587197512924
 0.009796907127777576
 0.02142211544249215
 0.003285624176301192
 0.002078184390743829
 0.001068187423431319
 0.003345453920716222
 0.004455858682557716
 0.02630473474068193
 0.0006445388958473604
 0.004456587197512924
 0.009796907127777576
 0.02142211544249215
 0.003292280926582516
 0.002078184390743829
 0.001440380009260861
 0.003345453920716222
 0.004455858682557716
 0.02630473474068193
 0.0006445388958473604
 0.004456587197512924
 0.009796907127777576
 0.02142211544249215
 0.003285624176301192
 0.002078184390743829
 0.006801363959053082
 0.003345453920716222
 0.004455858682557716
 0.02630473474068193
 0.0006445388958473604
 0.004456587197512924
 0
 0.02142211544249215
 0.003285624176301192
 0.002078184390743829
 0.006801363959053082
 0
 0
 0.02630473474068193
 0.0006445388958473604
 0
 0
 0.02630473474068193
 0.003292280926582516
 0.002078184390743829
 0.006801363959053082
 0
 0
 0.02630473474068193
 0
 0
 0
 0.02630473474068193
 0.003285624176301192
 0
 0.02099859227487445
 0
 0
 0.02630473474068193
 0
 0
 0
 0.02142211544249215
 0.003285624176301192
 0
 0.02099859227487445
 0
 0
 0.02630473474068193
 0
 0
 0
 0.02142211544249215
 0.003285624176301192
 0
 0.02099859227487445
 0
 0
 0
 0
 0
 0
 0.02142211544249215
 0.003292280926582516
 0
 0.02099859227487445
 0
 0
 0
 0
 0
 0
 0.02142211544249215
 0.003292280926582516
 0
 0.0469258219817407
 0
 0
 0
 0
 0
 0
 0.02142211544249215
 0.003292280926582516
 0
 0.0469258219817407
 0
 0
 0
 0
 0
 0
 0
 0.003292280926582516
 0
 0.0469258219817407
 0
 0
 0
 0
 0
 0
 0
 0.003292280926582516
 0
 0.0469258219817407
 0
 0
 0
 0
 0
 0
 0
 0.003292280926582516
 0
 0.0469258219817407
 0
 0
 0
 0
 0
 0
 0
 0.003292280926582516
 0
 0.0469258219817407
 0
 0
 0
 0
 0
 0
 0
 0
 0
 0.0469258219817407
 0
 0
 0
 0
 0
 0
 0
 0
 0
 0
 0
 0
 0
 0
 0
 0
 0
 0
 0
 0
 0
 0
 0
 0
 0
 0
 0
