# Created by Octave 3.2.4, Thu Feb 07 09:28:06 2013 EST <rbom@zaphod>
# name: small_First_Fit
# type: matrix
# ndims: 3
 1 10 30
 6.775607114825807e-13
 8.301712764572152e-13
 2.123100454637238e-15
 1.868186019098685e-16
 6.878452878507623e-16
 4.945033979742859e-11
 1.341781235096556e-14
 1.476554562233047e-13
 5.54279672671175e-12
 1.442755196255001e-19
 1.403351571894984e-10
 2.934030700801144e-11
 5.308431757177404e-12
 2.475922179387804e-14
 1.163128549234472e-13
 4.142922395519972e-09
 1.804509854819614e-06
 1.476554562233047e-13
 8.599299784892623e-10
 2.486189838467138e-15
 3.577976204553707e-08
 2.457464449343827e-09
 2.178685730010776e-09
 1.759874454112258e-10
 7.454208865178441e-08
 3.521142306853389e-06
 1.804509854819614e-06
 3.121589299999562e-11
 2.083628546523931e-07
 3.184250419366052e-13
 3.577976204553707e-08
 1.036546418346003e-06
 2.302202074561736e-05
 1.472076746545951e-09
 7.454208865178441e-08
 3.521142306853389e-06
 1.804509854819614e-06
 3.113300238633101e-07
 6.808046793820516e-05
 2.178002107067392e-10
 3.577976204553707e-08
 0.0001331000246306438
 5.584740203691143e-05
 6.563839038879916e-09
 7.177764302642841e-07
 0.001245847721249746
 1.804509854819614e-06
 7.955904835303136e-07
 6.808046793820516e-05
 4.7718465528526e-08
 3.113414138148655e-05
 0.008673188973640087
 5.584740203691143e-05
 5.374780470383234e-08
 7.177764302642841e-07
 0.001245847721249746
 1.804509854819614e-06
 9.807459684525504e-06
 6.808046793820516e-05
 4.7718465528526e-08
 0.004641862370140781
 0.008673188973640087
 2.302202074561736e-05
 5.374780470383234e-08
 7.177764302642841e-07
 0.01217765409472499
 1.804509854819614e-06
 0.0001113794481079235
 0.004641862370140781
 4.599147708180399e-07
 0.004641862370140781
 0.07822092322541213
 2.302202074561736e-05
 5.145157344949595e-07
 0.0002827647038511854
 0.01217765409472499
 0.0001115321384097731
 0.0001113794481079235
 0.004641862370140781
 3.091202577027929e-06
 0.004641862370140781
 0.07822092322541213
 8.02895512567613e-05
 5.145157344949595e-07
 0.0002827647038511854
 0.01217765409472499
 0.0001115321384097731
 0.0001113794481079235
 0.004641862370140781
 2.075552322846792e-05
 0.004641862370140781
 0.07822092322541213
 8.02895512567613e-05
 4.551581340192806e-06
 0.0002827647038511854
 0.01217765409472499
 0.07822092322541213
 0.0001113794481079235
 0.004641862370140781
 0.00139467206910199
 0.004641862370140781
 0.07822092322541213
 8.02895512567613e-05
 4.551581340192806e-06
 0.0002827647038511854
 0.01217765409472499
 0.07822092322541213
 0.009599594603928886
 0.004641862370140781
 0.00139467206910199
 0.004641862370140781
 0.07822092322541213
 8.02895512567613e-05
 4.551581340192806e-06
 0.0002827647038511854
 0.01217765409472499
 0.07822092322541213
 0.009599594603928886
 0.004641862370140781
 0.00139467206910199
 0.004641862370140781
 0.07822092322541213
 8.02895512567613e-05
 1.779213823519814e-05
 0.0002827647038511854
 0.07822092322541213
 0.07822092322541213
 0.009599594603928886
 0.004641862370140781
 0.00139467206910199
 0
 0.07822092322541213
 0.0001388972883152925
 1.779213823519814e-05
 0.000607783444280561
 0.07822092322541213
 0.07822092322541213
 0.07822092322541213
 0
 0.00139467206910199
 0
 0
 0.001318431555139068
 1.779213823519814e-05
 0.000607783444280561
 0.07822092322541213
 0.07822092322541213
 0.07822092322541213
 0
 0.00139467206910199
 0
 0
 0.001318431555139068
 1.779213823519814e-05
 0.000607783444280561
 0.07822092322541213
 0.07822092322541213
 0.07822092322541213
 0
 0.00139467206910199
 0
 0
 0.001318431555139068
 1.779213823519814e-05
 0.000607783444280561
 0.07822092322541213
 0
 0.07822092322541213
 0
 0
 0
 0
 0.001318431555139068
 0.001318431555139068
 0.000607783444280561
 0.07822092322541213
 0
 0.07822092322541213
 0
 0
 0
 0
 0.001318431555139068
 0.001318431555139068
 0.000607783444280561
 0.07822092322541213
 0
 0.07822092322541213
 0
 0
 0
 0
 0.001318431555139068
 0.07822092322541213
 0.000607783444280561
 0
 0
 0.07822092322541213
 0
 0
 0
 0
 0.001318431555139068
 0.07822092322541213
 0
 0
 0
 0
 0
 0
 0
 0
 0
 0.07822092322541213
 0
 0
 0
 0
 0
 0
 0
 0
 0
 0.07822092322541213
 0
 0
 0
 0
 0
 0
 0
 0
 0
 0.07822092322541213
 0
 0
 0
 0
 0
 0
 0
 0
 0
 0.07822092322541213
 0
 0
 0
 0
 0
 0
 0
 0
 0
 0.07822092322541213
 0
 0
 0
 0
 0
 0
 0
 0
 0
 0
 0
 0
 0
 0
 0
 0
 0
 0
 0
 0
 0
 0
 0
 0
 0
 0
 0
 0
 0
 0
 0
 0
 0
 0
 0
 0
 0
 0
 0
 0
 0
 0
 0
 0
 0
 0
