# Created by Octave 3.2.4, Wed Feb 06 23:49:40 2013 EST <rbom@zaphod>
# name: small_First_Fit
# type: matrix
# ndims: 3
 1 10 30
 1.084060988033967e-17
 9.948284060330399e-18
 1.998474516091296e-15
 1.906437277774559e-12
 3.097353129772113e-19
 1.716188794224757e-17
 6.760861158223535e-17
 2.803146054051975e-19
 1.254642859980655e-12
 1.664680890182616e-16
 2.666156752798275e-13
 2.02575790249958e-15
 1.998474516091296e-15
 2.871886079726435e-10
 2.659456539241014e-16
 3.896408135583991e-14
 3.275260373948027e-14
 3.315721966709415e-16
 1.047888221764371e-11
 1.549029964377584e-14
 2.316373883107007e-12
 2.02575790249958e-15
 1.144233564017287e-10
 2.871886079726435e-10
 1.049675281916652e-13
 4.821035337320189e-10
 3.275260373948027e-14
 1.785686133330776e-13
 5.289029276034701e-11
 1.126674302957188e-12
 2.254635084603004e-10
 2.02575790249958e-15
 1.144233564017287e-10
 2.320162955578081e-07
 4.940677921805093e-09
 5.098786147102856e-08
 7.502417443869524e-10
 9.578873831099309e-12
 2.408218140207406e-08
 6.084096069008502e-11
 3.477710425358868e-08
 1.10612097594861e-11
 1.917100348207148e-08
 2.320162955578081e-07
 4.940677921805093e-09
 1.033924997250727e-05
 4.116576126511144e-08
 4.324076670842796e-09
 2.408218140207406e-08
 6.084096069008502e-11
 3.477710425358868e-08
 6.601600986205601e-08
 1.917100348207148e-08
 2.320162955578081e-07
 1.795018895701208e-06
 1.033924997250727e-05
 7.934982149379051e-08
 5.779412483151424e-08
 4.407946471676805e-07
 1.191783978057066e-06
 3.477710425358868e-08
 1.945658139942956e-05
 2.442423844249274e-07
 2.320162955578081e-07
 9.592442531932238e-05
 1.033924997250727e-05
 4.353919460062105e-06
 5.779412483151424e-08
 1.0297660780984e-06
 1.191783978057066e-06
 1.353461155244714e-05
 1.945658139942956e-05
 1.024522001000169e-06
 2.320162955578081e-07
 9.592442531932238e-05
 1.033924997250727e-05
 4.353919460062105e-06
 5.779412483151424e-08
 1.647587828169474e-05
 0.0001276857724125442
 0.0002872541366096323
 0.0001173209288743364
 1.30312127405176e-05
 0.0001173209288743364
 9.592442531932238e-05
 1.033924997250727e-05
 7.437866436995916e-05
 5.779412483151424e-08
 0.0003741210062471146
 0.0001276857724125442
 0.0002872541366096323
 0.0001173209288743364
 0.01996050340813326
 0.0001173209288743364
 9.592442531932238e-05
 1.033924997250727e-05
 7.437866436995916e-05
 5.779412483151424e-08
 0.0003741210062471146
 0.0001276857724125442
 0.0007649631446392277
 0.008154140028958642
 0.01996050340813326
 0.0001173209288743364
 9.592442531932238e-05
 1.033924997250727e-05
 0.00271699487317139
 5.779412483151424e-08
 0.0003741210062471146
 0.0001276857724125442
 0.001286811836938487
 0.008154140028958642
 0.01996050340813326
 0.0001173209288743364
 9.592442531932238e-05
 0
 0.00271699487317139
 5.779412483151424e-08
 0.0003741210062471146
 0.0001276857724125442
 0.001286811836938487
 0.008154140028958642
 0.01996050340813326
 0.0001173209288743364
 9.592442531932238e-05
 0
 0.00271699487317139
 0
 0.0003741210062471146
 0.0002579110334769825
 0.001286811836938487
 0.008154140028958642
 0.01996050340813326
 0.0001173209288743364
 0
 0
 0.01996050340813326
 0
 0.0003741210062471146
 0.008154140028958642
 0.001286811836938487
 0.008154140028958642
 0.01996050340813326
 0.0001173209288743364
 0
 0
 0.01996050340813326
 0
 0.0003741210062471146
 0.008154140028958642
 0.008154140028958642
 0.008154140028958642
 0.01996050340813326
 0
 0
 0
 0.01996050340813326
 0
 0
 0.008154140028958642
 0.008154140028958642
 0.008154140028958642
 0
 0
 0
 0
 0.01996050340813326
 0
 0
 0.008154140028958642
 0.008154140028958642
 0
 0
 0
 0
 0
 0.01996050340813326
 0
 0
 0.008154140028958642
 0.008154140028958642
 0
 0
 0
 0
 0
 0.01996050340813326
 0
 0
 0.008154140028958642
 0.008154140028958642
 0
 0
 0
 0
 0
 0.01996050340813326
 0
 0
 0.008154140028958642
 0.008154140028958642
 0
 0
 0
 0
 0
 0
 0
 0
 0
 0.008154140028958642
 0
 0
 0
 0
 0
 0
 0
 0
 0
 0
 0
 0
 0
 0
 0
 0
 0
 0
 0
 0
 0
 0
 0
 0
 0
 0
 0
 0
 0
 0
 0
 0
 0
 0
 0
 0
 0
 0
 0
 0
 0
 0
 0
 0
 0
 0
 0
 0
 0
 0
 0
 0
 0
 0
 0
 0
 0
 0
 0
 0
 0
 0
 0
 0
 0
 0
 0
 0
 0
 0
 0
 0
 0
 0
 0
 0
 0
 0
 0
 0
 0
 0
 0
 0
 0
 0
 0
 0
 0
