# Created by Octave 3.2.4, Wed Feb 06 16:47:21 2013 EST <rbom@zaphod>
# name: small_First_Fit
# type: matrix
# ndims: 3
 1 10 30
 3.761140698377326e-09
 4.303615414994652e-07
 5.58365202547755e-09
 2.857211020624022e-10
 6.915410195347876e-08
 5.58466809700551e-08
 6.213626358166144e-10
 3.056287737570093e-07
 1.055510104882622e-09
 7.404399824983023e-10
 6.608254827105651e-08
 1.151948281305244e-05
 7.36237133138611e-06
 2.873433606689164e-05
 8.17108618675843e-07
 3.875000904082252e-06
 2.944124804560883e-06
 3.056287737570093e-07
 1.845794189019355e-07
 3.425918597216078e-07
 1.068508031461071e-06
 5.49179325322104e-05
 7.36237133138611e-06
 0.001340018612881119
 8.17108618675843e-07
 5.761831484881701e-05
 8.20015501671072e-06
 3.056287737570093e-07
 8.770521425855561e-06
 1.12260391616577e-05
 3.977176446319844e-06
 5.49179325322104e-05
 7.36237133138611e-06
 0.001894739370256641
 5.818778580653328e-06
 0.001765673269300388
 0.000118863013804187
 2.074014452212451e-06
 0.0001475722273428135
 2.333445131230766e-05
 5.791803064278681e-05
 0.0001214556122860402
 1.399751005039382e-05
 0.001894739370256641
 5.818778580653328e-06
 0.001765673269300388
 0.001766871874500518
 2.074014452212451e-06
 0.001480937548321509
 1.12260391616577e-05
 5.791803064278681e-05
 0.0001214556122860402
 1.399751005039382e-05
 0.007290628486562629
 1.770481141366816e-05
 0.01153681585834172
 0.02738624259605021
 2.074014452212451e-06
 0.01003690572760079
 1.12260391616577e-05
 9.469218945817671e-05
 0.00253717562898932
 1.963719475298014e-05
 0.007290628486562629
 1.770481141366816e-05
 0.01153681585834172
 0.02738624259605021
 2.074014452212451e-06
 0.01003690572760079
 1.12260391616577e-05
 5.791803064278681e-05
 0.00253717562898932
 1.963719475298014e-05
 0.007290628486562629
 0.0002034572640370996
 0.01153681585834172
 0.02738624259605021
 1.537745050816007e-05
 0.01003690572760079
 1.720800610347314e-05
 5.791803064278681e-05
 0.003873219235049007
 0.003554944740769065
 0.007290628486562629
 0.0002034572640370996
 0.01153681585834172
 0.02738624259605021
 0.0001037286941455508
 0.01003690572760079
 1.720800610347314e-05
 0.0002641478799699225
 0.003873219235049007
 0.007232251684343016
 0.007290628486562629
 0.0002034572640370996
 0.01153681585834172
 0.02738624259605021
 0.003000275791898507
 0.01003690572760079
 1.12260391616577e-05
 0.0002641478799699225
 0.003873219235049007
 0.007232251684343016
 0.007290628486562629
 0.0002034572640370996
 0.01153681585834172
 0.02738624259605021
 0.003000275791898507
 0.01003690572760079
 4.68529166074819e-05
 0.0002641478799699225
 0.003873219235049007
 0.007232251684343016
 0.007290628486562629
 0.0002034572640370996
 0.01153681585834172
 0.02738624259605021
 0.02738624259605021
 0.01003690572760079
 4.68529166074819e-05
 0.0002641478799699225
 0.003873219235049007
 0.007232251684343016
 0
 0.0002489230775678605
 0
 0
 0.02738624259605021
 0
 4.68529166074819e-05
 0.0002641478799699225
 0.003873219235049007
 0.007232251684343016
 0
 0.0006879487405171542
 0
 0
 0.02738624259605021
 0
 0.0004534133415225961
 0.0002641478799699225
 0.009529597878458713
 0.0149184608261592
 0
 0.0006248194268978151
 0
 0
 0.02738624259605021
 0
 0.001662636148524666
 0.0002641478799699225
 0.009529597878458713
 0.0149184608261592
 0
 0.0002034572640370996
 0
 0
 0.02738624259605021
 0
 0.001662636148524666
 0
 0.009529597878458713
 0.0149184608261592
 0
 0.0006248194268978151
 0
 0
 0.02738624259605021
 0
 0.001662636148524666
 0
 0.009529597878458713
 0.0149184608261592
 0
 0.0002034572640370996
 0
 0
 0.02738624259605021
 0
 0.001662636148524666
 0
 0.009529597878458713
 0.0149184608261592
 0
 0.0002489230775678605
 0
 0
 0
 0
 0.001662636148524666
 0
 0.009529597878458713
 0.0149184608261592
 0
 0.0004411060023633554
 0
 0
 0
 0
 0.001662636148524666
 0
 0.009529597878458713
 0.0149184608261592
 0
 0.0004411060023633554
 0
 0
 0
 0
 0.001662636148524666
 0
 0
 0
 0
 0.0004411060023633554
 0
 0
 0
 0
 0
 0
 0
 0
 0
 0.0002489230775678605
 0
 0
 0
 0
 0
 0
 0
 0
 0
 0.0002489230775678605
 0
 0
 0
 0
 0
 0
 0
 0
 0
 0.0002489230775678605
 0
 0
 0
 0
 0
 0
 0
 0
 0
 0.0004499549369232501
 0
 0
 0
 0
 0
 0
 0
 0
 0
 0.0004499549369232501
 0
 0
 0
 0
 0
 0
 0
 0
 0
 0.0004411060023633554
 0
 0
 0
 0
 0
 0
 0
 0
 0
 0.0004411060023633554
 0
 0
 0
 0
 0
 0
 0
 0
 0
 0.00289837768121203
 0
 0
 0
 0
 0
