# Created by Octave 3.2.4, Tue Feb 05 07:24:59 2013 EST <rbom@zaphod>
# name: small_First_Fit
# type: matrix
# ndims: 3
 1 10 30
 6.420153341367318e-18
 6.247090909240866e-19
 3.46564069219772e-14
 1.829157300944513e-10
 7.463389083248632e-13
 2.158577177205168e-12
 9.196448189773786e-15
 3.242324676120709e-11
 7.94397522465121e-14
 2.925820520716546e-17
 3.027779213037117e-15
 3.088804916298149e-10
 2.764581799994008e-12
 1.875435163455017e-06
 3.863257625744656e-11
 2.158577177205168e-12
 4.234460373775463e-11
 3.242324676120709e-11
 3.838110970381688e-11
 1.913429159139188e-14
 7.023298581332953e-13
 2.817263322714316e-09
 2.764581799994008e-12
 1.875435163455017e-06
 2.020832623396553e-09
 2.925508898735757e-10
 4.247122153469094e-08
 1.722302684400109e-09
 3.108683885086174e-10
 3.72235984367334e-12
 5.173832635686765e-11
 5.04748377558101e-09
 2.051888339267424e-11
 1.875435163455017e-06
 2.020832623396553e-09
 5.939617270742926e-08
 4.247122153469094e-08
 7.659049226917133e-07
 1.93463127342196e-08
 8.940401129386923e-10
 1.075315534402752e-09
 7.847731840053408e-08
 1.482096364471242e-10
 1.875435163455017e-06
 9.812702810549087e-08
 3.063769257125467e-06
 5.769887251496529e-05
 1.549941918413582e-05
 3.805560876563125e-06
 9.879882979841243e-10
 1.086573643267052e-08
 1.120198440913825e-06
 4.551522015404383e-08
 1.875435163455017e-06
 2.305800659828038e-07
 3.063769257125467e-06
 5.769887251496529e-05
 1.549941918413582e-05
 6.270042262919303e-05
 1.932885282905421e-06
 2.42586522638895e-07
 1.120198440913825e-06
 4.551522015404383e-08
 1.875435163455017e-06
 8.538823595196809e-06
 4.032761624659085e-05
 5.769887251496529e-05
 1.549941918413582e-05
 6.270042262919303e-05
 5.99335681372256e-06
 2.864510141150383e-07
 1.120198440913825e-06
 4.551522015404383e-08
 1.875435163455017e-06
 8.538823595196809e-06
 4.032761624659085e-05
 5.769887251496529e-05
 1.549941918413582e-05
 0.0002898909706704372
 5.99335681372256e-06
 2.03463437429568e-06
 5.566577077761747e-05
 4.551522015404383e-08
 1.875435163455017e-06
 8.538823595196809e-06
 6.875952044842953e-05
 5.769887251496529e-05
 1.549941918413582e-05
 0.0002898909706704372
 5.99335681372256e-06
 2.03463437429568e-06
 5.566577077761747e-05
 4.551522015404383e-08
 1.875435163455017e-06
 8.538823595196809e-06
 6.875952044842953e-05
 5.769887251496529e-05
 1.549941918413582e-05
 0.0002898909706704372
 5.99335681372256e-06
 2.03463437429568e-06
 5.566577077761747e-05
 4.551522015404383e-08
 0
 7.794328116930029e-05
 4.032761624659085e-05
 5.769887251496529e-05
 1.549941918413582e-05
 0.0002898909706704372
 4.0796811370559e-05
 2.769076154678135e-06
 5.566577077761747e-05
 4.551522015404383e-08
 0
 7.794328116930029e-05
 4.032761624659085e-05
 0
 0
 0.0002898909706704372
 5.99335681372256e-06
 5.695005013664461e-06
 5.566577077761747e-05
 0
 0
 7.794328116930029e-05
 4.362699979814716e-05
 0
 0
 0.0002898909706704372
 5.99335681372256e-06
 5.695005013664461e-06
 5.566577077761747e-05
 0
 0
 7.794328116930029e-05
 4.362699979814716e-05
 0
 0
 0.0002898909706704372
 5.99335681372256e-06
 5.695005013664461e-06
 5.566577077761747e-05
 0
 0
 7.794328116930029e-05
 4.032761624659085e-05
 0
 0
 0
 5.99335681372256e-06
 5.695005013664461e-06
 0
 0
 0
 7.794328116930029e-05
 4.362699979814716e-05
 0
 0
 0
 5.99335681372256e-06
 3.210427504536444e-05
 0
 0
 0
 7.794328116930029e-05
 4.362699979814716e-05
 0
 0
 0
 5.99335681372256e-06
 0.0002928010816678046
 0
 0
 0
 0
 4.362699979814716e-05
 0
 0
 0
 0
 0.0002928010816678046
 0
 0
 0
 0
 4.362699979814716e-05
 0
 0
 0
 0
 0.0002928010816678046
 0
 0
 0
 0
 4.362699979814716e-05
 0
 0
 0
 0
 0.0002928010816678046
 0
 0
 0
 0
 4.032761624659085e-05
 0
 0
 0
 0
 0.0002928010816678046
 0
 0
 0
 0
 4.032761624659085e-05
 0
 0
 0
 0
 0.0002928010816678046
 0
 0
 0
 0
 0
 0
 0
 0
 0
 0.0002928010816678046
 0
 0
 0
 0
 0
 0
 0
 0
 0
 0
 0
 0
 0
 0
 0
 0
 0
 0
 0
 0
 0
 0
 0
 0
 0
 0
 0
 0
 0
 0
 0
 0
 0
 0
 0
 0
 0
 0
 0
 0
 0
 0
 0
 0
 0
 0
 0
 0
 0
 0
 0
 0
 0
 0
 0
 0
 0
 0
 0
 0
 0
 0
 0
 0
 0
 0
 0
 0
 0
