# Created by Octave 3.2.4, Sun Feb 03 22:21:02 2013 EST <rbom@zaphod>
# name: small_First_Fit
# type: matrix
# ndims: 3
 1 10 30
 7.922212001751738e-18
 4.378747207788523e-19
 6.027096209869427e-15
 7.461497724600871e-14
 1.88363476118624e-16
 7.571745437051591e-22
 5.032143626856533e-17
 1.761463063973935e-18
 1.459770719058439e-19
 6.86898603675057e-22
 3.139786362363761e-16
 2.856239114173557e-16
 3.48054330539715e-11
 1.064864435894736e-10
 1.88363476118624e-16
 1.002380585461407e-08
 3.536469410400179e-14
 1.614203420250527e-16
 1.090246480061593e-14
 7.265120799218303e-20
 8.189922182315618e-15
 1.287452098203917e-12
 5.264559191768777e-10
 1.064864435894736e-10
 1.88363476118624e-16
 1.002380585461407e-08
 2.277277496058513e-11
 1.707291520003872e-14
 1.090246480061593e-14
 4.610811886013745e-15
 5.285607339345609e-12
 2.558338586142696e-09
 3.040190022775558e-06
 2.047428332184137e-11
 1.094181539667625e-12
 6.921839629446768e-07
 6.672576459585953e-08
 4.691138316882735e-13
 1.090246480061593e-14
 4.610811886013745e-15
 7.404891323629763e-09
 2.558338586142696e-09
 3.040190022775558e-06
 2.047428332184137e-11
 3.270292084545687e-09
 6.921839629446768e-07
 6.672576459585953e-08
 4.961665989838384e-11
 9.98537386481501e-13
 2.533238359619463e-11
 1.704837396387946e-05
 2.558338586142696e-09
 3.040190022775558e-06
 1.441386009098632e-09
 3.270292084545687e-09
 4.381954801394977e-06
 3.534354209958686e-05
 4.961665989838384e-11
 1.219338713287444e-07
 2.096946668193324e-09
 0.0007956554817634585
 2.558338586142696e-09
 3.040190022775558e-06
 2.165503235651522e-09
 3.270292084545687e-09
 4.381954801394977e-06
 3.534354209958686e-05
 1.037646190651318e-08
 1.289652604849436e-05
 1.652846581200375e-07
 0.0007956554817634585
 6.268946808916425e-07
 0.0001005414786219233
 1.524509487948022e-07
 3.270292084545687e-09
 0.0008992598323303478
 3.534354209958686e-05
 1.037646190651318e-08
 1.289652604849436e-05
 5.755379858812231e-07
 0.0007956554817634585
 6.268946808916425e-07
 0.0001005414786219233
 1.255134827057556e-05
 2.368146103945268e-06
 0.0008992598323303478
 3.534354209958686e-05
 1.037646190651318e-08
 0.0003546645267531383
 5.755379858812231e-07
 0.0007956554817634585
 6.268946808916425e-07
 0.0001005414786219233
 1.255134827057556e-05
 2.40917619474551e-05
 0.0008992598323303478
 3.534354209958686e-05
 1.037646190651318e-08
 0.0003546645267531383
 4.528752995690947e-05
 0.0007956554817634585
 7.77245929036612e-05
 0.0001005414786219233
 0.0003028586133589267
 2.40917619474551e-05
 0.0008992598323303478
 0.003738104382921736
 4.969297378199175e-05
 0.0003546645267531383
 0.0007762059413245385
 0.0007956554817634585
 7.77245929036612e-05
 0.003738104382921736
 0.0003028586133589267
 2.40917619474551e-05
 0.0008992598323303478
 0.003738104382921736
 4.969297378199175e-05
 0.0003546645267531383
 0.0007762059413245385
 0.0007956554817634585
 7.77245929036612e-05
 0.003738104382921736
 0.0003028586133589267
 2.40917619474551e-05
 0.0008992598323303478
 0.003738104382921736
 4.969297378199175e-05
 0.0003546645267531383
 0.0007762059413245385
 0.0007956554817634585
 7.77245929036612e-05
 0.003738104382921736
 0.0003028586133589267
 0.0008992598323303478
 0.0008992598323303478
 0.003738104382921736
 4.969297378199175e-05
 0.0003546645267531383
 0.0007762059413245385
 0.0007956554817634585
 7.77245929036612e-05
 0.003738104382921736
 0.0003028586133589267
 0.0008992598323303478
 0.0008992598323303478
 0.003738104382921736
 4.969297378199175e-05
 0.0003546645267531383
 0.0007762059413245385
 0.0007956554817634585
 7.77245929036612e-05
 0.003738104382921736
 0.0003028586133589267
 0.0008992598323303478
 0.0008992598323303478
 0.003738104382921736
 4.969297378199175e-05
 0.0003546645267531383
 0.0007762059413245385
 0.0007956554817634585
 0.002123497735912794
 0.003738104382921736
 0.0003028586133589267
 0.0008992598323303478
 0.0008992598323303478
 0.003738104382921736
 4.969297378199175e-05
 0.0003546645267531383
 0.0007762059413245385
 0.0007956554817634585
 0.002123497735912794
 0.003738104382921736
 0.0003028586133589267
 0.0008992598323303478
 0.0008992598323303478
 0.003738104382921736
 4.969297378199175e-05
 0.0003546645267531383
 0.0007762059413245385
 0.0007956554817634585
 0.002123497735912794
 0.003738104382921736
 0.0003028586133589267
 0.0008992598323303478
 0.0008992598323303478
 0.003738104382921736
 4.969297378199175e-05
 0.0003546645267531383
 0.0007762059413245385
 0.0007956554817634585
 0.002123497735912794
 0.003738104382921736
 0.0003028586133589267
 0.0008992598323303478
 0.0008992598323303478
 0.003738104382921736
 4.969297378199175e-05
 0.0003546645267531383
 0.0007762059413245385
 0.0007956554817634585
 0.002123497735912794
 0.003738104382921736
 0.0003028586133589267
 0.0008992598323303478
 0.0008992598323303478
 0.003738104382921736
 4.969297378199175e-05
 0.0003546645267531383
 0.0007762059413245385
 0.0007956554817634585
 0.002123497735912794
 0.003738104382921736
 0.0003028586133589267
 0.0008992598323303478
 0.0008992598323303478
 0.003738104382921736
 4.969297378199175e-05
 0.0003546645267531383
 0.0007762059413245385
 0.0007956554817634585
 0.002123497735912794
 0.003738104382921736
 0.0003028586133589267
 0.0008992598323303478
 0.0008992598323303478
 0.003738104382921736
 4.969297378199175e-05
 0.0003546645267531383
 0.0007762059413245385
 0.0007956554817634585
 0.002123497735912794
 0.003738104382921736
 0.0003028586133589267
 0.0008992598323303478
 0.0008992598323303478
 0.003738104382921736
 4.969297378199175e-05
 0.0003546645267531383
 0.0007762059413245385
 0.0007956554817634585
 0.002123497735912794
 0.003738104382921736
 0.0003028586133589267
 0.0008992598323303478
 0.0008992598323303478
 0.003738104382921736
 4.969297378199175e-05
 0.0003546645267531383
 0.0007762059413245385
 0.0007956554817634585
 0.002123497735912794
 0.003738104382921736
 0.0003028586133589267
 0.0008992598323303478
 0.0008992598323303478
 0.003738104382921736
 4.969297378199175e-05
 0.0003546645267531383
 0.0007762059413245385
 0.0007956554817634585
 0.002123497735912794
 0.003738104382921736
 0.0003028586133589267
 0.0008992598323303478
 0.0008992598323303478
 0.003738104382921736
 4.969297378199175e-05
 0.0003546645267531383
 0.0007762059413245385
 0.0007956554817634585
 0.002123497735912794
 0.003738104382921736
 0.0003028586133589267
 0.0008992598323303478
 0.0008992598323303478
 0.003738104382921736
 4.969297378199175e-05
 0.0003546645267531383
 0.0007762059413245385
 0.0007956554817634585
 0.002123497735912794
 0.003738104382921736
 0.0003028586133589267
 0.0008992598323303478
 0.0008992598323303478
 0.003738104382921736
 4.969297378199175e-05
 0.0003546645267531383
 0.002123497735912794
 0.0007956554817634585
 0.002123497735912794
 0.003738104382921736
 0.0003028586133589267
 0.0008992598323303478
 0.0008992598323303478
 0.003738104382921736
 4.969297378199175e-05
 0.0003546645267531383
 0.002123497735912794
