# Created by Octave 3.2.4, Wed Feb 06 01:21:19 2013 EST <rbom@zaphod>
# name: small_First_Fit
# type: matrix
# ndims: 3
 1 10 30
 9.083507653775894e-15
 2.489763819491723e-12
 2.114079783245098e-15
 2.543401097643905e-17
 3.700637182635593e-16
 2.993193584627796e-17
 2.166792394260273e-09
 1.197521901796862e-15
 3.58491236618078e-16
 4.408235724007613e-13
 5.715613125909483e-11
 4.831326329533946e-09
 7.392085081387111e-11
 3.021326083974546e-12
 7.696707761200562e-13
 6.766320995147616e-14
 2.488104110342051e-06
 4.604440215020552e-14
 1.18849635817485e-11
 5.196260444963177e-11
 6.153544992716126e-08
 1.254043548497797e-06
 7.392085081387111e-11
 1.006431112846374e-10
 2.13472755298345e-10
 4.656141355968494e-12
 8.862057975391958e-05
 4.604440215020552e-14
 2.328302646825212e-08
 1.231146295519451e-08
 6.05146106056215e-06
 1.254043548497797e-06
 3.498748370747905e-09
 9.317024388991147e-10
 3.727331145378066e-09
 4.656141355968494e-12
 8.862057975391958e-05
 9.621405647881828e-12
 5.074865391809687e-07
 1.231146295519451e-08
 1.717920772272066e-05
 6.987650295886379e-05
 1.197166551595796e-08
 2.779058901548741e-08
 4.744499079168721e-09
 5.98626243112551e-10
 0.0004408856243693252
 1.286188927074591e-09
 1.385051346683677e-05
 7.902326884353316e-08
 1.717920772272066e-05
 6.987650295886379e-05
 1.234542392968002e-06
 1.933365316471085e-07
 4.744499079168721e-09
 5.98626243112551e-10
 0.0009080518189980698
 1.286188927074591e-09
 0.0001504297455903939
 2.266618336595397e-06
 1.717920772272066e-05
 6.987650295886379e-05
 4.776010091882679e-05
 1.933365316471085e-07
 9.984858357427941e-07
 5.98626243112551e-10
 0.0009080518189980698
 2.071195335622531e-08
 0.0001504297455903939
 7.443198068705002e-05
 9.959128712012589e-05
 6.987650295886379e-05
 0.002045597812798344
 1.933365316471085e-07
 4.374006619800012e-06
 3.877086579706481e-07
 0.0009080518189980698
 1.161074398571481e-07
 0.0002037652243098984
 7.443198068705002e-05
 0.0001082955172513835
 6.987650295886379e-05
 0.002045597812798344
 1.933365316471085e-07
 4.374006619800012e-06
 3.781518945266517e-05
 0.0009080518189980698
 1.161074398571481e-07
 0.0002037652243098984
 9.282073424340313e-05
 0.0001842179317668371
 0.0006479294345083723
 0.006374304704935018
 1.933365316471085e-07
 4.374006619800012e-06
 4.799729719855118e-05
 0.0009080518189980698
 9.917575769889145e-06
 0.0002037652243098984
 9.282073424340313e-05
 0.0001842179317668371
 0.0006479294345083723
 0.006374304704935018
 0.0001082955172513835
 4.116597560189072e-05
 4.799729719855118e-05
 0.0009080518189980698
 0.0002037652243098984
 0.0002037652243098984
 7.443198068705002e-05
 0.0001842179317668371
 0.002045597812798344
 0.006374304704935018
 0.0001842179317668371
 0.0001345440820050213
 4.799729719855118e-05
 0.0009080518189980698
 0.0002037652243098984
 0.0002037652243098984
 7.443198068705002e-05
 0.0006479294345083723
 0.002045597812798344
 0.006374304704935018
 0.0001082955172513835
 0.0002037652243098984
 0.0006479294345083723
 0
 0.0002037652243098984
 0.0002037652243098984
 0.006374304704935018
 0.0006479294345083723
 0.002045597812798344
 0.006374304704935018
 0.0001842179317668371
 0.0002037652243098984
 0.0006479294345083723
 0
 0.0002037652243098984
 0.0002037652243098984
 0.006374304704935018
 0.0006479294345083723
 0.002045597812798344
 0.006374304704935018
 0.0001842179317668371
 0.0002037652243098984
 0.0006479294345083723
 0
 0.0002037652243098984
 0
 0.006374304704935018
 0.002045597812798344
 0.002045597812798344
 0.006374304704935018
 0.0001082955172513835
 0.0002037652243098984
 0.0006479294345083723
 0
 0.0002037652243098984
 0
 0.006374304704935018
 0.002045597812798344
 0.002045597812798344
 0
 0.0001082955172513835
 0.0002037652243098984
 0.0006479294345083723
 0
 0.0002037652243098984
 0
 0.006374304704935018
 0.002045597812798344
 0.002045597812798344
 0
 0.0001842179317668371
 0.0002037652243098984
 0.002045597812798344
 0
 0
 0
 0.006374304704935018
 0.002045597812798344
 0
 0
 0.0001842179317668371
 0.0002037652243098984
 0.002045597812798344
 0
 0
 0
 0.006374304704935018
 0.002045597812798344
 0
 0
 0.0001842179317668371
 0
 0.002045597812798344
 0
 0
 0
 0
 0.002045597812798344
 0
 0
 0.0001842179317668371
 0
 0.002045597812798344
 0
 0
 0
 0
 0.002045597812798344
 0
 0
 0.0001842179317668371
 0
 0.002045597812798344
 0
 0
 0
 0
 0
 0
 0
 0.0001842179317668371
 0
 0.002045597812798344
 0
 0
 0
 0
 0
 0
 0
 0.0001842179317668371
 0
 0.002045597812798344
 0
 0
 0
 0
 0
 0
 0
 0
 0
 0
 0
 0
 0
 0
 0
 0
 0
 0
 0
 0
 0
 0
 0
 0
 0
 0
 0
 0
 0
 0
 0
 0
 0
 0
 0
 0
 0
 0
 0
 0
 0
 0
 0
 0
 0
 0
 0
 0
 0
 0
 0
 0
 0
 0
 0
 0
 0
 0
 0
 0
 0
 0
 0
 0
