# Created by Octave 3.2.4, Mon Feb 04 07:00:30 2013 EST <rbom@zaphod>
# name: small_First_Fit
# type: matrix
# ndims: 3
 1 10 30
 4.87114263365211e-18
 7.069057806691725e-18
 1.189199545264273e-19
 8.362495778269673e-20
 4.625657658326155e-24
 5.316709386449755e-20
 1.48293739848162e-16
 1.575078533860652e-21
 9.03487634102217e-16
 6.240962757629904e-20
 1.855838852088405e-14
 4.171874714262795e-15
 3.725169115001312e-13
 1.412888104515934e-16
 3.849933305516392e-12
 2.510063509838511e-16
 1.48293739848162e-16
 3.32324393027318e-18
 1.612250106926561e-05
 1.260412836171178e-15
 3.238403423209213e-12
 8.350429249155616e-13
 1.478155270870584e-11
 1.982099025996645e-14
 2.110951543246006e-08
 4.063724537077608e-13
 5.632624351356041e-13
 6.77643164986812e-16
 1.612250106926561e-05
 1.299664308097296e-13
 9.880843285791554e-09
 2.30715548411089e-10
 1.218275237281107e-10
 1.982099025996645e-14
 4.022022790404966e-06
 6.414075801204143e-11
 5.624571322570319e-10
 1.020614048525569e-12
 1.612250106926561e-05
 1.848469012288918e-10
 1.056040306468235e-07
 2.30715548411089e-10
 4.162165313739975e-09
 1.532645047101781e-10
 4.022022790404966e-06
 2.337380076201558e-09
 2.79231019034812e-06
 1.107487952236421e-08
 1.612250106926561e-05
 5.034550413161019e-09
 1.056040306468235e-07
 2.30715548411089e-10
 4.162165313739975e-09
 4.10827987276202e-07
 4.022022790404966e-06
 2.337380076201558e-09
 2.79231019034812e-06
 4.769800713300484e-07
 1.612250106926561e-05
 1.373581742371075e-06
 0.0001892236801169419
 2.30715548411089e-10
 1.778757256595054e-05
 4.10827987276202e-07
 4.022022790404966e-06
 2.337380076201558e-09
 2.79231019034812e-06
 4.769800713300484e-07
 1.612250106926561e-05
 1.373581742371075e-06
 0.0001892236801169419
 2.30715548411089e-10
 1.778757256595054e-05
 0.0001315976377775257
 4.022022790404966e-06
 2.337380076201558e-09
 3.92342573947288e-05
 4.769800713300484e-07
 1.612250106926561e-05
 0.001747155981901116
 0.01035723331366674
 9.615911372786344e-07
 1.778757256595054e-05
 0.0001315976377775257
 4.022022790404966e-06
 2.022344877581958e-05
 3.92342573947288e-05
 4.769800713300484e-07
 1.612250106926561e-05
 0.001747155981901116
 0.01035723331366674
 9.615911372786344e-07
 1.778757256595054e-05
 0.002204447860456948
 4.022022790404966e-06
 2.022344877581958e-05
 3.92342573947288e-05
 4.769800713300484e-07
 1.612250106926561e-05
 0.001747155981901116
 0.01035723331366674
 2.887637257533633e-05
 1.778757256595054e-05
 0.002204447860456948
 9.045881858348769e-05
 2.022344877581958e-05
 0.001747155981901116
 4.769800713300484e-07
 1.612250106926561e-05
 0.001747155981901116
 0.01035723331366674
 2.887637257533633e-05
 1.778757256595054e-05
 0.002204447860456948
 9.045881858348769e-05
 2.022344877581958e-05
 0.001747155981901116
 4.769800713300484e-07
 1.612250106926561e-05
 0.001747155981901116
 0.01035723331366674
 2.887637257533633e-05
 1.778757256595054e-05
 0.002204447860456948
 9.045881858348769e-05
 2.022344877581958e-05
 0.001747155981901116
 4.769800713300484e-07
 4.393988879167639e-05
 0.001747155981901116
 0.01035723331366674
 2.887637257533633e-05
 0.001747155981901116
 0.002204447860456948
 9.045881858348769e-05
 2.022344877581958e-05
 0.001747155981901116
 4.769800713300484e-07
 4.393988879167639e-05
 0.001747155981901116
 0.01035723331366674
 2.887637257533633e-05
 0.001747155981901116
 0.002204447860456948
 0.003445188554452781
 2.022344877581958e-05
 0.001747155981901116
 4.769800713300484e-07
 4.393988879167639e-05
 0.001747155981901116
 0.01035723331366674
 2.887637257533633e-05
 0.001747155981901116
 0.002204447860456948
 0.003445188554452781
 2.022344877581958e-05
 0.001747155981901116
 4.769800713300484e-07
 4.393988879167639e-05
 0.001747155981901116
 0.01035723331366674
 2.887637257533633e-05
 0.001747155981901116
 0.002204447860456948
 0.003445188554452781
 2.022344877581958e-05
 0.001747155981901116
 5.494064850564985e-06
 4.393988879167639e-05
 0.001747155981901116
 0.01035723331366674
 2.887637257533633e-05
 0.001747155981901116
 0.002204447860456948
 0.003445188554452781
 2.022344877581958e-05
 0.001747155981901116
 0.002518284847936328
 4.393988879167639e-05
 0.001747155981901116
 0.01035723331366674
 2.887637257533633e-05
 0.001747155981901116
 0.002204447860456948
 0.003445188554452781
 2.022344877581958e-05
 0.001747155981901116
 0.002518284847936328
 4.393988879167639e-05
 0.001747155981901116
 0.01035723331366674
 2.887637257533633e-05
 0.001747155981901116
 0.002204447860456948
 0.003445188554452781
 2.022344877581958e-05
 0.001747155981901116
 0.002518284847936328
 4.393988879167639e-05
 0.001747155981901116
 0.01035723331366674
 2.887637257533633e-05
 0.001747155981901116
 0.002204447860456948
 0.003445188554452781
 2.022344877581958e-05
 0.001747155981901116
 0.002518284847936328
 4.393988879167639e-05
 0.001747155981901116
 0.01035723331366674
 2.887637257533633e-05
 0.001747155981901116
 0.002204447860456948
 0.003445188554452781
 2.022344877581958e-05
 0.001747155981901116
 0.002518284847936328
 0.01035723331366674
 0.001747155981901116
 0.01035723331366674
 2.887637257533633e-05
 0.001747155981901116
 0.002204447860456948
 0.003445188554452781
 2.022344877581958e-05
 0.001747155981901116
 0.002518284847936328
 0.01035723331366674
 0.001747155981901116
 0.01035723331366674
 2.887637257533633e-05
 0.001747155981901116
 0.002204447860456948
 0.003445188554452781
 2.022344877581958e-05
 0.001747155981901116
 0.002518284847936328
 0.01035723331366674
 0.001747155981901116
 0.01035723331366674
 2.887637257533633e-05
 0.001747155981901116
 0.002204447860456948
 0.003445188554452781
 2.022344877581958e-05
 0.001747155981901116
 0.002518284847936328
 0.01035723331366674
 0.001747155981901116
 0.01035723331366674
 2.887637257533633e-05
 0.001747155981901116
 0.002204447860456948
 0.003445188554452781
 2.022344877581958e-05
 0.001747155981901116
 0.002518284847936328
 0.01035723331366674
 0.001747155981901116
 0.01035723331366674
 2.887637257533633e-05
 0.001747155981901116
 0.002204447860456948
 0.003445188554452781
 2.022344877581958e-05
 0.001747155981901116
 0.002518284847936328
 0.01035723331366674
 0.001747155981901116
 0.01035723331366674
 2.887637257533633e-05
 0.001747155981901116
 0.002204447860456948
 0.003445188554452781
 2.022344877581958e-05
 0.001747155981901116
 0.002518284847936328
 0.01035723331366674
 0.001747155981901116
 0.01035723331366674
 2.887637257533633e-05
 0.001747155981901116
 0.002204447860456948
 0.003445188554452781
 2.022344877581958e-05
 0.001747155981901116
 0.002518284847936328
 0.01035723331366674
 0.001747155981901116
 0.01035723331366674
 2.887637257533633e-05
 0.001747155981901116
 0.002204447860456948
 0.003445188554452781
 2.022344877581958e-05
 0.001747155981901116
 0.002518284847936328
 0.01035723331366674
 0.001747155981901116
