# Created by Octave 3.2.4, Mon Feb 04 17:43:15 2013 EST <rbom@zaphod>
# name: small_First_Fit
# type: matrix
# ndims: 3
 1 10 30
 1.888788563538306e-12
 1.327316915499018e-15
 1.649324481628938e-14
 1.083180418283935e-13
 4.202814313853788e-16
 7.791947560984149e-15
 2.38945927911587e-18
 3.688173788735214e-13
 1.034962673910772e-16
 4.93485839890386e-19
 9.875473611574142e-09
 4.688680514685405e-14
 6.711933080812006e-12
 3.380231203443683e-12
 2.02399790225984e-14
 2.935339334019074e-09
 2.265647130177165e-10
 3.688173788735214e-13
 7.820789250453976e-13
 5.706175356855824e-15
 9.875473611574142e-09
 4.688680514685405e-14
 3.584204511717695e-10
 4.81417113399384e-11
 5.766475457370827e-10
 2.210542920974688e-06
 6.78723154723808e-08
 3.846848446016468e-10
 7.556680916577512e-10
 7.259704600050171e-13
 9.875473611574142e-09
 3.439725121428722e-10
 1.186271298079512e-08
 2.554408129137762e-09
 3.338686330974292e-06
 4.264361260025933e-05
 6.78723154723808e-08
 1.505686946511649e-07
 1.989600431170759e-08
 1.000211353249765e-09
 1.327247891333829e-06
 3.439725121428722e-10
 5.205212020756926e-07
 6.7588443183511e-07
 0.0004324833614526446
 7.012187832006047e-05
 0.0001341750567898959
 1.505686946511649e-07
 1.989600431170759e-08
 2.034393947231953e-08
 1.327247891333829e-06
 2.095801142356889e-06
 5.213290257615208e-05
 6.7588443183511e-07
 0.0004324833614526446
 7.012187832006047e-05
 0.0001341750567898959
 7.356522221010432e-07
 2.646840197349271e-06
 7.50565414287418e-06
 0.0004324833614526446
 2.095801142356889e-06
 0.002204714180448303
 6.7588443183511e-07
 0.0004324833614526446
 7.012187832006047e-05
 0.0001341750567898959
 1.505686946511649e-07
 0.0002782995478057295
 0.0002691968285478055
 0.001761115907360572
 2.095801142356889e-06
 0.002204714180448303
 6.7588443183511e-07
 0.0004324833614526446
 4.264361260025933e-05
 0.0001341750567898959
 1.505686946511649e-07
 0.0002782995478057295
 0.0003054030349122362
 0.001761115907360572
 8.717180904175538e-05
 0.002204714180448303
 2.319842692916857e-05
 0.0004324833614526446
 0.001386262729415358
 0.005334277670890796
 0.0007766942533456042
 0.0002782995478057295
 0.008816685399974733
 0.001761115907360572
 8.717180904175538e-05
 0.002204714180448303
 2.319842692916857e-05
 0.0004324833614526446
 0.001906828619201823
 0.005334277670890796
 0.008816685399974733
 0.006808846684082406
 0.008816685399974733
 0.00187009140658685
 8.717180904175538e-05
 0.002204714180448303
 2.319842692916857e-05
 0.001761115907360572
 0.001906828619201823
 0.005334277670890796
 0.008816685399974733
 0.006808846684082406
 0.008816685399974733
 0.001761115907360572
 0.00187009140658685
 0.002204714180448303
 2.319842692916857e-05
 0.001761115907360572
 0.001386262729415358
 0.005334277670890796
 0.008816685399974733
 0.006808846684082406
 0.008816685399974733
 0.001761115907360572
 0.00187009140658685
 0.002204714180448303
 2.319842692916857e-05
 0.001761115907360572
 0.005334277670890796
 0.005334277670890796
 0.008816685399974733
 0.008816685399974733
 0.008816685399974733
 0.001761115907360572
 0.00187009140658685
 0
 2.319842692916857e-05
 0.001761115907360572
 0.001386262729415358
 0.006808846684082406
 0.008816685399974733
 0.006808846684082406
 0.008816685399974733
 0.001761115907360572
 0.00187009140658685
 0
 2.319842692916857e-05
 0.001761115907360572
 0.001386262729415358
 0.006808846684082406
 0.008816685399974733
 0.006808846684082406
 0.008816685399974733
 0.00187009140658685
 0.00187009140658685
 0
 0
 0.001761115907360572
 0.005334277670890796
 0.005334277670890796
 0.008816685399974733
 0.008816685399974733
 0
 0.00187009140658685
 0.00187009140658685
 0
 0
 0.001761115907360572
 0.005334277670890796
 0.006808846684082406
 0
 0.006808846684082406
 0
 0.00187009140658685
 0.00187009140658685
 0
 0
 0
 0.005334277670890796
 0.006808846684082406
 0
 0.006808846684082406
 0
 0.00187009140658685
 0
 0
 0
 0
 0.005334277670890796
 0.006808846684082406
 0
 0.008816685399974733
 0
 0.00187009140658685
 0
 0
 0
 0
 0.005334277670890796
 0.006808846684082406
 0
 0.008816685399974733
 0
 0.00187009140658685
 0
 0
 0
 0
 0.005334277670890796
 0.006808846684082406
 0
 0.006808846684082406
 0
 0.00187009140658685
 0
 0
 0
 0
 0.005334277670890796
 0.006808846684082406
 0
 0.006808846684082406
 0
 0
 0
 0
 0
 0
 0
 0.006808846684082406
 0
 0.008816685399974733
 0
 0
 0
 0
 0
 0
 0
 0
 0
 0.008816685399974733
 0
 0
 0
 0
 0
 0
 0
 0
 0
 0.008816685399974733
 0
 0
 0
 0
 0
 0
 0
 0
 0
 0.008816685399974733
 0
 0
 0
 0
 0
 0
 0
 0
 0
 0.008816685399974733
 0
 0
 0
 0
 0
 0
 0
 0
 0
 0.006808846684082406
 0
 0
 0
 0
 0
 0
 0
 0
 0
 0.006808846684082406
 0
 0
 0
 0
 0
 0
 0
 0
 0
 0
 0
