# Created by Octave 3.2.4, Wed Feb 06 01:00:36 2013 EST <rbom@zaphod>
# name: small_First_Fit
# type: matrix
# ndims: 3
 1 10 30
 2.485135476075298e-17
 3.516197423774416e-19
 5.993666258142996e-17
 4.186776281292206e-13
 7.580701324535621e-17
 1.240729591227992e-14
 2.785487918408106e-10
 5.831721261019686e-14
 2.857605202832048e-18
 4.315809913945684e-14
 1.71265702922969e-13
 5.938746365203804e-13
 2.080062488002073e-13
 1.146074804825703e-10
 4.987823482136877e-16
 9.365675252117e-10
 2.785487918408106e-10
 1.812522304199455e-10
 6.052250506470896e-14
 2.219825859552703e-09
 2.922112860550612e-07
 1.92707897093434e-11
 6.733533987200495e-11
 6.38529412417334e-09
 4.094875264287297e-15
 3.050747519198299e-08
 7.104364393234337e-09
 9.199727096917318e-08
 1.248121934442455e-11
 2.36130269805351e-07
 2.922112860550612e-07
 3.941409961228046e-09
 3.257505980503924e-09
 1.939953406668082e-07
 4.094875264287297e-15
 3.050747519198299e-08
 7.104364393234337e-09
 9.199727096917318e-08
 6.808942360531546e-10
 2.36130269805351e-07
 9.820939976259414e-06
 3.393952258458862e-07
 9.737776441020275e-08
 8.07517334656026e-06
 7.86777637652212e-14
 7.790731757221622e-07
 7.104364393234337e-09
 9.199727096917318e-08
 5.508370405336778e-08
 2.36130269805351e-07
 0.0005041790270873029
 1.343472247619623e-05
 2.425060186624629e-05
 1.710944335701411e-05
 4.630323983080336e-09
 7.790731757221622e-07
 7.104364393234337e-09
 9.199727096917318e-08
 1.922530083540042e-05
 2.36130269805351e-07
 0.0005041790270873029
 1.343472247619623e-05
 2.425060186624629e-05
 8.07517334656026e-06
 1.710172913583999e-07
 1.184984084148957e-06
 7.104364393234337e-09
 2.402658221157405e-05
 8.99592415017016e-05
 2.36130269805351e-07
 0.0005041790270873029
 1.343472247619623e-05
 2.425060186624629e-05
 0.0001762816640575551
 1.710172913583999e-07
 1.184984084148957e-06
 7.104364393234337e-09
 2.402658221157405e-05
 8.99592415017016e-05
 3.346153433370706e-06
 0.0005041790270873029
 1.343472247619623e-05
 2.425060186624629e-05
 0.0001762816640575551
 1.710172913583999e-07
 2.18004291667926e-05
 7.104364393234337e-09
 2.402658221157405e-05
 8.99592415017016e-05
 3.346153433370706e-06
 0.0005041790270873029
 1.343472247619623e-05
 0.0008476229251179394
 0.0001762816640575551
 1.710172913583999e-07
 5.179552549310814e-05
 7.104364393234337e-09
 2.402658221157405e-05
 8.99592415017016e-05
 3.346153433370706e-06
 0.0005041790270873029
 1.343472247619623e-05
 0.0008476229251179394
 0.0001762816640575551
 8.936378076804011e-06
 5.179552549310814e-05
 0
 2.402658221157405e-05
 0.0002427455246654734
 3.346153433370706e-06
 0.0005041790270873029
 1.343472247619623e-05
 0.0008476229251179394
 0.0001762816640575551
 0.0001152431554741512
 5.179552549310814e-05
 0
 2.402658221157405e-05
 0.0002427455246654734
 3.346153433370706e-06
 0
 0
 0.0008476229251179394
 0.0001762816640575551
 0.0002427455246654734
 5.179552549310814e-05
 0
 2.402658221157405e-05
 0.0002427455246654734
 3.346153433370706e-06
 0
 0
 0.0008476229251179394
 0.0001762816640575551
 0.0002427455246654734
 5.179552549310814e-05
 0
 0
 0.0002427455246654734
 3.346153433370706e-06
 0
 0
 0.0008476229251179394
 0
 0.0002427455246654734
 5.179552549310814e-05
 0
 0
 0.0002563804627687468
 0
 0
 0
 0.0008476229251179394
 0
 0.0004166108379148954
 5.179552549310814e-05
 0
 0
 0.0002427455246654734
 0
 0
 0
 0
 0
 0.0004166108379148954
 0
 0
 0
 0.0004166108379148954
 0
 0
 0
 0
 0
 0.0004166108379148954
 0
 0
 0
 0.0004166108379148954
 0
 0
 0
 0
 0
 0.0004166108379148954
 0
 0
 0
 0.0002563804627687468
 0
 0
 0
 0
 0
 0.0004166108379148954
 0
 0
 0
 0.0002563804627687468
 0
 0
 0
 0
 0
 0.0008476229251179394
 0
 0
 0
 0.0002692843409444517
 0
 0
 0
 0
 0
 0.0008476229251179394
 0
 0
 0
 0.0002563804627687468
 0
 0
 0
 0
 0
 0.0008476229251179394
 0
 0
 0
 0.0002563804627687468
 0
 0
 0
 0
 0
 0.0008476229251179394
 0
 0
 0
 0.0004166108379148954
 0
 0
 0
 0
 0
 0.0008476229251179394
 0
 0
 0
 0.0004166108379148954
 0
 0
 0
 0
 0
 0.0008476229251179394
 0
 0
 0
 0.0004166108379148954
 0
 0
 0
 0
 0
 0.0008476229251179394
 0
 0
 0
 0.0004166108379148954
 0
 0
 0
 0
 0
 0
 0
 0
 0
 0.0004166108379148954
 0
 0
 0
 0
 0
 0
 0
 0
 0
 0.0004166108379148954
 0
 0
 0
 0
 0
 0
 0
 0
 0
 0.0004166108379148954
 0
