# Created by Octave 3.2.4, Mon Feb 04 12:51:08 2013 EST <rbom@zaphod>
# name: small_First_Fit
# type: matrix
# ndims: 3
 1 10 30
 2.455724808053385e-20
 2.014306990865034e-21
 5.026890222760735e-27
 6.525496051174659e-26
 1.917978407341319e-20
 5.101236041835125e-24
 8.030188075912114e-23
 1.698642311089909e-19
 2.957762355580193e-19
 7.003822810408849e-18
 4.007948359025339e-12
 1.463011839126094e-16
 4.150826384920698e-24
 4.649100947849836e-21
 5.443891620616204e-18
 3.55143323409826e-17
 1.450252666734715e-19
 7.268888656716461e-16
 1.059976950135459e-15
 3.651897324821874e-13
 3.837671998699069e-09
 5.147653003565559e-13
 3.116424193973275e-15
 2.111618285843402e-17
 5.443891620616204e-18
 3.55143323409826e-17
 6.053102950916493e-18
 4.883549447859096e-13
 8.112347951794012e-14
 1.529197087810914e-10
 1.557338282226292e-07
 2.720558124628043e-11
 9.782806043255098e-11
 5.94255650751711e-13
 3.814518913809974e-15
 8.637350775862815e-14
 3.385920068115724e-17
 3.118041266261558e-08
 8.112347951794012e-14
 6.464158550254455e-07
 1.557338282226292e-07
 4.911418187990088e-10
 3.78177072532222e-08
 5.94255650751711e-13
 1.531326039356661e-12
 1.799954674573841e-11
 1.897714090400906e-13
 3.118041266261558e-08
 4.097614627298809e-13
 6.464158550254455e-07
 1.557338282226292e-07
 1.898630037047785e-07
 0.0001189374463162987
 4.740500631414228e-10
 1.246803589634064e-10
 5.239202316461609e-09
 9.887056692067461e-12
 1.25836566128289e-05
 7.533905231614105e-11
 6.464158550254455e-07
 1.557338282226292e-07
 1.898630037047785e-07
 0.004633857058665588
 4.740500631414228e-10
 4.736856713801217e-09
 5.239202316461609e-09
 6.875228160455198e-08
 1.25836566128289e-05
 4.424265569823012e-08
 6.464158550254455e-07
 1.557338282226292e-07
 1.577485994316701e-05
 0.004633857058665588
 4.740500631414228e-10
 7.837385032207046e-09
 5.239202316461609e-09
 6.208215941691231e-05
 1.25836566128289e-05
 1.710286185633934e-05
 3.931310754677098e-05
 6.020167648453294e-05
 0.0006298543566263066
 0.004633857058665588
 4.740500631414228e-10
 2.434977175654138e-07
 5.239202316461609e-09
 0.007750696959789185
 5.261533351817857e-05
 1.710286185633934e-05
 3.931310754677098e-05
 6.020167648453294e-05
 0.0006298543566263066
 0.004633857058665588
 4.740500631414228e-10
 2.434977175654138e-07
 4.492187381960553e-06
 0.007750696959789185
 0.007750696959789185
 0.0006298543566263066
 3.931310754677098e-05
 6.020167648453294e-05
 0.0006298543566263066
 0.004633857058665588
 4.740500631414228e-10
 2.434977175654138e-07
 4.492187381960553e-06
 0.007750696959789185
 0.007750696959789185
 0.0006298543566263066
 3.931310754677098e-05
 6.020167648453294e-05
 0.0006298543566263066
 0.004633857058665588
 2.298080398146353e-06
 2.434977175654138e-07
 4.492187381960553e-06
 0.007750696959789185
 0.007750696959789185
 0.0006298543566263066
 3.931310754677098e-05
 0.007750696959789185
 0.0006298543566263066
 0.004633857058665588
 2.298080398146353e-06
 2.434977175654138e-07
 4.492187381960553e-06
 0.007750696959789185
 0.007750696959789185
 0.0006298543566263066
 3.931310754677098e-05
 0.007750696959789185
 0.0006298543566263066
 0
 2.298080398146353e-06
 2.434977175654138e-07
 5.741796322345218e-05
 0.007750696959789185
 0.007750696959789185
 0.0006298543566263066
 3.931310754677098e-05
 0.007750696959789185
 0.0006298543566263066
 0
 2.298080398146353e-06
 2.434977175654138e-07
 5.741796322345218e-05
 0.007750696959789185
 0.007750696959789185
 0.0006298543566263066
 0
 0.007750696959789185
 0
 0
 2.298080398146353e-06
 0
 5.741796322345218e-05
 0
 0.007750696959789185
 0.0006298543566263066
 0
 0.007750696959789185
 0
 0
 2.298080398146353e-06
 0
 5.741796322345218e-05
 0
 0
 0
 0
 0.007750696959789185
 0
 0
 2.298080398146353e-06
 0
 5.741796322345218e-05
 0
 0
 0
 0
 0.007750696959789185
 0
 0
 0
 0
 5.741796322345218e-05
 0
 0
 0
 0
 0
 0
 0
 0
 0
 5.741796322345218e-05
 0
 0
 0
 0
 0
 0
 0
 0
 0
 0
 0
 0
 0
 0
 0
 0
 0
 0
 0
 0
 0
 0
 0
 0
 0
 0
 0
 0
 0
 0
 0
 0
 0
 0
 0
 0
 0
 0
 0
 0
 0
 0
 0
 0
 0
 0
 0
 0
 0
 0
 0
 0
 0
 0
 0
 0
 0
 0
 0
 0
 0
 0
 0
 0
 0
 0
 0
 0
 0
 0
 0
 0
 0
 0
 0
 0
 0
 0
 0
 0
 0
 0
 0
 0
 0
 0
 0
 0
 0
 0
 0
 0
 0
 0
 0
 0
 0
 0
 0
 0
 0
 0
 0
 0
