# Created by Octave 3.2.4, Wed Feb 06 18:27:12 2013 EST <rbom@zaphod>
# name: small_First_Fit
# type: matrix
# ndims: 3
 1 10 30
 5.006360230996993e-14
 8.047604928210257e-16
 7.972658883558937e-16
 3.595526975018049e-15
 5.010805350300315e-16
 4.800686806218385e-12
 3.15592955786652e-13
 3.402305698687663e-14
 7.175886592161218e-12
 5.49277989923496e-12
 5.29565220318976e-10
 1.416385487487239e-12
 6.954897174081345e-14
 2.344365074586159e-11
 8.684834782978624e-14
 6.764827572377235e-08
 4.85200706414095e-09
 1.253677141138792e-12
 7.175886592161218e-12
 5.49277989923496e-12
 2.409456970930632e-08
 1.495473623060229e-10
 6.123686084369599e-11
 6.449995200976454e-09
 1.653893382374201e-10
 9.153792609148571e-05
 4.787872102580966e-08
 1.253677141138792e-12
 1.487176181588736e-09
 2.624835703551542e-08
 2.409456970930632e-08
 1.539199011072467e-10
 2.867023266454003e-09
 7.960731915693002e-07
 1.653893382374201e-10
 0.002932699494597832
 1.016381458688631e-07
 2.41371073491909e-11
 5.753577972842554e-06
 2.624835703551542e-08
 2.409456970930632e-08
 1.539199011072467e-10
 2.867023266454003e-09
 7.960731915693002e-07
 1.564177083799708e-08
 0.002932699494597832
 1.016381458688631e-07
 2.41371073491909e-11
 0.0005768100356351148
 2.56043984405247e-07
 2.409456970930632e-08
 5.178217688229847e-08
 5.635131395304308e-07
 9.32184228790687e-07
 8.183362331699491e-07
 0.002932699494597832
 8.886571852895292e-07
 1.470656630010482e-09
 0.0005768100356351148
 2.56043984405247e-07
 6.387002025884697e-07
 7.220807913428628e-06
 8.270438169343171e-06
 9.866908652022775e-05
 9.55701679335637e-05
 0.002932699494597832
 8.886571852895292e-07
 1.470656630010482e-09
 0.0005768100356351148
 2.56043984405247e-07
 6.387002025884697e-07
 0.0174975252259072
 4.976602133694747e-05
 9.866908652022775e-05
 0.004438452647291578
 0.002932699494597832
 8.886571852895292e-07
 1.11230053851905e-07
 0.0005768100356351148
 2.56043984405247e-07
 6.387002025884697e-07
 0.0174975252259072
 4.976602133694747e-05
 9.866908652022775e-05
 0.004438452647291578
 0.0174975252259072
 8.886571852895292e-07
 4.976397683573797e-06
 0.0005768100356351148
 3.122360267162859e-06
 6.387002025884697e-07
 0.0174975252259072
 4.976602133694747e-05
 9.866908652022775e-05
 0.0174975252259072
 0.0174975252259072
 8.886571852895292e-07
 4.976397683573797e-06
 0.001046364635972645
 3.273235465965349e-05
 7.862322474927026e-07
 0.0174975252259072
 4.976602133694747e-05
 9.866908652022775e-05
 0.0174975252259072
 0.0174975252259072
 8.886571852895292e-07
 1.048370295469397e-05
 0.0005768100356351148
 3.273235465965349e-05
 6.387002025884697e-07
 0.0174975252259072
 0.0003087784887844648
 9.866908652022775e-05
 0.0174975252259072
 0.0174975252259072
 8.886571852895292e-07
 1.048370295469397e-05
 0.0005768100356351148
 3.273235465965349e-05
 6.387002025884697e-07
 0.0174975252259072
 0.004438452647291578
 9.866908652022775e-05
 0.0174975252259072
 0.05138344152179158
 0
 1.048370295469397e-05
 0.0005768100356351148
 3.273235465965349e-05
 6.387002025884697e-07
 0.0174975252259072
 0.004438452647291578
 0
 0.05138344152179158
 0.05138344152179158
 0
 4.976397683573797e-06
 0.0005768100356351148
 0.001012659155273765
 6.387002025884697e-07
 0
 0.004438452647291578
 0
 0.05138344152179158
 0.05138344152179158
 0
 4.976397683573797e-06
 0.004408090122355637
 0.001012659155273765
 6.387002025884697e-07
 0
 0.004438452647291578
 0
 0.05138344152179158
 0.05138344152179158
 0
 4.976397683573797e-06
 0.004408090122355637
 0.001887166797756885
 7.862322474927026e-07
 0
 0.0174975252259072
 0
 0.05138344152179158
 0.05138344152179158
 0
 4.976397683573797e-06
 0.004408090122355637
 0.001012659155273765
 7.862322474927026e-07
 0
 0.0174975252259072
 0
 0.05138344152179158
 0.05138344152179158
 0
 0
 0.004408090122355637
 0.001012659155273765
 7.862322474927026e-07
 0
 0.0174975252259072
 0
 0.05138344152179158
 0.05138344152179158
 0
 0
 0.05138344152179158
 0.001887166797756885
 7.862322474927026e-07
 0
 0.0174975252259072
 0
 0.05138344152179158
 0
 0
 0
 0.05138344152179158
 0.001012659155273765
 7.862322474927026e-07
 0
 0.0174975252259072
 0
 0
 0
 0
 0
 0.05138344152179158
 0.001012659155273765
 6.387002025884697e-07
 0
 0.0174975252259072
 0
 0
 0
 0
 0
 0.05138344152179158
 0.001012659155273765
 6.387002025884697e-07
 0
 0.05138344152179158
 0
 0
 0
 0
 0
 0.05138344152179158
 0.001012659155273765
 0
 0
 0.0174975252259072
 0
 0
 0
 0
 0
 0.05138344152179158
 0.001012659155273765
 0
 0
 0.0174975252259072
 0
 0
 0
 0
 0
 0.05138344152179158
 0.001012659155273765
 0
 0
 0.0174975252259072
 0
 0
 0
 0
 0
 0
 0
 0
 0
 0.0174975252259072
 0
 0
 0
 0
 0
 0
 0
 0
 0
 0.0174975252259072
 0
 0
 0
 0
 0
 0
 0
 0
 0
 0.0174975252259072
 0
 0
 0
 0
 0
 0
 0
 0
 0
 0
 0
 0
 0
 0
 0
 0
 0
