# Created by Octave 3.2.4, Tue Feb 05 14:48:43 2013 EST <rbom@zaphod>
# name: small_First_Fit
# type: matrix
# ndims: 3
 1 10 30
 9.656919455710733e-13
 1.103050085201491e-13
 1.109958869109791e-15
 3.445615621105332e-14
 2.889895536237871e-14
 5.117566605601996e-17
 3.96222618514687e-10
 9.402169732466537e-12
 1.386444718380001e-15
 4.00097487603919e-15
 2.116501214751739e-10
 1.103050085201491e-13
 1.942814290311995e-13
 5.107083634189823e-14
 1.690387193051291e-10
 1.008496873982959e-14
 8.030957381048535e-08
 1.535369135858479e-08
 3.786580587535689e-09
 3.652636760543118e-12
 1.917801914233303e-07
 8.225143352597331e-12
 2.103083113937236e-11
 3.353514919485095e-11
 9.98479481048196e-09
 1.080850055162041e-11
 1.183728547274067e-06
 1.535369135858479e-08
 3.786580587535689e-09
 1.253687059884425e-09
 6.455637488795012e-05
 8.497319932213223e-12
 6.127994246401752e-11
 3.217811289284363e-08
 1.651459597319418e-07
 5.586252414849912e-10
 1.57803476603277e-06
 2.056378372944802e-08
 7.159383189968975e-08
 1.300724177359958e-07
 0.001033785665075711
 1.396576510115905e-09
 7.807985376108064e-08
 9.902804171615298e-06
 4.459968906417201e-06
 4.091098827366774e-09
 1.57803476603277e-06
 1.535369135858479e-08
 2.973732915844736e-07
 0.0001033814626160863
 0.001033785665075711
 7.857323725308885e-08
 7.807985376108064e-08
 0.0002478515126164008
 0.00021555472213317
 2.385917024980536e-07
 1.57803476603277e-06
 6.365266335742296e-07
 5.006189479483541e-06
 0.0001033814626160863
 0.001033785665075711
 1.140519206381835e-06
 7.807985376108064e-08
 0.0002478515126164008
 0.00021555472213317
 2.385917024980536e-07
 0.0004507701089722705
 6.365266335742296e-07
 7.978283070706768e-05
 0.001248755431289322
 0.001033785665075711
 1.140519206381835e-06
 7.807985376108064e-08
 0.0002478515126164008
 0.00021555472213317
 2.385917024980536e-07
 0.0004507701089722705
 6.365266335742296e-07
 7.978283070706768e-05
 0.001248755431289322
 0.001033785665075711
 4.792585341813872e-05
 0.0002017905543609145
 0.001535588076615709
 0.09432813902561969
 2.385917024980536e-07
 0.01711263133644408
 1.747256782268797e-05
 0.0001098261586298796
 0.001248755431289322
 0.001033785665075711
 6.951981853201564e-05
 0.0002017905543609145
 0.001535588076615709
 0.09432813902561969
 2.385917024980536e-07
 0.01711263133644408
 1.747256782268797e-05
 7.978283070706768e-05
 0.001248755431289322
 0.001033785665075711
 0.001864461577548353
 0.0002017905543609145
 0.001535588076615709
 0.09432813902561969
 2.385917024980536e-07
 0.01711263133644408
 1.747256782268797e-05
 7.978283070706768e-05
 0.001248755431289322
 0
 0.01711263133644408
 0.001338824246055308
 0.001535588076615709
 0.09432813902561969
 2.385917024980536e-07
 0.01711263133644408
 0.002329000936771837
 7.978283070706768e-05
 0.001248755431289322
 0
 0.01711263133644408
 0.001338824246055308
 0.01243053396230623
 0.09432813902561969
 0
 0.01711263133644408
 0.002329000936771837
 7.978283070706768e-05
 0.09432813902561969
 0
 0.01711263133644408
 0.001338824246055308
 0.09432813902561969
 0.09432813902561969
 0
 0.01711263133644408
 0.09432813902561969
 7.978283070706768e-05
 0.09432813902561969
 0
 0.01711263133644408
 0.001338824246055308
 0.09432813902561969
 0.09432813902561969
 0
 0.09432813902561969
 0.09432813902561969
 0.001864461577548353
 0.09432813902561969
 0
 0.01711263133644408
 0.001338824246055308
 0.09432813902561969
 0
 0
 0.09432813902561969
 0.09432813902561969
 0.001864461577548353
 0.09432813902561969
 0
 0.01711263133644408
 0.001338824246055308
 0.09432813902561969
 0
 0
 0.09432813902561969
 0.09432813902561969
 0.001864461577548353
 0.09432813902561969
 0
 0.09432813902561969
 0.003235234637709433
 0.09432813902561969
 0
 0
 0.09432813902561969
 0.09432813902561969
 0.001864461577548353
 0.09432813902561969
 0
 0.09432813902561969
 0.003235234637709433
 0.09432813902561969
 0
 0
 0.09432813902561969
 0.09432813902561969
 0.001864461577548353
 0.09432813902561969
 0
 0.09432813902561969
 0.003235234637709433
 0.09432813902561969
 0
 0
 0.09432813902561969
 0.09432813902561969
 0.01711263133644408
 0
 0
 0.09432813902561969
 0.003235234637709433
 0
 0
 0
 0.09432813902561969
 0
 0.01711263133644408
 0
 0
 0.09432813902561969
 0.003235234637709433
 0
 0
 0
 0
 0
 0.01711263133644408
 0
 0
 0.09432813902561969
 0.003235234637709433
 0
 0
 0
 0
 0
 0.01711263133644408
 0
 0
 0.09432813902561969
 0.003235234637709433
 0
 0
 0
 0
 0
 0.01711263133644408
 0
 0
 0
 0
 0
 0
 0
 0
 0
 0.01711263133644408
 0
 0
 0
 0
 0
 0
 0
 0
 0
 0.01711263133644408
 0
 0
 0
 0
 0
 0
 0
 0
 0
 0
 0
 0
 0
 0
 0
 0
 0
 0
 0
 0
 0
 0
 0
 0
 0
 0
 0
 0
 0
 0
 0
 0
 0
 0
 0
 0
 0
 0
 0
 0
 0
