# Created by Octave 3.2.4, Tue Feb 05 08:12:07 2013 EST <rbom@zaphod>
# name: small_First_Fit
# type: matrix
# ndims: 3
 1 10 30
 1.383580656979826e-13
 1.171639825283288e-09
 1.21875496934913e-08
 2.781801319823485e-15
 3.827222928591549e-18
 2.240963919158347e-14
 4.443102528208285e-11
 4.073931031608889e-09
 1.564041580114093e-13
 2.088250884505264e-11
 2.326804165558011e-11
 2.169780725361579e-07
 2.562634068688829e-06
 1.458377177553681e-10
 2.733157796290872e-15
 2.266620115365645e-11
 1.902922300679682e-08
 4.073931031608889e-09
 2.628683991727716e-11
 2.095117545160225e-09
 2.484811270774861e-09
 2.169780725361579e-07
 5.936215362742041e-05
 1.562730921926048e-09
 4.743348194296276e-12
 1.594746698853892e-08
 5.153157657417e-07
 4.188633507263149e-07
 8.677039760570437e-10
 8.565743764267679e-08
 2.484811270774861e-09
 2.169780725361579e-07
 0.002197079429400741
 1.562730921926048e-09
 2.140384332323307e-08
 1.594746698853892e-08
 2.494044355860975e-06
 1.113571690251485e-06
 4.303887378534022e-08
 8.565743764267679e-08
 2.810920687873497e-08
 1.950577398337131e-06
 0.002197079429400741
 1.552617211056858e-08
 2.140384332323307e-08
 1.594746698853892e-08
 8.030057085701478e-06
 1.113571690251485e-06
 2.335585848253631e-07
 1.691122614119408e-05
 1.595386948419657e-07
 2.098970560118785e-06
 0.002197079429400741
 7.593487899959969e-06
 1.160012677167737e-06
 3.488013466720063e-05
 1.978106185047001e-05
 1.113571690251485e-06
 1.676399384596429e-06
 1.691122614119408e-05
 1.595386948419657e-07
 2.098970560118785e-06
 0.003671296297142431
 7.593487899959969e-06
 5.689168073877242e-05
 3.488013466720063e-05
 9.041443272880651e-05
 0.0006864168476942815
 8.851674073290026e-06
 5.689168073877242e-05
 1.595386948419657e-07
 6.259951618520449e-05
 0.003671296297142431
 0.0002942899024169048
 0.000651668629932709
 3.488013466720063e-05
 9.041443272880651e-05
 0.0006864168476942815
 1.498759953945962e-05
 0.0001221963108436391
 1.595386948419657e-07
 0.0004377536217343759
 0.002197079429400741
 0.001637855745482161
 0.00148257435149135
 3.488013466720063e-05
 0.0002304546768053441
 0.0006864168476942815
 1.902541005754017e-05
 0.0001221963108436391
 0.0001669319520615843
 0.0004377536217343759
 0.002197079429400741
 0.001637855745482161
 0.00148257435149135
 3.488013466720063e-05
 0.001637855745482161
 0.0006864168476942815
 3.369569993899728e-05
 0.002197079429400741
 0.0001669319520615843
 0.000651668629932709
 0.002197079429400741
 0.001637855745482161
 0.00148257435149135
 3.488013466720063e-05
 0.001637855745482161
 0.0006864168476942815
 2.446158289367077e-05
 0.002197079429400741
 0.0001669319520615843
 0.000651668629932709
 0.003671296297142431
 0.001637855745482161
 0.00148257435149135
 3.488013466720063e-05
 0.001637855745482161
 0.0006864168476942815
 3.369569993899728e-05
 0.002197079429400741
 0.0001669319520615843
 0.000651668629932709
 0.002197079429400741
 0.001637855745482161
 0.00148257435149135
 0
 0.001637855745482161
 0.0006864168476942815
 1.902541005754017e-05
 0.002197079429400741
 0.0001669319520615843
 0.000651668629932709
 0.002197079429400741
 0.001637855745482161
 0.00148257435149135
 0
 0.001637855745482161
 0
 1.902541005754017e-05
 0.002197079429400741
 0.0001669319520615843
 0.000651668629932709
 0.002197079429400741
 0.001637855745482161
 0.00148257435149135
 0
 0.001637855745482161
 0
 1.902541005754017e-05
 0.002197079429400741
 0.0001669319520615843
 0.000651668629932709
 0.002197079429400741
 0
 0
 0
 0.001637855745482161
 0
 1.902541005754017e-05
 0.002197079429400741
 0
 0.000651668629932709
 0.002197079429400741
 0
 0
 0
 0
 0
 1.902541005754017e-05
 0
 0
 0
 0.002197079429400741
 0
 0
 0
 0
 0
 1.902541005754017e-05
 0
 0
 0
 0
 0
 0
 0
 0
 0
 0
 0
 0
 0
 0
 0
 0
 0
 0
 0
 0
 0
 0
 0
 0
 0
 0
 0
 0
 0
 0
 0
 0
 0
 0
 0
 0
 0
 0
 0
 0
 0
 0
 0
 0
 0
 0
 0
 0
 0
 0
 0
 0
 0
 0
 0
 0
 0
 0
 0
 0
 0
 0
 0
 0
 0
 0
 0
 0
 0
 0
 0
 0
 0
 0
 0
 0
 0
 0
 0
 0
 0
 0
 0
 0
 0
 0
 0
 0
 0
 0
 0
 0
 0
 0
 0
 0
 0
 0
 0
 0
 0
 0
 0
 0
 0
 0
 0
 0
 0
 0
 0
 0
 0
 0
 0
 0
 0
 0
 0
 0
 0
