# Created by Octave 3.2.4, Wed Feb 06 08:59:09 2013 EST <rbom@zaphod>
# name: small_First_Fit
# type: matrix
# ndims: 3
 1 10 30
 2.694972049790424e-13
 2.60758933445893e-11
 4.088186339578901e-10
 5.47902614980964e-11
 1.262618240765006e-11
 6.15389447278046e-15
 1.53674119641877e-13
 4.294124191892207e-11
 4.768768033689474e-11
 1.454880212474137e-11
 5.556094163510078e-09
 8.437984895119076e-08
 1.514657551047249e-07
 1.828859466809702e-09
 3.369768678126094e-07
 5.010052606847364e-09
 3.793748505446958e-10
 2.783424623769317e-08
 4.685406151752974e-10
 5.040861217124269e-06
 1.046228446106924e-06
 1.564818545914088e-06
 1.214973488469551e-06
 4.37794389244655e-07
 1.453447224197771e-05
 9.617057525531548e-07
 5.90531769701348e-07
 7.965163739677383e-06
 4.418100072829084e-07
 0.0001285259419943619
 1.046228446106924e-06
 1.564818545914088e-06
 1.49663438910497e-06
 0.0001515080054828991
 6.240662070543181e-05
 9.617057525531548e-07
 2.077909716337726e-05
 0.0002511600637678439
 1.738539550022124e-05
 0.0001285259419943619
 2.729690630756712e-05
 1.564818545914088e-06
 7.956228074045186e-06
 0.002349889838628683
 0.001959021010811457
 2.004118663855835e-05
 2.077909716337726e-05
 0.0002511600637678439
 0.0001878748528644158
 0.0001285259419943619
 2.729690630756712e-05
 0.0001508982721165799
 2.812416081913081e-05
 0.002349889838628683
 0.001959021010811457
 2.004118663855835e-05
 0.0002171213453644348
 0.0002511600637678439
 0.0003624234185927789
 0.0001285259419943619
 3.984630818964688e-05
 0.005624291912752826
 5.88966639245448e-05
 0.005381295346648876
 0.007769642308325697
 0.0001488477090616164
 0.0006210300018102883
 0.0002511600637678439
 0.001474818352577857
 0.0001285259419943619
 0.0002859609060136077
 0.005624291912752826
 0.001014849509170493
 0.005381295346648876
 0.007769642308325697
 0.0001488477090616164
 0.0006210300018102883
 0.0002511600637678439
 0.008896308379928667
 0.0001285259419943619
 0.0002859609060136077
 0.005624291912752826
 0.001014849509170493
 0.005381295346648876
 0.007769642308325697
 0.0001488477090616164
 0.006489140801702101
 0.0002511600637678439
 0.008896308379928667
 0.0001285259419943619
 0.0002859609060136077
 0.005624291912752826
 0.001406712352733252
 0.005381295346648876
 0.007769642308325697
 0.0001488477090616164
 0.006489140801702101
 0.0002511600637678439
 0.008896308379928667
 0.0001285259419943619
 0.0002859609060136077
 0.005624291912752826
 0.001406712352733252
 0.005381295346648876
 0.007769642308325697
 0.0001488477090616164
 0.006489140801702101
 0
 0.008896308379928667
 0
 0.0002859609060136077
 0.005624291912752826
 0.002887687780947335
 0.005381295346648876
 0.007769642308325697
 0.0001488477090616164
 0.006489140801702101
 0
 0.008896308379928667
 0
 0.0002859609060136077
 0.005624291912752826
 0.002887687780947335
 0.005624291912752826
 0.007769642308325697
 0.0004750231987487657
 0.006489140801702101
 0
 0.008896308379928667
 0
 0.0002859609060136077
 0
 0.002887687780947335
 0.005381295346648876
 0
 0.0004750231987487657
 0.006489140801702101
 0
 0.008896308379928667
 0
 0
 0
 0.002887687780947335
 0.005381295346648876
 0
 0.0004750231987487657
 0.006489140801702101
 0
 0
 0
 0
 0
 0.002887687780947335
 0.005381295346648876
 0
 0.003910488038940774
 0
 0
 0
 0
 0
 0
 0.002887687780947335
 0.005381295346648876
 0
 0.003910488038940774
 0
 0
 0
 0
 0
 0
 0.002887687780947335
 0.005381295346648876
 0
 0.003910488038940774
 0
 0
 0
 0
 0
 0
 0
 0.005381295346648876
 0
 0.003910488038940774
 0
 0
 0
 0
 0
 0
 0
 0
 0
 0.005381295346648876
 0
 0
 0
 0
 0
 0
 0
 0
 0
 0.003910488038940774
 0
 0
 0
 0
 0
 0
 0
 0
 0
 0.003910488038940774
 0
 0
 0
 0
 0
 0
 0
 0
 0
 0.006490247242257005
 0
 0
 0
 0
 0
 0
 0
 0
 0
 0.006490247242257005
 0
 0
 0
 0
 0
 0
 0
 0
 0
 0.008896308379928667
 0
 0
 0
 0
 0
 0
 0
 0
 0
 0.006490247242257005
 0
 0
 0
 0
 0
 0
 0
 0
 0
 0.006490247242257005
 0
 0
 0
 0
 0
 0
 0
 0
 0
 0.006490247242257005
 0
 0
 0
 0
 0
 0
 0
 0
 0
 0.006490247242257005
 0
 0
 0
 0
 0
 0
 0
 0
 0
 0.006490247242257005
 0
 0
 0
 0
