# Created by Octave 3.2.4, Mon Feb 04 20:48:28 2013 EST <rbom@zaphod>
# name: small_First_Fit
# type: matrix
# ndims: 3
 1 10 30
 3.707515832348983e-20
 1.753426390831053e-21
 2.259305636847876e-16
 1.301700800782058e-14
 2.273741188150569e-16
 8.672287577425766e-18
 3.260039536198991e-18
 9.51010975935395e-20
 1.801450340714633e-16
 1.980146047157334e-16
 7.447548994590676e-17
 1.529764091678307e-12
 4.225982298581862e-14
 1.301700800782058e-14
 3.017589087933783e-14
 4.539051199054697e-11
 5.260591671086787e-13
 2.897273910599062e-17
 1.801450340714633e-16
 3.808569695291946e-12
 3.908438345214789e-14
 1.529764091678307e-12
 4.480682809642998e-12
 9.757111117628691e-12
 3.017589087933783e-14
 5.845954614436753e-09
 2.850159591997516e-11
 3.460931777600061e-12
 7.489657403122293e-14
 7.814439361162834e-09
 5.588822702729506e-12
 3.669580250720675e-08
 6.871665045866771e-08
 1.061870583286516e-09
 3.017589087933783e-14
 3.850090824932869e-06
 1.80281832675552e-10
 1.020532601781321e-08
 9.958298682118934e-12
 4.779437343639928e-06
 1.449519073903622e-09
 5.503403938261063e-06
 3.226468888465454e-06
 1.061870583286516e-09
 9.933675428193904e-12
 3.850090824932869e-06
 6.785177246237561e-07
 5.379740023766226e-07
 3.841669051834827e-10
 4.779437343639928e-06
 4.968069875674761e-08
 5.503403938261063e-06
 0.0001110052150820957
 1.649897254635352e-07
 1.855647325869565e-09
 0.0001320807939599829
 0.005222326493631031
 1.086246482468478e-06
 1.567461999106905e-09
 4.779437343639928e-06
 7.562582984666473e-06
 5.503403938261063e-06
 0.001656628810643673
 1.649897254635352e-07
 8.312505850966873e-08
 0.0001320807939599829
 0.005222326493631031
 4.239698064187194e-05
 3.62465408197209e-08
 0.000178409110301774
 7.562582984666473e-06
 0.0001712910452553954
 0.005222326493631031
 7.721713540291161e-06
 8.312505850966873e-08
 0.0001320807939599829
 0.005222326493631031
 4.239698064187194e-05
 2.055437319247098e-06
 0.0001899387394979788
 7.562582984666473e-06
 0.0001712910452553954
 0.005222326493631031
 0.0001911500765760253
 2.948594160824336e-05
 0.0001320807939599829
 0.005222326493631031
 4.239698064187194e-05
 2.055437319247098e-06
 0.000178409110301774
 7.562582984666473e-06
 0.0001712910452553954
 0.005222326493631031
 0.0001911500765760253
 2.948594160824336e-05
 0.0001320807939599829
 0.005222326493631031
 4.239698064187194e-05
 3.601419544085526e-05
 0.007089908240522235
 7.562582984666473e-06
 0.0001712910452553954
 0.005222326493631031
 0.0001911500765760253
 2.948594160824336e-05
 0.0001320807939599829
 0.005222326493631031
 0.001656628810643673
 3.601419544085526e-05
 0.007089908240522235
 7.562582984666473e-06
 0.0001712910452553954
 0.005222326493631031
 0.005222326493631031
 2.948594160824336e-05
 0.0001320807939599829
 0.005222326493631031
 0.001656628810643673
 3.601419544085526e-05
 0.007089908240522235
 7.562582984666473e-06
 0.004223256884272951
 0.005222326493631031
 0.005222326493631031
 2.948594160824336e-05
 0
 0
 0.001656628810643673
 3.601419544085526e-05
 0.007089908240522235
 0
 0.004223256884272951
 0.005222326493631031
 0.005222326493631031
 2.948594160824336e-05
 0
 0
 0.001656628810643673
 3.601419544085526e-05
 0.007089908240522235
 0
 0.004223256884272951
 0
 0.005222326493631031
 2.948594160824336e-05
 0
 0
 0.001656628810643673
 3.880629645031089e-05
 0.007089908240522235
 0
 0.007089908240522235
 0
 0.005222326493631031
 0
 0
 0
 0.001656628810643673
 3.601419544085526e-05
 0.007089908240522235
 0
 0.007089908240522235
 0
 0.005222326493631031
 0
 0
 0
 0.001656628810643673
 3.601419544085526e-05
 0
 0
 0.007089908240522235
 0
 0.005222326493631031
 0
 0
 0
 0
 3.601419544085526e-05
 0
 0
 0.007089908240522235
 0
 0
 0
 0
 0
 0
 3.601419544085526e-05
 0
 0
 0.007089908240522235
 0
 0
 0
 0
 0
 0
 3.880629645031089e-05
 0
 0
 0.007089908240522235
 0
 0
 0
 0
 0
 0
 3.601419544085526e-05
 0
 0
 0.007089908240522235
 0
 0
 0
 0
 0
 0
 3.880629645031089e-05
 0
 0
 0
 0
 0
 0
 0
 0
 0
 3.880629645031089e-05
 0
 0
 0
 0
 0
 0
 0
 0
 0
 3.880629645031089e-05
 0
 0
 0
 0
 0
 0
 0
 0
 0
 3.601419544085526e-05
 0
 0
 0
 0
 0
 0
 0
 0
 0
 3.601419544085526e-05
 0
 0
 0
 0
 0
 0
 0
 0
 0
 3.880629645031089e-05
 0
 0
 0
 0
 0
 0
 0
 0
 0
 3.880629645031089e-05
 0
 0
 0
 0
 0
 0
 0
 0
 0
 3.601419544085526e-05
 0
 0
 0
 0
 0
 0
 0
 0
 0
 3.601419544085526e-05
 0
