# Created by Octave 3.2.4, Tue Feb 05 07:18:45 2013 EST <rbom@zaphod>
# name: small_First_Fit
# type: matrix
# ndims: 3
 1 10 30
 6.06983525908975e-11
 1.502615350236885e-12
 6.66940285222158e-10
 1.468214056467204e-11
 5.540105878914742e-09
 1.331643045567155e-10
 4.530204741800851e-13
 1.288040714194673e-09
 1.344977332903238e-11
 4.189759007349117e-11
 1.173141013992753e-08
 2.029667373889246e-09
 3.911068834693182e-09
 3.927859081628806e-06
 3.966894364659321e-08
 5.35441384006795e-08
 2.647106212125389e-08
 3.231514015838316e-08
 4.432272290918174e-09
 1.677375059712823e-07
 3.924497667618871e-08
 2.756234358625281e-06
 1.865642459660945e-08
 3.927859081628806e-06
 1.727050398095681e-07
 1.243612020643718e-05
 1.025330684300233e-07
 3.231514015838316e-08
 5.836891634941984e-06
 1.677375059712823e-07
 1.673271060047941e-07
 6.547751476579018e-05
 9.52712278687696e-07
 5.546606713792016e-05
 3.188324809225545e-06
 0.0002244829643572796
 1.025330684300233e-07
 1.902666499599952e-06
 9.664575044041366e-05
 8.325631422743069e-07
 5.073267881041175e-07
 6.547751476579018e-05
 1.738185198945175e-05
 5.546606713792016e-05
 3.188324809225545e-06
 0.0002244829643572796
 2.487282764762696e-07
 1.275656269353598e-05
 0.0002142042120194908
 6.401137245090629e-06
 1.880927261741632e-05
 0.0004339322534968079
 3.710954880198298e-05
 0.000353779129633082
 0.002011254372663632
 0.0002244829643572796
 3.443477410053948e-06
 1.332599062614402e-05
 0.003217620903589817
 0.0002022772168447367
 7.062398500250751e-05
 0.0001399160343524779
 1.738185198945175e-05
 0.000353779129633082
 0.002011254372663632
 0.0002244829643572796
 1.297446404497518e-05
 1.275656269353598e-05
 0.003217620903589817
 0.0002022772168447367
 0.0003890032566497949
 0.0004339322534968079
 5.270364789417689e-05
 0.000353779129633082
 0.002011254372663632
 0.0002244829643572796
 8.744247719357852e-05
 2.870533919510459e-05
 0.009623430865877483
 0.0002022772168447367
 0.0003890032566497949
 0.0004339322534968079
 5.270364789417689e-05
 0.000353779129633082
 0.002011254372663632
 0.0002244829643572796
 8.744247719357852e-05
 0.0001833083677176518
 0.01043886721080004
 0.0002022772168447367
 0.0008409024087032618
 0.0004339322534968079
 0.0004339322534968079
 0.000353779129633082
 0.002011254372663632
 0.0002244829643572796
 0.0003167554531049704
 0.0001833083677176518
 0.009623430865877483
 0.0002022772168447367
 0.0008409024087032618
 0.0004339322534968079
 0.0004339322534968079
 0.000353779129633082
 0.002011254372663632
 0
 0.0003167554531049704
 0.0008233296683820935
 0.009623430865877483
 0.0002022772168447367
 0.0008409024087032618
 0.0004339322534968079
 0.0004537823048472767
 0.01043886721080004
 0.002011254372663632
 0
 0.0003230570483604861
 0.0008233296683820935
 0.01043886721080004
 0.0002022772168447367
 0.0008409024087032618
 0.0004537823048472767
 0.0004339322534968079
 0.01043886721080004
 0
 0
 0.0003230570483604861
 0.0008233296683820935
 0.01043886721080004
 0
 0.0008409024087032618
 0.0004537823048472767
 0.0004339322534968079
 0.01043886721080004
 0
 0
 0.0003167554531049704
 0.0008233296683820935
 0.01089724079197943
 0
 0.0008409024087032618
 0.0004339322534968079
 0.0004537823048472767
 0.01043886721080004
 0
 0
 0.000530760109044532
 0.0008233296683820935
 0.009623430865877483
 0
 0.0008409024087032618
 0.0004339322534968079
 0.0004339322534968079
 0.01043886721080004
 0
 0
 0.000530760109044532
 0.0008233296683820935
 0.009623430865877483
 0
 0
 0.0004537823048472767
 0.0004339322534968079
 0.01043886721080004
 0
 0
 0.0004537823048472767
 0.001327857807743359
 0.009623430865877483
 0
 0
 0.0004537823048472767
 0.0004537823048472767
 0.01043886721080004
 0
 0
 0.0004537823048472767
 0.001327857807743359
 0.01089724079197943
 0
 0
 0.0004339322534968079
 0.0004339322534968079
 0
 0
 0
 0.0004537823048472767
 0.001327857807743359
 0.01089724079197943
 0
 0
 0.0004537823048472767
 0.0004339322534968079
 0
 0
 0
 0.0004537823048472767
 0.001327857807743359
 0.01043886721080004
 0
 0
 0.0004339322534968079
 0.0004339322534968079
 0
 0
 0
 0.0004537823048472767
 0.0008233296683820935
 0.01089724079197943
 0
 0
 0.001906933301727588
 0.0004339322534968079
 0
 0
 0
 0
 0.0008233296683820935
 0.01089724079197943
 0
 0
 0.0004339322534968079
 0.0004339322534968079
 0
 0
 0
 0
 0.0008233296683820935
 0.01043886721080004
 0
 0
 0.0004339322534968079
 0.0004339322534968079
 0
 0
 0
 0
 0
 0.009623430865877483
 0
 0
 0.0004339322534968079
 0
 0
 0
 0
 0
 0
 0.01043886721080004
 0
 0
 0.0004339322534968079
 0
 0
 0
 0
 0
 0
 0.01043886721080004
 0
 0
 0.0004537823048472767
 0
 0
 0
 0
 0
 0
 0.01043886721080004
 0
 0
 0.0004339322534968079
 0
 0
 0
 0
 0
 0
 0.01089724079197943
 0
 0
 0.0004339322534968079
 0
 0
 0
 0
 0
 0
 0.01043886721080004
 0
 0
 0.0004537823048472767
 0
 0
 0
 0
 0
 0
 0.009623430865877483
 0
