# Created by Octave 3.2.4, Mon Feb 04 04:07:19 2013 EST <rbom@zaphod>
# name: small_First_Fit
# type: matrix
# ndims: 3
 1 10 30
 2.084475647631409e-20
 6.543410842872496e-20
 4.506084616694579e-18
 3.006103708370788e-20
 5.172030620404948e-17
 7.305544976555277e-22
 6.791378857871297e-20
 8.424281320134757e-18
 2.379577848573322e-17
 5.120285367751941e-22
 6.090060859235011e-13
 9.012432000330952e-15
 2.048543721218897e-15
 1.735141047506861e-16
 2.898826067504249e-13
 1.062188818859314e-13
 9.993817719140072e-12
 8.424281320134757e-18
 1.270319988202457e-13
 6.503383967732358e-18
 1.24168313683002e-09
 9.012432000330952e-15
 5.539984764449757e-11
 5.152637475282228e-13
 5.036952406427191e-12
 2.164352780933252e-10
 2.689769334981213e-07
 1.771690159879619e-14
 4.158330298270835e-12
 1.916596776990998e-14
 6.865138310336029e-08
 9.012432000330952e-15
 5.539984764449757e-11
 6.389526304751154e-11
 5.272405312593231e-10
 2.296147403895124e-08
 2.689769334981213e-07
 4.450324732150587e-12
 4.158330298270835e-12
 1.528890599432952e-11
 6.865138310336029e-08
 2.545248719571143e-10
 2.003400248824599e-09
 2.463129206972142e-08
 5.907582806491463e-09
 2.296147403895124e-08
 2.034269340047213e-05
 1.002232144935716e-07
 4.56969457978008e-10
 1.982734927251439e-08
 6.865138310336029e-08
 3.752804707313032e-07
 2.003400248824599e-09
 2.463129206972142e-08
 4.22601798290658e-07
 5.240861561644203e-06
 2.034269340047213e-05
 6.758594789067379e-05
 4.56969457978008e-10
 2.330973879734439e-06
 9.983086841054791e-06
 5.495527699923065e-05
 2.003400248824599e-09
 2.563857297060536e-07
 8.179422613293366e-05
 5.240861561644203e-06
 2.034269340047213e-05
 6.758594789067379e-05
 0.0001320950489262135
 2.330973879734439e-06
 0.001134005366090866
 0.01214311729712716
 2.003400248824599e-09
 1.07697426415246e-06
 8.179422613293366e-05
 5.240861561644203e-06
 0.0007128144193247134
 0.001756841749259414
 0.0001320950489262135
 2.330973879734439e-06
 0.008146766275965056
 0.01214311729712716
 3.278852221992651e-08
 1.121003751571541e-05
 8.179422613293366e-05
 5.240861561644203e-06
 0.0007128144193247134
 0.001756841749259414
 0.0001320950489262135
 5.696934784875079e-05
 0.008146766275965056
 0.01214311729712716
 0.0002759320377889742
 1.121003751571541e-05
 8.179422613293366e-05
 5.240861561644203e-06
 0.0007128144193247134
 0.001756841749259414
 0.0001320950489262135
 5.696934784875079e-05
 0.008146766275965056
 0.01214311729712716
 0.004516020719402057
 1.121003751571541e-05
 8.179422613293366e-05
 5.240861561644203e-06
 0.0007128144193247134
 0.001756841749259414
 0.0007128144193247134
 5.696934784875079e-05
 0.008146766275965056
 0.01214311729712716
 0.004516020719402057
 1.121003751571541e-05
 8.179422613293366e-05
 5.240861561644203e-06
 0.0007128144193247134
 0.001756841749259414
 0.0007128144193247134
 5.696934784875079e-05
 0.008146766275965056
 0.01214311729712716
 0.004516020719402057
 1.121003751571541e-05
 8.179422613293366e-05
 5.240861561644203e-06
 0.0007128144193247134
 0.001756841749259414
 0.0007128144193247134
 5.696934784875079e-05
 0.008146766275965056
 0.01214311729712716
 0.004516020719402057
 1.121003751571541e-05
 8.179422613293366e-05
 5.240861561644203e-06
 0.0007128144193247134
 0.001756841749259414
 0.0007128144193247134
 5.696934784875079e-05
 0.008146766275965056
 0.01214311729712716
 0.004516020719402057
 1.121003751571541e-05
 8.179422613293366e-05
 5.240861561644203e-06
 0.0007128144193247134
 0.001756841749259414
 0.0007128144193247134
 5.696934784875079e-05
 0.008146766275965056
 0.01214311729712716
 0.004516020719402057
 1.121003751571541e-05
 8.179422613293366e-05
 5.240861561644203e-06
 0.0007128144193247134
 0.001756841749259414
 0.0007128144193247134
 5.696934784875079e-05
 0.008146766275965056
 0.01214311729712716
 0.004516020719402057
 1.121003751571541e-05
 8.179422613293366e-05
 5.240861561644203e-06
 0.0007128144193247134
 0.001756841749259414
 0.0007128144193247134
 5.696934784875079e-05
 0.008146766275965056
 0.01214311729712716
 0.004516020719402057
 1.121003751571541e-05
 8.179422613293366e-05
 5.240861561644203e-06
 0.0007128144193247134
 0.001756841749259414
 0.0007128144193247134
 5.696934784875079e-05
 0.008146766275965056
 0.01214311729712716
 0.004516020719402057
 1.121003751571541e-05
 8.179422613293366e-05
 5.240861561644203e-06
 0.0007128144193247134
 0.001756841749259414
 0.0007128144193247134
 5.696934784875079e-05
 0.008146766275965056
 0.01214311729712716
 0.004516020719402057
 1.121003751571541e-05
 8.179422613293366e-05
 5.240861561644203e-06
 0.0007128144193247134
 0.001756841749259414
 0.0007128144193247134
 5.696934784875079e-05
 0.008146766275965056
 0.01214311729712716
 0.004516020719402057
 1.121003751571541e-05
 0.0001320950489262135
 5.240861561644203e-06
 0.0007128144193247134
 0.001756841749259414
 0.0007128144193247134
 5.696934784875079e-05
 0.008146766275965056
 0.01214311729712716
 0.004516020719402057
 1.121003751571541e-05
 8.179422613293366e-05
 5.240861561644203e-06
 0.0007128144193247134
 0.001756841749259414
 0.0007128144193247134
 5.696934784875079e-05
 0.008146766275965056
 0.01214311729712716
 0.004516020719402057
 1.121003751571541e-05
 8.179422613293366e-05
 5.240861561644203e-06
 0.0007128144193247134
 0.001756841749259414
 0.0007128144193247134
 5.696934784875079e-05
 0.008146766275965056
 0.01214311729712716
 0.004516020719402057
 1.121003751571541e-05
 8.179422613293366e-05
 5.240861561644203e-06
 0.0007128144193247134
 0.001756841749259414
 0.0007128144193247134
 5.696934784875079e-05
 0.008146766275965056
 0.01214311729712716
 0.004516020719402057
 1.121003751571541e-05
 8.179422613293366e-05
 5.240861561644203e-06
 0.0007128144193247134
 0.001756841749259414
 0.0007128144193247134
 5.696934784875079e-05
 0.008146766275965056
 0.01214311729712716
 0.004516020719402057
 1.121003751571541e-05
 8.179422613293366e-05
 5.240861561644203e-06
 0.0007128144193247134
 0.001756841749259414
 0.0007128144193247134
 5.696934784875079e-05
 0.008146766275965056
 0.01214311729712716
 0.004516020719402057
 1.121003751571541e-05
 8.179422613293366e-05
 5.240861561644203e-06
 0.0007128144193247134
 0.001756841749259414
 0.0007128144193247134
 5.696934784875079e-05
 0.008146766275965056
 0.01214311729712716
 0.004516020719402057
 1.121003751571541e-05
 8.179422613293366e-05
 5.240861561644203e-06
 0.0007128144193247134
 0.001756841749259414
 0.0007128144193247134
 5.696934784875079e-05
 0.008146766275965056
 0.01214311729712716
 0.004516020719402057
 1.121003751571541e-05
 8.179422613293366e-05
 5.240861561644203e-06
 0.0007128144193247134
 0.001756841749259414
 0.0007128144193247134
 5.696934784875079e-05
 0.008146766275965056
 0.01214311729712716
 0.004516020719402057
 1.121003751571541e-05
 8.179422613293366e-05
 5.240861561644203e-06
 0.0007128144193247134
 0.001756841749259414
 0.0007128144193247134
 5.696934784875079e-05
