# Created by Octave 3.2.4, Thu Feb 07 04:04:05 2013 EST <rbom@zaphod>
# name: small_First_Fit
# type: matrix
# ndims: 3
 1 10 30
 2.637959855424212e-09
 1.964208052089836e-11
 3.524687701711023e-12
 2.89506434821934e-10
 4.600972193059338e-12
 9.029035085836441e-13
 1.142341959394248e-12
 2.188474098599556e-13
 7.554268416118363e-10
 4.831308068666398e-12
 2.584495034989109e-07
 1.727996599686571e-06
 7.097780001544691e-09
 5.768198852956578e-07
 1.242727162832074e-08
 8.756428796011508e-10
 4.03476014199916e-09
 1.458105197490323e-10
 4.940720319825247e-07
 9.782776327847755e-09
 1.803108384067041e-06
 0.0003174016403389352
 5.169232998260647e-08
 5.768198852956578e-07
 2.478970138505662e-06
 2.305241040624969e-08
 5.19046007083127e-08
 4.551492162047336e-08
 4.940720319825247e-07
 1.072426375638576e-07
 1.774599828187263e-05
 0.01446756141048011
 5.169232998260647e-08
 0.0001961675942437517
 5.41012871143706e-05
 0.000236069762929806
 2.356268088238632e-07
 7.09361270846729e-06
 4.175901995784728e-06
 4.092851269255038e-07
 0.0001169303864111529
 0.01446756141048011
 4.048714353763959e-07
 0.0002224557022316919
 5.41012871143706e-05
 0.000236069762929806
 6.844370457660251e-06
 7.09361270846729e-06
 1.029394557570002e-05
 4.092851269255038e-07
 0.002553707818801359
 0.0161181752666568
 1.902228979575722e-05
 0.0001961675942437517
 5.41012871143706e-05
 0.001457812340293147
 6.844370457660251e-06
 7.09361270846729e-06
 0.0005951027551043731
 4.429618178502274e-06
 0.002685867337133506
 0.01663006833973387
 1.902228979575722e-05
 0.0001961675942437517
 0.0005003414493290408
 0.001457812340293147
 0.0002758456470100542
 7.09361270846729e-06
 0.007556469296694047
 2.038598766054507e-05
 0.002685867337133506
 0.01663006833973387
 0.0005368467384636531
 0.00175008116226707
 0.00263397460661187
 0.001457812340293147
 0.0002758456470100542
 0.0004283275195023697
 0.007556469296694047
 0.0001657145596241564
 0.002553707818801359
 0.01663006833973387
 0.0005368467384636531
 0.00175008116226707
 0.0230178596364622
 0.001457812340293147
 0.006422434957775135
 0.0004283275195023697
 0.0230178596364622
 0.0007802301835020752
 0.002553707818801359
 0.01663006833973387
 0.0005368467384636531
 0.09726469642184697
 0.1076185877750476
 0.001457812340293147
 0.006422434957775135
 0.0004283275195023697
 0.0230178596364622
 0.0007802301835020752
 0.002553707818801359
 0.01663006833973387
 0.1076185877750476
 0.09726469642184697
 0.1076185877750476
 0.001457812340293147
 0.006422434957775135
 0.0004283275195023697
 0.0230178596364622
 0.006422434957775135
 0.002553707818801359
 0.01663006833973387
 0.1076185877750476
 0.1076185877750476
 0.1076185877750476
 0.001457812340293147
 0.01663006833973387
 0.002141164730425823
 0.1076185877750476
 0.006422434957775135
 0.002553707818801359
 0.01663006833973387
 0.1076185877750476
 0.1076185877750476
 0.1076185877750476
 0
 0.006422434957775135
 0.02500823737883266
 0.1076185877750476
 0.006422434957775135
 0
 0
 0.1076185877750476
 0.1076185877750476
 0.1076185877750476
 0
 0.006422434957775135
 0.1076185877750476
 0.1076185877750476
 0.01099235577087139
 0
 0
 0.1076185877750476
 0.09726469642184697
 0.1076185877750476
 0
 0.01663006833973387
 0.1076185877750476
 0.1076185877750476
 0.01663006833973387
 0
 0
 0.1076185877750476
 0.1076185877750476
 0.1076185877750476
 0
 0.01663006833973387
 0.1076185877750476
 0.1076185877750476
 0.01663006833973387
 0
 0
 0.1076185877750476
 0.09726469642184697
 0
 0
 0.01099235577087139
 0.1076185877750476
 0.1076185877750476
 0.01099235577087139
 0
 0
 0
 0.09726469642184697
 0
 0
 0.01099235577087139
 0.1076185877750476
 0.1076185877750476
 0.01099235577087139
 0
 0
 0
 0.09726469642184697
 0
 0
 0.006422434957775135
 0.1076185877750476
 0
 0.006422434957775135
 0
 0
 0
 0.09726469642184697
 0
 0
 0.01663006833973387
 0.1076185877750476
 0
 0.006422434957775135
 0
 0
 0
 0.1076185877750476
 0
 0
 0.006422434957775135
 0
 0
 0.01663006833973387
 0
 0
 0
 0.1076185877750476
 0
 0
 0.006422434957775135
 0
 0
 0.01663006833973387
 0
 0
 0
 0.1076185877750476
 0
 0
 0.006422434957775135
 0
 0
 0.01663006833973387
 0
 0
 0
 0.1076185877750476
 0
 0
 0.006422434957775135
 0
 0
 0.01663006833973387
 0
 0
 0
 0.1076185877750476
 0
 0
 0.01099235577087139
 0
 0
 0.01663006833973387
 0
 0
 0
 0.09726469642184697
 0
 0
 0.01099235577087139
 0
 0
 0.01663006833973387
 0
 0
 0
 0.1076185877750476
 0
 0
 0.01099235577087139
 0
 0
 0.01663006833973387
 0
 0
 0
 0.1076185877750476
 0
 0
 0.01099235577087139
 0
 0
 0
 0
 0
 0
 0.1076185877750476
 0
 0
 0.01099235577087139
 0
 0
 0
 0
 0
 0
 0.1076185877750476
 0
 0
 0.01099235577087139
 0
 0
 0
