# Created by Octave 3.2.4, Tue Feb 05 20:16:59 2013 EST <rbom@zaphod>
# name: small_First_Fit
# type: matrix
# ndims: 3
 1 10 30
 3.792091236911318e-14
 4.183538937151696e-20
 7.528409543106518e-18
 6.917006046942841e-20
 2.911741887019165e-16
 1.405725936427289e-18
 3.604698627586894e-20
 1.066588374815077e-15
 1.397683881045537e-17
 5.129601670393438e-19
 4.923485145610383e-11
 9.191754733206907e-12
 6.235728997913421e-15
 1.355550719921004e-14
 5.714621905524913e-13
 2.75668004999366e-16
 1.576210238506228e-13
 1.066588374815077e-15
 1.003858823602696e-13
 3.814126632970397e-16
 2.875491392931171e-07
 1.83434154925496e-08
 8.131174878039878e-13
 1.15062142989049e-11
 7.473075073915127e-11
 2.089919409822737e-12
 2.345186715721318e-10
 2.709266024806896e-11
 1.003858823602696e-13
 4.224353309316407e-12
 2.875491392931171e-07
 1.01537406916948e-06
 8.131174878039878e-13
 7.312684535359064e-10
 4.9630328163149e-10
 1.060153782620686e-09
 2.345186715721318e-10
 2.709266024806896e-11
 8.415410774966066e-11
 4.421902243718266e-09
 6.391776523750286e-06
 1.01537406916948e-06
 8.521284702357929e-10
 7.312684535359064e-10
 1.136996047530709e-07
 6.330572778595794e-08
 1.748140868516998e-07
 3.892394109295556e-09
 2.02948240353975e-08
 1.668926383838107e-07
 9.592382838375646e-06
 3.689709657317712e-05
 3.702994146156548e-08
 7.312684535359064e-10
 5.348746408460563e-05
 6.330572778595794e-08
 1.842441543875836e-05
 3.892394109295556e-09
 3.75201691442236e-06
 1.668926383838107e-07
 6.391776523750286e-06
 3.689709657317712e-05
 4.264098255784271e-07
 7.312684535359064e-10
 0.00248778656827573
 6.330572778595794e-08
 0.001121612171530105
 3.892394109295556e-09
 0.0006038713514804529
 0.0001594602481002731
 9.720838642359386e-05
 7.63576582619631e-05
 1.671080743125694e-05
 7.312684535359064e-10
 0.00248778656827573
 4.347535335613123e-06
 0.001121612171530105
 4.760694582252674e-07
 0.0006038713514804529
 0.0088416731426194
 0.0006038713514804529
 7.63576582619631e-05
 1.671080743125694e-05
 8.324026309674068e-09
 0.00248778656827573
 4.347535335613123e-06
 0.001121612171530105
 3.236433248119937e-06
 0.0088416731426194
 0.0088416731426194
 0.0088416731426194
 0.0088416731426194
 1.671080743125694e-05
 8.62194435625684e-08
 0.00248778656827573
 0.001121612171530105
 0.001121612171530105
 3.236433248119937e-06
 0.0088416731426194
 0.0088416731426194
 0.0088416731426194
 0.0088416731426194
 0.0006038713514804529
 3.198501636622763e-07
 0.00248778656827573
 0.001121612171530105
 0.001121612171530105
 3.887609266168248e-06
 0.0088416731426194
 0.0088416731426194
 0.0088416731426194
 0.0088416731426194
 0.0006038713514804529
 3.198501636622763e-07
 0.00248778656827573
 0.001121612171530105
 0.001121612171530105
 0.0002653171670186353
 0.0088416731426194
 0.0088416731426194
 0.0088416731426194
 0.0088416731426194
 0.0006038713514804529
 3.198501636622763e-07
 0.00248778656827573
 0.001121612171530105
 0.001121612171530105
 0.000360246289694646
 0.0088416731426194
 0.0088416731426194
 0.0088416731426194
 0.0088416731426194
 0.0006038713514804529
 3.198501636622763e-07
 0
 0.001121612171530105
 0
 0.0002653171670186353
 0.0088416731426194
 0.0088416731426194
 0.0088416731426194
 0.0088416731426194
 0.0088416731426194
 3.198501636622763e-07
 0
 0.001121612171530105
 0
 0.000360246289694646
 0.0088416731426194
 0
 0.0088416731426194
 0.0088416731426194
 0.0088416731426194
 5.285001239508059e-07
 0
 0.001121612171530105
 0
 0.000360246289694646
 0
 0
 0
 0
 0.0088416731426194
 5.285001239508059e-07
 0
 0
 0
 0.000360246289694646
 0
 0
 0
 0
 0.0088416731426194
 5.285001239508059e-07
 0
 0
 0
 0.0002653171670186353
 0
 0
 0
 0
 0.0088416731426194
 3.198501636622763e-07
 0
 0
 0
 0.0002653171670186353
 0
 0
 0
 0
 0.0088416731426194
 3.198501636622763e-07
 0
 0
 0
 0.0002653171670186353
 0
 0
 0
 0
 0.0088416731426194
 3.198501636622763e-07
 0
 0
 0
 0.0002653171670186353
 0
 0
 0
 0
 0
 3.198501636622763e-07
 0
 0
 0
 0
 0
 0
 0
 0
 0
 0
 0
 0
 0
 0
 0
 0
 0
 0
 0
 0
 0
 0
 0
 0
 0
 0
 0
 0
 0
 0
 0
 0
 0
 0
 0
 0
 0
 0
 0
 0
 0
 0
 0
 0
 0
 0
 0
 0
 0
 0
 0
 0
 0
 0
 0
 0
 0
 0
 0
 0
 0
 0
 0
 0
 0
 0
 0
 0
 0
 0
 0
 0
 0
 0
 0
 0
 0
 0
 0
 0
 0
 0
 0
 0
 0
 0
