# Created by Octave 3.2.4, Tue Feb 05 15:16:05 2013 EST <rbom@zaphod>
# name: small_First_Fit
# type: matrix
# ndims: 3
 1 10 30
 2.526959962909229e-18
 7.471321382974082e-19
 1.730886905338941e-16
 1.567892084762916e-21
 1.837715946871665e-21
 7.539507632645718e-27
 2.678026480908793e-18
 6.90657372399202e-19
 5.622540231881226e-20
 1.147843956280501e-20
 3.184986710139966e-14
 2.422883732797646e-14
 9.554056796039126e-12
 1.129015259938764e-17
 6.836260432449648e-15
 2.394781571393526e-21
 6.529080259739071e-14
 2.431597521810398e-11
 1.793892054366806e-17
 7.198325680988181e-11
 1.317335692198045e-11
 3.270563724762956e-11
 1.180604603182324e-07
 1.194829597234454e-14
 1.405062078458742e-10
 1.893694587809452e-16
 6.529080259739071e-14
 4.935275161557428e-09
 1.793892054366806e-17
 8.499181854010361e-08
 1.317335692198045e-11
 1.590514128115398e-09
 4.045569087610929e-06
 6.633071781588566e-13
 4.615402727754637e-06
 1.893694587809452e-16
 3.550831754614762e-11
 4.935275161557428e-09
 2.257067282062796e-13
 8.499181854010361e-08
 2.548266395102654e-09
 5.104348623731734e-07
 4.045569087610929e-06
 2.286217303119764e-09
 4.615402727754637e-06
 6.056799490114759e-14
 1.203912713946769e-09
 5.102164359647907e-06
 2.257067282062796e-13
 8.499181854010361e-08
 2.548266395102654e-09
 5.104348623731734e-07
 4.045569087610929e-06
 1.231234314579493e-07
 0.001372472846188793
 1.153870250825463e-11
 1.549699582305797e-09
 5.102164359647907e-06
 2.257067282062796e-13
 8.499181854010361e-08
 2.02549062221398e-06
 5.104348623731734e-07
 4.045569087610929e-06
 3.844173971876652e-07
 0.001372472846188793
 2.570031972474005e-08
 6.795099264349749e-05
 5.102164359647907e-06
 7.435561005360615e-09
 8.499181854010361e-08
 0.0004649056190474698
 1.198678037755204e-05
 0.0004649056190474698
 1.645750241730564e-05
 0.001372472846188793
 2.570031972474005e-08
 6.795099264349749e-05
 5.102164359647907e-06
 4.575205519146967e-06
 8.499181854010361e-08
 0.003505174362273184
 1.198678037755204e-05
 0.003505174362273184
 0.005831048592356009
 0.001372472846188793
 2.570031972474005e-08
 6.795099264349749e-05
 0.000275238916097534
 0.0008232076524143002
 8.499181854010361e-08
 0.003505174362273184
 3.505463479245266e-05
 0.003505174362273184
 0.005831048592356009
 0.001372472846188793
 2.570031972474005e-08
 0.000770321092431519
 0.007635060612197851
 0.0008232076524143002
 8.499181854010361e-08
 0.003505174362273184
 0.0008232076524143002
 0.003505174362273184
 0.0001439145425800558
 0.001372472846188793
 2.570031972474005e-08
 0.000770321092431519
 0.007635060612197851
 0.0008232076524143002
 0
 0.003505174362273184
 0.003505174362273184
 0.003505174362273184
 0.0001439145425800558
 0.001372472846188793
 2.570031972474005e-08
 0.000770321092431519
 0.007635060612197851
 0.0008232076524143002
 0
 0.003505174362273184
 0.003505174362273184
 0.003505174362273184
 0.0001439145425800558
 0
 6.303409489817868e-07
 0.000770321092431519
 0.007635060612197851
 0.0008232076524143002
 0
 0.003505174362273184
 0.003505174362273184
 0.003505174362273184
 0.0001439145425800558
 0
 3.959696110254589e-06
 0.000770321092431519
 0.007635060612197851
 0.0008232076524143002
 0
 0.003505174362273184
 0.003505174362273184
 0.003505174362273184
 0.0001439145425800558
 0
 2.592370283999884e-05
 0.000770321092431519
 0.007635060612197851
 0.003505174362273184
 0
 0
 0.003505174362273184
 0
 0
 0
 0.000770321092431519
 0.000770321092431519
 0.007635060612197851
 0.003505174362273184
 0
 0
 0.003505174362273184
 0
 0
 0
 0.000770321092431519
 0
 0
 0.003505174362273184
 0
 0
 0.003505174362273184
 0
 0
 0
 0.000770321092431519
 0
 0
 0.003505174362273184
 0
 0
 0
 0
 0
 0
 0.000770321092431519
 0
 0
 0.003505174362273184
 0
 0
 0
 0
 0
 0
 0.000770321092431519
 0
 0
 0.003505174362273184
 0
 0
 0
 0
 0
 0
 0.000770321092431519
 0
 0
 0.003505174362273184
 0
 0
 0
 0
 0
 0
 0.000770321092431519
 0
 0
 0
 0
 0
 0
 0
 0
 0
 0
 0
 0
 0
 0
 0
 0
 0
 0
 0
 0
 0
 0
 0
 0
 0
 0
 0
 0
 0
 0
 0
 0
 0
 0
 0
 0
 0
 0
 0
 0
 0
 0
 0
 0
 0
 0
 0
 0
 0
 0
 0
 0
 0
 0
 0
 0
 0
 0
 0
 0
 0
 0
 0
 0
 0
 0
 0
 0
 0
 0
 0
 0
 0
 0
 0
 0
 0
 0
 0
 0
 0
 0
 0
 0
