# Created by Octave 3.2.4, Wed Feb 06 12:24:07 2013 EST <rbom@zaphod>
# name: small_First_Fit
# type: matrix
# ndims: 3
 1 10 30
 2.300919398236707e-12
 1.061971715707911e-10
 2.780411845066474e-12
 3.9705049181183e-08
 1.992343654184295e-11
 9.778943920101815e-11
 2.15946146717208e-10
 2.503956871555239e-09
 3.061004470814766e-08
 1.680746083345528e-10
 9.931188897174191e-08
 1.102656517974414e-06
 1.722904106547627e-08
 5.438124074988534e-06
 1.956628027242799e-09
 8.452601401818491e-08
 2.903317921729176e-09
 2.764139788480393e-07
 3.061004470814766e-08
 1.653751100521025e-08
 5.296526672034919e-06
 5.196166254002015e-06
 3.092867179654204e-06
 5.438124074988534e-06
 8.468307240248727e-08
 3.791063704698862e-07
 6.97909259839446e-09
 2.764139788480393e-07
 1.685105784416325e-05
 4.542776483279355e-07
 2.389730893079928e-05
 6.433564408725523e-06
 3.092867179654204e-06
 5.438124074988534e-06
 1.04741024381061e-07
 6.628915907248212e-06
 2.23406250217905e-05
 1.07500529844029e-05
 0.0001364459980268924
 4.095100724107596e-06
 6.603233460990129e-05
 3.074289314150955e-05
 3.092867179654204e-06
 5.438124074988534e-06
 2.286056115965544e-07
 7.274848697208304e-06
 2.369979587937999e-05
 2.082313973060774e-05
 0.0002692177696213379
 3.378328822368816e-05
 6.603233460990129e-05
 0.0001790574534883084
 7.68929905424643e-05
 5.438124074988534e-06
 3.140752973376227e-06
 1.837188940856016e-05
 0.0006423215831615718
 0.001145086940063691
 0.001064466311976455
 3.378328822368816e-05
 0.0001736729284386813
 0.001032474087997494
 7.68929905424643e-05
 0.000194702708879878
 2.617572358677549e-05
 1.837188940856016e-05
 0.0006423215831615718
 0.004837072439841856
 0.001064466311976455
 0.00394842430432052
 7.265445549521357e-05
 0.001032474087997494
 0.001537871632784602
 0.0003097543137049172
 2.617572358677549e-05
 2.906859546847049e-05
 0.0006423215831615718
 0.008999662503704205
 0.001064466311976455
 0.00394842430432052
 0.0002780487258705705
 0.01191029646054212
 0.001537871632784602
 0.004772415568709355
 7.233527524616145e-05
 0.0008619331800447379
 0.0006423215831615718
 0.008999662503704205
 0.001064466311976455
 0.01587473407641155
 0.0005149345185737436
 0.01191029646054212
 0.01792335518986857
 0.005116588454064325
 7.233527524616145e-05
 0.005163723437468847
 0.001682683912903057
 0.008999662503704205
 0.001064466311976455
 0.01587473407641155
 0.0005149345185737436
 0.01191029646054212
 0.01792335518986857
 0.02711500375173203
 2.617572358677549e-05
 0.005163723437468847
 0.05325212743052534
 0.03405880932856429
 0.001064466311976455
 0.01587473407641155
 0.0005404608965479697
 0.01191029646054212
 0.1269627564233243
 0.02711500375173203
 7.233527524616145e-05
 0.005163723437468847
 0.05325212743052534
 0.03405880932856429
 0.001064466311976455
 0.01587473407641155
 0.0005404608965479697
 0.01191029646054212
 0.1269627564233243
 0.02711500375173203
 7.233527524616145e-05
 0.005163723437468847
 0.05325212743052534
 0.03405880932856429
 0
 0.03784495084657313
 0.0005149345185737436
 0.01191029646054212
 0.1269627564233243
 0.02711500375173203
 7.233527524616145e-05
 0.005163723437468847
 0.05325212743052534
 0.03405880932856429
 0
 0.03784495084657313
 0.0116869999232978
 0.01191029646054212
 0.1269627564233243
 0.02711500375173203
 7.233527524616145e-05
 0.01313534937456604
 0.1290780443050747
 0.1269627564233243
 0
 0.028959035627772
 0.0116869999232978
 0
 0.1269627564233243
 0.02711500375173203
 7.233527524616145e-05
 0.01313534937456604
 0.1290780443050747
 0.03405880932856429
 0
 0.028959035627772
 0.028959035627772
 0
 0.1269627564233243
 0.02711500375173203
 7.926240642408852e-05
 0.01313534937456604
 0.1290780443050747
 0.03405880932856429
 0
 0.03784495084657313
 0.07800817915579847
 0
 0.1269627564233243
 0
 7.926240642408852e-05
 0.01313534937456604
 0.1290780443050747
 0.03405880932856429
 0
 0.03784495084657313
 0.07800817915579847
 0
 0
 0
 7.926240642408852e-05
 0.01313534937456604
 0.1290780443050747
 0.03405880932856429
 0
 0.07800817915579847
 0.07800817915579847
 0
 0
 0
 7.926240642408852e-05
 0.02023894256836179
 0.1290780443050747
 0.03405880932856429
 0
 0.1037403799672437
 0.07800817915579847
 0
 0
 0
 7.926240642408852e-05
 0.02023894256836179
 0.1290780443050747
 0.03405880932856429
 0
 0.1037403799672437
 0.07800817915579847
 0
 0
 0
 7.926240642408852e-05
 0.02205084872100782
 0
 0
 0
 0.1037403799672437
 0.07800817915579847
 0
 0
 0
 7.233527524616145e-05
 0.02205084872100782
 0
 0
 0
 0.1119341038325464
 0.07800817915579847
 0
 0
 0
 0
 0.02205084872100782
 0
 0
 0
 0.1119341038325464
 0
 0
 0
 0
 0
 0.03784495084657313
 0
 0
 0
 0.1119341038325464
 0
 0
 0
 0
 0
 0.03784495084657313
 0
 0
 0
 0.1290780443050747
 0
 0
 0
 0
 0
 0.1119341038325464
 0
 0
 0
 0.1119341038325464
 0
 0
 0
 0
 0
 0.1119341038325464
 0
 0
 0
 0.1119341038325464
 0
 0
 0
 0
 0
 0.1119341038325464
 0
 0
 0
 0.1119341038325464
 0
 0
 0
 0
 0
 0.1119341038325464
 0
 0
 0
 0.1290780443050747
