# Created by Octave 3.2.4, Mon Feb 04 21:14:22 2013 EST <rbom@zaphod>
# name: small_First_Fit
# type: matrix
# ndims: 3
 1 10 30
 1.490195286663041e-19
 1.476908966287619e-19
 6.801770487556164e-16
 9.020123329853743e-12
 4.26867972030825e-16
 1.714725478468313e-17
 2.349892884872835e-14
 2.016205738192101e-20
 2.564237083587773e-14
 2.062159133805978e-14
 4.382266242040423e-18
 8.183395928671844e-15
 6.801770487556164e-16
 9.020123329853743e-12
 1.934208736867283e-14
 7.124933769222711e-15
 1.414393954663084e-12
 1.210970882281925e-17
 1.825119786653148e-12
 6.837143418160425e-10
 8.741360651075931e-18
 3.4790251877235e-12
 3.03745929894527e-12
 3.653562987862465e-09
 9.043115940492579e-12
 6.035269070868967e-12
 4.426130343571376e-08
 6.077723389486225e-14
 8.586671925098625e-10
 1.487419248352985e-08
 1.986216167173588e-13
 6.744845097207642e-10
 1.253631750569907e-09
 1.37564881849857e-06
 2.786259643710242e-09
 2.488407685204013e-09
 1.218426805100392e-06
 6.077723389486225e-14
 3.172687767093126e-05
 6.837143418160425e-10
 5.68701214818204e-09
 1.913915853820217e-08
 6.567450833915226e-08
 1.37564881849857e-06
 1.196952465533882e-07
 1.284138355796096e-07
 0.0001724557227584729
 3.271208786359232e-09
 3.172687767093126e-05
 1.204659926064827e-07
 3.128167168071795e-06
 1.913915853820217e-08
 6.809864757632837e-08
 2.322822879883994e-05
 1.196952465533882e-07
 2.028116050194101e-06
 0.0001724557227584729
 1.344539458080952e-06
 3.172687767093126e-05
 8.518493107052434e-06
 3.128167168071795e-06
 1.913915853820217e-08
 1.674823727715503e-05
 2.322822879883994e-05
 3.217092266268541e-06
 2.028116050194101e-06
 0.0001724557227584729
 2.783525193626259e-05
 0.001101605910615881
 0.0004079873511073254
 3.128167168071795e-06
 3.067004059156709e-07
 1.674823727715503e-05
 2.322822879883994e-05
 5.100059033346076e-05
 0.0003967300665116276
 0.007408976172298586
 2.783525193626259e-05
 0.001101605910615881
 0.0004079873511073254
 0.0005509929119574461
 3.067004059156709e-07
 1.674823727715503e-05
 2.322822879883994e-05
 5.100059033346076e-05
 0.0003967300665116276
 0.007408976172298586
 2.783525193626259e-05
 0.001101605910615881
 0.01101163631960107
 0.0005509929119574461
 3.067004059156709e-07
 0.0005509929119574461
 2.322822879883994e-05
 0.01101163631960107
 0.0003967300665116276
 0.007408976172298586
 2.783525193626259e-05
 0.001101605910615881
 0.01101163631960107
 0.0005509929119574461
 3.067004059156709e-07
 0.0005509929119574461
 2.322822879883994e-05
 0.01101163631960107
 0.0003967300665116276
 0.007408976172298586
 2.783525193626259e-05
 0.001101605910615881
 0.01101163631960107
 0.0005509929119574461
 1.688819798031921e-06
 0.0005509929119574461
 2.322822879883994e-05
 0.01101163631960107
 0.007408976172298586
 0.007408976172298586
 2.783525193626259e-05
 0.001101605910615881
 0.01101163631960107
 0.0005509929119574461
 5.817085040261505e-05
 0.0005509929119574461
 0
 0.01101163631960107
 0.007408976172298586
 0.007408976172298586
 2.783525193626259e-05
 0.001101605910615881
 0.01101163631960107
 0.0005509929119574461
 5.817085040261505e-05
 0.0005509929119574461
 0
 0.01101163631960107
 0.007408976172298586
 0.007408976172298586
 0
 0
 0.01101163631960107
 0.0005509929119574461
 0.00108275391787909
 0.0005509929119574461
 0
 0.01101163631960107
 0.007408976172298586
 0
 0
 0
 0.01101163631960107
 0
 0.00108275391787909
 0.0005509929119574461
 0
 0.01101163631960107
 0.007408976172298586
 0
 0
 0
 0
 0
 0.00108275391787909
 0
 0
 0
 0.007408976172298586
 0
 0
 0
 0
 0
 0.00108275391787909
 0
 0
 0
 0.007408976172298586
 0
 0
 0
 0
 0
 0.00108275391787909
 0
 0
 0
 0
 0
 0
 0
 0
 0
 0.00108275391787909
 0
 0
 0
 0
 0
 0
 0
 0
 0
 0.00108275391787909
 0
 0
 0
 0
 0
 0
 0
 0
 0
 0
 0
 0
 0
 0
 0
 0
 0
 0
 0
 0
 0
 0
 0
 0
 0
 0
 0
 0
 0
 0
 0
 0
 0
 0
 0
 0
 0
 0
 0
 0
 0
 0
 0
 0
 0
 0
 0
 0
 0
 0
 0
 0
 0
 0
 0
 0
 0
 0
 0
 0
 0
 0
 0
 0
 0
 0
 0
 0
 0
 0
 0
 0
 0
 0
 0
 0
 0
 0
 0
 0
 0
 0
 0
 0
 0
 0
 0
 0
 0
 0
 0
 0
 0
 0
 0
 0
 0
 0
