# Created by Octave 3.2.4, Sun Feb 03 23:39:07 2013 EST <rbom@zaphod>
# name: small_First_Fit
# type: matrix
# ndims: 3
 1 10 30
 8.11488083570146e-15
 2.338097170580208e-23
 9.979518464710777e-16
 9.420569421283017e-25
 1.408646327141489e-19
 7.551234216778372e-22
 9.193875101976328e-15
 2.469715868119168e-15
 2.981142642617633e-21
 7.164339465989077e-22
 9.141612914264872e-13
 7.09938711432361e-19
 1.315223997855116e-12
 2.962517837505345e-23
 1.408646327141489e-19
 1.963041004428377e-19
 6.289771721789658e-13
 1.689604682130352e-13
 8.453321747171205e-16
 3.352534932405579e-16
 9.084650623624519e-10
 5.489692161666943e-15
 1.303711084502688e-10
 1.783142045805905e-17
 3.099636961560797e-14
 1.979640599535756e-17
 3.833424684857066e-09
 1.026667717957043e-11
 2.235760280019187e-13
 4.837608410188457e-10
 9.084650623624519e-10
 1.421672266133659e-12
 4.469907146660705e-09
 1.930860906474105e-14
 2.09452524107917e-11
 7.896761790664264e-14
 5.805352924884789e-06
 1.026667717957043e-11
 1.969833349794337e-11
 3.769116021982389e-07
 3.32707171008784e-08
 9.723363543435517e-11
 3.03253002995905e-07
 2.135439808603591e-09
 2.09452524107917e-11
 1.093101626095286e-11
 0.000261442624837621
 7.764662202562816e-09
 5.162056728120298e-09
 3.769116021982389e-07
 1.262877824841377e-06
 5.397790484137297e-10
 6.038892746504833e-07
 4.238292085953964e-08
 4.722750878995966e-09
 7.469534810600391e-10
 0.000261442624837621
 4.278255504680271e-06
 5.735363696774183e-08
 3.769116021982389e-07
 0.0003320898188548259
 3.685628277560823e-08
 8.920383501222243e-06
 5.044062668101517e-07
 4.722750878995966e-09
 2.167205751542263e-08
 0.000261442624837621
 0.0004524952783465696
 3.775749443932523e-05
 3.769116021982389e-07
 0.0003320898188548259
 3.685628277560823e-08
 0.001205120494735896
 5.044062668101517e-07
 4.722750878995966e-09
 2.167205751542263e-08
 0.006387219457690828
 0.0004524952783465696
 0.004598676574673382
 0.0004524952783465696
 0.0003320898188548259
 3.685628277560823e-08
 0.001205120494735896
 8.849236510433426e-06
 4.722750878995966e-09
 1.082617422619015e-06
 0.006387219457690828
 0.0004524952783465696
 0.004598676574673382
 0.0004524952783465696
 0.0003320898188548259
 0.0001714042734820599
 0.001205120494735896
 8.849236510433426e-06
 4.722750878995966e-09
 2.946482892609765e-05
 0.006387219457690828
 0.0004524952783465696
 0.004598676574673382
 0.0004524952783465696
 0.0003320898188548259
 0.0001714042734820599
 0.001205120494735896
 8.849236510433426e-06
 4.99503761437596e-07
 2.946482892609765e-05
 0.006387219457690828
 0.0004524952783465696
 0.004598676574673382
 0.0004524952783465696
 0.004598676574673382
 0.0001714042734820599
 0.001205120494735896
 8.849236510433426e-06
 0.0001714042734820599
 2.946482892609765e-05
 0.006387219457690828
 0.0004524952783465696
 0.004598676574673382
 0.0004524952783465696
 0.005335838363887681
 0.0001714042734820599
 0.001205120494735896
 8.849236510433426e-06
 0.0001714042734820599
 2.946482892609765e-05
 0.006387219457690828
 0.0004524952783465696
 0.004598676574673382
 0.0004524952783465696
 0.005335838363887681
 0.0001714042734820599
 0.001205120494735896
 8.849236510433426e-06
 0.0001714042734820599
 2.946482892609765e-05
 0.006387219457690828
 0.0004524952783465696
 0.004598676574673382
 0.0004524952783465696
 0.006387219457690828
 0.0001714042734820599
 0.001205120494735896
 8.849236510433426e-06
 0.0001714042734820599
 2.946482892609765e-05
 0.006387219457690828
 0.0004524952783465696
 0.004598676574673382
 0.0004524952783465696
 0.006387219457690828
 0.0001714042734820599
 0.001205120494735896
 8.849236510433426e-06
 0.0001714042734820599
 0.006387219457690828
 0.006387219457690828
 0.0004524952783465696
 0.004598676574673382
 0.0004524952783465696
 0.005335838363887681
 0.0001714042734820599
 0.001205120494735896
 8.849236510433426e-06
 0.0001714042734820599
 0.006387219457690828
 0.006387219457690828
 0.0004524952783465696
 0.004598676574673382
 0.0004524952783465696
 0.005335838363887681
 0.0001714042734820599
 0.001205120494735896
 8.849236510433426e-06
 0.0001714042734820599
 0.006387219457690828
 0.006387219457690828
 0.0004524952783465696
 0.004598676574673382
 0.0004524952783465696
 0.005335838363887681
 0.0001714042734820599
 0.001205120494735896
 8.849236510433426e-06
 0.0001714042734820599
 0.006387219457690828
 0.006387219457690828
 0.0004524952783465696
 0.004598676574673382
 0.0004524952783465696
 0.005335838363887681
 0.0001714042734820599
 0.001205120494735896
 8.849236510433426e-06
 0.0001714042734820599
 0.006387219457690828
 0.006387219457690828
 0.0004524952783465696
 0.004598676574673382
 0.0004524952783465696
 0.005335838363887681
 0.0001714042734820599
 0.001205120494735896
 8.849236510433426e-06
 0.0001714042734820599
 0.006387219457690828
 0.006387219457690828
 0.0004524952783465696
 0.004598676574673382
 0.0004524952783465696
 0.005335838363887681
 0.0001714042734820599
 0.001205120494735896
 8.849236510433426e-06
 0.0001714042734820599
 0.006387219457690828
 0.006387219457690828
 0.0004524952783465696
 0.004598676574673382
 0.0004524952783465696
 0.005335838363887681
 0.0001714042734820599
 0.001205120494735896
 8.849236510433426e-06
 0.0001714042734820599
 0.006387219457690828
 0.006387219457690828
 0.0004524952783465696
 0.004598676574673382
 0.0004524952783465696
 0.005335838363887681
 0.0001714042734820599
 0.001205120494735896
 8.849236510433426e-06
 0.0001714042734820599
 0.006387219457690828
 0.006387219457690828
 0.0004524952783465696
 0.004598676574673382
 0.0004524952783465696
 0.005335838363887681
 0.0001714042734820599
 0.001205120494735896
 8.849236510433426e-06
 0.0001714042734820599
 0.006387219457690828
 0.006387219457690828
 0.0004524952783465696
 0.004598676574673382
 0.0004524952783465696
 0.005335838363887681
 0.0001714042734820599
 0.001205120494735896
 8.849236510433426e-06
 0.0001714042734820599
 0.006387219457690828
 0.006387219457690828
 0.0004524952783465696
 0.004598676574673382
 0.0004524952783465696
 0.005335838363887681
 0.0001714042734820599
 0.001205120494735896
 8.849236510433426e-06
 0.0001714042734820599
 0.006387219457690828
 0.006387219457690828
 0.0004524952783465696
 0.004598676574673382
 0.0004524952783465696
 0.005335838363887681
 0.0001714042734820599
 0.001205120494735896
 8.849236510433426e-06
 0.0001714042734820599
 0.006387219457690828
 0.006387219457690828
 0.0004524952783465696
 0.004598676574673382
 0.0004524952783465696
 0.005335838363887681
 0.0001714042734820599
 0.001205120494735896
 8.849236510433426e-06
 0.0001714042734820599
 0.006387219457690828
 0.006387219457690828
 0.0004524952783465696
 0.004598676574673382
 0.0004524952783465696
 0.005335838363887681
 0.0001714042734820599
 0.001205120494735896
 8.849236510433426e-06
 0.0001714042734820599
 0.006387219457690828
 0.006387219457690828
 0.0004524952783465696
 0.004598676574673382
 0.0004524952783465696
