# Created by Octave 3.2.4, Wed Feb 06 06:27:34 2013 EST <rbom@zaphod>
# name: small_First_Fit
# type: matrix
# ndims: 3
 1 10 30
 3.455228596788594e-05
 1.8243698180639e-12
 5.232760537337398e-10
 5.352310568371216e-10
 7.189007331911164e-07
 3.908242084265531e-10
 8.045367725609407e-12
 1.168920407132206e-12
 1.407340779116111e-11
 1.489584330562015e-08
 3.455228596788594e-05
 2.418139757139642e-09
 2.520514907743274e-07
 5.352310568371216e-10
 1.549488558810993e-06
 5.387313455234967e-08
 2.085878972065822e-09
 3.950997641059767e-10
 1.454062234718494e-08
 5.828938414864063e-07
 0.0001186338787590107
 2.382142814802784e-05
 1.576334252081311e-05
 1.656466354820264e-08
 1.549488558810993e-06
 1.571124083630926e-06
 1.366423247783456e-07
 8.040067515827515e-09
 1.902720879378258e-07
 4.013316137490465e-06
 0.0005148035855342374
 2.382142814802784e-05
 0.0004863956466862432
 1.975914345741681e-07
 4.265879361557852e-05
 1.571124083630926e-06
 5.158015862730968e-07
 8.040067515827515e-09
 6.724523177282814e-07
 0.0007034930223689013
 0.0005148035855342374
 2.382142814802784e-05
 1.576334252081311e-05
 2.437867284971777e-07
 0.0001439415949088922
 1.571124083630926e-06
 5.158015862730968e-07
 3.369420953565441e-08
 6.728441988286268e-07
 0.0007034930223689013
 0.0007453467667842601
 0.0007092537794593476
 0.0001649301513640691
 2.905545902865123e-06
 0.0001439415949088922
 0.0001000235870927055
 4.395481296196044e-06
 5.57748964180394e-07
 8.42103481658716e-06
 0.0007034930223689013
 0.0007453467667842601
 0.0007092537794593476
 0.0001649301513640691
 1.029306360965213e-05
 0.0001439415949088922
 0.0001000235870927055
 1.626299805962219e-05
 1.009730087483121e-05
 2.288224518123825e-05
 0.0007034930223689013
 0.0005148035855342374
 0.0007092537794593476
 0.0001649301513640691
 3.410348848849237e-05
 0.0001439415949088922
 0.0001000235870927055
 0.0001118378426753617
 0.0001253115416950069
 0.0001249541392276411
 0.002798316744720203
 0.01031693517186233
 0.0007092537794593476
 0.0001649301513640691
 0.0003121254480397749
 0.0001439415949088922
 0.0002842521652145322
 0.0001118378426753617
 0.0001253115416950069
 0.0001249541392276411
 0.005742880347371565
 0.02323415439833
 0.0007092537794593476
 0.0001649301513640691
 0.0003121254480397749
 0.0001937608584211806
 0.003351702667078208
 0.0001118378426753617
 0.001314204312572678
 0.001352155864217959
 0.005742880347371565
 0.02323415439833
 0.0007092537794593476
 0.0001649301513640691
 0.0005231732325863961
 0.0001937608584211806
 0.003351702667078208
 0.00166471081152802
 0.002135738598870216
 0.001352155864217959
 0.01937351262100533
 0.02323415439833
 0.0007092537794593476
 0.0001649301513640691
 0.0005231732325863961
 0.002607716709923472
 0.003351702667078208
 0.00166471081152802
 0.002135738598870216
 0.001352155864217959
 0.01937351262100533
 0.02323415439833
 0
 0
 0.0005231732325863961
 0.004268100662708968
 0.003351702667078208
 0.002446881168038651
 0.001314204312572678
 0.01033745445037636
 0.01937351262100533
 0.02323415439833
 0
 0
 0.0005231732325863961
 0.004268100662708968
 0.003351702667078208
 0.002446881168038651
 0.003509064989748555
 0.01033745445037636
 0.01937351262100533
 0.02323415439833
 0
 0
 0.0005231732325863961
 0.004268100662708968
 0.003351702667078208
 0.002446881168038651
 0.003509064989748555
 0.01033745445037636
 0.01937351262100533
 0.02323415439833
 0
 0
 0.0005231732325863961
 0.006784342645959684
 0.02323415439833
 0.002446881168038651
 0.002135738598870216
 0.01033745445037636
 0.01937351262100533
 0
 0
 0
 0.0005231732325863961
 0.006784342645959684
 0.02323415439833
 0.002446881168038651
 0.002135738598870216
 0.01033745445037636
 0.01937351262100533
 0
 0
 0
 0
 0.006784342645959684
 0.02323415439833
 0.01937351262100533
 0.001393020328376821
 0.01033745445037636
 0
 0
 0
 0
 0
 0.02323415439833
 0.02323415439833
 0.01937351262100533
 0.002135738598870216
 0.01033745445037636
 0
 0
 0
 0
 0
 0.02323415439833
 0.02323415439833
 0.01937351262100533
 0.002135738598870216
 0
 0
 0
 0
 0
 0
 0.02323415439833
 0.02323415439833
 0.01937351262100533
 0.003509064989748555
 0
 0
 0
 0
 0
 0
 0.02323415439833
 0.02323415439833
 0.01937351262100533
 0.003509064989748555
 0
 0
 0
 0
 0
 0
 0.02323415439833
 0
 0.01937351262100533
 0.003509064989748555
 0
 0
 0
 0
 0
 0
 0.02323415439833
 0
 0.01937351262100533
 0.003509064989748555
 0
 0
 0
 0
 0
 0
 0.02323415439833
 0
 0
 0.003509064989748555
 0
 0
 0
 0
 0
 0
 0
 0
 0
 0.006599989635076762
 0
 0
 0
 0
 0
 0
 0
 0
 0
 0.006599989635076762
 0
 0
 0
 0
 0
 0
 0
 0
 0
 0.01033745445037636
 0
 0
 0
 0
 0
 0
 0
 0
 0
 0.01033745445037636
 0
 0
 0
 0
 0
 0
 0
 0
 0
 0.01033745445037636
 0
 0
