# Created by Octave 3.2.4, Thu Feb 07 09:43:39 2013 EST <rbom@zaphod>
# name: small_First_Fit
# type: matrix
# ndims: 3
 1 10 30
 1.923118541174171e-12
 1.199002934102294e-10
 4.834951504491091e-14
 1.847573395489489e-10
 8.864464045385219e-14
 5.612326297689309e-16
 6.651340692967079e-14
 4.38246494524492e-16
 1.786305755718283e-12
 1.138744830837624e-08
 7.128138511903328e-09
 1.235156094735496e-08
 4.894390412006967e-12
 9.796739246540023e-08
 3.318844775942063e-08
 5.765254899346223e-13
 2.207582816637855e-12
 1.565784366512175e-12
 5.221644825301964e-09
 1.138744830837624e-08
 1.000157396352467e-07
 1.235156094735496e-08
 8.42227414559532e-11
 9.796739246540023e-08
 1.677254923959493e-06
 8.031562725097346e-11
 8.820745955998306e-10
 1.726030848750406e-09
 2.083356567790806e-07
 5.590501139636521e-07
 2.785776704783099e-06
 2.204096385705751e-08
 1.385958527388861e-10
 2.722519403319037e-05
 1.677254923959493e-06
 1.944903378620079e-07
 4.456629194917532e-08
 5.582003410929501e-08
 1.224549610350369e-05
 5.590501139636521e-07
 9.20488490653041e-06
 1.069114141388653e-07
 2.461776521796838e-10
 0.0005540535562835388
 1.677254923959493e-06
 6.407656546806255e-05
 1.77541604303736e-06
 4.638394475656424e-07
 0.0003868615021225696
 4.667582273473044e-05
 9.20488490653041e-06
 1.15902930724504e-07
 2.259613837897018e-07
 0.0005540535562835388
 1.677254923959493e-06
 6.407656546806255e-05
 1.77541604303736e-06
 4.638394475656424e-07
 0.07283214755848159
 0.0001334238394369113
 2.106252492973559e-05
 2.549591518795291e-06
 2.259613837897018e-07
 0.0005540535562835388
 3.156756054437867e-05
 6.407656546806255e-05
 3.816413632911049e-05
 1.128006014743877e-06
 0.07283214755848159
 0.0003408029329660538
 0.0004008382962779598
 9.873191952749621e-07
 2.712021187321619e-05
 0.0005540535562835388
 6.587378568540715e-05
 6.407656546806255e-05
 0.0001468177103593438
 5.220692064066084e-06
 0.07283214755848159
 0.0001334238394369113
 0.0009646946080050659
 0.0007346506285961953
 0.0005133878128792161
 0.0005540535562835388
 0.0009977301582709927
 0.005176072606197917
 0.001323541222057634
 1.170847505000655e-05
 0.07283214755848159
 0.0001334238394369113
 0.002946279172826546
 0.0007346506285961953
 0.0005133878128792161
 0.0005540535562835388
 0.0009977301582709927
 0.005176072606197917
 0.003962195457430377
 1.170847505000655e-05
 0.07283214755848159
 0.0001334238394369113
 0.002946279172826546
 0.0007346506285961953
 0.0005133878128792161
 0.0005540535562835388
 0.001112305236205193
 0.005176072606197917
 0.003962195457430377
 8.694879430542789e-06
 0.07283214755848159
 0.0003772539154327229
 0.002946279172826546
 0.0007346506285961953
 0.0005133878128792161
 0
 0.001112305236205193
 0.005176072606197917
 0.003962195457430377
 8.694879430542789e-06
 0.07283214755848159
 0.001112305236205193
 0.07283214755848159
 0.006875592949415522
 0.0005133878128792161
 0
 0.001380048437317121
 0.005176072606197917
 0.003962195457430377
 0.001048655918054127
 0
 0.001048655918054127
 0.07283214755848159
 0.006875592949415522
 0.0005133878128792161
 0
 0.0009977301582709927
 0.005176072606197917
 0.02726385625937616
 0.001048655918054127
 0
 0.001048655918054127
 0.07283214755848159
 0.01421263154160958
 0.0005133878128792161
 0
 0.001112305236205193
 0.07283214755848159
 0.02726385625937616
 0.002821602521149626
 0
 0.001048655918054127
 0.07283214755848159
 0.006875592949415522
 0
 0
 0.0009977301582709927
 0.07283214755848159
 0.07283214755848159
 0.002821602521149626
 0
 0.002821602521149626
 0.07283214755848159
 0.07283214755848159
 0
 0
 0.0009977301582709927
 0.07283214755848159
 0.02726385625937616
 0.06000394715259122
 0
 0.001048655918054127
 0.07283214755848159
 0.07283214755848159
 0
 0
 0.0009977301582709927
 0.07283214755848159
 0.02726385625937616
 0.06000394715259122
 0
 0.001048655918054127
 0.07283214755848159
 0.07283214755848159
 0
 0
 0.0009977301582709927
 0.07283214755848159
 0.07283214755848159
 0.06000394715259122
 0
 0.001048655918054127
 0
 0.07283214755848159
 0
 0
 0.0009977301582709927
 0.07283214755848159
 0.07283214755848159
 0.06000394715259122
 0
 0.001048655918054127
 0
 0.07283214755848159
 0
 0
 0.0009977301582709927
 0.07283214755848159
 0.07283214755848159
 0.06000394715259122
 0
 0.002821602521149626
 0
 0.07283214755848159
 0
 0
 0
 0
 0.07283214755848159
 0.07283214755848159
 0
 0.002821602521149626
 0
 0.07283214755848159
 0
 0
 0
 0
 0.07283214755848159
 0.06000394715259122
 0
 0.002821602521149626
 0
 0
 0
 0
 0
 0
 0.07283214755848159
 0.06000394715259122
 0
 0.002821602521149626
 0
 0
 0
 0
 0
 0
 0.07283214755848159
 0.07283214755848159
 0
 0.002821602521149626
 0
 0
 0
 0
 0
 0
 0
 0.07283214755848159
 0
 0.002821602521149626
 0
 0
 0
 0
 0
 0
 0
 0.07283214755848159
 0
 0.002821602521149626
 0
 0
 0
 0
 0
 0
 0
 0.07283214755848159
 0
 0
 0
 0
 0
 0
 0
 0
 0
 0.07283214755848159
 0
 0
 0
 0
 0
 0
 0
 0
 0
 0.07283214755848159
 0
 0
