# Created by Octave 3.2.4, Wed Feb 06 21:38:26 2013 EST <rbom@zaphod>
# name: small_First_Fit
# type: matrix
# ndims: 3
 1 10 30
 3.149026075867566e-07
 7.022604594445807e-07
 7.706848515263261e-08
 2.729995518867023e-06
 3.856707541680733e-05
 1.353293100656024e-07
 1.536694464006063e-05
 1.111307534704849e-06
 8.184899187412314e-07
 7.475750147495328e-06
 3.149026075867566e-07
 0.01181913440404639
 5.151144147604327e-05
 7.465570792279921e-05
 0.003014451505665023
 0.0001660766490354467
 0.001778285294406252
 0.009006367614278697
 0.00111696149347117
 0.0003673263497440117
 4.845748861244821e-05
 0.01181913440404639
 0.0001826658512528584
 7.465570792279921e-05
 0.003014451505665023
 0.003031257999927047
 0.01200598536300576
 0.2398656691640007
 0.00111696149347117
 0.0006073277827618009
 0.0002811459818643677
 0.08780354771020946
 0.0004665605565455264
 0.0007590413451216987
 0.03105608703608156
 0.003031257999927047
 0.01200598536300576
 0.2398656691640007
 0.00662470375897976
 0.003286942545393634
 0.001456440001546903
 0.08780354771020946
 0.0005851274140361226
 0.0008895143538967028
 0.03105608703608156
 0.003031257999927047
 0.01504459656748319
 0.3105438684400296
 0.00662470375897976
 0.003665906149018986
 0.005661271956890039
 0.08780354771020946
 0.0005851274140361226
 0.005388418740299087
 0.03105608703608156
 0.003031257999927047
 0.01504459656748319
 0.3105438684400296
 0.00662470375897976
 0.02773987003427767
 0.009386067220025111
 0.3105438684400296
 0.001735795555331581
 0.005388418740299087
 0.0751489163740002
 0.03236763168305731
 0.01504459656748319
 0.3105438684400296
 0.008886997458297879
 0.02853168245180771
 0.02055760541842439
 0.3105438684400296
 0.001735795555331581
 0.005388418740299087
 0.03105608703608156
 0.03236763168305731
 0.01504459656748319
 0.3105438684400296
 0.008886997458297879
 0.02773987003427767
 0.0397965177271388
 0.3105438684400296
 0.001735795555331581
 0.03401103038577954
 0.03105608703608156
 0.03236763168305731
 0.02032395953148744
 0.2398656691640007
 0.02888500176582063
 0.04234686171132999
 0.0397965177271388
 0.3105438684400296
 0.006422454807959532
 0.03401103038577954
 0.03105608703608156
 0.03236763168305731
 0.02122164703544434
 0.2398656691640007
 0.032961124195401
 0.05616194785810622
 0.1281112702520486
 0.3105438684400296
 0.006422454807959532
 0.03401103038577954
 0.03105608703608156
 0.05820607693112387
 0.03196101970498094
 0.3105438684400296
 0.032961124195401
 0.05616194785810622
 0.1281112702520486
 0.3105438684400296
 0.05820607693112387
 0.07639531144395346
 0.03105608703608156
 0.2228843682999936
 0.03196101970498094
 0.2398656691640007
 0.1281112702520486
 0.04234686171132999
 0.1281112702520486
 0.3105438684400296
 0.05820607693112387
 0.07639531144395346
 0.0751489163740002
 0.2228843682999936
 0.03196101970498094
 0.2398656691640007
 0.1281112702520486
 0.04234686171132999
 0.2398656691640007
 0
 0.05820607693112387
 0.07639531144395346
 0.1340325692611751
 0.2228843682999936
 0.04854303787452675
 0.2398656691640007
 0.1281112702520486
 0.3105438684400296
 0.2398656691640007
 0
 0.1024776256825606
 0.07639531144395346
 0.1340325692611751
 0.2228843682999936
 0.04854303787452675
 0.3105438684400296
 0.2398656691640007
 0.3105438684400296
 0.2398656691640007
 0
 0.3105438684400296
 0.08780354771020946
 0.1340325692611751
 0.2228843682999936
 0.04854303787452675
 0.3105438684400296
 0.2398656691640007
 0.3105438684400296
 0.2398656691640007
 0
 0.3105438684400296
 0.3105438684400296
 0.1340325692611751
 0.2228843682999936
 0.07985405336624156
 0.3105438684400296
 0.2398656691640007
 0.3105438684400296
 0.2398656691640007
 0
 0.3105438684400296
 0.3105438684400296
 0.3105438684400296
 0.2228843682999936
 0.04854303787452675
 0.3105438684400296
 0.2398656691640007
 0.3105438684400296
 0.2398656691640007
 0
 0.3105438684400296
 0.3105438684400296
 0.3105438684400296
 0
 0.1340325692611751
 0.3105438684400296
 0.3105438684400296
 0.3105438684400296
 0.2398656691640007
 0
 0.3105438684400296
 0.3105438684400296
 0.3105438684400296
 0
 0.04854303787452675
 0.3105438684400296
 0.3105438684400296
 0.3105438684400296
 0
 0
 0.3105438684400296
 0.3105438684400296
 0.3105438684400296
 0
 0.04854303787452675
 0.3105438684400296
 0.2398656691640007
 0
 0
 0
 0.3105438684400296
 0.3105438684400296
 0.3105438684400296
 0
 0.04854303787452675
 0
 0.2398656691640007
 0
 0
 0
 0
 0.3105438684400296
 0.3105438684400296
 0
 0.04854303787452675
 0
 0.3105438684400296
 0
 0
 0
 0
 0
 0.3105438684400296
 0
 0.04854303787452675
 0
 0.3105438684400296
 0
 0
 0
 0
 0
 0
 0
 0.04854303787452675
 0
 0.2398656691640007
 0
 0
 0
 0
 0
 0
 0
 0
 0
 0.2398656691640007
 0
 0
 0
 0
 0
 0
 0
 0
 0
 0.2398656691640007
 0
 0
 0
 0
 0
 0
 0
 0
 0
 0.2398656691640007
 0
 0
 0
 0
 0
 0
 0
 0
 0
 0.2398656691640007
 0
 0
 0
 0
 0
 0
 0
 0
 0
 0
 0
