# Created by Octave 3.2.4, Wed Feb 06 01:07:46 2013 EST <rbom@zaphod>
# name: small_First_Fit
# type: matrix
# ndims: 3
 1 10 30
 4.355277408457539e-20
 1.940177175625822e-18
 2.607706511055646e-18
 3.148682159700135e-11
 3.799491879431237e-15
 4.842201373256332e-17
 1.930074173533041e-08
 5.445801652241333e-13
 4.916536382857266e-18
 3.654703999055188e-15
 5.100942907377273e-15
 3.903596506300744e-15
 2.607706511055646e-18
 1.114820014093192e-08
 2.451148115695493e-13
 3.325374592452911e-15
 1.930074173533041e-08
 5.445801652241333e-13
 3.556808961591436e-11
 2.736678689384274e-10
 5.572996550008157e-12
 8.946212334465385e-12
 2.607706511055646e-18
 2.080873096357108e-07
 1.90865802347442e-10
 6.230523019733145e-14
 7.738520378192664e-06
 9.259467509321122e-12
 3.1313089300717e-07
 2.309871704047484e-07
 3.4791912875177e-07
 8.946212334465385e-12
 1.912019787216104e-13
 2.080873096357108e-07
 4.92468118975499e-09
 5.467819869036107e-13
 7.738520378192664e-06
 2.208876334517147e-10
 8.027947871988296e-05
 2.309871704047484e-07
 2.101078199530398e-06
 3.072268898680821e-09
 7.232386715158927e-12
 2.080873096357108e-07
 4.92468118975499e-09
 1.126065047487058e-12
 0.001757303415080057
 1.046987631954199e-08
 0.001747957897483927
 2.309871704047484e-07
 2.101078199530398e-06
 3.072268898680821e-09
 1.875467025909372e-09
 2.080873096357108e-07
 5.149378900575722e-09
 5.17659700229465e-10
 0.001757303415080057
 3.738909390137895e-07
 0.001747957897483927
 1.220636035915254e-06
 7.748556069891492e-06
 4.367267436648022e-08
 1.504583514638329e-07
 2.080873096357108e-07
 1.792377013428877e-07
 5.17659700229465e-10
 0.001757303415080057
 2.818584474361925e-06
 0.001747957897483927
 9.508056072279603e-06
 7.748556069891492e-06
 1.480823315560042e-06
 1.504583514638329e-07
 2.080873096357108e-07
 3.789113003324331e-06
 3.462619257354983e-07
 0.001757303415080057
 2.818584474361925e-06
 0.001747957897483927
 3.668524982855721e-05
 7.748556069891492e-06
 0.002453447895478493
 1.504583514638329e-07
 1.428987808598834e-05
 8.896539180291037e-05
 3.462619257354983e-07
 0.001757303415080057
 2.818584474361925e-06
 0.001747957897483927
 0.0002897735279506349
 0.001747957897483927
 0.002453447895478493
 3.512243499093591e-06
 1.428987808598834e-05
 8.896539180291037e-05
 3.462619257354983e-07
 0.001757303415080057
 2.818584474361925e-06
 0.001747957897483927
 0.0158999588928223
 0.001747957897483927
 0.002453447895478493
 3.512243499093591e-06
 1.428987808598834e-05
 0.0001156806743252334
 2.121274449803394e-06
 0.0158999588928223
 2.818584474361925e-06
 0.001747957897483927
 0.0158999588928223
 0.001747957897483927
 0.002453447895478493
 3.512243499093591e-06
 1.428987808598834e-05
 8.896539180291037e-05
 2.121274449803394e-06
 0.0158999588928223
 2.818584474361925e-06
 0
 0.0158999588928223
 0.001747957897483927
 0.002453447895478493
 4.687799185712399e-05
 1.428987808598834e-05
 8.896539180291037e-05
 8.896539180291037e-05
 0.0158999588928223
 2.818584474361925e-06
 0
 0.0158999588928223
 0.001747957897483927
 0.002453447895478493
 4.687799185712399e-05
 1.428987808598834e-05
 0.0001156806743252334
 0.0001651259001614266
 0.0158999588928223
 0
 0
 0.0158999588928223
 0.001747957897483927
 0.002453447895478493
 0.001120017392479148
 1.428987808598834e-05
 0.0001156806743252334
 0.0001651259001614266
 0.0158999588928223
 0
 0
 0.0158999588928223
 0.001747957897483927
 0
 0.001120017392479148
 0
 0.0001156806743252334
 8.896539180291037e-05
 0.0158999588928223
 0
 0
 0.0158999588928223
 0
 0
 0.001120017392479148
 0
 0.0001156806743252334
 8.896539180291037e-05
 0.0158999588928223
 0
 0
 0
 0
 0
 0.0158999588928223
 0
 0.0001156806743252334
 8.896539180291037e-05
 0
 0
 0
 0
 0
 0
 0.0158999588928223
 0
 0.0001156806743252334
 8.896539180291037e-05
 0
 0
 0
 0
 0
 0
 0.0158999588928223
 0
 0.001757303415080057
 8.896539180291037e-05
 0
 0
 0
 0
 0
 0
 0.0158999588928223
 0
 0.001757303415080057
 0
 0
 0
 0
 0
 0
 0
 0.0158999588928223
 0
 0.001757303415080057
 0
 0
 0
 0
 0
 0
 0
 0.0158999588928223
 0
 0.001757303415080057
 0
 0
 0
 0
 0
 0
 0
 0.0158999588928223
 0
 0.001757303415080057
 0
 0
 0
 0
 0
 0
 0
 0
 0
 0.001757303415080057
 0
 0
 0
 0
 0
 0
 0
 0
 0
 0.001757303415080057
 0
 0
 0
 0
 0
 0
 0
 0
 0
 0
 0
 0
 0
 0
 0
 0
 0
 0
 0
 0
 0
 0
 0
 0
 0
 0
 0
 0
 0
 0
 0
 0
 0
 0
 0
 0
 0
 0
 0
 0
 0
 0
 0
 0
 0
