# Created by Octave 3.2.4, Mon Feb 04 14:52:55 2013 EST <rbom@zaphod>
# name: small_First_Fit
# type: matrix
# ndims: 3
 1 10 30
 1.247118901891118e-11
 3.521047723950123e-11
 2.515337454851745e-11
 4.465347786011837e-13
 7.743630512561163e-13
 2.033617258738107e-13
 6.98060208758647e-12
 4.628124616743587e-15
 1.861177046849684e-10
 4.450499007311442e-10
 1.259564186224373e-09
 3.521047723950123e-11
 1.77353716292591e-09
 4.465347786011837e-13
 1.264843080400293e-09
 1.025931205912928e-10
 7.13839583327873e-10
 1.99233364189658e-13
 1.046002397024467e-08
 4.450499007311442e-10
 1.964129777974031e-06
 3.69546567710892e-10
 3.752079844567965e-08
 4.465347786011837e-13
 8.22257377571478e-07
 5.67669159254021e-09
 2.602080688192315e-07
 2.143552140475425e-11
 5.02189259637751e-07
 2.381736422762652e-08
 0.0001474978859473844
 9.311643464521264e-10
 1.30118707034359e-07
 3.154852413771971e-11
 3.679822932035704e-06
 7.684529623872473e-08
 2.10097894129416e-05
 5.47853694979985e-10
 8.128269694297355e-06
 2.831829772645622e-08
 0.001957677900131265
 1.643306629767933e-06
 3.805670673285145e-07
 4.308694187051598e-09
 6.302521392942916e-06
 7.684529623872473e-08
 2.10097894129416e-05
 5.754783909241073e-09
 7.607161933020525e-05
 2.381736422762652e-08
 0.001957677900131265
 1.15066682990596e-05
 3.805670673285145e-07
 4.269498316600139e-07
 1.372869985834396e-05
 7.684529623872473e-08
 2.10097894129416e-05
 8.856570145132052e-08
 0.001193985433839274
 1.764188377264521e-07
 0.001957677900131265
 1.15066682990596e-05
 3.805670673285145e-07
 4.269498316600139e-07
 3.83977059467723e-05
 1.124443007574089e-07
 2.10097894129416e-05
 8.856570145132052e-08
 0.001193985433839274
 1.764188377264521e-07
 0.001957677900131265
 1.15066682990596e-05
 0.0002021174358273143
 0.0003394117275262253
 3.83977059467723e-05
 1.124443007574089e-07
 2.10097894129416e-05
 8.856570145132052e-08
 0.001245332493597939
 3.412035469937107e-07
 0.001957677900131265
 1.15066682990596e-05
 0.0003394117275262253
 0.0003394117275262253
 0.0006419573705035711
 7.684529623872473e-08
 2.10097894129416e-05
 9.648169382915613e-07
 0.001245332493597939
 3.024320139138701e-06
 0.001957677900131265
 1.15066682990596e-05
 0.000636692237148407
 0.0003394117275262253
 0.006691679631364074
 1.97408272191076e-05
 2.10097894129416e-05
 5.227526968111331e-05
 0.001193985433839274
 3.024320139138701e-06
 0.001957677900131265
 1.15066682990596e-05
 0.000636692237148407
 0.0003394117275262253
 0.006691679631364074
 0.0001561887939325204
 0
 9.324729806946548e-05
 0.001245332493597939
 6.555412528138029e-06
 0
 1.15066682990596e-05
 0.000636692237148407
 0.0003394117275262253
 0.006691679631364074
 0.0001561887939325204
 0
 0.001253258862776396
 0.001193985433839274
 6.600481487888586e-06
 0
 0
 0.000636692237148407
 0.0003394117275262253
 0.006691679631364074
 0.001957677900131265
 0
 0.001253258862776396
 0.001193985433839274
 0.0009859382019790028
 0
 0
 0.000636692237148407
 0.006691679631364074
 0.006691679631364074
 0.001957677900131265
 0
 0.001253258862776396
 0.001193985433839274
 0.0009859382019790028
 0
 0
 0.000636692237148407
 0.006691679631364074
 0.006691679631364074
 0.001957677900131265
 0
 0.001253258862776396
 0.001245332493597939
 0.0009859382019790028
 0
 0
 0.000636692237148407
 0.006691679631364074
 0.006691679631364074
 0.001957677900131265
 0
 0.001253258862776396
 0.001193985433839274
 0.0009859382019790028
 0
 0
 0
 0.006691679631364074
 0
 0.001957677900131265
 0
 0.001253258862776396
 0.001193985433839274
 0.0009859382019790028
 0
 0
 0
 0.006691679631364074
 0
 0.001957677900131265
 0
 0.001253258862776396
 0.001193985433839274
 0.0009859382019790028
 0
 0
 0
 0.006691679631364074
 0
 0.001957677900131265
 0
 0
 0.001193985433839274
 0.0009859382019790028
 0
 0
 0
 0.006691679631364074
 0
 0
 0
 0
 0.001193985433839274
 0
 0
 0
 0
 0
 0
 0
 0
 0
 0.001193985433839274
 0
 0
 0
 0
 0
 0
 0
 0
 0
 0
 0
 0
 0
 0
 0
 0
 0
 0
 0
 0
 0
 0
 0
 0
 0
 0
 0
 0
 0
 0
 0
 0
 0
 0
 0
 0
 0
 0
 0
 0
 0
 0
 0
 0
 0
 0
 0
 0
 0
 0
 0
 0
 0
 0
 0
 0
 0
 0
 0
 0
 0
 0
 0
 0
 0
 0
 0
 0
 0
 0
 0
 0
 0
 0
 0
 0
 0
 0
 0
 0
 0
 0
 0
 0
 0
 0
 0
 0
 0
 0
 0
