# Created by Octave 3.2.4, Wed Feb 06 13:47:02 2013 EST <rbom@zaphod>
# name: small_First_Fit
# type: matrix
# ndims: 3
 1 10 30
 8.676609970992426e-12
 1.169927090602428e-14
 9.592402248901647e-13
 2.289537317412513e-14
 3.027822122576276e-11
 1.117696857031475e-12
 9.412476769301098e-15
 1.641164212779607e-14
 2.165011254663068e-10
 9.260303815707479e-14
 3.859456545881263e-08
 7.547726533312741e-12
 2.948650132505464e-08
 1.415888846684378e-11
 1.854601944808509e-08
 1.098268838590565e-10
 5.694938387012388e-13
 5.775034342790525e-08
 2.165011254663068e-10
 6.590512212942975e-12
 2.47859075793488e-06
 3.872069432581335e-10
 1.22727790452904e-06
 6.881307584254315e-10
 2.473357013522778e-07
 1.098268838590565e-10
 1.582214924734553e-11
 5.775034342790525e-08
 1.025421249319737e-08
 1.006026132151498e-08
 2.47859075793488e-06
 4.150438441692875e-10
 1.844807764096795e-06
 6.505128802694092e-09
 1.016076400904173e-05
 4.365142748872286e-09
 1.003963606481333e-08
 5.775034342790525e-08
 3.216533113918878e-06
 1.006026132151498e-08
 2.47859075793488e-06
 2.7508290698751e-07
 2.494900756596636e-05
 1.245745899044641e-07
 0.0001400175492523929
 8.100360847868363e-08
 1.003963606481333e-08
 5.775034342790525e-08
 3.216533113918878e-06
 1.006026132151498e-08
 2.799526018464958e-05
 1.451525124058705e-05
 2.494900756596636e-05
 2.267206499853726e-07
 0.0004011775764927357
 2.078306530788401e-06
 2.120290163156142e-06
 2.63675577668981e-05
 3.216533113918878e-06
 1.006026132151498e-08
 2.799526018464958e-05
 1.451525124058705e-05
 0.000302591938383716
 2.267206499853726e-07
 0.0004011775764927357
 2.724793311457309e-05
 2.280836742998667e-05
 2.63675577668981e-05
 3.216533113918878e-06
 1.285315646129274e-06
 2.799526018464958e-05
 0.0001095739727717219
 0.000302591938383716
 8.231828351381411e-06
 0.0004011775764927357
 0.000138747750878668
 6.151069063490704e-05
 2.63675577668981e-05
 3.216533113918878e-06
 1.285315646129274e-06
 0.0004011775764927357
 0.0001686889694492724
 0.000302591938383716
 0.0003756529312472257
 0.0004011775764927357
 0.000138747750878668
 0.0006522636679883858
 3.021547787855936e-05
 3.216533113918878e-06
 6.391230152596074e-06
 0.0004011775764927357
 0.0001686889694492724
 0.000302591938383716
 0.0003756529312472257
 0.0007506690567793103
 0.000138747750878668
 0.0006522636679883858
 0.0002340490774153714
 3.216533113918878e-06
 6.391230152596074e-06
 0.0004011775764927357
 0.0005561748679974893
 0.0005747076105049748
 0.0003756529312472257
 0.0007506690567793103
 0.000138747750878668
 0.0006522636679883858
 0.0002340490774153714
 0
 1.710354261328646e-05
 0.0004011775764927357
 0.006052448552424048
 0.0005747076105049748
 0.0003756529312472257
 0.0007506690567793103
 0.000138747750878668
 0.0006522636679883858
 0.0002340490774153714
 0
 1.710354261328646e-05
 0.0004011775764927357
 0.006052448552424048
 0.0005747076105049748
 0.0003756529312472257
 0.0007506690567793103
 0.000138747750878668
 0.0006522636679883858
 0.0002340490774153714
 0
 5.000027905337981e-05
 0.0004011775764927357
 0.006052448552424048
 0.0005747076105049748
 0.0003756529312472257
 0.0007506690567793103
 0.000138747750878668
 0.0006522636679883858
 0.0002340490774153714
 0
 0.0001400175492523929
 0.0007506690567793103
 0.006052448552424048
 0.0005747076105049748
 0.0003756529312472257
 0.0007506690567793103
 0
 0.0006522636679883858
 0.0002340490774153714
 0
 0.0001400175492523929
 0.0007506690567793103
 0.006052448552424048
 0.0005747076105049748
 0
 0.006052448552424048
 0
 0
 0.0002340490774153714
 0
 0.0001400175492523929
 0.0007506690567793103
 0.006052448552424048
 0.0005747076105049748
 0
 0.006052448552424048
 0
 0
 0
 0
 0.0002492294041941298
 0.0007506690567793103
 0.006052448552424048
 0
 0
 0.006052448552424048
 0
 0
 0
 0
 0.0004011775764927357
 0.0007506690567793103
 0
 0
 0
 0.006052448552424048
 0
 0
 0
 0
 0.0002492294041941298
 0.0007506690567793103
 0
 0
 0
 0.006052448552424048
 0
 0
 0
 0
 0.0002492294041941298
 0.0007506690567793103
 0
 0
 0
 0.006052448552424048
 0
 0
 0
 0
 0.0002492294041941298
 0
 0
 0
 0
 0.006052448552424048
 0
 0
 0
 0
 0.0002492294041941298
 0
 0
 0
 0
 0
 0
 0
 0
 0
 0.0002492294041941298
 0
 0
 0
 0
 0
 0
 0
 0
 0
 0.0007250434409413209
 0
 0
 0
 0
 0
 0
 0
 0
 0
 0.0007250434409413209
 0
 0
 0
 0
 0
 0
 0
 0
 0
 0.0007250434409413209
 0
 0
 0
 0
 0
 0
 0
 0
 0
 0.0007250434409413209
 0
 0
 0
 0
 0
 0
 0
 0
 0
 0.0007250434409413209
 0
 0
 0
 0
 0
 0
 0
 0
 0
 0.0007250434409413209
 0
 0
 0
 0
 0
 0
 0
 0
 0
 0.006052448552424048
