# Created by Octave 3.2.4, Wed Feb 06 19:34:40 2013 EST <rbom@zaphod>
# name: small_First_Fit
# type: matrix
# ndims: 3
 1 10 30
 1.393132181352176e-07
 3.704522618970153e-07
 2.622336055068532e-06
 1.637338884393012e-05
 1.224053502072125e-07
 2.279870343088323e-07
 5.587790969359882e-07
 8.989108028101493e-05
 8.363044028163916e-06
 8.911080040810767e-07
 9.848339490725423e-06
 0.0001557820514951034
 2.622336055068532e-06
 0.001077878560288967
 3.527878332177215e-05
 6.4747989615923e-05
 0.0003068846797413147
 8.989108028101493e-05
 8.363044028163916e-06
 1.808564728000152e-05
 7.000372135606088e-05
 0.001446373521086926
 1.421745706427583e-05
 0.02215308363763667
 0.000137084358400701
 6.4747989615923e-05
 0.0003068846797413147
 0.0009768511959603922
 2.29916257493563e-05
 1.808564728000152e-05
 0.000210466830318397
 0.001446373521086926
 1.421745706427583e-05
 0.02215308363763667
 8.181062948534875e-05
 7.154288318068535e-05
 0.0007765359664606989
 0.0009768511959603922
 2.29916257493563e-05
 2.364220850745574e-05
 0.001406926717477713
 0.01274355267230493
 0.0003072734962828517
 0.02215308363763667
 8.181062948534875e-05
 7.505984502656867e-05
 0.0007765359664606989
 0.002267902114229036
 3.334487499459777e-05
 9.147571650741186e-05
 0.004224437551823386
 0.003498741454522856
 0.001606248106190703
 0.0346732489646415
 0.0005098832784888024
 0.0005241570933956728
 0.00444039270291768
 0.002267902114229036
 0.0009161285661191681
 0.001746703012406789
 0.002534968129267531
 0.003498741454522856
 0.002291907562901003
 0.02215308363763667
 0.0007765359664606989
 0.0007507124985445784
 0.00444039270291768
 0.002267902114229036
 0.002282259319000704
 0.008402396291625971
 0.009127777287889358
 0.01274355267230493
 0.003726182679123185
 0.02215308363763667
 0.0007765359664606989
 0.0007507124985445784
 0.00444039270291768
 0.00423993235584452
 0.002282259319000704
 0.008402396291625971
 0.009127777287889358
 0.02985089627368239
 0.003745653357350048
 0.02215308363763667
 0.001177979204810732
 0.0007507124985445784
 0.01117960157352705
 0.00423993235584452
 0.002282259319000704
 0.09757730773711987
 0.00610053261224906
 0.05485277204646595
 0.008466043464580379
 0.02215308363763667
 0.001177979204810732
 0.0007507124985445784
 0.01117960157352705
 0.0286203524721119
 0.004486667758229763
 0.09757730773711987
 0.009127777287889358
 0.09757730773711987
 0.008466043464580379
 0.04225589736806027
 0.001961696737236895
 0.0007507124985445784
 0.01674122231149235
 0.0286203524721119
 0.006945459111366161
 0.09757730773711987
 0.01377618303377226
 0.09757730773711987
 0.008466043464580379
 0.04225589736806027
 0.001961696737236895
 0.0007507124985445784
 0.03738540446592174
 0.04236780455416716
 0.01007518686031047
 0.09757730773711987
 0.009127777287889358
 0.09757730773711987
 0.009317671141839698
 0.04225589736806027
 0.004450590539233672
 0.1322808638195394
 0.09184752471043296
 0.04236780455416716
 0.01007518686031047
 0.1984835715465834
 0.00610053261224906
 0.09757730773711987
 0.09184752471043296
 0.04225589736806027
 0.004450590539233672
 0.1984835715465834
 0.09184752471043296
 0.04236780455416716
 0.01007518686031047
 0.1984835715465834
 0.01377618303377226
 0.09757730773711987
 0.1984835715465834
 0.04225589736806027
 0.02574706290798223
 0.1322808638195394
 0.0630821207736945
 0.04236780455416716
 0.01251202249138571
 0.1984835715465834
 0.01377618303377226
 0.1984835715465834
 0.1984835715465834
 0.07704099737267062
 0.09184752471043296
 0.1335881698621918
 0.0630821207736945
 0.06951608603117825
 0.01007518686031047
 0.1984835715465834
 0.01377618303377226
 0.1984835715465834
 0.1984835715465834
 0.07704099737267062
 0.0381281851915182
 0.1335881698621918
 0.09184752471043296
 0.04236780455416716
 0.01007518686031047
 0.1984835715465834
 0.01377618303377226
 0.1984835715465834
 0.1984835715465834
 0.07704099737267062
 0.09184752471043296
 0.1984835715465834
 0.09184752471043296
 0.04236780455416716
 0.02459042036950546
 0.1984835715465834
 0.01377618303377226
 0.1984835715465834
 0.1984835715465834
 0.07704099737267062
 0.09184752471043296
 0.1984835715465834
 0.09184752471043296
 0.06951608603117825
 0.02459042036950546
 0.1984835715465834
 0.01377618303377226
 0.1984835715465834
 0.1984835715465834
 0.07704099737267062
 0.09184752471043296
 0.1984835715465834
 0.1232958333951473
 0.06951608603117825
 0.02663116157462518
 0
 0.01573360632112585
 0.1984835715465834
 0.1984835715465834
 0.1322808638195394
 0.1232958333951473
 0.1984835715465834
 0.1232958333951473
 0.04236780455416716
 0.03049845795157175
 0
 0.02654218567600902
 0.1984835715465834
 0
 0.1322808638195394
 0.1232958333951473
 0.1984835715465834
 0.1232958333951473
 0.06951608603117825
 0.03049845795157175
 0
 0.04309120704740362
 0
 0
 0.1322808638195394
 0.1232958333951473
 0.1322808638195394
 0.1984835715465834
 0.06951608603117825
 0.03049845795157175
 0
 0.02654218567600902
 0
 0
 0.1113783141791603
 0.1232958333951473
 0.1322808638195394
 0.1984835715465834
 0.06951608603117825
 0.0346732489646415
 0
 0.02654218567600902
 0
 0
 0.1113783141791603
 0.1984835715465834
 0
 0.1984835715465834
 0.04236780455416716
 0.0346732489646415
 0
 0.02125223517134834
 0
 0
 0.1322808638195394
 0.1984835715465834
 0
 0.1984835715465834
 0.04236780455416716
 0.03049845795157175
 0
 0.02654218567600902
 0
 0
 0.1113783141791603
 0.2429643193764852
 0
 0.1984835715465834
 0.04236780455416716
 0.0346732489646415
 0
 0.02125223517134834
 0
 0
 0.1322808638195394
 0.2429643193764852
 0
 0.1984835715465834
 0.04236780455416716
 0.0346732489646415
 0
 0.03044488424554996
 0
 0
 0.1322808638195394
 0.2429643193764852
 0
 0.1984835715465834
 0
 0.07229890401989737
 0
 0.08906191717890447
 0
 0
 0.1322808638195394
 0.2429643193764852
 0
 0
 0
 0.05022843349779484
 0
