# Created by Octave 3.2.4, Wed Feb 06 11:46:06 2013 EST <rbom@zaphod>
# name: small_First_Fit
# type: matrix
# ndims: 3
 1 10 30
 5.80879310488184e-09
 2.622870819185231e-08
 2.203785992283625e-11
 1.798363910196156e-08
 5.125975572721751e-09
 8.654306705214618e-11
 4.17651543651264e-10
 3.601958461875899e-07
 3.030470260142154e-09
 1.850384106135476e-07
 3.665578447764561e-07
 7.26008090665718e-07
 1.63086467091029e-10
 5.315807955650817e-05
 8.513105803353456e-08
 4.909109894075239e-09
 3.339160809204726e-06
 7.200557705337213e-06
 1.484808680053569e-07
 1.850384106135476e-07
 3.665578447764561e-07
 0.0003039264234294747
 2.377083517129274e-10
 9.372941247935434e-05
 5.492448571045981e-05
 1.381016564742183e-06
 3.339160809204726e-06
 0.0002155484326215833
 3.629475025333374e-06
 1.943235978497904e-05
 1.005022033878441e-05
 0.0009779178745194898
 1.934997986189975e-09
 7.495867760179249e-05
 5.492448571045981e-05
 7.583582912451044e-05
 3.339160809204726e-06
 0.00206408078841501
 7.96328784372537e-06
 8.064240603673172e-05
 0.0001298243661015872
 0.00570740462939444
 3.578683638935637e-08
 7.495867760179249e-05
 0.002033902690483738
 0.0003211045051816568
 3.757738215618107e-05
 0.007354359134108915
 1.912645476830526e-05
 0.0003552143702680262
 0.0001298243661015872
 0.01466710732199171
 5.752294301953888e-07
 0.0007048323917888511
 0.01939415536517678
 0.0003211045051816568
 3.757738215618107e-05
 0.007354359134108915
 1.912645476830526e-05
 0.002119853695387584
 0.0008952321386359764
 0.01466710732199171
 5.752294301953888e-07
 0.00101372523945263
 0.01939415536517678
 7.64655774265187e-05
 0.0002132543505192211
 0.00894744331910844
 3.092927448223682e-05
 0.002119853695387584
 0.0008952321386359764
 0.01466710732199171
 5.752294301953888e-07
 0.00101372523945263
 0.01939415536517678
 7.583582912451044e-05
 0.0002499723094181393
 0.00894744331910844
 0.0004241856710941442
 0.004894825884309607
 0.002044512693991763
 0.01466710732199171
 5.752294301953888e-07
 0.004925623431334426
 0.01939415536517678
 0.0002401144155215761
 0.0005258919828176223
 0.00894744331910844
 0.0004241856710941442
 0.004894825884309607
 0.002044512693991763
 0.01466710732199171
 0.0002685356083125388
 0.004925623431334426
 0.01939415536517678
 0.0002401144155215761
 0.001015795833811173
 0.00894744331910844
 0.0004241856710941442
 0.004894825884309607
 0.00482385534755684
 0.01939415536517678
 0.0003552143702680262
 0.005394849904201244
 0.01939415536517678
 0.0003211045051816568
 0.001015795833811173
 0.00894744331910844
 0.0004241856710941442
 0.004894825884309607
 0.00482385534755684
 0.01939415536517678
 0.0003552143702680262
 0.005394849904201244
 0.01939415536517678
 0.0003211045051816568
 0.001015795833811173
 0.00894744331910844
 0.0004241856710941442
 0.004894825884309607
 0.00482385534755684
 0.01939415536517678
 0.0003552143702680262
 0.004925623431334426
 0
 0.0006689207096248129
 0.001015795833811173
 0.00894744331910844
 0.0004241856710941442
 0.004894825884309607
 0.00482385534755684
 0.01939415536517678
 0.003650870481399671
 0.01160076968508387
 0
 0.0006689207096248129
 0.002209397216683035
 0
 0.002429550013430049
 0.004894825884309607
 0.00482385534755684
 0.01939415536517678
 0.003650870481399671
 0.01160076968508387
 0
 0.0006689207096248129
 0.002209397216683035
 0
 0.0004241856710941442
 0
 0.007820309776450856
 0.01939415536517678
 0.007334526633958903
 0.004925623431334426
 0
 0.001080993665175769
 0.004925623431334426
 0
 0.0004241856710941442
 0
 0.007820309776450856
 0.01939415536517678
 0.007334526633958903
 0.01160076968508387
 0
 0.0007260669777367351
 0.004925623431334426
 0
 0.0004241856710941442
 0
 0.007820309776450856
 0
 0.003650870481399671
 0.01160076968508387
 0
 0.0006689207096248129
 0.004925623431334426
 0
 0.002429550013430049
 0
 0.00788278633032616
 0
 0.003650870481399671
 0.01160076968508387
 0
 0.0006689207096248129
 0.004925623431334426
 0
 0.002429550013430049
 0
 0.01466710732199171
 0
 0.007334526633958903
 0.01160076968508387
 0
 0.0006689207096248129
 0.004925623431334426
 0
 0.002429550013430049
 0
 0.01466710732199171
 0
 0.007334526633958903
 0.01160076968508387
 0
 0.0006689207096248129
 0.004925623431334426
 0
 0.002429550013430049
 0
 0.01466710732199171
 0
 0.01160076968508387
 0.01160076968508387
 0
 0.0006689207096248129
 0.004925623431334426
 0
 0.002429550013430049
 0
 0.03542638540562774
 0
 0.01160076968508387
 0.01160076968508387
 0
 0
 0
 0
 0.002429550013430049
 0
 0.03542638540562774
 0
 0.007334526633958903
 0
 0
 0
 0
 0
 0.002429550013430049
 0
 0.03542638540562774
 0
 0.007334526633958903
 0
 0
 0
 0
 0
 0
 0
 0.03542638540562774
 0
 0.007334526633958903
 0
 0
 0
 0
 0
 0
 0
 0.03542638540562774
 0
 0.01918788910780828
 0
 0
 0
 0
 0
 0
 0
 0.03542638540562774
 0
 0.01918788910780828
 0
 0
 0
 0
 0
 0
 0
 0.03542638540562774
 0
 0.01918788910780828
 0
 0
 0
 0
 0
 0
 0
 0
 0
 0.01918788910780828
 0
 0
 0
 0
 0
 0
 0
