# Created by Octave 3.2.4, Mon Feb 04 17:24:19 2013 EST <rbom@zaphod>
# name: small_First_Fit
# type: matrix
# ndims: 3
 1 10 30
 1.353875503097533e-12
 1.73387023699877e-07
 3.961776378955857e-07
 2.993125691656529e-09
 4.024392360670739e-11
 5.670721161828529e-12
 2.132126316722485e-11
 1.292462610133768e-13
 5.051528218121355e-10
 3.185920909342081e-06
 3.065139838441302e-09
 1.038177759739872e-06
 3.961776378955857e-07
 9.376430402834785e-08
 2.828784924364878e-10
 1.406220755096716e-08
 8.887651957388796e-10
 8.19491962950494e-13
 0.0003951823024771608
 2.473224452208648e-05
 6.850708445780159e-08
 1.038177759739872e-06
 0.0001058109338517642
 3.28429568180021e-06
 1.432184689289949e-09
 2.051773847780461e-07
 2.870124916637785e-08
 7.505001764060319e-11
 0.0003951823024771608
 2.473224452208648e-05
 1.453370711700745e-05
 1.038177759739872e-06
 0.0001058109338517642
 1.543387375743172e-05
 1.005697737447451e-08
 3.776681550321846e-06
 1.079750328546546e-07
 1.877932838383411e-07
 0.0004291664290446985
 1.519730928237147e-05
 4.241017094474688e-05
 3.857857308991163e-06
 0.0003331280415761992
 1.543387375743172e-05
 1.308357922296591e-07
 3.79761962990633e-05
 1.404427166648886e-07
 1.877932838383411e-07
 0.0004919040493496696
 1.519730928237147e-05
 0.00167896191943818
 5.134215110422073e-05
 0.0003331280415761992
 7.902536331696627e-05
 8.919172377784188e-07
 3.79761962990633e-05
 1.007304819633098e-06
 1.877932838383411e-07
 0.0004919040493496696
 1.519730928237147e-05
 0.00167896191943818
 0.0001859039622672499
 0.0003331280415761992
 0.0001887169695037734
 5.301587179790896e-06
 4.874788359669432e-05
 3.72331085365063e-06
 4.084267211692219e-06
 0.0004919040493496696
 6.484094453935249e-05
 0.001705956303338768
 0.0001859039622672499
 0.002382168699809397
 0.0001887169695037734
 3.539193682949454e-05
 3.79761962990633e-05
 3.720225518564834e-05
 1.093648489745859e-05
 0.0004919040493496696
 6.484094453935249e-05
 0.001705956303338768
 0.0001859039622672499
 0.002382168699809397
 0.0001887169695037734
 0.0001593713645052873
 3.79761962990633e-05
 3.720225518564834e-05
 1.093648489745859e-05
 0.001004033027929231
 6.484094453935249e-05
 0.00167896191943818
 0.0001859039622672499
 0.002382168699809397
 0.01341023707913357
 0.0001593713645052873
 3.79761962990633e-05
 0.001021749414777027
 3.175151081174465e-05
 0.001004033027929231
 6.484094453935249e-05
 0.00167896191943818
 0.0001859039622672499
 0.002382168699809397
 0.01341023707913357
 0.0001593713645052873
 3.79761962990633e-05
 0.005629840657016112
 0.0001953520778684797
 0.004235359171218143
 6.484094453935249e-05
 0.00167896191943818
 0.01783891839710084
 0.002382168699809397
 0.01341023707913357
 0.003162299858079098
 3.79761962990633e-05
 0.005629840657016112
 0.0003282505711965093
 0.004235359171218143
 6.484094453935249e-05
 0.00167896191943818
 0.01783891839710084
 0.002382168699809397
 0.01341023707913357
 0.003162299858079098
 3.79761962990633e-05
 0.005629840657016112
 0.0003282505711965093
 0.004235359171218143
 6.484094453935249e-05
 0.00167896191943818
 0.01783891839710084
 0.002382168699809397
 0.01341023707913357
 0.01341023707913357
 0
 0.005780177436995235
 0.0003504484707896184
 0.01369991157204053
 0
 0
 0.01783891839710084
 0
 0.01341023707913357
 0.01341023707913357
 0
 0.005629840657016112
 0.0003504484707896184
 0.01369991157204053
 0
 0
 0.01783891839710084
 0
 0.01341023707913357
 0.01341023707913357
 0
 0.005629840657016112
 0.0003504484707896184
 0.01369991157204053
 0
 0
 0.01783891839710084
 0
 0
 0.01341023707913357
 0
 0.01783891839710084
 0.01341023707913357
 0.01369991157204053
 0
 0
 0.01783891839710084
 0
 0
 0.01341023707913357
 0
 0.01783891839710084
 0.01341023707913357
 0.01369991157204053
 0
 0
 0
 0
 0
 0.01341023707913357
 0
 0.01783891839710084
 0.01341023707913357
 0.01369991157204053
 0
 0
 0
 0
 0
 0.01341023707913357
 0
 0.01783891839710084
 0.01341023707913357
 0.01369991157204053
 0
 0
 0
 0
 0
 0
 0
 0.01783891839710084
 0.01341023707913357
 0
 0
 0
 0
 0
 0
 0
 0
 0.01783891839710084
 0.01341023707913357
 0
 0
 0
 0
 0
 0
 0
 0
 0.01783891839710084
 0.01341023707913357
 0
 0
 0
 0
 0
 0
 0
 0
 0
 0
 0
 0
 0
 0
 0
 0
 0
 0
 0
 0
 0
 0
 0
 0
 0
 0
 0
 0
 0
 0
 0
 0
 0
 0
 0
 0
 0
 0
 0
 0
 0
 0
 0
 0
 0
 0
 0
 0
 0
 0
 0
 0
 0
 0
 0
 0
 0
 0
 0
 0
 0
 0
 0
 0
 0
 0
 0
 0
 0
 0
 0
 0
