# Created by Octave 3.2.4, Wed Feb 06 02:12:08 2013 EST <rbom@zaphod>
# name: small_First_Fit
# type: matrix
# ndims: 3
 1 10 30
 2.701629035623848e-12
 1.312108790670192e-11
 4.271603216338984e-11
 4.687959508298933e-09
 2.338728591030564e-11
 8.614156036045202e-13
 1.593538024841713e-12
 4.125723021513916e-11
 1.335196101731085e-10
 5.746189643604027e-08
 1.905246677107605e-07
 2.776551357590954e-10
 2.952234278203146e-08
 4.687959508298933e-09
 5.194760637375758e-10
 3.43456759812391e-11
 3.804672158816026e-10
 1.137266258848084e-09
 5.424629155135155e-09
 6.300715008139653e-07
 6.978343175094229e-07
 2.776551357590954e-10
 1.018648978576978e-05
 1.086841488194877e-07
 2.902836656640483e-08
 2.627467355580021e-07
 9.574095470382328e-09
 5.9890499217987e-06
 5.424629155135155e-09
 6.884244408056994e-07
 2.8572328149174e-06
 6.230490278610271e-09
 1.018648978576978e-05
 6.627126733193157e-07
 5.575595425134499e-07
 7.325380911289721e-06
 9.574095470382328e-09
 0.0003300283142336874
 4.0559646592717e-08
 3.776091035776926e-06
 1.053898441465863e-05
 1.225097484013826e-07
 0.0001562878174979039
 6.627126733193157e-07
 1.19526877637377e-05
 1.041523402778551e-05
 1.125473732026187e-07
 0.0003300283142336874
 5.519352981346716e-06
 3.776091035776926e-06
 4.917305874503355e-06
 1.158367589093698e-05
 0.0001562878174979039
 6.627126733193157e-07
 1.19526877637377e-05
 1.041523402778551e-05
 1.288914560848787e-07
 0.00571677022440334
 9.460603341643457e-05
 3.776091035776926e-06
 8.692894968486865e-05
 1.158367589093698e-05
 0.0001562878174979039
 6.627126733193157e-07
 0.0004796999007759014
 0.0001557047228546687
 2.073610886779503e-07
 0.00571677022440334
 9.460603341643457e-05
 9.786437206510356e-06
 0.0002652372765327655
 0.0006760821554412526
 0.0004071421057387863
 0.0002530088867900789
 0.0004796999007759014
 0.0001557047228546687
 1.87271377602503e-06
 0.00571677022440334
 9.460603341643457e-05
 9.786437206510356e-06
 0.0002652372765327655
 0.0006760821554412526
 0.0001562878174979039
 0.0002530088867900789
 0.0004796999007759014
 0.0006907147205533007
 2.639916682717707e-06
 0.00571677022440334
 9.460603341643457e-05
 9.786437206510356e-06
 0.001470565148991393
 0.001592741910822616
 0.0001562878174979039
 0.0002530088867900789
 0.0004796999007759014
 0.0006907147205533007
 2.639916682717707e-06
 0.00571677022440334
 9.460603341643457e-05
 7.829655621995593e-05
 0.001470565148991393
 0.0006760821554412526
 0.0001562878174979039
 0.0002530088867900789
 0.001371148220598748
 0.0006907147205533007
 2.739374091898826e-05
 0.00571677022440334
 9.460603341643457e-05
 0.01163100315314682
 0.001470565148991393
 0.0006760821554412526
 0.0001562878174979039
 0.0002530088867900789
 0.001371148220598748
 0.0006907147205533007
 2.639916682717707e-06
 0.00571677022440334
 0.0006760821554412526
 0.01163100315314682
 0.004115383126711288
 0.0006760821554412526
 0.0004071421057387863
 0.0002530088867900789
 0.001371148220598748
 0.0006907147205533007
 3.270667114637443e-05
 0
 0.0006760821554412526
 0.01163100315314682
 0.004115383126711288
 0.0006760821554412526
 0.0001562878174979039
 0.0004778013254136664
 0.001371148220598748
 0.003993853904868013
 3.270667114637443e-05
 0
 0.0006760821554412526
 0.01163100315314682
 0.004115383126711288
 0.0006760821554412526
 0.0001562878174979039
 0.0004778013254136664
 0.001371148220598748
 0.003993853904868013
 0.0001727159469805957
 0
 0.0006760821554412526
 0.01163100315314682
 0.004115383126711288
 0.0006760821554412526
 0.0004071421057387863
 0.0004778013254136664
 0.001371148220598748
 0.003993853904868013
 0.0004726070257288179
 0
 0.0006760821554412526
 0.01163100315314682
 0.004115383126711288
 0
 0.0004071421057387863
 0.0004778013254136664
 0.001371148220598748
 0.003993853904868013
 0.0004726070257288179
 0
 0.0006760821554412526
 0.01163100315314682
 0.004115383126711288
 0
 0.0004071421057387863
 0.0004778013254136664
 0
 0.003993853904868013
 0.0004726070257288179
 0
 0.0006760821554412526
 0
 0.004115383126711288
 0
 0.0004071421057387863
 0.004115383126711288
 0
 0.01163100315314682
 0.002100235363970214
 0
 0
 0
 0
 0
 0.00361104458862903
 0.004115383126711288
 0
 0.01163100315314682
 0.0004726070257288179
 0
 0
 0
 0
 0
 0.00361104458862903
 0.004115383126711288
 0
 0.01163100315314682
 0.0004726070257288179
 0
 0
 0
 0
 0
 0.00361104458862903
 0.004115383126711288
 0
 0.01163100315314682
 0.0004726070257288179
 0
 0
 0
 0
 0
 0.00361104458862903
 0.004115383126711288
 0
 0.01163100315314682
 0.0008465958705929238
 0
 0
 0
 0
 0
 0.00361104458862903
 0.004115383126711288
 0
 0.01163100315314682
 0.0008465958705929238
 0
 0
 0
 0
 0
 0.00361104458862903
 0.004115383126711288
 0
 0.01163100315314682
 0.0008465958705929238
 0
 0
 0
 0
 0
 0.00361104458862903
 0
 0
 0
 0.0008465958705929238
 0
 0
 0
 0
 0
 0
 0
 0
 0
 0.0008465958705929238
 0
 0
 0
 0
 0
 0
 0
 0
 0
 0.0008465958705929238
 0
 0
 0
 0
 0
 0
 0
 0
 0
 0.0008465958705929238
 0
 0
 0
 0
 0
 0
 0
 0
 0
 0
 0
 0
 0
