# Created by Octave 3.2.4, Tue Feb 05 15:30:35 2013 EST <rbom@zaphod>
# name: small_First_Fit
# type: matrix
# ndims: 3
 1 10 30
 9.06114188901412e-17
 9.073740805864625e-09
 1.824701786847282e-15
 1.602351821479949e-13
 5.707211153878218e-17
 2.771562600059624e-10
 3.048109625065466e-17
 3.700828841163701e-16
 3.355730060876551e-15
 2.042465808063393e-14
 1.213970926634792e-09
 3.138073373796823e-07
 5.743233737085487e-13
 1.939462910855545e-12
 1.160304628455509e-12
 4.507753866690215e-08
 4.93163268626562e-14
 4.756109642174607e-11
 1.378437540729752e-13
 1.614970250364551e-09
 1.213970926634792e-09
 3.138073373796823e-07
 2.282766405725569e-11
 1.939462910855545e-12
 2.789435738344314e-10
 4.507753866690215e-08
 2.655197153783975e-12
 2.654926616456426e-09
 1.094089419117372e-10
 6.36708812587469e-07
 1.184559127793949e-06
 5.44984279594991e-05
 6.958627953356246e-10
 1.868595941341205e-09
 7.872636229613245e-09
 4.507753866690215e-08
 2.655197153783975e-12
 2.371213228696935e-07
 1.094089419117372e-10
 6.36708812587469e-07
 1.184559127793949e-06
 5.44984279594991e-05
 1.796970207366999e-06
 1.868595941341205e-09
 7.872636229613245e-09
 4.507753866690215e-08
 2.655197153783975e-12
 2.371213228696935e-07
 1.094089419117372e-10
 6.36708812587469e-07
 1.628439415758781e-05
 5.44984279594991e-05
 9.359675274020578e-05
 2.718510801065132e-05
 7.872636229613245e-09
 4.507753866690215e-08
 7.845574463715788e-10
 2.371213228696935e-07
 1.094089419117372e-10
 6.36708812587469e-07
 6.021812074370748e-05
 5.44984279594991e-05
 9.359675274020578e-05
 0.0001731587910082447
 1.066217881447892e-07
 4.507753866690215e-08
 1.750672206599027e-08
 6.342435869741144e-06
 1.094089419117372e-10
 6.36708812587469e-07
 6.021812074370748e-05
 5.44984279594991e-05
 0.002834362566460564
 0.000497856577291015
 1.066217881447892e-07
 4.507753866690215e-08
 5.776115457153511e-05
 0.0003585277854147172
 1.094089419117372e-10
 4.372635512827664e-05
 0.001310459994850598
 5.44984279594991e-05
 0.002834362566460564
 0.0001731587910082447
 1.066217881447892e-07
 0.0001066128275449288
 5.776115457153511e-05
 0.0003585277854147172
 1.094089419117372e-10
 4.372635512827664e-05
 0.001310459994850598
 5.44984279594991e-05
 0.02564578517069435
 0.0001731587910082447
 0.0001340000190332294
 0.0001066128275449288
 5.776115457153511e-05
 0.0003585277854147172
 1.362384327971978e-06
 0.001364356474434573
 0.001310459994850598
 0
 0.02564578517069435
 0.0001731587910082447
 0.0001340000190332294
 0.0001066128275449288
 5.776115457153511e-05
 0.001310459994850598
 1.362384327971978e-06
 0.02564578517069435
 0.001310459994850598
 0
 0.02564578517069435
 0.0001731587910082447
 0.0001340000190332294
 0.0001066128275449288
 5.776115457153511e-05
 0.001310459994850598
 1.362384327971978e-06
 0.02564578517069435
 0.001310459994850598
 0
 0.02564578517069435
 0.0001731587910082447
 0.0001340000190332294
 0.007321546123384793
 5.776115457153511e-05
 0.001310459994850598
 1.404110306941984e-05
 0.02564578517069435
 0.001310459994850598
 0
 0.02564578517069435
 0.0001731587910082447
 0.0001340000190332294
 0.007321546123384793
 5.776115457153511e-05
 0.001310459994850598
 1.404110306941984e-05
 0.02564578517069435
 0.001310459994850598
 0
 0.02564578517069435
 0
 0.0001340000190332294
 0.007321546123384793
 0
 0.001310459994850598
 1.404110306941984e-05
 0.02564578517069435
 0
 0
 0.02564578517069435
 0
 0.0001340000190332294
 0.007321546123384793
 0
 0.001310459994850598
 1.404110306941984e-05
 0.02564578517069435
 0
 0
 0
 0
 0
 0.007321546123384793
 0
 0.001310459994850598
 1.404110306941984e-05
 0.02564578517069435
 0
 0
 0
 0
 0
 0.007321546123384793
 0
 0
 1.404110306941984e-05
 0
 0
 0
 0
 0
 0
 0.007321546123384793
 0
 0
 1.404110306941984e-05
 0
 0
 0
 0
 0
 0
 0
 0
 0
 0
 0
 0
 0
 0
 0
 0
 0
 0
 0
 0
 0
 0
 0
 0
 0
 0
 0
 0
 0
 0
 0
 0
 0
 0
 0
 0
 0
 0
 0
 0
 0
 0
 0
 0
 0
 0
 0
 0
 0
 0
 0
 0
 0
 0
 0
 0
 0
 0
 0
 0
 0
 0
 0
 0
 0
 0
 0
 0
 0
 0
 0
 0
 0
 0
 0
 0
 0
 0
 0
 0
 0
 0
 0
 0
 0
 0
 0
 0
 0
 0
 0
 0
 0
 0
 0
 0
 0
 0
 0
 0
 0
 0
 0
 0
 0
 0
 0
 0
 0
 0
 0
