# Created by Octave 3.2.4, Tue Feb 05 23:13:44 2013 EST <rbom@zaphod>
# name: small_First_Fit
# type: matrix
# ndims: 3
 1 10 30
 6.403180811774969e-10
 1.67002552190522e-14
 7.160746579593569e-13
 4.110509519259762e-14
 7.977525513655891e-11
 7.346841595376398e-13
 6.905911155880138e-15
 4.209391854978077e-14
 3.725461481822125e-13
 3.714859899446405e-10
 6.403180811774969e-10
 9.005441028295606e-11
 7.160746579593569e-13
 1.006082124635868e-12
 1.826421884435343e-08
 5.09531605767465e-11
 2.642301446597523e-11
 2.667575871165756e-11
 1.015257668181972e-11
 1.539415146361746e-08
 2.330688473066604e-09
 2.316445396704256e-09
 7.160746579593569e-13
 1.006082124635868e-12
 1.365262090061546e-06
 7.891375943881884e-10
 4.9103228679374e-09
 3.877204825300756e-09
 2.082689911862676e-11
 1.539415146361746e-08
 1.824342633035364e-08
 5.428645776586055e-08
 1.775531944859436e-10
 3.230682392136818e-10
 2.651181251035431e-05
 3.743908314185048e-09
 4.9103228679374e-09
 2.280322720060056e-08
 2.082689911862676e-11
 9.700278225221943e-07
 1.824342633035364e-08
 8.700654755309353e-08
 1.317618783719264e-08
 3.230682392136818e-10
 2.651181251035431e-05
 5.622603449798287e-08
 9.092293157200575e-07
 2.835509395880769e-07
 2.549442718520296e-10
 5.867992047828903e-06
 3.047422388179866e-08
 2.2519249208108e-06
 5.079437535439612e-07
 2.27471356439774e-07
 0.0008825545926364596
 1.957840013601336e-07
 9.092293157200575e-07
 1.379365187486105e-06
 1.923949366204026e-08
 0.0003014478174983218
 2.285312857423276e-07
 3.389055668317186e-06
 5.079437535439612e-07
 3.016488863229768e-06
 0.0008825545926364596
 2.346636287485022e-06
 9.092293157200575e-07
 1.379365187486105e-06
 1.923949366204026e-08
 0.0003014478174983218
 2.285312857423276e-07
 2.2519249208108e-06
 1.108422675274555e-06
 3.016488863229768e-06
 0.0008825545926364596
 8.104330561506664e-06
 9.092293157200575e-07
 3.430963981590201e-05
 1.172803709300745e-05
 0.0007603808554539085
 2.841578151482304e-06
 0.0001626334691970023
 1.108422675274555e-06
 3.274459599466626e-06
 0.0008825545926364596
 2.137979909192565e-05
 1.182321297748402e-06
 3.430963981590201e-05
 1.172803709300745e-05
 0.0007603808554539085
 2.96218505070549e-05
 0.0001626334691970023
 1.108422675274555e-06
 3.016488863229768e-06
 0.0008825545926364596
 0.000101386339281756
 0.002330976361733822
 0.0001082502702953114
 1.172803709300745e-05
 0.0007603808554539085
 2.96218505070549e-05
 0.0001626334691970023
 1.108422675274555e-06
 3.016488863229768e-06
 0.0008825545926364596
 0.0002380664245286557
 0.002330976361733822
 0.001336615510468409
 1.172803709300745e-05
 0.0003014478174983218
 0.002062549807341823
 0.0001626334691970023
 1.108422675274555e-06
 3.016488863229768e-06
 0.0008825545926364596
 0.0002380664245286557
 0.002330976361733822
 0.001336615510468409
 0.0001268703427545046
 0.0003014478174983218
 0.002062549807341823
 0.0001626334691970023
 7.127653603542374e-05
 3.016488863229768e-06
 0
 0.0002380664245286557
 0.002330976361733822
 0.001336615510468409
 0.0001268703427545046
 0.0003014478174983218
 0.002062549807341823
 0.0001626334691970023
 0.001115986606740297
 0.0001268703427545046
 0
 0.0002380664245286557
 0.002330976361733822
 0.001336615510468409
 0.0001268703427545046
 0.0007603808554539085
 0.002062549807341823
 0.0002339860220859204
 0.001115986606740297
 0.0001268703427545046
 0
 0.0002380664245286557
 0.002330976361733822
 0.001336615510468409
 0.0002540954519131119
 0.0007603808554539085
 0.002062549807341823
 0.01087745211895637
 0.001115986606740297
 0.0001268703427545046
 0
 0.0002380664245286557
 0.002330976361733822
 0.001336615510468409
 0.0001299044277416034
 0.003766491670953248
 0.002062549807341823
 0.01087745211895637
 0.001115986606740297
 0.0001268703427545046
 0
 0.0002380664245286557
 0
 0.004391197895550346
 0.0001268703427545046
 0.003766491670953248
 0.002062549807341823
 0.01087745211895637
 0.001115986606740297
 0.0005135900540616254
 0
 0
 0
 0.004391197895550346
 0.0001268703427545046
 0.003766491670953248
 0
 0.01087745211895637
 0.001115986606740297
 0.0005135900540616254
 0
 0
 0
 0.004391197895550346
 0.0002540954519131119
 0.003766491670953248
 0
 0.01087745211895637
 0.001115986606740297
 0.0005135900540616254
 0
 0
 0
 0.004391197895550346
 0.0002540954519131119
 0.003766491670953248
 0
 0.01087745211895637
 0
 0.0005135900540616254
 0
 0
 0
 0.001336615510468409
 0.0002540954519131119
 0.003766491670953248
 0
 0.01087745211895637
 0
 0.02227332917616209
 0
 0
 0
 0.004391197895550346
 0.0005135900540616254
 0.003766491670953248
 0
 0
 0
 0.02227332917616209
 0
 0
 0
 0.004391197895550346
 0.0005135900540616254
 0
 0
 0
 0
 0.02227332917616209
 0
 0
 0
 0.004391197895550346
 0.0005135900540616254
 0
 0
 0
 0
 0.02227332917616209
 0
 0
 0
 0.004391197895550346
 0.0005135900540616254
 0
 0
 0
 0
 0.02227332917616209
 0
 0
 0
 0.004391197895550346
 0.01087745211895637
 0
 0
 0
 0
 0.02227332917616209
 0
 0
 0
 0.004391197895550346
 0.01087745211895637
 0
 0
 0
 0
 0.02227332917616209
 0
 0
 0
 0.004391197895550346
 0.01087745211895637
 0
 0
 0
 0
 0
 0
 0
 0
 0
 0.01087745211895637
 0
 0
 0
 0
 0
 0
 0
 0
 0
 0.01087745211895637
 0
