# Created by Octave 3.2.4, Wed Feb 06 06:33:44 2013 EST <rbom@zaphod>
# name: small_First_Fit
# type: matrix
# ndims: 3
 1 10 30
 7.754085150381691e-19
 1.942405230147286e-11
 6.130097169881399e-20
 3.26640841015244e-13
 9.697505064855621e-19
 7.273268633447556e-17
 9.202591691625909e-19
 1.365513947230299e-15
 1.220713234292634e-18
 5.008347599237691e-17
 1.347813623104379e-14
 1.942405230147286e-11
 5.75764821309938e-17
 2.390033412069117e-08
 8.767595239179785e-14
 1.443734382700501e-13
 1.335237739331733e-16
 1.746228267200387e-10
 2.080662967866107e-14
 4.71121897133644e-14
 2.021768598622949e-13
 3.29768725394577e-08
 3.378070313617429e-15
 0.0003343517321201328
 1.297829714841196e-11
 1.294942333876407e-12
 4.481344013616045e-14
 1.373387044159551e-07
 2.52044362370632e-12
 6.163374762420953e-10
 1.392449242452598e-11
 2.527934602827461e-05
 9.592033397458835e-14
 0.0003343517321201328
 6.543104285721094e-08
 1.294942333876407e-12
 8.953719099862344e-12
 3.846901396042786e-05
 1.519219992292573e-10
 6.163374762420953e-10
 1.392449242452598e-11
 0.0004121538313342466
 6.638729976792826e-13
 0.0003343517321201328
 6.543104285721094e-08
 1.633864058413617e-11
 1.615711231167106e-10
 0.0008213205532578578
 1.519219992292573e-10
 6.163374762420953e-10
 1.263273622583975e-08
 0.0004121538313342466
 1.863951096556163e-11
 0.0003343517321201328
 1.041619116310422e-06
 1.441602517918516e-10
 2.730760374727273e-07
 0.0008213205532578578
 1.694469475619805e-08
 5.549409918244916e-09
 2.369675866453803e-07
 0.0004121538313342466
 1.863951096556163e-11
 0.0003343517321201328
 5.940962108136396e-05
 1.441602517918516e-10
 4.079035772702401e-06
 0.0008213205532578578
 8.807399830995564e-07
 1.092226260964496e-08
 2.369675866453803e-07
 0.0004121538313342466
 3.117827838210084e-08
 0.0003343517321201328
 0.0006337401696609227
 1.149085676994037e-09
 2.475654134351802e-05
 0.0008213205532578578
 1.582492666190741e-05
 7.886864325739834e-08
 1.60850471963227e-06
 0.0004121538313342466
 0.0001272786393238327
 0.0003343517321201328
 0.0006337401696609227
 1.149085676994037e-09
 2.475654134351802e-05
 0.0008213205532578578
 1.582492666190741e-05
 1.55048842470362e-07
 1.60850471963227e-06
 0.0004121538313342466
 0.0006337401696609227
 0.0003343517321201328
 0.0006337401696609227
 1.149085676994037e-09
 2.475654134351802e-05
 0.0008213205532578578
 1.582492666190741e-05
 2.195250326511609e-06
 2.118404234054621e-05
 0.0004121538313342466
 0.0006337401696609227
 0
 0.0006337401696609227
 1.149085676994037e-09
 2.475654134351802e-05
 0.0008213205532578578
 1.582492666190741e-05
 1.948977157715325e-05
 2.118404234054621e-05
 0
 0.0006337401696609227
 0
 0.0006337401696609227
 7.675879243860261e-08
 2.475654134351802e-05
 0
 1.582492666190741e-05
 3.708223488455358e-05
 0.00261884772526036
 0
 0.0006337401696609227
 0
 0.0006337401696609227
 1.062252211667472e-06
 0.0003343517321201328
 0
 1.582492666190741e-05
 0.0005369348462884215
 0.00261884772526036
 0
 0.0006337401696609227
 0
 0.0006337401696609227
 0.0002047000838848629
 0.0008213205532578578
 0
 1.582492666190741e-05
 0.0005369348462884215
 0.00261884772526036
 0
 0.0006337401696609227
 0
 0
 0.0002047000838848629
 0.0008213205532578578
 0
 0
 0.0005369348462884215
 0.00261884772526036
 0
 0.0006337401696609227
 0
 0
 0.0003343517321201328
 0.0008213205532578578
 0
 0
 0.001513107464390816
 0.00261884772526036
 0
 0
 0
 0
 0.0003343517321201328
 0.0008213205532578578
 0
 0
 0.001513107464390816
 0.00261884772526036
 0
 0
 0
 0
 0.0003343517321201328
 0.0008213205532578578
 0
 0
 0.001513107464390816
 0.00261884772526036
 0
 0
 0
 0
 0.0003343517321201328
 0.0008213205532578578
 0
 0
 0.001513107464390816
 0
 0
 0
 0
 0
 0.0003343517321201328
 0.0008213205532578578
 0
 0
 0.001513107464390816
 0
 0
 0
 0
 0
 0.0003343517321201328
 0
 0
 0
 0.001513107464390816
 0
 0
 0
 0
 0
 0.0003343517321201328
 0
 0
 0
 0.001513107464390816
 0
 0
 0
 0
 0
 0
 0
 0
 0
 0
 0
 0
 0
 0
 0
 0
 0
 0
 0
 0
 0
 0
 0
 0
 0
 0
 0
 0
 0
 0
 0
 0
 0
 0
 0
 0
 0
 0
 0
 0
 0
 0
 0
 0
 0
 0
 0
 0
 0
 0
 0
 0
 0
 0
 0
 0
 0
 0
 0
 0
 0
 0
 0
 0
 0
 0
 0
 0
 0
 0
 0
 0
 0
 0
 0
 0
 0
 0
 0
 0
