# Created by Octave 3.2.4, Tue Feb 05 03:49:13 2013 EST <rbom@zaphod>
# name: small_First_Fit
# type: matrix
# ndims: 3
 1 10 30
 2.787266710062023e-11
 5.961195093139382e-13
 2.082537325288348e-10
 1.209338869377901e-10
 2.17521519420882e-10
 5.135641407240157e-13
 6.48403926752671e-08
 5.86953085593426e-10
 4.867594375936423e-12
 1.637487400139631e-11
 3.754164036111114e-09
 1.484687309026805e-09
 4.85173698929091e-10
 3.117901671199874e-09
 3.706375733261802e-08
 3.793607665004136e-10
 3.259947058616939e-06
 0.0003396889538560933
 2.730685830261662e-07
 1.597645420468962e-07
 4.836606370415052e-07
 3.303425847180187e-08
 2.75722259597132e-09
 3.955342413283592e-08
 5.951494919546244e-06
 1.135613832836289e-08
 5.374350700402426e-06
 0.0003396889538560933
 2.730685830261662e-07
 1.125821029614829e-06
 0.0001924937555090183
 3.935821947118241e-07
 3.05520060482798e-08
 3.057500242530589e-07
 5.951494919546244e-06
 2.426101256975177e-08
 0.0009801065758345147
 0.0003396889538560933
 1.765882071900658e-05
 2.456851857517325e-05
 0.001808155351643908
 1.475267048015467e-06
 3.934456711893409e-07
 1.197429902198138e-06
 3.182673182386188e-05
 7.238902101627395e-07
 0.004160100488737451
 0.0003396889538560933
 0.0001782609494477275
 0.0001700976781723111
 0.001808155351643908
 4.113720616962658e-07
 7.840140819953908e-06
 3.211724099121495e-06
 3.182673182386188e-05
 1.407261273334008e-05
 0.004160100488737451
 0.0003396889538560933
 0.00164099986111767
 0.0001700976781723111
 0.001808155351643908
 8.967271826521917e-07
 7.840140819953908e-06
 8.47079469277599e-06
 0.0008863966289869804
 0.0005965242582415079
 0.0009801065758345147
 0.003373423478322323
 0.004247978795077819
 0.0001700976781723111
 0.001808155351643908
 1.293540208658485e-05
 7.840140819953908e-06
 2.308230547260215e-05
 0.001255333946747225
 0.0005965242582415079
 0.0009801065758345147
 0.003373423478322323
 0.004247978795077819
 0.0004709525312640773
 0.001808155351643908
 2.155768974121415e-05
 8.627914213439199e-05
 8.567330863820918e-05
 0.001255333946747225
 0.00958265149912353
 0.0009934948956369532
 0.003912754761593335
 0.00478232725228825
 0.0004709525312640773
 0.001808155351643908
 0.001123026692390804
 2.017535815593005e-05
 9.752949395269749e-05
 0.001255333946747225
 0.00958265149912353
 0.004160100488737451
 0.003912754761593335
 0.00478232725228825
 0.0004709525312640773
 0.001808155351643908
 0.001123026692390804
 8.627914213439199e-05
 9.752949395269749e-05
 0.001255333946747225
 0.00958265149912353
 0.0009934948956369532
 0.003912754761593335
 0.00478232725228825
 0.0004709525312640773
 0
 0.001123026692390804
 0.0001606307624514223
 0.0002466191508184338
 0.0008863966289869804
 0.02457237794804821
 0.001176520220594388
 0.003912754761593335
 0.00478232725228825
 0.0009510918066321386
 0
 0.001123026692390804
 0.0001606307624514223
 0.0002466191508184338
 0.002565773865062011
 0.00958265149912353
 0.0009801065758345147
 0.003912754761593335
 0.00478232725228825
 0.0009510918066321386
 0
 0.001123026692390804
 0.0001606307624514223
 0.0002466191508184338
 0.002565773865062011
 0.00958265149912353
 0.0009934948956369532
 0.02122056378341111
 0.00478232725228825
 0.0009510918066321386
 0
 0.001123026692390804
 0.0001606307624514223
 0.005307868666459407
 0.002565773865062011
 0.00958265149912353
 0.004160100488737451
 0.02122056378341111
 0.00478232725228825
 0.0009510918066321386
 0
 0.002704828992285617
 0.0001606307624514223
 0.005307868666459407
 0.002565773865062011
 0.02457237794804821
 0.004160100488737451
 0.02122056378341111
 0
 0.0009510918066321386
 0
 0.0108540458662088
 0.0001606307624514223
 0.005307868666459407
 0.003894201258012085
 0.02457237794804821
 0.004160100488737451
 0.02122056378341111
 0
 0.0009510918066321386
 0
 0.0108540458662088
 0.0001606307624514223
 0.005307868666459407
 0.002565773865062011
 0.02457237794804821
 0.0108540458662088
 0.02122056378341111
 0
 0.003998915033231727
 0
 0.01649108183286883
 0
 0.02457237794804821
 0.009768375786667652
 0.02457237794804821
 0.0108540458662088
 0.02122056378341111
 0
 0.003998915033231727
 0
 0.0108540458662088
 0
 0.02457237794804821
 0.009768375786667652
 0.02457237794804821
 0.0108540458662088
 0.02457237794804821
 0
 0.0009510918066321386
 0
 0.0108540458662088
 0
 0.02457237794804821
 0.01779326353211344
 0.02457237794804821
 0.0108540458662088
 0.02457237794804821
 0
 0.003998915033231727
 0
 0.01649108183286883
 0
 0.02457237794804821
 0.01779326353211344
 0.02457237794804821
 0.01649108183286883
 0.02457237794804821
 0
 0.003998915033231727
 0
 0.0108540458662088
 0
 0.02457237794804821
 0.01779326353211344
 0
 0.01914509551580081
 0.02457237794804821
 0
 0.003998915033231727
 0
 0.0108540458662088
 0
 0.02457237794804821
 0.01779326353211344
 0
 0.01914509551580081
 0.02457237794804821
 0
 0.003998915033231727
 0
 0.01914509551580081
 0
 0.02457237794804821
 0.01779326353211344
 0
 0.01914509551580081
 0.02122056378341111
 0
 0.003998915033231727
 0
 0.01649108183286883
 0
 0
 0.01779326353211344
 0
 0.01914509551580081
 0.02457237794804821
 0
 0.003998915033231727
 0
 0.01649108183286883
 0
 0
 0.01779326353211344
 0
 0.02002881436348249
 0.02122056378341111
 0
 0.01278185657975854
 0
 0.01649108183286883
 0
 0
 0
 0
 0.01649108183286883
 0.02457237794804821
 0
 0.003998915033231727
 0
 0.01649108183286883
 0
 0
 0
 0
 0.01649108183286883
 0.02122056378341111
 0
 0.004413033116041857
 0
 0.01649108183286883
 0
 0
 0
 0
 0.01649108183286883
 0.02122056378341111
 0
 0.004413033116041857
