# Created by Octave 3.2.4, Tue Feb 05 07:39:53 2013 EST <rbom@zaphod>
# name: small_First_Fit
# type: matrix
# ndims: 3
 1 10 30
 5.033399215239816e-11
 3.517480828903723e-10
 4.509998943801595e-14
 7.823150328837998e-14
 1.567697515470225e-14
 2.552909446972574e-13
 6.233977046608238e-11
 1.697637924102639e-12
 1.037346964381327e-11
 3.330945675243404e-14
 3.052411545403513e-08
 1.246529474005546e-05
 2.22560515594273e-08
 1.4131425204814e-10
 3.377824216896909e-10
 8.710237869953141e-13
 2.371191090508694e-09
 1.774989171555751e-10
 1.490401881244224e-09
 2.269485005435138e-10
 1.675559568029691e-07
 1.246529474005546e-05
 1.249240402160793e-06
 4.024024678248931e-09
 1.705721133061588e-08
 1.321978757952601e-10
 1.246092876432493e-07
 1.723254837880727e-07
 1.633531187102385e-08
 1.268277529712229e-08
 1.675559568029691e-07
 4.008706881137602e-05
 2.073396657189874e-06
 9.767094221373021e-08
 4.036947825095843e-07
 4.106770231679949e-09
 2.812545678268283e-06
 1.723254837880727e-07
 3.91554191695422e-07
 1.268277529712229e-08
 2.401460296918574e-06
 4.008706881137602e-05
 3.084636435894812e-05
 9.767094221373021e-08
 4.171979169622547e-06
 7.506019319985238e-08
 2.812545678268283e-06
 1.605053761014132e-06
 7.229654374960951e-06
 1.939786362040632e-07
 2.401460296918574e-06
 0.0002183668153111263
 3.084636435894812e-05
 8.514309580988127e-06
 6.141735361453007e-06
 1.337645103826162e-06
 8.16343024670268e-06
 1.605053761014132e-06
 0.0003035452335313884
 9.362541014043518e-06
 2.401460296918574e-06
 4.771796423281882e-05
 0.001224723075647621
 8.514309580988127e-06
 0.0001954774330687609
 1.337645103826162e-06
 2.812545678268283e-06
 3.287557530376001e-05
 0.0004005281002858778
 0.0003015015428881893
 1.254152542292684e-05
 4.771796423281882e-05
 0.001224723075647621
 3.824731675737913e-05
 0.0001954774330687609
 2.953547428207592e-06
 1.05149833971139e-05
 3.287557530376001e-05
 0.0004005281002858778
 0.0003015015428881893
 1.254152542292684e-05
 4.771796423281882e-05
 0.001224723075647621
 0.0004311300718290372
 0.0001954774330687609
 1.337645103826162e-06
 1.05149833971139e-05
 0.0002183668153111263
 0.0004005281002858778
 0.0003015015428881893
 4.752026292458496e-05
 4.008706881137602e-05
 0.001224723075647621
 0.0004311300718290372
 0.0001954774330687609
 5.513648925302414e-06
 1.775326397041244e-05
 0.0002183668153111263
 0.0004005281002858778
 0.0003015015428881893
 4.752026292458496e-05
 4.008706881137602e-05
 0.001224723075647621
 3.824731675737913e-05
 0.0001954774330687609
 1.337645103826162e-06
 2.969011012482327e-05
 0.0002183668153111263
 0.0004005281002858778
 0.0003015015428881893
 0.001112775156784076
 4.008706881137602e-05
 0.001224723075647621
 3.824731675737913e-05
 0.0001954774330687609
 1.337645103826162e-06
 0.0005307300764598761
 0.0002183668153111263
 0.0003035452335313884
 0.0001623210312791688
 0.001112775156784076
 0
 0.001224723075647621
 3.824731675737913e-05
 0.0004311300718290372
 4.587975893307521e-05
 0.001112775156784076
 0.001224723075647621
 0.0003035452335313884
 0.0001623210312791688
 0.001112775156784076
 0
 0
 3.824731675737913e-05
 0.0004311300718290372
 4.587975893307521e-05
 0.001112775156784076
 0.001224723075647621
 0
 0
 0.001112775156784076
 0
 0
 3.824731675737913e-05
 0.0004311300718290372
 4.587975893307521e-05
 0.001112775156784076
 0.001224723075647621
 0
 0
 0.001271182975069639
 0
 0
 0
 0.0004311300718290372
 4.587975893307521e-05
 0.001112775156784076
 0.001224723075647621
 0
 0
 0.001112775156784076
 0
 0
 0
 0.0004311300718290372
 4.587975893307521e-05
 0.001112775156784076
 0.001224723075647621
 0
 0
 0.001112775156784076
 0
 0
 0
 0.0004311300718290372
 4.587975893307521e-05
 0.001112775156784076
 0.001224723075647621
 0
 0
 0.001112775156784076
 0
 0
 0
 0.0004311300718290372
 5.736978805575267e-05
 0.001112775156784076
 0.001224723075647621
 0
 0
 0.001112775156784076
 0
 0
 0
 0
 5.736978805575267e-05
 0
 0
 0
 0
 0.001112775156784076
 0
 0
 0
 0
 5.736978805575267e-05
 0
 0
 0
 0
 0.001112775156784076
 0
 0
 0
 0
 5.736978805575267e-05
 0
 0
 0
 0
 0
 0
 0
 0
 0
 4.587975893307521e-05
 0
 0
 0
 0
 0
 0
 0
 0
 0
 4.587975893307521e-05
 0
 0
 0
 0
 0
 0
 0
 0
 0
 4.587975893307521e-05
 0
 0
 0
 0
 0
 0
 0
 0
 0
 0
 0
 0
 0
 0
 0
 0
 0
 0
 0
 0
 0
 0
 0
 0
 0
 0
 0
 0
 0
 0
 0
 0
 0
 0
 0
 0
 0
 0
 0
 0
 0
 0
 0
 0
 0
 0
 0
 0
 0
 0
 0
 0
 0
 0
