# Created by Octave 3.2.4, Mon Feb 04 02:59:26 2013 EST <rbom@zaphod>
# name: small_First_Fit
# type: matrix
# ndims: 3
 1 10 30
 4.121708231908277e-10
 3.666389360757891e-14
 2.360012115983564e-10
 2.351509846008355e-16
 6.629224050085402e-17
 4.964197954711734e-12
 2.915423393909957e-14
 2.193811385861572e-14
 3.594291262381722e-14
 2.05891283387674e-15
 7.935999556494525e-08
 4.361332055631582e-11
 2.360012115983564e-10
 3.949484203168909e-14
 7.497157755105848e-11
 1.984777365459006e-10
 4.880050261332796e-08
 1.329288241216546e-12
 4.916249192384609e-13
 6.099950297789969e-12
 6.908617963389865e-06
 8.547253345078551e-09
 2.360012115983564e-10
 5.933945039175414e-12
 7.276448316995603e-08
 2.43641538635694e-07
 2.531633427620412e-07
 7.975508014189546e-11
 4.916249192384609e-13
 2.276312359835107e-08
 6.908617963389865e-06
 8.547253345078551e-09
 1.965396824188389e-08
 1.28594377917948e-10
 1.20884170903533e-05
 6.593603013937009e-06
 3.716928284832393e-06
 6.382883507975375e-09
 1.79578994284069e-09
 2.276312359835107e-08
 5.663418205804473e-05
 5.584203732753497e-08
 2.049054524866901e-07
 2.156686152293822e-08
 0.0001325432473822449
 6.593603013937009e-06
 3.716928284832393e-06
 4.155264315329879e-08
 1.452963386718099e-07
 2.276312359835107e-08
 5.663418205804473e-05
 5.506795214264072e-07
 1.372903311946718e-06
 2.156686152293822e-08
 0.0001325432473822449
 6.593603013937009e-06
 3.716928284832393e-06
 2.861199301576909e-06
 1.452963386718099e-07
 2.009917882885211e-07
 5.663418205804473e-05
 3.951594620564867e-06
 2.292257224543509e-06
 7.447380841139252e-08
 0.0001325432473822449
 9.383179540469513e-05
 0.0007216465404480561
 7.080678214710542e-05
 5.314807498007679e-06
 2.009917882885211e-07
 5.663418205804473e-05
 0.00100237001041029
 2.292257224543509e-06
 2.736080738113694e-07
 0.0001325432473822449
 9.383179540469513e-05
 0.0007216465404480561
 7.080678214710542e-05
 5.314807498007679e-06
 1.167229022505557e-05
 5.663418205804473e-05
 0.00100237001041029
 1.431007156213886e-05
 3.062509887325127e-05
 0.0006990177324467829
 0.0001453493214205416
 0.007101901140257612
 0.00242208869838153
 0.0001101676507907527
 9.295334441998789e-05
 5.663418205804473e-05
 0.00100237001041029
 0.0001521405712967981
 3.062509887325127e-05
 0.0006990177324467829
 0.0001453493214205416
 0.007101901140257612
 0.00242208869838153
 0.0001101676507907527
 0.0009509628798902163
 5.663418205804473e-05
 0.00100237001041029
 0.0001521405712967981
 3.062509887325127e-05
 0.003576626656880508
 0.002436952132833476
 0.007101901140257612
 0.00242208869838153
 0.00100237001041029
 0.0009509628798902163
 8.870217814089354e-05
 0.00100237001041029
 0.0001521405712967981
 0.0002072758212085053
 0.003576626656880508
 0.002436952132833476
 0.007101901140257612
 0.00242208869838153
 0.00100237001041029
 0.0009509628798902163
 8.870217814089354e-05
 0.00100237001041029
 0.0001521405712967981
 0.001729460238450385
 0.003576626656880508
 0.002436952132833476
 0.007101901140257612
 0.00242208869838153
 0.00100237001041029
 0.007101901140257612
 8.870217814089354e-05
 0.00100237001041029
 0.0001521405712967981
 0.007101901140257612
 0.003576626656880508
 0.002436952132833476
 0.007101901140257612
 0.00242208869838153
 0.00100237001041029
 0.007101901140257612
 0.002647603557748227
 0.00100237001041029
 0.0001521405712967981
 0.007101901140257612
 0.007101901140257612
 0.002436952132833476
 0.007101901140257612
 0.00242208869838153
 0.00100237001041029
 0.007101901140257612
 0.002647603557748227
 0.00100237001041029
 0.0001521405712967981
 0.007101901140257612
 0.007101901140257612
 0.002436952132833476
 0.007101901140257612
 0.00242208869838153
 0.00100237001041029
 0.007101901140257612
 0.002647603557748227
 0.00100237001041029
 0.0001521405712967981
 0.007101901140257612
 0.007101901140257612
 0.002436952132833476
 0.007101901140257612
 0.00242208869838153
 0.00100237001041029
 0.007101901140257612
 0.002647603557748227
 0.00100237001041029
 0.0001521405712967981
 0.007101901140257612
 0.007101901140257612
 0.002436952132833476
 0.007101901140257612
 0.00242208869838153
 0.00100237001041029
 0.007101901140257612
 0.002647603557748227
 0.00100237001041029
 0.0001521405712967981
 0.007101901140257612
 0.007101901140257612
 0.002436952132833476
 0.007101901140257612
 0.00242208869838153
 0.00100237001041029
 0.007101901140257612
 0.002647603557748227
 0.00100237001041029
 0.008711854466884999
 0.007101901140257612
 0.007101901140257612
 0.002436952132833476
 0.007101901140257612
 0.00242208869838153
 0.00100237001041029
 0.007101901140257612
 0.002647603557748227
 0.00100237001041029
 0.008711854466884999
 0.007101901140257612
 0.007101901140257612
 0.002436952132833476
 0.007101901140257612
 0.00242208869838153
 0.00100237001041029
 0.007101901140257612
 0.002647603557748227
 0.00100237001041029
 0.008711854466884999
 0.007101901140257612
 0.007101901140257612
 0.002436952132833476
 0.007101901140257612
 0.00242208869838153
 0.00100237001041029
 0.007101901140257612
 0.002647603557748227
 0.00100237001041029
 0.008711854466884999
 0.007101901140257612
 0.007101901140257612
 0.002436952132833476
 0.007101901140257612
 0.00242208869838153
 0.00100237001041029
 0.007101901140257612
 0.002647603557748227
 0.00100237001041029
 0.008711854466884999
 0.007101901140257612
 0.007101901140257612
 0.002436952132833476
 0.007101901140257612
 0.00242208869838153
 0.00100237001041029
 0.007101901140257612
 0.002647603557748227
 0.00100237001041029
 0.008711854466884999
 0.007101901140257612
 0.007101901140257612
 0.002436952132833476
 0.007101901140257612
 0.00242208869838153
 0.00100237001041029
 0.007101901140257612
 0.002647603557748227
 0.00100237001041029
 0.008711854466884999
 0.007101901140257612
 0.007101901140257612
 0.002436952132833476
 0.007101901140257612
 0.00242208869838153
 0.00100237001041029
 0.007101901140257612
 0.002647603557748227
 0.00100237001041029
 0.008711854466884999
 0.007101901140257612
 0.007101901140257612
 0.002436952132833476
 0.007101901140257612
 0.00242208869838153
 0.00100237001041029
 0.007101901140257612
 0.002647603557748227
 0.00100237001041029
 0.008711854466884999
 0.007101901140257612
 0.007101901140257612
 0.002436952132833476
 0.007101901140257612
 0.00242208869838153
 0.00100237001041029
 0.007101901140257612
 0.002647603557748227
 0.00100237001041029
 0.008711854466884999
 0.007101901140257612
 0.007101901140257612
 0.002436952132833476
 0.007101901140257612
 0.00242208869838153
 0.00100237001041029
 0.007101901140257612
 0.002647603557748227
 0.00100237001041029
 0.008711854466884999
 0.007101901140257612
 0.007101901140257612
 0.002436952132833476
 0.007101901140257612
 0.00242208869838153
 0.00100237001041029
 0.007101901140257612
