# Created by Octave 3.2.4, Tue Feb 05 05:27:47 2013 EST <rbom@zaphod>
# name: small_First_Fit
# type: matrix
# ndims: 3
 1 10 30
 1.173269537549303e-18
 4.396795787470986e-16
 8.87283023993806e-16
 2.918903200285489e-18
 6.283804040965491e-19
 4.649566184705311e-17
 1.579637324425298e-08
 3.168446364347754e-13
 1.26665716957605e-17
 2.021500451926842e-17
 3.205419349902638e-16
 1.285404949276839e-14
 3.513489094988127e-06
 2.690660825671846e-11
 2.640719858546474e-15
 5.023118027534956e-12
 5.53586808996765e-07
 0.002482745678473263
 1.130942700943884e-07
 3.161622749525396e-16
 6.63718664811289e-14
 1.285404949276839e-14
 3.513489094988127e-06
 1.841802713578121e-09
 2.349462426245866e-12
 4.001666807733712e-09
 5.53586808996765e-07
 0.002482745678473263
 1.130942700943884e-07
 4.679739195117713e-16
 1.238601947428131e-11
 9.80569059786509e-12
 3.513489094988127e-06
 1.841802713578121e-09
 4.011023536869066e-09
 4.351922657291695e-08
 5.53586808996765e-07
 0.002482745678473263
 1.650950353399556e-06
 5.865806168860671e-15
 1.238601947428131e-11
 1.057350420232359e-08
 4.901257696649422e-05
 1.841802713578121e-09
 4.011023536869066e-09
 4.351922657291695e-08
 5.53586808996765e-07
 0.002482745678473263
 1.650950353399556e-06
 1.855734450555916e-11
 1.238601947428131e-11
 1.057350420232359e-08
 4.901257696649422e-05
 4.664016401690712e-07
 4.011023536869066e-09
 2.902792307371391e-06
 5.53586808996765e-07
 0.002482745678473263
 0.0002227166691479292
 1.642363102372255e-08
 2.082802985081175e-10
 2.8307658709083e-06
 4.901257696649422e-05
 4.664016401690712e-07
 4.011023536869066e-09
 4.351922657291695e-08
 5.53586808996765e-07
 0.002482745678473263
 0.0002227166691479292
 5.585130506092816e-05
 2.082802985081175e-10
 2.8307658709083e-06
 0.003125700104844014
 1.845247339810961e-05
 2.377863223492916e-07
 4.351922657291695e-08
 5.53586808996765e-07
 0.002482745678473263
 0.0002227166691479292
 0.001039558204418242
 2.082802985081175e-10
 0.000433180640362701
 0.003125700104844014
 1.845247339810961e-05
 3.82812317877259e-06
 4.351922657291695e-08
 5.53586808996765e-07
 0.002482745678473263
 0.0002227166691479292
 0.001039558204418242
 2.082802985081175e-10
 0.000433180640362701
 0.003125700104844014
 0.000296864669745208
 1.527539524596864e-05
 4.351922657291695e-08
 5.53586808996765e-07
 0.002482745678473263
 0.003671923957714685
 0.001039558204418242
 3.548502195659999e-08
 0.003125700104844014
 0.003125700104844014
 0.000296864669745208
 0.000802577986945331
 4.351922657291695e-08
 0
 0
 0.003671923957714685
 0.001039558204418242
 3.548502195659999e-08
 0.003125700104844014
 0.003125700104844014
 0.000296864669745208
 0.000802577986945331
 2.902792307371391e-06
 0
 0
 0.003671923957714685
 0.001039558204418242
 3.548502195659999e-08
 0.003671923957714685
 0.003125700104844014
 0.000296864669745208
 0.000802577986945331
 2.902792307371391e-06
 0
 0
 0.003671923957714685
 0.001039558204418242
 2.509788891863619e-06
 0.003671923957714685
 0.003125700104844014
 0.000296864669745208
 0.000802577986945331
 2.902792307371391e-06
 0
 0
 0.003671923957714685
 0.001039558204418242
 2.509788891863619e-06
 0.003671923957714685
 0
 0.000296864669745208
 0.002482745678473263
 2.902792307371391e-06
 0
 0
 0.003671923957714685
 0
 2.509788891863619e-06
 0.003671923957714685
 0
 0.000296864669745208
 0.000802577986945331
 2.902792307371391e-06
 0
 0
 0.003671923957714685
 0
 2.509788891863619e-06
 0.003671923957714685
 0
 0
 0.000802577986945331
 2.902792307371391e-06
 0
 0
 0
 0
 2.509788891863619e-06
 0.003671923957714685
 0
 0
 0.001039558204418242
 2.902792307371391e-06
 0
 0
 0
 0
 2.509788891863619e-06
 0.003671923957714685
 0
 0
 0.002482745678473263
 0
 0
 0
 0
 0
 2.509788891863619e-06
 0
 0
 0
 0.002482745678473263
 0
 0
 0
 0
 0
 0
 0
 0
 0
 0.002482745678473263
 0
 0
 0
 0
 0
 0
 0
 0
 0
 0.002482745678473263
 0
 0
 0
 0
 0
 0
 0
 0
 0
 0.002482745678473263
 0
 0
 0
 0
 0
 0
 0
 0
 0
 0.002482745678473263
 0
 0
 0
 0
 0
 0
 0
 0
 0
 0.002482745678473263
 0
 0
 0
 0
 0
 0
 0
 0
 0
 0
 0
 0
 0
 0
 0
 0
 0
 0
 0
 0
 0
 0
 0
 0
 0
 0
 0
 0
 0
 0
 0
 0
 0
 0
 0
 0
 0
 0
 0
 0
 0
 0
 0
 0
 0
 0
 0
 0
 0
 0
 0
 0
 0
 0
 0
