# Created by Octave 3.2.4, Mon Feb 04 13:20:16 2013 EST <rbom@zaphod>
# name: small_First_Fit
# type: matrix
# ndims: 3
 1 10 30
 2.977628409453183e-18
 6.416082317423864e-18
 1.334133923897482e-15
 1.590863400183791e-16
 4.956543845000783e-14
 1.736866421915602e-17
 6.146358835110764e-15
 1.888622084712664e-15
 1.984415167730602e-16
 1.969908823345978e-14
 2.977628409453183e-18
 2.103829093331775e-14
 1.118006838987009e-13
 1.109822966168207e-13
 3.696334106906753e-08
 3.445955007806684e-14
 6.146358835110764e-15
 1.643757956093975e-10
 3.990759751479426e-14
 1.124133072584822e-11
 1.672982692082945e-14
 2.556606305260309e-12
 1.118006838987009e-13
 5.885416517465951e-13
 2.23400677517262e-06
 3.445955007806684e-14
 1.647462401938178e-11
 4.268575163365453e-08
 3.99083423667675e-12
 2.758752455647872e-09
 3.417484767216801e-11
 1.186290607891589e-09
 2.083336751826468e-07
 1.801982159945782e-11
 2.23400677517262e-06
 1.130286854981528e-09
 1.647462401938178e-11
 2.45828849305202e-06
 3.99083423667675e-12
 9.452970587182088e-06
 2.146281566998909e-08
 9.453406250599811e-08
 1.324501847519886e-06
 1.113652341357506e-10
 2.23400677517262e-06
 1.339746080074893e-06
 1.647462401938178e-11
 2.45828849305202e-06
 3.99083423667675e-12
 9.452970587182088e-06
 1.036087083464836e-05
 1.261769640540487e-05
 1.324501847519886e-06
 8.570690263887008e-09
 0.0005528604319544676
 9.955349444317556e-05
 1.647462401938178e-11
 4.968304619829034e-06
 1.36412785838863e-09
 9.452970587182088e-06
 0.0009738646376595281
 1.261769640540487e-05
 1.324501847519886e-06
 6.389232191785488e-07
 0.0005528604319544676
 9.955349444317556e-05
 1.753316631893877e-10
 4.968304619829034e-06
 1.36412785838863e-09
 9.452970587182088e-06
 0.0009738646376595281
 0.00017644019230352
 1.324501847519886e-06
 6.389232191785488e-07
 0.0005528604319544676
 9.955349444317556e-05
 5.969974206790221e-09
 0.0001142717373175673
 2.960338248208108e-06
 9.452970587182088e-06
 0.01411620537835042
 0.00017644019230352
 1.324501847519886e-06
 6.389232191785488e-07
 0.0005528604319544676
 9.955349444317556e-05
 6.175004513877978e-08
 0.002276623576615507
 2.960338248208108e-06
 9.452970587182088e-06
 0.01411620537835042
 0.00017644019230352
 0.0001048484486918348
 6.389232191785488e-07
 0.0005528604319544676
 9.955349444317556e-05
 4.959970919662362e-07
 0.002276623576615507
 2.960338248208108e-06
 9.452970587182088e-06
 0.02347387253102234
 0.00017644019230352
 0.0001048484486918348
 6.389232191785488e-07
 0.0005528604319544676
 9.955349444317556e-05
 5.100181755093731e-06
 0.003268921150115043
 2.960338248208108e-06
 0
 0.02347387253102234
 0.00017644019230352
 0.001307129490596828
 6.389232191785488e-07
 0.0005528604319544676
 0.0001659553000397952
 5.100181755093731e-06
 0.003268921150115043
 2.960338248208108e-06
 0
 0.01411620537835042
 0.00017644019230352
 0.001307129490596828
 6.389232191785488e-07
 0
 0.0001659553000397952
 0.0004339879538921002
 0.003268921150115043
 2.960338248208108e-06
 0
 0.02347387253102234
 0.001034274351035272
 0.001307129490596828
 0
 0
 9.955349444317556e-05
 0.0004339879538921002
 0.003268921150115043
 2.960338248208108e-06
 0
 0.01411620537835042
 0.00017644019230352
 0.001307129490596828
 0
 0
 0.0002296116023976694
 0.002276623576615507
 0.003268921150115043
 0
 0
 0.01411620537835042
 0.00017644019230352
 0.001307129490596828
 0
 0
 0.0002296116023976694
 0.002276623576615507
 0.003268921150115043
 0
 0
 0.01411620537835042
 0.00017644019230352
 0.002215981043201998
 0
 0
 0.0002296116023976694
 0.002276623576615507
 0.003268921150115043
 0
 0
 0.02347387253102234
 0.001034274351035272
 0.002215981043201998
 0
 0
 0.0002296116023976694
 0.002276623576615507
 0
 0
 0
 0.01411620537835042
 0.001034274351035272
 0.002215981043201998
 0
 0
 9.955349444317556e-05
 0.002276623576615507
 0
 0
 0
 0.01411620537835042
 0.001034274351035272
 0.002215981043201998
 0
 0
 9.955349444317556e-05
 0.003268921150115043
 0
 0
 0
 0.02347387253102234
 0.001034274351035272
 0.002215981043201998
 0
 0
 9.955349444317556e-05
 0.003268921150115043
 0
 0
 0
 0.01411620537835042
 0.02347387253102234
 0.002215981043201998
 0
 0
 0
 0.003268921150115043
 0
 0
 0
 0.02347387253102234
 0.02347387253102234
 0.002215981043201998
 0
 0
 0
 0.003268921150115043
 0
 0
 0
 0.02347387253102234
 0.02347387253102234
 0
 0
 0
 0
 0.003268921150115043
 0
 0
 0
 0.02347387253102234
 0.02347387253102234
 0
 0
 0
 0
 0.003268921150115043
 0
 0
 0
 0.02347387253102234
 0.02347387253102234
 0
 0
 0
 0
 0.02347387253102234
 0
 0
 0
 0.02347387253102234
 0.02347387253102234
 0
 0
 0
 0
 0.02347387253102234
 0
 0
 0
 0.02347387253102234
 0.02347387253102234
 0
 0
 0
 0
 0.02347387253102234
 0
 0
 0
 0.02347387253102234
 0
 0
 0
 0
 0
 0.02347387253102234
 0
 0
 0
 0
 0
 0
 0
 0
 0
 0.02347387253102234
 0
 0
 0
