# Created by Octave 3.2.4, Thu Feb 07 03:46:25 2013 EST <rbom@zaphod>
# name: small_First_Fit
# type: matrix
# ndims: 3
 1 10 30
 2.631682148998756e-15
 6.569258894877939e-12
 6.687848289328606e-13
 1.040488820461567e-15
 1.904443943534499e-13
 9.486687994426115e-15
 2.984101430318663e-09
 3.376572062106054e-10
 8.538741382539181e-12
 1.637038475956635e-13
 1.749199759321595e-12
 2.580417888499178e-08
 6.872819066120715e-11
 5.869136448746366e-13
 2.954603604045924e-11
 4.071287489409467e-13
 2.984101430318663e-09
 2.412979541106098e-08
 8.850195062874245e-07
 2.357440474565586e-10
 5.772831389381782e-10
 2.580417888499178e-08
 6.872819066120715e-11
 6.959658750327966e-11
 1.794781174862211e-09
 4.071287489409467e-13
 6.731930047912025e-08
 1.031087405759048e-07
 8.850195062874245e-07
 2.477420520078142e-09
 4.149415105270055e-07
 2.580417888499178e-08
 2.574663833691216e-08
 1.068496812452063e-06
 2.465923749047157e-08
 1.443658945495902e-12
 6.731930047912025e-08
 2.217240761491633e-07
 8.850195062874245e-07
 2.477420520078142e-09
 1.511271692490326e-06
 2.580417888499178e-08
 2.889958890884038e-07
 1.602882289203662e-05
 4.143870681125119e-08
 2.486478468944961e-08
 3.305565233996913e-06
 2.217240761491633e-07
 0.0002275122423190882
 1.333946222537436e-07
 1.511271692490326e-06
 2.48120674470648e-07
 2.889958890884038e-07
 1.602882289203662e-05
 1.057292694013787e-07
 1.606602084663617e-05
 3.305565233996913e-06
 2.224905104524402e-05
 0.0002275122423190882
 1.333946222537436e-07
 1.511271692490326e-06
 1.748744672141412e-06
 2.889958890884038e-07
 1.602882289203662e-05
 5.689095264982464e-07
 0.0005896906328376058
 3.305565233996913e-06
 9.472528609734347e-05
 0.001464976797922871
 1.333946222537436e-07
 1.997213792003764e-05
 1.748744672141412e-06
 2.889958890884038e-07
 1.602882289203662e-05
 0.0001423216544776258
 0.0005896906328376058
 0.0001615259231421816
 2.224905104524402e-05
 0.001464976797922871
 6.640535578150828e-07
 1.997213792003764e-05
 2.583355993500166e-05
 2.889958890884038e-07
 0.002287095116807733
 0.001650945380743061
 0.0005896906328376058
 0.0001615259231421816
 2.224905104524402e-05
 0.001464976797922871
 6.640535578150828e-07
 0.001032294514401542
 9.639421893010453e-05
 3.18125200206829e-05
 0.002287095116807733
 0.001650945380743061
 0.0005896906328376058
 0.0001615259231421816
 2.224905104524402e-05
 0.001464976797922871
 6.640535578150828e-07
 0.001032294514401542
 9.639421893010453e-05
 0.000108078602261509
 0.01044688313493162
 0.001650945380743061
 0.0005896906328376058
 0.00378896622246814
 2.224905104524402e-05
 0.001464976797922871
 6.640535578150828e-07
 0.001032294514401542
 9.639421893010453e-05
 0.01044688313493162
 0.002287095116807733
 0.001650945380743061
 0.0005896906328376058
 0.00378896622246814
 2.224905104524402e-05
 0.001464976797922871
 6.640535578150828e-07
 0.001032294514401542
 0.0001407184039136243
 0.01044688313493162
 0.002287095116807733
 0.06939411558869134
 0.004531339592138824
 0.00378896622246814
 2.224905104524402e-05
 0.01044688313493162
 6.640535578150828e-07
 0.001032294514401542
 0.0001407184039136243
 0.01044688313493162
 0.002287095116807733
 0.06939411558869134
 0.004597678025837049
 0.006370012904992966
 0
 0.01733334472847111
 1.379507699680992e-06
 0.001032294514401542
 9.639421893010453e-05
 0.01044688313493162
 0.01044688313493162
 0.06939411558869134
 0.004597678025837049
 0.006370012904992966
 0
 0.01733334472847111
 1.379507699680992e-06
 0.001032294514401542
 0.0001407184039136243
 0.01733334472847111
 0.01044688313493162
 0.06939411558869134
 0.004597678025837049
 0.00378896622246814
 0
 0.01733334472847111
 2.973140518717334e-06
 0
 9.639421893010453e-05
 0.01733334472847111
 0.01044688313493162
 0.06939411558869134
 0.004531339592138824
 0.006370012904992966
 0
 0.01733334472847111
 2.973140518717334e-06
 0
 9.639421893010453e-05
 0.01733334472847111
 0.01044688313493162
 0.06939411558869134
 0.004531339592138824
 0.006370012904992966
 0
 0.01733334472847111
 2.973140518717334e-06
 0
 9.639421893010453e-05
 0.01733334472847111
 0.01044688313493162
 0.06939411558869134
 0.004531339592138824
 0.006370012904992966
 0
 0.01733334472847111
 2.973140518717334e-06
 0
 9.639421893010453e-05
 0.01733334472847111
 0.01733334472847111
 0
 0.004531339592138824
 0.01044688313493162
 0
 0.01733334472847111
 2.973140518717334e-06
 0
 9.639421893010453e-05
 0.06939411558869134
 0.01044688313493162
 0
 0
 0.01044688313493162
 0
 0
 0.0002831949086013308
 0
 9.639421893010453e-05
 0.06939411558869134
 0.01044688313493162
 0
 0
 0.01044688313493162
 0
 0
 0.001380633141067505
 0
 0
 0.06939411558869134
 0.01044688313493162
 0
 0
 0.01733334472847111
 0
 0
 0.001380633141067505
 0
 0
 0.06939411558869134
 0.01044688313493162
 0
 0
 0.01733334472847111
 0
 0
 0.001380633141067505
 0
 0
 0.06939411558869134
 0.01044688313493162
 0
 0
 0.06939411558869134
 0
 0
 0.006370012904992966
 0
 0
 0.06939411558869134
 0.01044688313493162
 0
 0
 0.06939411558869134
 0
 0
 0.006370012904992966
 0
 0
 0.06939411558869134
 0
 0
 0
 0.06939411558869134
 0
 0
 0.06939411558869134
 0
 0
 0
 0
 0
 0
 0.06939411558869134
 0
 0
 0.06939411558869134
 0
 0
 0
 0
 0
 0
 0.06939411558869134
 0
 0
 0.06939411558869134
 0
 0
 0
 0
 0
 0
 0.06939411558869134
 0
 0
 0.06939411558869134
