# Created by Octave 3.2.4, Wed Feb 06 14:53:53 2013 EST <rbom@zaphod>
# name: small_First_Fit
# type: matrix
# ndims: 3
 1 10 30
 1.101646144854448e-12
 1.077622448961076e-12
 1.85525576315037e-12
 5.502017367851356e-14
 2.430179990417406e-11
 5.573050740909141e-11
 9.424705581849435e-11
 1.803499733045376e-11
 2.917149428840816e-12
 1.959182881833917e-12
 4.480471561336998e-07
 1.097571949487946e-10
 2.669741748945265e-09
 7.700843929333882e-10
 4.956900624338078e-08
 1.969958755564675e-07
 2.058812298900829e-09
 2.413879997170127e-09
 3.38097853519172e-09
 5.489041972700116e-11
 1.100498277322382e-05
 1.91756204816695e-09
 6.54048634276672e-07
 7.700843929333882e-10
 1.279314009048664e-05
 1.969958755564675e-07
 1.680281652542198e-08
 1.759734818314003e-07
 4.506690560043568e-06
 5.179309815311555e-10
 0.00100669764241842
 6.748492532350283e-07
 6.54048634276672e-07
 9.02851401276503e-08
 0.0003619570773027998
 1.969958755564675e-07
 2.637836483309162e-06
 7.220260534430704e-05
 4.506690560043568e-06
 5.179309815311555e-10
 0.005302321721861906
 4.675081123978264e-05
 7.433887618818823e-05
 9.02851401276503e-08
 0.001553438606559633
 5.787632807786565e-06
 1.418072295958597e-05
 7.220260534430704e-05
 4.506690560043568e-06
 6.532686559654214e-08
 0.01344171912501798
 8.287941338613488e-05
 7.433887618818823e-05
 1.041464543977161e-06
 0.001553438606559633
 6.399821801949212e-06
 0.0003708205691842198
 9.660406204033497e-05
 4.506690560043568e-06
 1.014545292828002e-06
 0.02841875073531987
 8.287941338613488e-05
 0.01013774819848842
 1.041464543977161e-06
 0.001202306689241044
 6.399821801949212e-06
 0.001766489939781783
 9.660406204033497e-05
 0.0005437035642176823
 2.652345812843781e-06
 0.02841875073531987
 0.0007655423473348564
 8.696479421018667e-05
 1.961283763863678e-05
 0.001553438606559633
 5.787632807786565e-06
 0.0003708205691842198
 9.660406204033497e-05
 0.0005437035642176823
 1.014545292828002e-06
 0.02841875073531987
 0.0007655423473348564
 7.433887618818823e-05
 1.961283763863678e-05
 0.001553438606559633
 5.787632807786565e-06
 0.0003708205691842198
 0.002291056436867708
 0.0146478006844469
 1.014545292828002e-06
 0.02841875073531987
 0.0007655423473348564
 0.0002894731112887886
 0.0004631157805035971
 0.02668976390898809
 5.787632807786565e-06
 0.0003708205691842198
 0.002291056436867708
 0.0146478006844469
 1.014545292828002e-06
 0.02841875073531987
 0.001016829154399276
 0.0002894731112887886
 0.0004631157805035971
 0.02668976390898809
 5.787632807786565e-06
 0.0003708205691842198
 0.002291056436867708
 0.0146478006844469
 0.0001194702304949482
 0.02841875073531987
 0.001016829154399276
 0.0002894731112887886
 0.01013774819848842
 0.02668976390898809
 8.287941338613488e-05
 0.0003708205691842198
 0.002291056436867708
 0.02841875073531987
 0.0001194702304949482
 0.02841875073531987
 0.001653868366064657
 0.0002894731112887886
 0.01013774819848842
 0.02668976390898809
 8.287941338613488e-05
 0.0003708205691842198
 0.002291056436867708
 0.0146478006844469
 0.0001194702304949482
 0
 0.0007655423473348564
 0.0002894731112887886
 0.01013774819848842
 0.02668976390898809
 8.287941338613488e-05
 0
 0.004908944418370917
 0.02841875073531987
 0.0001194702304949482
 0
 0.001016829154399276
 0.0002894731112887886
 0.02841875073531987
 0.02668976390898809
 0.001995996228350573
 0
 0.004908944418370917
 0.02841875073531987
 0.0001194702304949482
 0
 0.0007655423473348564
 0.0002894731112887886
 0.01013774819848842
 0.02668976390898809
 0.001995996228350573
 0
 0.004908944418370917
 0.02841875073531987
 0.0001194702304949482
 0
 0.001653868366064657
 0
 0.01013774819848842
 0
 0.001995996228350573
 0
 0.0146478006844469
 0.02841875073531987
 0.0001194702304949482
 0
 0.001653868366064657
 0
 0.01013774819848842
 0
 0.002022456212104637
 0
 0.02841875073531987
 0.02841875073531987
 0
 0
 0.001653868366064657
 0
 0.02841875073531987
 0
 0.001995996228350573
 0
 0.02841875073531987
 0.02841875073531987
 0
 0
 0.001653868366064657
 0
 0.02841875073531987
 0
 0.001995996228350573
 0
 0.02841875073531987
 0.02841875073531987
 0
 0
 0.001995996228350573
 0
 0.02841875073531987
 0
 0.001995996228350573
 0
 0.02841875073531987
 0
 0
 0
 0.001653868366064657
 0
 0.02841875073531987
 0
 0.001995996228350573
 0
 0.02841875073531987
 0
 0
 0
 0.001653868366064657
 0
 0.02841875073531987
 0
 0.001995996228350573
 0
 0.02841875073531987
 0
 0
 0
 0.02668976390898809
 0
 0.02841875073531987
 0
 0.001995996228350573
 0
 0.02841875073531987
 0
 0
 0
 0.02668976390898809
 0
 0.02841875073531987
 0
 0
 0
 0
 0
 0
 0
 0.02668976390898809
 0
 0
 0
 0
 0
 0
 0
 0
 0
 0.02841875073531987
 0
 0
 0
 0
 0
 0
 0
 0
 0
 0.02841875073531987
 0
 0
 0
 0
 0
 0
 0
 0
 0
 0.02841875073531987
 0
 0
 0
 0
 0
 0
 0
 0
 0
 0.02668976390898809
 0
 0
 0
 0
 0
 0
 0
 0
