# Created by Octave 3.2.4, Tue Feb 05 10:37:00 2013 EST <rbom@zaphod>
# name: small_First_Fit
# type: matrix
# ndims: 3
 1 10 30
 8.234891052723096e-08
 3.341755203317944e-08
 1.358782345692153e-12
 4.520318489093783e-09
 2.813651169983308e-09
 3.413310760705313e-07
 2.064799200820676e-09
 1.180994313134649e-09
 8.488149186062792e-10
 4.690061383774898e-09
 1.099625567415969e-05
 3.861730822372298e-05
 4.133193189221419e-09
 8.135182024888302e-06
 6.947944338558279e-09
 9.594827174422909e-06
 7.295076999766284e-08
 3.167490901021618e-07
 1.699749958335433e-07
 1.561763863892101e-06
 2.087894801336666e-05
 3.861730822372298e-05
 5.664906406354025e-06
 8.136555215099206e-05
 8.712665958643387e-09
 7.573767208734184e-05
 1.678969300211181e-05
 2.329502666672546e-05
 3.076455920386189e-07
 4.170562819532036e-05
 2.087894801336666e-05
 3.861730822372298e-05
 0.0001538672086704099
 0.0002466316808986669
 8.370185391641799e-07
 0.0001264312415268042
 0.001486347658714875
 0.0005489114559264217
 4.317611716148253e-07
 4.170562819532036e-05
 1.10446349752692e-05
 0.0002896575018330934
 0.001408083665150285
 0.002182947959471344
 1.648164842161072e-06
 7.573767208734184e-05
 0.002570201882092336
 0.0005489114559264217
 1.453122862701273e-06
 0.0002849270340489849
 1.10446349752692e-05
 0.0002896575018330934
 0.00344496246219164
 0.01182674854172919
 4.653599489123709e-06
 0.0004984037925050869
 0.005439691275258517
 0.0005489114559264217
 1.453122862701273e-06
 0.0002849270340489849
 2.087894801336666e-05
 0.0006152937288145402
 0.00344496246219164
 0.01182674854172919
 1.115303637681152e-05
 0.0004984037925050869
 0.005439691275258517
 0.001562848348932382
 3.5994742547589e-05
 0.007453430110388446
 2.087894801336666e-05
 0.0002896575018330934
 0.00344496246219164
 0.009071446826112611
 0.0001869272183942065
 0.0004984037925050869
 0.005439691275258517
 0.0005489114559264217
 3.5994742547589e-05
 0.007453430110388446
 2.087894801336666e-05
 0.005816689410243583
 0.01172707077537255
 0.009071446826112611
 0.001571925559568809
 0.0008540398192787567
 0.005439691275258517
 0.0007187009151157503
 3.5994742547589e-05
 0.007453430110388446
 0.01047922147720127
 0.005816689410243583
 0.01172707077537255
 0.009071446826112611
 0.002526569188518495
 0.005338343516524706
 0.007141351667863545
 0.0007187009151157503
 4.588300433050231e-05
 0.01536231719247164
 0.01047922147720127
 0.005816689410243583
 0.02464972811624117
 0.009071446826112611
 0.002526569188518495
 0.005338343516524706
 0.007141351667863545
 0.002182947959471344
 4.588300433050231e-05
 0.01536231719247164
 0.01047922147720127
 0.005816689410243583
 0.02464972811624117
 0.009071446826112611
 0.002526569188518495
 0.005338343516524706
 0.01565447546593301
 0.002182947959471344
 0.0008680729180114353
 0.01485152405780445
 0.01047922147720127
 0.006415152433442229
 0.02464972811624117
 0
 0.002526569188518495
 0.006238638109950381
 0.01565447546593301
 0.008421356345816432
 0.0008680729180114353
 0.01485152405780445
 0.01047922147720127
 0.005816689410243583
 0.02464972811624117
 0
 0.002526569188518495
 0.005897019091893952
 0.01565447546593301
 0.008421356345816432
 0.005439691275258517
 0.01485152405780445
 0.01047922147720127
 0.005816689410243583
 0.02464972811624117
 0
 0.002526569188518495
 0.005897019091893952
 0.01565447546593301
 0.01420803262926886
 0.01565447546593301
 0.01485152405780445
 0.01047922147720127
 0.005816689410243583
 0.02464972811624117
 0
 0.002526569188518495
 0.005523109182311302
 0.01565447546593301
 0.01420803262926886
 0.007001297894222398
 0.01536231719247164
 0
 0.005816689410243583
 0.02464972811624117
 0
 0
 0.005897019091893952
 0.01565447546593301
 0.008421356345816432
 0.007001297894222398
 0.01536231719247164
 0
 0.005816689410243583
 0
 0
 0
 0.006238638109950381
 0.01565447546593301
 0.01420803262926886
 0.01565447546593301
 0.02316887757054921
 0
 0.01182674854172919
 0
 0
 0
 0.006238638109950381
 0
 0.01420803262926886
 0.01565447546593301
 0.01485152405780445
 0
 0.01182674854172919
 0
 0
 0
 0.006238638109950381
 0
 0.01420803262926886
 0.01565447546593301
 0.01485152405780445
 0
 0.01182674854172919
 0
 0
 0
 0.006238638109950381
 0
 0.008421356345816432
 0.01565447546593301
 0.02316887757054921
 0
 0.01182674854172919
 0
 0
 0
 0.006238638109950381
 0
 0.01420803262926886
 0.01565447546593301
 0.01485152405780445
 0
 0.01182674854172919
 0
 0
 0
 0.006238638109950381
 0
 0.01420803262926886
 0.01565447546593301
 0.01485152405780445
 0
 0.01427153947128437
 0
 0
 0
 0.01047922147720127
 0
 0.01420803262926886
 0.01565447546593301
 0.02316887757054921
 0
 0.01485152405780445
 0
 0
 0
 0.01047922147720127
 0
 0.01420803262926886
 0
 0.02316887757054921
 0
 0.01427153947128437
 0
 0
 0
 0.01047922147720127
 0
 0.01420803262926886
 0
 0.02316887757054921
 0
 0.01427153947128437
 0
 0
 0
 0.01047922147720127
 0
 0.01420803262926886
 0
 0.02316887757054921
 0
 0.01427153947128437
 0
 0
 0
 0.01047922147720127
 0
 0.01420803262926886
 0
 0.02316887757054921
 0
 0.01485152405780445
 0
 0
 0
 0.01047922147720127
 0
 0
 0
 0.02316887757054921
 0
 0.01485152405780445
 0
 0
 0
 0.01047922147720127
 0
 0
 0
 0.02316887757054921
