# Created by Octave 3.2.4, Mon Feb 04 10:19:20 2013 EST <rbom@zaphod>
# name: small_First_Fit
# type: matrix
# ndims: 3
 1 10 30
 3.7442710539369e-07
 1.589511722362771e-12
 9.396261265560088e-08
 2.504546270155848e-09
 3.646282288911676e-10
 2.574364743309503e-13
 3.435046640430836e-06
 3.534361530728697e-07
 1.443334085199414e-09
 3.962205003535454e-10
 2.418634942839589e-06
 3.210339966161052e-08
 5.044516432899168e-06
 1.869656030267267e-06
 8.682434312559238e-09
 2.040972062690937e-11
 3.435046640430836e-06
 3.534361530728697e-07
 1.443334085199414e-09
 8.783518050583025e-08
 3.128009179389085e-05
 6.351131484026026e-07
 0.0003653890840770619
 0.000204325605194138
 9.716571146023199e-09
 2.333757833286654e-10
 0.0001096907636158693
 2.785319126686186e-06
 2.564269586213521e-07
 2.475076682449764e-06
 0.0004893341034478604
 1.433695850684166e-05
 0.009113592361406233
 0.0004265583510605138
 0.0002643902942454961
 8.049899830648662e-08
 0.0002501520791013689
 2.785319126686186e-06
 7.697233513519926e-07
 4.744010526096971e-06
 0.002774209668995223
 0.0005125936837670561
 0.009113592361406233
 0.002088008038405256
 0.001159049530226893
 1.324901453690213e-06
 0.006237125695195943
 2.785319126686186e-06
 7.697233513519926e-07
 6.813275885053318e-06
 0.002774209668995223
 0.0005125936837670561
 0.0124455109276021
 0.002088008038405256
 0.0007814348762338381
 1.324901453690213e-06
 0.0606602885466876
 6.020122709301674e-06
 7.415829023291381e-06
 4.149420276898057e-05
 0.002774209668995223
 0.0005125936837670561
 0.0124455109276021
 0.007025724476795253
 0.001240975080339227
 1.324901453690213e-06
 0.0606602885466876
 0.0001909232948591471
 7.415829023291381e-06
 4.149420276898057e-05
 0.002774209668995223
 0.009900576390665097
 0.01834124520114136
 0.005226010146720934
 0.0007814348762338381
 2.475303432493951e-05
 0.0606602885466876
 0.0001909232948591471
 2.194145751899519e-05
 0.0004197805151228152
 0.002774209668995223
 0.009900576390665097
 0.01834124520114136
 0.005226010146720934
 0.0007814348762338381
 2.475303432493951e-05
 0.0606602885466876
 0.0001909232948591471
 0.0009636761053421712
 0.007012159256252691
 0.002774209668995223
 0.009900576390665097
 0.01834124520114136
 0.004891657749780422
 0.001240975080339227
 0.002088008038405256
 0.0606602885466876
 0.0002411805164155389
 0.01123662034235792
 0.04004903578266301
 0.002774209668995223
 0.009900576390665097
 0.01834124520114136
 0.005226010146720934
 0.0007814348762338381
 0.004891657749780422
 0.0606602885466876
 0.0002411805164155389
 0.01123662034235792
 0.05786565797265645
 0.006584910629360764
 0.009900576390665097
 0.01834124520114136
 0.007025724476795253
 0.0007814348762338381
 0.007025724476795253
 0.0606602885466876
 0.0002411805164155389
 0.04113538665074456
 0.04004903578266301
 0.006584910629360764
 0.009900576390665097
 0.02450338348954903
 0.007025724476795253
 0.003267020404984273
 0.005226010146720934
 0.0606602885466876
 0.001798107145439138
 0.04113538665074456
 0.05046488683208163
 0.006584910629360764
 0.009900576390665097
 0.02450338348954903
 0.007025724476795253
 0.003267020404984273
 0.005226010146720934
 0.0606602885466876
 0.001992016786755517
 0.04113538665074456
 0.05046488683208163
 0.006584910629360764
 0.009900576390665097
 0.02450338348954903
 0.007025724476795253
 0.003267020404984273
 0.008961796323763356
 0.0606602885466876
 0.0124455109276021
 0.04113538665074456
 0.05046488683208163
 0.006584910629360764
 0.009900576390665097
 0.02450338348954903
 0.007025724476795253
 0.02523063915283156
 0.008961796323763356
 0.0606602885466876
 0.0124455109276021
 0.04113538665074456
 0.05046488683208163
 0.006584910629360764
 0.009900576390665097
 0.02450338348954903
 0.007025724476795253
 0.02523063915283156
 0.008961796323763356
 0.0606602885466876
 0.0124455109276021
 0.0606602885466876
 0.05046488683208163
 0.006584910629360764
 0.009900576390665097
 0.02450338348954903
 0.007655317591885542
 0.02523063915283156
 0.008961796323763356
 0.0606602885466876
 0.05786565797265645
 0.0606602885466876
 0.05046488683208163
 0.006584910629360764
 0.009900576390665097
 0.02450338348954903
 0.008961796323763356
 0.02523063915283156
 0.02076935276750323
 0.0606602885466876
 0.05786565797265645
 0.0606602885466876
 0.05046488683208163
 0.006584910629360764
 0.009900576390665097
 0.02450338348954903
 0.007025724476795253
 0.02523063915283156
 0.02076935276750323
 0.0606602885466876
 0.05786565797265645
 0.0606602885466876
 0.05046488683208163
 0.006584910629360764
 0.009900576390665097
 0.01834124520114136
 0.007025724476795253
 0.02523063915283156
 0.02076935276750323
 0.0606602885466876
 0.05786565797265645
 0.0606602885466876
 0.05046488683208163
 0.006584910629360764
 0.009900576390665097
 0.01834124520114136
 0.02271217282287685
 0.02523063915283156
 0.02076935276750323
 0.0606602885466876
 0.05786565797265645
 0.0606602885466876
 0.05046488683208163
 0.006584910629360764
 0.009900576390665097
 0.01834124520114136
 0.02271217282287685
 0.02523063915283156
 0.02076935276750323
 0.0606602885466876
 0.05786565797265645
 0.0606602885466876
 0.05046488683208163
 0.006584910629360764
 0.009900576390665097
 0.01834124520114136
 0.007655317591885542
 0.02523063915283156
 0.02076935276750323
 0.0606602885466876
 0.05786565797265645
 0.0606602885466876
 0.05046488683208163
 0.006584910629360764
 0.009900576390665097
 0.01834124520114136
 0.007655317591885542
 0.02523063915283156
 0.02243449376459429
 0.0606602885466876
 0.05786565797265645
 0.0606602885466876
 0.05046488683208163
 0.006584910629360764
 0.009900576390665097
 0.01834124520114136
 0.008667410450186956
 0.02523063915283156
 0.02076935276750323
 0.0606602885466876
 0.05786565797265645
 0.0606602885466876
 0.05046488683208163
 0.006584910629360764
 0.009900576390665097
 0.01834124520114136
 0.007460629894362657
 0.02523063915283156
 0.02243449376459429
 0.0606602885466876
 0.05786565797265645
 0.0606602885466876
 0.05046488683208163
 0.06061488515133218
 0.009900576390665097
 0.01834124520114136
 0.007025724476795253
 0.02523063915283156
 0.02243449376459429
 0.0606602885466876
 0.05786565797265645
 0.06061488515133218
 0.05046488683208163
 0.06061488515133218
 0.009900576390665097
 0.01834124520114136
 0.008667410450186956
 0.02523063915283156
 0.02243449376459429
 0.0606602885466876
 0.05786565797265645
 0.0606602885466876
 0.05046488683208163
 0.06061488515133218
 0.009900576390665097
 0.01834124520114136
 0.008667410450186956
 0.02523063915283156
 0.02243449376459429
 0.0606602885466876
 0.05786565797265645
 0.0606602885466876
 0.05046488683208163
