# Created by Octave 3.2.4, Thu Feb 07 07:14:09 2013 EST <rbom@zaphod>
# name: small_First_Fit
# type: matrix
# ndims: 3
 1 10 30
 8.944086006845389e-10
 2.591422542672617e-10
 3.024526787078531e-06
 3.074918684287855e-10
 1.457405401253397e-10
 1.519292384322522e-07
 6.544857901790756e-08
 6.39709475398838e-11
 8.639647972459204e-11
 2.928547270743764e-08
 9.628935122750332e-08
 4.825615392105819e-09
 2.243862699071285e-05
 7.863175828929991e-09
 1.313003331866862e-05
 3.4437729385922e-06
 4.483577619664581e-06
 2.534036867612987e-09
 1.720354257332346e-09
 2.928547270743764e-08
 3.665808139564974e-07
 6.134598328987169e-07
 2.446449765738204e-05
 2.306119198620554e-07
 0.0007337223551483085
 3.4437729385922e-06
 4.483577619664581e-06
 9.663377916896107e-08
 3.252674497297161e-08
 1.119157379059521e-06
 6.897411980287481e-06
 2.89501807380134e-05
 2.446449765738204e-05
 7.183582346801214e-07
 0.0007337223551483085
 4.783756546753114e-05
 4.121079569878913e-05
 7.93437325348038e-07
 3.252674497297161e-08
 1.014658710909199e-05
 5.478021890790128e-05
 0.002219455128548388
 4.173399852002874e-05
 0.0004542959506784183
 0.008720504535762745
 0.0002595840906805994
 0.0001754606290686662
 3.233262214431668e-06
 8.189440004006445e-07
 0.000355799291460239
 0.0001886017565575389
 0.008720504535762745
 6.207559833715385e-05
 0.0004542959506784183
 0.008720504535762745
 0.0002595840906805994
 0.00126313263889577
 2.654454680868875e-05
 1.446173813161303e-05
 0.000355799291460239
 0.0001886017565575389
 0.01681918391496933
 0.0001159780303778332
 0.001041391480014
 0.02917184858076467
 0.0007047830949412519
 0.00126313263889577
 0.0004340604790320324
 1.446173813161303e-05
 0.005611355556208973
 0.0003625014681740721
 0.01681918391496933
 0.0003773022417390001
 0.001041391480014
 0.02917184858076467
 0.003237321113837179
 0.00126313263889577
 0.0004340604790320324
 0.0001524195440517544
 0.005611355556208973
 0.0003625014681740721
 0.02917184858076467
 0.0003773022417390001
 0.001041391480014
 0.02917184858076467
 0.003237321113837179
 0.00126313263889577
 0.00388047067732553
 0.0001083615411969439
 0.07792811071667319
 0.0007935299811948911
 0.03530884150277089
 0.00110482847299092
 0.001041391480014
 0.02917184858076467
 0.004524348095802343
 0.00126313263889577
 0.01600104754780153
 0.0001083615411969439
 0.07792811071667319
 0.0007935299811948911
 0.03530884150277089
 0.00110482847299092
 0.001041391480014
 0.02917184858076467
 0.004524348095802343
 0.00126313263889577
 0.01600104754780153
 0.0004588111715014858
 0.07792811071667319
 0.002674697320433802
 0.03530884150277089
 0.00110482847299092
 0.006853819604123926
 0.02917184858076467
 0.004524348095802343
 0.001545721673068598
 0.01600104754780153
 0.0005098079517232304
 0.07792811071667319
 0.002674697320433802
 0.03530884150277089
 0.001572579256671
 0.02884420907839837
 0.07792811071667319
 0.004524348095802343
 0.0105029779915989
 0.01600104754780153
 0.0005098079517232304
 0.07792811071667319
 0.02128179199071842
 0.03530884150277089
 0.001572579256671
 0.02884420907839837
 0.07792811071667319
 0.004524348095802343
 0.0105029779915989
 0.01600104754780153
 0.003313724126426524
 0.07792811071667319
 0.002674697320433802
 0.07792811071667319
 0.002448315891221787
 0.02884420907839837
 0.07792811071667319
 0.02128179199071842
 0.0105029779915989
 0.01600104754780153
 0.003519543066789135
 0.07792811071667319
 0.02128179199071842
 0.07792811071667319
 0.002448315891221787
 0.02884420907839837
 0.07792811071667319
 0.004524348095802343
 0.0105029779915989
 0.01600104754780153
 0.003313724126426524
 0
 0.02128179199071842
 0.03530884150277089
 0.002448315891221787
 0.02917184858076467
 0.07792811071667319
 0.004524348095802343
 0.02867916962133267
 0
 0.003313724126426524
 0
 0.02128179199071842
 0.07792811071667319
 0.002448315891221787
 0.02917184858076467
 0.07792811071667319
 0.004524348095802343
 0.02867916962133267
 0
 0.003313724126426524
 0
 0.02128179199071842
 0.07792811071667319
 0.002448315891221787
 0.02884420907839837
 0.07792811071667319
 0.004524348095802343
 0.02867916962133267
 0
 0.003519543066789135
 0
 0.02128179199071842
 0.07792811071667319
 0.002448315891221787
 0.02917184858076467
 0
 0.004524348095802343
 0.02867916962133267
 0
 0.003313724126426524
 0
 0.02917184858076467
 0.07792811071667319
 0.002448315891221787
 0.02917184858076467
 0
 0.004524348095802343
 0.02917184858076467
 0
 0.003313724126426524
 0
 0.02128179199071842
 0.07792811071667319
 0
 0.02917184858076467
 0
 0
 0.02917184858076467
 0
 0.003519543066789135
 0
 0.02917184858076467
 0.07792811071667319
 0
 0.02917184858076467
 0
 0
 0.02867916962133267
 0
 0.003519543066789135
 0
 0.02917184858076467
 0.07792811071667319
 0
 0.02917184858076467
 0
 0
 0.02867916962133267
 0
 0.003519543066789135
 0
 0.02917184858076467
 0
 0
 0.02917184858076467
 0
 0
 0.03156659914204226
 0
 0.003519543066789135
 0
 0.02128179199071842
 0
 0
 0.03530884150277089
 0
 0
 0.03156659914204226
 0
 0.003519543066789135
 0
 0.02128179199071842
 0
 0
 0.02917184858076467
 0
 0
 0.03156659914204226
 0
 0.003519543066789135
 0
 0.02917184858076467
 0
 0
 0.02917184858076467
 0
 0
 0.02917184858076467
 0
 0.003519543066789135
 0
 0.02917184858076467
 0
 0
 0.02917184858076467
 0
 0
 0.02867916962133267
 0
 0
 0
 0.02917184858076467
 0
 0
 0.02917184858076467
 0
 0
 0.02867916962133267
 0
 0
 0
