# Created by Octave 3.2.4, Wed Feb 06 18:00:04 2013 EST <rbom@zaphod>
# name: small_First_Fit
# type: matrix
# ndims: 3
 1 10 30
 2.525923468484685e-07
 3.074687467007534e-11
 1.263616319164034e-10
 4.86844129565718e-13
 1.624063103380613e-09
 1.074662835401644e-10
 2.796106962173501e-08
 3.077334920933667e-11
 9.319399675685477e-12
 4.608815612202923e-09
 4.088591686154683e-07
 2.232553429109119e-05
 8.433042558400585e-09
 8.531332367856383e-10
 8.120154313850578e-08
 1.080819533254184e-08
 2.612475771249778e-07
 8.86925482574421e-09
 5.069782205248055e-10
 4.872674044716013e-06
 1.468726343731302e-05
 0.0007431158551644238
 4.979200900771167e-08
 1.590171658874131e-08
 8.065503347795211e-07
 1.080819533254184e-08
 2.612475771249778e-07
 1.690289598831065e-07
 2.831776444609294e-09
 5.607457773785057e-05
 1.468726343731302e-05
 0.0007431158551644238
 1.5182434981502e-07
 4.828622944095346e-07
 2.912255085016073e-06
 1.080819533254184e-08
 2.612475771249778e-07
 3.357835126127852e-07
 1.326395568623253e-07
 4.872674044716013e-06
 1.468726343731302e-05
 0.0007431158551644238
 1.5182434981502e-07
 4.828622944095346e-07
 1.165892846874668e-05
 3.751955861522162e-07
 1.286048552857443e-05
 2.627337932443721e-06
 4.628491043945124e-06
 4.872674044716013e-06
 1.468726343731302e-05
 0.0007431158551644238
 4.979200900771167e-08
 4.828622944095346e-07
 0.0001464791634855879
 8.216879211173977e-07
 1.286048552857443e-05
 2.627337932443721e-06
 4.628491043945124e-06
 4.872674044716013e-06
 1.468726343731302e-05
 0.0007431158551644238
 8.559328039783306e-07
 4.828622944095346e-07
 0.0001464791634855879
 4.504162289836693e-05
 1.286048552857443e-05
 7.665875239403713e-05
 3.819612647007117e-05
 4.872674044716013e-06
 1.95860662151541e-05
 0.001282881345312549
 8.559328039783306e-07
 9.640987966843483e-07
 0.0002518373158116884
 4.504162289836693e-05
 1.286048552857443e-05
 0.0007751070657738551
 4.138466005014329e-05
 4.872674044716013e-06
 5.28463246350059e-05
 0.0007431158551644238
 2.32371459157094e-05
 9.640987966843483e-07
 0.0001464791634855879
 0.0003734906976609542
 0.0001079909036460999
 0.0007751070657738551
 0.0007048269825556979
 0.0002350842187482659
 7.697350073566074e-05
 0.0007431158551644238
 0.0001148748867867707
 6.159014267782845e-06
 0.0001464791634855879
 0.0003936215415412056
 0.0001079909036460999
 0.0007751070657738551
 0.0007048269825556979
 0.0002350842187482659
 0.0003769730403782209
 0.0007431158551644238
 0.0002663667854823183
 6.159014267782845e-06
 0.0002518373158116884
 0.0003936215415412056
 0.000981160863920038
 0.001927083428835604
 0.003827727030962905
 0.0005996980995997688
 0.00556260438189947
 0.0007431158551644238
 0.0002663667854823183
 6.159014267782845e-06
 0.0002518373158116884
 0.003827727030962905
 0.0001079909036460999
 0.001927083428835604
 0.003827727030962905
 0.0005996980995997688
 0.00556260438189947
 0.001282881345312549
 0.0002663667854823183
 0.0006417994180152584
 0.0002518373158116884
 0.004161315431544837
 0.0001079909036460999
 0.001927083428835604
 0.003827727030962905
 0.0005996980995997688
 0.00556260438189947
 0.0007431158551644238
 0.001267209968890044
 0.0006417994180152584
 0.0002518373158116884
 0.003827727030962905
 0.0001079909036460999
 0.001927083428835604
 0.004161315431544837
 0.0005996980995997688
 0.00556260438189947
 0.0007431158551644238
 0.001282881345312549
 0.0006417994180152584
 0.0002518373158116884
 0.003827727030962905
 0.000981160863920038
 0.003827727030962905
 0.004161315431544837
 0.0005996980995997688
 0.00556260438189947
 0.0007431158551644238
 0.001267209968890044
 0.0006417994180152584
 0.0002518373158116884
 0.003827727030962905
 0.000981160863920038
 0.001927083428835604
 0.004161315431544837
 0.0005996980995997688
 0.00556260438189947
 0.0007431158551644238
 0.001267209968890044
 0.0006417994180152584
 0.0002518373158116884
 0.00556260438189947
 0.000981160863920038
 0.001927083428835604
 0.003827727030962905
 0.0005996980995997688
 0.00556260438189947
 0.0007431158551644238
 0.001267209968890044
 0.0006417994180152584
 0
 0.00556260438189947
 0.000981160863920038
 0.003827727030962905
 0.00556260438189947
 0
 0
 0.001282881345312549
 0.001267209968890044
 0.0006417994180152584
 0
 0.00556260438189947
 0.000981160863920038
 0.003827727030962905
 0.003827727030962905
 0
 0
 0.0007431158551644238
 0.001267209968890044
 0
 0
 0.003827727030962905
 0.000981160863920038
 0.003827727030962905
 0.003827727030962905
 0
 0
 0.004161315431544837
 0.001267209968890044
 0
 0
 0.003827727030962905
 0.000981160863920038
 0.001927083428835604
 0.003827727030962905
 0
 0
 0.004161315431544837
 0
 0
 0
 0.00556260438189947
 0
 0.001927083428835604
 0.00556260438189947
 0
 0
 0.004161315431544837
 0
 0
 0
 0.00556260438189947
 0
 0.001927083428835604
 0.004161315431544837
 0
 0
 0.004161315431544837
 0
 0
 0
 0.00556260438189947
 0
 0.003827727030962905
 0.004161315431544837
 0
 0
 0.004161315431544837
 0
 0
 0
 0.00556260438189947
 0
 0.001927083428835604
 0.004161315431544837
 0
 0
 0.004161315431544837
 0
 0
 0
 0.00556260438189947
 0
 0.001927083428835604
 0.004161315431544837
 0
 0
 0.004161315431544837
 0
 0
 0
 0.00556260438189947
 0
 0.001927083428835604
 0.004161315431544837
 0
 0
 0
 0
 0
 0
 0.00556260438189947
 0
 0.001927083428835604
 0.003827727030962905
 0
 0
 0
 0
 0
 0
 0
 0
 0.001927083428835604
 0
 0
 0
 0
 0
 0
 0
 0
 0
 0.002541448520821179
 0
 0
