# Created by Octave 3.2.4, Wed Feb 06 04:33:15 2013 EST <rbom@zaphod>
# name: small_First_Fit
# type: matrix
# ndims: 3
 1 10 30
 1.728469044258734e-07
 8.33411590475292e-09
 1.08243667502263e-06
 3.25500598646467e-06
 9.557974420393353e-08
 6.776390653023762e-08
 1.603352557570433e-05
 2.73905422716812e-08
 9.109078649453598e-09
 3.18215548234222e-06
 1.728469044258734e-07
 1.062398839064499e-08
 4.014785115169524e-05
 0.003523118867599295
 5.529845959096371e-07
 8.331447583240529e-06
 1.603352557570433e-05
 2.73905422716812e-08
 0.01344318131905507
 3.18215548234222e-06
 2.746198610410135e-07
 7.786252475623373e-06
 1.08243667502263e-06
 0.009383955102521692
 3.794158143182257e-05
 0.0004084178977116192
 1.603352557570433e-05
 4.514761996943354e-07
 0.04381245335587201
 3.18215548234222e-06
 5.294330878797725e-06
 0.0001342266083422644
 0.0004525160499429913
 0.09399696184102979
 3.794158143182257e-05
 0.0007741224368015192
 0.0004437567088880032
 2.993723964627051e-06
 0.04381245335587201
 3.545212375488684e-05
 1.021920241410745e-05
 0.00237622752009121
 0.0005756424625774209
 0.09399696184102979
 0.00105623880021185
 0.0007741224368015192
 0.0004437567088880032
 0.0007435793974123536
 0.04381245335587201
 3.545212375488684e-05
 1.021920241410745e-05
 0.03872459501365052
 0.0009085913207640084
 0.09399696184102979
 0.00105623880021185
 0.03157000414643862
 0.0004437567088880032
 0.0007435793974123536
 0.04381245335587201
 0.001256265337606117
 3.547356959103053e-05
 0.03872459501365052
 0.01665485167219102
 0.09399696184102979
 0.00105623880021185
 0.03157000414643862
 0.00271571522408063
 0.003898875985993644
 0.2011061528114662
 0.001256265337606117
 6.755892653451628e-05
 0.2365794724357734
 0.03378486110258174
 0.09399696184102979
 0.001833021629661783
 0.2011061528114662
 0.00271571522408063
 0.004645653741048692
 0.2011061528114662
 0.1540668669544265
 7.209845062970797e-05
 0.2365794724357734
 0.03378486110258174
 0.09399696184102979
 0.002745906395880298
 0.2011061528114662
 0.00271571522408063
 0.004645653741048692
 0.2011061528114662
 0.3162464462075073
 0.0002679576629700235
 0.2365794724357734
 0.03378486110258174
 0.09399696184102979
 0.002877444064529099
 0.2011061528114662
 0.3162464462075073
 0.0135140957918625
 0.2011061528114662
 0.3162464462075073
 0.0004271943257901462
 0.2365794724357734
 0.03378486110258174
 0
 0.01364392462694796
 0.2011061528114662
 0.3162464462075073
 0.0135140957918625
 0.2011061528114662
 0.3162464462075073
 0.0004271943257901462
 0.2365794724357734
 0.03378486110258174
 0
 0.01364392462694796
 0.2536908487755008
 0.3162464462075073
 0.06163590015929006
 0.2011061528114662
 0.3162464462075073
 0.0004271943257901462
 0.2448297283803945
 0.03378486110258174
 0
 0.1540668669544265
 0.2011061528114662
 0.3162464462075073
 0.0135140957918625
 0.2011061528114662
 0.3162464462075073
 0.0004271943257901462
 0.3162464462075073
 0.03378486110258174
 0
 0.1540668669544265
 0.2011061528114662
 0.3162464462075073
 0.1540668669544265
 0
 0.2448297283803945
 0.0004271943257901462
 0.2822263318178506
 0
 0
 0.2448297283803945
 0.2011061528114662
 0.3162464462075073
 0.1540668669544265
 0
 0.2448297283803945
 0.0005118231783934075
 0.2448297283803945
 0
 0
 0.1540668669544265
 0.2011061528114662
 0.3162464462075073
 0.1540668669544265
 0
 0
 0.0004271943257901462
 0.2448297283803945
 0
 0
 0.1661768311320743
 0.2536908487755008
 0
 0.1540668669544265
 0
 0
 0.0004271943257901462
 0.2448297283803945
 0
 0
 0.1661768311320743
 0.2536908487755008
 0
 0.1540668669544265
 0
 0
 0.3162464462075073
 0.3162464462075073
 0
 0
 0.3162464462075073
 0.2536908487755008
 0
 0.2448297283803945
 0
 0
 0.3162464462075073
 0.2822263318178506
 0
 0
 0.1661768311320743
 0.2536908487755008
 0
 0.1661768311320743
 0
 0
 0.3162464462075073
 0.2822263318178506
 0
 0
 0.2448297283803945
 0.2011061528114662
 0
 0.2448297283803945
 0
 0
 0.3162464462075073
 0.2448297283803945
 0
 0
 0.2448297283803945
 0.2011061528114662
 0
 0.3162464462075073
 0
 0
 0.3162464462075073
 0.2822263318178506
 0
 0
 0.1661768311320743
 0.2011061528114662
 0
 0.3162464462075073
 0
 0
 0.3162464462075073
 0.3162464462075073
 0
 0
 0.2448297283803945
 0
 0
 0.2448297283803945
 0
 0
 0.3162464462075073
 0.3162464462075073
 0
 0
 0.2448297283803945
 0
 0
 0.3162464462075073
 0
 0
 0
 0.3162464462075073
 0
 0
 0.1661768311320743
 0
 0
 0.3162464462075073
 0
 0
 0
 0.3162464462075073
 0
 0
 0.2448297283803945
 0
 0
 0.3162464462075073
 0
 0
 0
 0.3162464462075073
 0
 0
 0.2448297283803945
 0
 0
 0.3162464462075073
 0
 0
 0
 0.3162464462075073
 0
 0
 0.2448297283803945
 0
 0
 0.3162464462075073
 0
 0
 0
 0.3162464462075073
 0
 0
 0.2448297283803945
 0
 0
 0.3162464462075073
 0
 0
