# Created by Octave 3.2.4, Wed Feb 06 07:33:56 2013 EST <rbom@zaphod>
# name: small_First_Fit
# type: matrix
# ndims: 3
 1 10 30
 1.02204160514264e-12
 2.698441716146322e-13
 2.415026884869927e-12
 6.319841536456585e-13
 1.522963452060834e-13
 1.863808740731527e-13
 1.403280716035018e-09
 4.686680687405323e-12
 7.45529959887052e-13
 3.488580675873703e-14
 4.719440616548337e-11
 9.583913610035861e-10
 3.603881049824958e-11
 5.297512984733158e-10
 1.585004620464493e-10
 6.422527810751626e-11
 2.410173402811974e-08
 5.388176876961427e-10
 3.222989886069883e-06
 7.482601216881767e-10
 8.858655584629439e-10
 9.583913610035861e-10
 2.20855766418251e-09
 2.998450291912888e-07
 1.197887980533234e-08
 7.652036379930917e-09
 2.410173402811974e-08
 2.491655707025537e-08
 3.222989886069883e-06
 7.482601216881767e-10
 5.868897318688369e-07
 9.583913610035861e-10
 9.020138646478447e-09
 2.998450291912888e-07
 7.522098927219906e-08
 8.657943817665785e-07
 2.878629843448241e-07
 1.752430606991394e-05
 3.222989886069883e-06
 8.160356221068039e-08
 5.868897318688369e-07
 8.491702737477666e-07
 7.389767539753434e-07
 8.592656703217249e-06
 2.451827995573074e-07
 2.109932330402474e-05
 8.038925630652613e-06
 0.0009655650611448058
 3.222989886069883e-06
 8.160356221068039e-08
 1.104853237869955e-06
 6.504858652164126e-05
 7.389767539753434e-07
 8.592656703217249e-06
 1.277828077223302e-05
 2.109932330402474e-05
 9.435406295836548e-05
 0.0009655650611448058
 3.222989886069883e-06
 3.187329570765737e-05
 5.868897318688369e-07
 0.0007861950173256115
 7.389767539753434e-07
 9.981281132601222e-05
 0.0005696263034479872
 0.001634236979509359
 9.435406295836548e-05
 0.001186629335946583
 9.749651056253583e-06
 0.000622385886584978
 9.512734333755136e-06
 0.0007861950173256115
 7.389767539753434e-07
 0.0004445419164897193
 0.003462174310840325
 0.001634236979509359
 9.435406295836548e-05
 0.0009655650611448058
 3.222989886069883e-06
 0.001235586235571213
 9.512734333755136e-06
 0.0007861950173256115
 7.389767539753434e-07
 0.0004445419164897193
 0.003462174310840325
 0.001634236979509359
 9.435406295836548e-05
 0.009317945255763174
 3.222989886069883e-06
 0.001235586235571213
 9.400664289855069e-05
 0.0007861950173256115
 3.732430444819672e-06
 0.003462174310840325
 0.003462174310840325
 0.001634236979509359
 9.435406295836548e-05
 0.009317945255763174
 7.155994784349459e-06
 0.001235586235571213
 9.400664289855069e-05
 0.0007861950173256115
 0.0002042286985482513
 0.009317945255763174
 0.003462174310840325
 0.001634236979509359
 9.435406295836548e-05
 0.009317945255763174
 3.222989886069883e-06
 0.001235586235571213
 9.400664289855069e-05
 0.0007861950173256115
 0.0002042286985482513
 0.009317945255763174
 0.003462174310840325
 0.001634236979509359
 0.0002321804070245633
 0.009317945255763174
 6.176924183175721e-05
 0.001235586235571213
 0.003462174310840325
 0.0007861950173256115
 0.0002042286985482513
 0.009317945255763174
 0.003462174310840325
 0.001634236979509359
 0.0002321804070245633
 0.009317945255763174
 0.001186629335946583
 0.001235586235571213
 0.003462174310840325
 0
 0.002538086669068447
 0.009317945255763174
 0.003462174310840325
 0
 0.0002321804070245633
 0.009317945255763174
 0.001186629335946583
 0.001235586235571213
 0.003462174310840325
 0
 0.0002042286985482513
 0.009317945255763174
 0
 0
 0.0002321804070245633
 0.009317945255763174
 0.001186629335946583
 0
 0.003462174310840325
 0
 0.0002042286985482513
 0.009317945255763174
 0
 0
 0.0002321804070245633
 0
 0.001186629335946583
 0
 0.003462174310840325
 0
 0.009317945255763174
 0.009317945255763174
 0
 0
 0.0002321804070245633
 0
 0.001186629335946583
 0
 0.003462174310840325
 0
 0.009317945255763174
 0
 0
 0
 0.0002321804070245633
 0
 0.003137721651711246
 0
 0.003462174310840325
 0
 0.009317945255763174
 0
 0
 0
 0
 0
 0.003137721651711246
 0
 0
 0
 0.009317945255763174
 0
 0
 0
 0
 0
 0.001186629335946583
 0
 0
 0
 0.009317945255763174
 0
 0
 0
 0
 0
 0.001186629335946583
 0
 0
 0
 0.009317945255763174
 0
 0
 0
 0
 0
 0.001186629335946583
 0
 0
 0
 0.009317945255763174
 0
 0
 0
 0
 0
 0.003137721651711246
 0
 0
 0
 0
 0
 0
 0
 0
 0
 0.001186629335946583
 0
 0
 0
 0
 0
 0
 0
 0
 0
 0.001186629335946583
 0
 0
 0
 0
 0
 0
 0
 0
 0
 0.003137721651711246
 0
 0
 0
 0
 0
 0
 0
 0
 0
 0.003137721651711246
 0
 0
 0
 0
 0
 0
 0
 0
 0
 0.003137721651711246
 0
 0
 0
 0
 0
 0
 0
 0
 0
 0.003137721651711246
 0
 0
 0
 0
 0
 0
 0
 0
 0
 0.003137721651711246
 0
