# Created by Octave 3.2.4, Wed Feb 06 05:12:43 2013 EST <rbom@zaphod>
# name: small_First_Fit
# type: matrix
# ndims: 3
 1 10 30
 1.18583626565076e-17
 1.04220635312077e-20
 6.935622692077466e-18
 3.790700186132646e-18
 4.421890766808272e-13
 9.282179187197219e-18
 5.225273423021378e-15
 1.74186582501835e-18
 1.549523992723038e-18
 4.861973168552499e-18
 5.405230634759365e-15
 2.548538836924071e-13
 1.406096158244969e-14
 1.585272467793907e-15
 8.824377699374892e-11
 6.763801711602084e-13
 3.448835873101058e-13
 5.87546521848081e-14
 1.295599784504021e-16
 1.922626921154208e-10
 1.768266056263467e-10
 6.120965890347461e-12
 2.20304126790622e-05
 1.084717174680108e-11
 5.002391216937338e-09
 3.917517874951732e-10
 3.457908215962913e-10
 1.871793412767513e-10
 6.604475525279602e-13
 1.736826687919434e-07
 1.381664061710639e-07
 4.060869045425163e-10
 0.0001491567294967915
 7.414797511959741e-10
 5.002391216937338e-09
 1.561843890464232e-06
 3.457908215962913e-10
 1.874776513558047e-07
 3.181438641277357e-10
 5.448536101711684e-05
 8.277213058267827e-07
 4.300646846919119e-07
 0.0001491567294967915
 2.909878871292727e-07
 1.96737722091248e-07
 0.0004118996764034329
 3.457908215962913e-10
 1.874776513558047e-07
 8.985925260858617e-08
 5.448536101711684e-05
 9.292158225007918e-05
 0.0001502037224124308
 0.0001491567294967915
 2.909878871292727e-07
 1.039600400711661e-05
 0.0004118996764034329
 3.586050454623088e-07
 1.874776513558047e-07
 3.95629808001697e-06
 5.448536101711684e-05
 9.292158225007918e-05
 0.01032446692878516
 0.005622540291434277
 2.909878871292727e-07
 1.039600400711661e-05
 0.0004118996764034329
 3.586050454623088e-07
 7.821404982647352e-06
 3.95629808001697e-06
 5.448536101711684e-05
 9.292158225007918e-05
 0.01032446692878516
 0.005622540291434277
 2.909878871292727e-07
 1.039600400711661e-05
 0.0004118996764034329
 3.586050454623088e-07
 1.274263064719301e-05
 3.95629808001697e-06
 5.448536101711684e-05
 0.0001670184703270136
 0.01032446692878516
 0.005622540291434277
 2.909878871292727e-07
 1.039600400711661e-05
 0.0004118996764034329
 0.0001579937218006789
 0.0004118996764034329
 0.0006536959592176408
 5.448536101711684e-05
 0.0001670184703270136
 0.01032446692878516
 0.005622540291434277
 0.001499987999064529
 1.039600400711661e-05
 0.0004118996764034329
 0.0001579937218006789
 0.0010248488848134
 0.0006536959592176408
 5.448536101711684e-05
 9.292158225007918e-05
 0.01032446692878516
 0.005622540291434277
 0.001499987999064529
 1.039600400711661e-05
 0.0004118996764034329
 0.0004118996764034329
 0.0010248488848134
 0.0006536959592176408
 0
 9.292158225007918e-05
 0.01032446692878516
 0.005622540291434277
 0.001499987999064529
 1.103789402576193e-05
 0
 0.01032446692878516
 0.0004118996764034329
 0.0006536959592176408
 0
 9.292158225007918e-05
 0.01032446692878516
 0.005622540291434277
 0.001499987999064529
 1.039600400711661e-05
 0
 0.01032446692878516
 0.0004118996764034329
 0.002064543844600147
 0
 9.292158225007918e-05
 0
 0
 0.001499987999064529
 1.039600400711661e-05
 0
 0.01032446692878516
 0.0004118996764034329
 0.002064543844600147
 0
 9.292158225007918e-05
 0
 0
 0.001499987999064529
 1.039600400711661e-05
 0
 0.01032446692878516
 0.0004118996764034329
 0.002064543844600147
 0
 0
 0
 0
 0.001499987999064529
 1.039600400711661e-05
 0
 0.01032446692878516
 0.0004118996764034329
 0.002064543844600147
 0
 0
 0
 0
 0
 1.039600400711661e-05
 0
 0.01032446692878516
 0
 0.002064543844600147
 0
 0
 0
 0
 0
 1.103789402576193e-05
 0
 0.01032446692878516
 0
 0.002064543844600147
 0
 0
 0
 0
 0
 1.103789402576193e-05
 0
 0
 0
 0.002064543844600147
 0
 0
 0
 0
 0
 1.103789402576193e-05
 0
 0
 0
 0
 0
 0
 0
 0
 0
 1.103789402576193e-05
 0
 0
 0
 0
 0
 0
 0
 0
 0
 1.103789402576193e-05
 0
 0
 0
 0
 0
 0
 0
 0
 0
 1.103789402576193e-05
 0
 0
 0
 0
 0
 0
 0
 0
 0
 1.103789402576193e-05
 0
 0
 0
 0
 0
 0
 0
 0
 0
 0
 0
 0
 0
 0
 0
 0
 0
 0
 0
 0
 0
 0
 0
 0
 0
 0
 0
 0
 0
 0
 0
 0
 0
 0
 0
 0
 0
 0
 0
 0
 0
 0
 0
 0
 0
 0
 0
 0
 0
 0
 0
 0
 0
 0
 0
 0
 0
 0
 0
 0
 0
 0
 0
 0
 0
