# Created by Octave 3.2.4, Tue Feb 05 11:13:54 2013 EST <rbom@zaphod>
# name: small_First_Fit
# type: matrix
# ndims: 3
 1 10 30
 3.186092322808692e-12
 1.83365009521674e-13
 6.094107892266573e-13
 1.303214636603711e-10
 1.70240521915172e-12
 5.986687765107799e-12
 1.382132290396212e-15
 8.631389336011664e-11
 2.161607698006969e-08
 3.437068440403555e-14
 2.017715448871668e-10
 3.40191252833157e-10
 6.112638651192739e-11
 1.303214636603711e-10
 8.573305107580037e-11
 9.32665793158448e-07
 1.938058729632525e-11
 1.84151569692966e-08
 2.161607698006969e-08
 2.695422028983525e-13
 2.399753684151572e-08
 3.40191252833157e-10
 7.062111606188121e-10
 1.303214636603711e-10
 2.242014919916349e-09
 1.31896357065945e-06
 5.363286191973597e-10
 3.524941811937496e-06
 2.161607698006969e-08
 7.707697104657008e-12
 2.399753684151572e-08
 2.480815128887591e-08
 8.147581745247728e-08
 1.303214636603711e-10
 3.789751171103341e-06
 9.393141425579287e-06
 5.576284164948209e-09
 0.0002564371520500928
 2.125986338774424e-07
 2.11237055962453e-09
 7.511965769363864e-06
 3.317592158622888e-06
 5.025792043630351e-06
 1.426334201822439e-08
 6.040273378318133e-05
 1.459354547487654e-05
 7.339127047916075e-08
 0.0002564371520500928
 2.125986338774424e-07
 1.333549197206422e-08
 1.368321981756231e-05
 3.317592158622888e-06
 2.652627686927791e-05
 1.426334201822439e-08
 6.040273378318133e-05
 9.393141425579287e-06
 7.339127047916075e-08
 0.0002564371520500928
 5.098821742708911e-07
 1.814927943571607e-07
 0.0001713724402863442
 3.317592158622888e-06
 2.652627686927791e-05
 5.921081153428618e-07
 6.040273378318133e-05
 0.00106810577164082
 5.098821742708911e-07
 0.0002564371520500928
 0.0001086180145222132
 1.787800798965574e-06
 0.0001713724402863442
 3.783516602250043e-06
 2.652627686927791e-05
 5.921081153428618e-07
 6.040273378318133e-05
 0.00106810577164082
 4.542117332023593e-05
 0.0005410073136395763
 0.001064038412597154
 8.397804094051376e-06
 0.0001713724402863442
 3.317592158622888e-06
 2.652627686927791e-05
 1.461967106743688e-05
 6.040273378318133e-05
 0.009004437780094535
 4.542117332023593e-05
 0.0008127978746014722
 0.001539272318395946
 0.0001080528097002908
 0.0001713724402863442
 0.000136846941945053
 2.652627686927791e-05
 1.461967106743688e-05
 6.040273378318133e-05
 0.009004437780094535
 0.0003465778679471723
 0.0009753842312969781
 0.001539272318395946
 0.0001080528097002908
 0.0001713724402863442
 0.0001564548958184348
 2.652627686927791e-05
 2.573797232221057e-05
 6.040273378318133e-05
 0.009004437780094535
 0.009004437780094535
 0.0009753842312969781
 0.002933253271793023
 0.0001080528097002908
 0.002933253271793023
 0.0001564548958184348
 2.652627686927791e-05
 2.573797232221057e-05
 0
 0.009004437780094535
 0.009004437780094535
 0.001470134417458712
 0.002933253271793023
 0.001470134417458712
 0.002933253271793023
 0.0001564548958184348
 0
 2.573797232221057e-05
 0
 0.009004437780094535
 0.009004437780094535
 0.001470134417458712
 0.002933253271793023
 0.001470134417458712
 0.002933253271793023
 0.0001564548958184348
 0
 2.573797232221057e-05
 0
 0.009004437780094535
 0.009004437780094535
 0.0053779394604867
 0.002933253271793023
 0.001470134417458712
 0.002933253271793023
 0.0001564548958184348
 0
 2.573797232221057e-05
 0
 0.009004437780094535
 0.009004437780094535
 0.0053779394604867
 0.002933253271793023
 0.002933253271793023
 0.009004437780094535
 0.00121902061412164
 0
 2.573797232221057e-05
 0
 0
 0.009004437780094535
 0.0053779394604867
 0.002933253271793023
 0.001470134417458712
 0.009004437780094535
 0.00121902061412164
 0
 2.573797232221057e-05
 0
 0
 0.009004437780094535
 0.0053779394604867
 0.009004437780094535
 0.001470134417458712
 0.009004437780094535
 0.002933253271793023
 0
 0
 0
 0
 0
 0.0053779394604867
 0.009004437780094535
 0.002933253271793023
 0.009004437780094535
 0.002933253271793023
 0
 0
 0
 0
 0
 0.0053779394604867
 0.009004437780094535
 0.001470134417458712
 0.009004437780094535
 0.009004437780094535
 0
 0
 0
 0
 0
 0.0053779394604867
 0.009004437780094535
 0.001470134417458712
 0.009004437780094535
 0.009004437780094535
 0
 0
 0
 0
 0
 0
 0.009004437780094535
 0.002933253271793023
 0.009004437780094535
 0.009004437780094535
 0
 0
 0
 0
 0
 0
 0.009004437780094535
 0.002933253271793023
 0
 0.009004437780094535
 0
 0
 0
 0
 0
 0
 0.009004437780094535
 0.002933253271793023
 0
 0.009004437780094535
 0
 0
 0
 0
 0
 0
 0
 0.002933253271793023
 0
 0.009004437780094535
 0
 0
 0
 0
 0
 0
 0
 0.002933253271793023
 0
 0.009004437780094535
 0
 0
 0
 0
 0
 0
 0
 0.0053779394604867
 0
 0
 0
 0
 0
 0
 0
 0
 0
 0.002933253271793023
 0
 0
 0
 0
 0
 0
 0
 0
 0
 0.002933253271793023
 0
 0
 0
 0
 0
 0
 0
 0
 0
 0.009004437780094535
 0
 0
 0
 0
 0
 0
 0
 0
 0
 0.009004437780094535
