# Created by Octave 3.2.4, Mon Feb 04 06:49:53 2013 EST <rbom@zaphod>
# name: small_First_Fit
# type: matrix
# ndims: 3
 1 10 30
 2.502941789227656e-14
 4.600803242159869e-10
 2.022831363810724e-09
 4.338683732574231e-11
 3.87121133488605e-11
 5.612956554978658e-15
 2.704042380812291e-11
 8.273668770302337e-13
 6.648190135088482e-12
 3.669746596179409e-10
 9.029457679588315e-10
 2.254474691682976e-09
 8.381725454899587e-08
 4.995275602777317e-10
 1.622399610696093e-09
 2.691877721124601e-07
 1.029218754547341e-07
 2.971719628581443e-07
 2.855426002492042e-06
 4.200212702547048e-08
 4.238773064606702e-08
 4.448274802680926e-07
 8.381725454899587e-08
 1.683781703231269e-08
 9.280525287808157e-08
 0.0001445122122970521
 1.029218754547341e-07
 3.732140848477401e-06
 0.0001862400934090691
 7.311630609056184e-08
 1.727705947675631e-07
 3.401975809747783e-06
 2.761029524297225e-05
 1.683781703231269e-08
 9.204552720380282e-06
 0.0001445122122970521
 0.001654474291466741
 1.033557948538667e-05
 0.0001862400934090691
 1.085167760564726e-06
 4.906283779653751e-06
 1.537809391690814e-05
 2.761029524297225e-05
 5.755120773693576e-08
 0.001550873622035405
 0.0001445122122970521
 0.001654474291466741
 1.033557948538667e-05
 0.004421275806620469
 1.085167760564726e-06
 4.906283779653751e-06
 7.805798310459414e-05
 6.828105129678414e-05
 5.755120773693576e-08
 0.001550873622035405
 0.0001445122122970521
 0.009983681887216192
 8.112519818750895e-05
 0.005265805904171077
 1.085167760564726e-06
 8.567543712361773e-05
 0.0005754267694982669
 6.828105129678414e-05
 5.755120773693576e-08
 0.001550873622035405
 0.0001445122122970521
 0.001654474291466741
 0.0001461143391312368
 0.005265805904171077
 3.887354862820216e-05
 0.003404692531875542
 0.005863532329276533
 0.0004623582115278468
 5.755120773693576e-08
 0.001550873622035405
 0.0001445122122970521
 0.001654474291466741
 0.0001461143391312368
 0.005265805904171077
 8.000365758650639e-06
 0.02448262592454855
 0.005863532329276533
 0.0004623582115278468
 1.451759503613746e-06
 0.001550873622035405
 0.0142421479926184
 0.004581168734364314
 0.0001461143391312368
 0.004421275806620469
 0.0003128290455074211
 0.02448262592454855
 0.01857978165935744
 0.0004623582115278468
 1.451759503613746e-06
 0.001550873622035405
 0.0142421479926184
 0.004581168734364314
 0.0002331545238929536
 0.004421275806620469
 0.0003128290455074211
 0.02448262592454855
 0.01857978165935744
 0.0004623582115278468
 0.0004846165075169199
 0.001550873622035405
 0.0142421479926184
 0.001654474291466741
 0.0002331545238929536
 0.004421275806620469
 0.0105606366357671
 0.02448262592454855
 0.01857978165935744
 0.0004623582115278468
 0.001048187714535595
 0.003774086552963512
 0.0142421479926184
 0.009983681887216192
 0.0002331545238929536
 0.004421275806620469
 0.0105606366357671
 0.02448262592454855
 0.01857978165935744
 0.001133296850430841
 0.001689363416225261
 0.003774086552963512
 0.0142421479926184
 0.009983681887216192
 0.02448262592454855
 0.004421275806620469
 0.0105606366357671
 0.02448262592454855
 0.01857978165935744
 0.001133296850430841
 0.001048187714535595
 0.003774086552963512
 0.0142421479926184
 0.009983681887216192
 0.02448262592454855
 0.004421275806620469
 0.0105606366357671
 0.02448262592454855
 0.01857978165935744
 0.0105606366357671
 0.001689363416225261
 0.003774086552963512
 0.0142421479926184
 0.009983681887216192
 0.02448262592454855
 0.005265805904171077
 0.0105606366357671
 0.02448262592454855
 0.01857978165935744
 0.0105606366357671
 0.001689363416225261
 0.003774086552963512
 0.0142421479926184
 0.009983681887216192
 0.02448262592454855
 0.004421275806620469
 0.0105606366357671
 0.02448262592454855
 0.01857978165935744
 0.0105606366357671
 0.001048187714535595
 0.02144237085111873
 0.0142421479926184
 0.009983681887216192
 0.02448262592454855
 0.005265805904171077
 0.0105606366357671
 0.02448262592454855
 0.01857978165935744
 0.0105606366357671
 0.001689363416225261
 0.02448262592454855
 0.0142421479926184
 0.009983681887216192
 0.02448262592454855
 0.005265805904171077
 0.0105606366357671
 0.02448262592454855
 0.01857978165935744
 0.0105606366357671
 0.001048187714535595
 0.02448262592454855
 0.0142421479926184
 0.009983681887216192
 0.02448262592454855
 0.005265805904171077
 0.0105606366357671
 0.02448262592454855
 0.01857978165935744
 0.0105606366357671
 0.001689363416225261
 0.02448262592454855
 0.0142421479926184
 0.009983681887216192
 0.02448262592454855
 0.005265805904171077
 0.0105606366357671
 0.02448262592454855
 0.01857978165935744
 0.0105606366357671
 0.002484538897205717
 0.02448262592454855
 0.0142421479926184
 0.009983681887216192
 0.02448262592454855
 0.005265805904171077
 0.0105606366357671
 0.02448262592454855
 0.01857978165935744
 0.0105606366357671
 0.01197850412155417
 0.02448262592454855
 0.0142421479926184
 0.009983681887216192
 0.02448262592454855
 0.02448262592454855
 0.0105606366357671
 0.02448262592454855
 0.01857978165935744
 0.0105606366357671
 0.01197850412155417
 0.02448262592454855
 0.0142421479926184
 0.009983681887216192
 0.02448262592454855
 0.0105606366357671
 0.0105606366357671
 0.02448262592454855
 0.01857978165935744
 0.0105606366357671
 0.01197850412155417
 0.02448262592454855
 0.0142421479926184
 0.009983681887216192
 0.02448262592454855
 0.009983681887216192
 0.0105606366357671
 0.02448262592454855
 0.01857978165935744
 0.0105606366357671
 0.01197850412155417
 0.02448262592454855
 0.0142421479926184
 0.009983681887216192
 0.02448262592454855
 0.009983681887216192
 0.0105606366357671
 0.02448262592454855
 0.01857978165935744
 0.0105606366357671
 0.01197850412155417
 0.02448262592454855
 0.0142421479926184
 0.009983681887216192
 0.02448262592454855
 0.005265805904171077
 0.0105606366357671
 0.02448262592454855
 0.01857978165935744
 0.0105606366357671
 0.01197850412155417
 0.02448262592454855
 0.0142421479926184
 0.009983681887216192
 0.02448262592454855
 0.005265805904171077
 0.0105606366357671
 0.02448262592454855
 0.01857978165935744
 0.0105606366357671
 0.01197850412155417
 0.02448262592454855
 0.0142421479926184
 0.009983681887216192
 0.02448262592454855
 0.005265805904171077
 0.0105606366357671
 0.02448262592454855
 0.01857978165935744
 0.0105606366357671
 0.01197850412155417
 0.02448262592454855
 0.0142421479926184
 0.009983681887216192
 0.02448262592454855
 0.009983681887216192
 0.0105606366357671
 0.02448262592454855
 0.01857978165935744
 0.0105606366357671
 0.01197850412155417
 0.02448262592454855
 0.0142421479926184
 0.009983681887216192
 0.02448262592454855
 0.009983681887216192
 0.0105606366357671
