# Created by Octave 3.2.4, Wed Feb 06 05:25:53 2013 EST <rbom@zaphod>
# name: small_First_Fit
# type: matrix
# ndims: 3
 1 10 30
 1.548331033058203e-12
 2.687617242971992e-13
 2.382639460689774e-17
 2.280889917257422e-14
 7.649850459209204e-13
 7.34757476755502e-18
 7.090385873526057e-13
 1.50489739998139e-15
 3.787350192320221e-09
 1.310488319048594e-15
 1.134654685245847e-11
 4.796666587938359e-09
 1.881040062900675e-13
 2.280889917257422e-14
 3.609378742936541e-11
 5.786110646813464e-14
 2.422059435911737e-06
 2.35447098400916e-13
 3.787350192320221e-09
 2.150285470909613e-13
 2.331325429632382e-10
 4.796666587938359e-09
 5.584506976598791e-10
 7.003449713985755e-11
 1.115550856320182e-09
 8.841063043277289e-14
 6.216436415724593e-05
 3.590944800294343e-11
 5.405892909949098e-08
 1.976078902114763e-10
 1.617803105053538e-09
 5.362935615813053e-07
 1.732847886296432e-08
 7.003449713985755e-11
 3.52076673095608e-09
 5.786110646813464e-14
 6.216436415724593e-05
 3.072808114863536e-08
 8.766324024092819e-07
 7.349705224523123e-08
 9.035857307964866e-09
 5.362935615813053e-07
 1.732847886296432e-08
 4.648785913743932e-09
 9.582124491818816e-08
 8.383872928149322e-10
 6.216436415724593e-05
 7.837978742917287e-07
 8.766324024092819e-07
 6.110272269735237e-06
 2.561116783577317e-06
 2.472011557614724e-05
 2.797415191584053e-07
 3.334247975673602e-08
 2.306537480818863e-07
 1.274784664351857e-08
 6.216436415724593e-05
 7.837978742917287e-07
 8.766324024092819e-07
 0.0001882582885754027
 9.341036782992184e-05
 2.472011557614724e-05
 2.291984740418893e-05
 3.334247975673602e-08
 6.110272269735237e-06
 1.274784664351857e-08
 0.002629125806344385
 0.0001882582885754027
 8.766324024092819e-07
 0.0001882582885754027
 0.0009404276116739934
 0.0003096215237503677
 4.930406436863039e-05
 3.334247975673602e-08
 1.324035485918162e-05
 5.30653140187697e-07
 0.002629125806344385
 0.0001882582885754027
 0.001620592148292837
 0.0001882582885754027
 0.0009404276116739934
 0.0003096215237503677
 4.930406436863039e-05
 1.315427450216173e-06
 1.324035485918162e-05
 5.30653140187697e-07
 0.002629125806344385
 0.0001882582885754027
 0.001620592148292837
 0.0001882582885754027
 0.002226841909937944
 0.0003096215237503677
 4.930406436863039e-05
 1.315427450216173e-06
 0.0001882582885754027
 2.423110250113293e-06
 0.01442374632033011
 0.0001882582885754027
 0.001620592148292837
 0.0001882582885754027
 0.002226841909937944
 0.0003096215237503677
 4.930406436863039e-05
 1.315427450216173e-06
 0.0001882582885754027
 4.358848785665345e-05
 0.01442374632033011
 0.0001882582885754027
 0.001620592148292837
 0.0001882582885754027
 0.002226841909937944
 0.01425669299150202
 4.930406436863039e-05
 4.267260875380112e-05
 0.0001882582885754027
 4.461125310583787e-05
 0.01442374632033011
 0.0001882582885754027
 0.001620592148292837
 0.0001882582885754027
 0.002226841909937944
 0.01425669299150202
 4.930406436863039e-05
 4.267260875380112e-05
 0.0001882582885754027
 4.461125310583787e-05
 0.01442374632033011
 0.0001882582885754027
 0.001620592148292837
 0
 0.002226841909937944
 0.01425669299150202
 4.930406436863039e-05
 4.267260875380112e-05
 0.0001882582885754027
 0.001620592148292837
 0.01442374632033011
 0
 0.001620592148292837
 0
 0.002226841909937944
 0.01425669299150202
 0
 4.267260875380112e-05
 0.0001882582885754027
 0.001620592148292837
 0.01442374632033011
 0
 0
 0
 0.002226841909937944
 0.01425669299150202
 0
 4.267260875380112e-05
 0.0001882582885754027
 0.001620592148292837
 0.01442374632033011
 0
 0
 0
 0
 0.01425669299150202
 0
 4.267260875380112e-05
 0
 0.001620592148292837
 0
 0
 0
 0
 0
 0.01425669299150202
 0
 4.267260875380112e-05
 0
 0.001620592148292837
 0
 0
 0
 0
 0
 0
 0
 0
 0
 0.001620592148292837
 0
 0
 0
 0
 0
 0
 0
 0
 0
 0.001620592148292837
 0
 0
 0
 0
 0
 0
 0
 0
 0
 0
 0
 0
 0
 0
 0
 0
 0
 0
 0
 0
 0
 0
 0
 0
 0
 0
 0
 0
 0
 0
 0
 0
 0
 0
 0
 0
 0
 0
 0
 0
 0
 0
 0
 0
 0
 0
 0
 0
 0
 0
 0
 0
 0
 0
 0
 0
 0
 0
 0
 0
 0
 0
 0
 0
 0
 0
 0
 0
 0
 0
 0
 0
 0
 0
 0
 0
 0
 0
 0
 0
 0
 0
 0
 0
 0
 0
 0
 0
 0
 0
 0
 0
 0
 0
 0
 0
 0
 0
 0
 0
 0
 0
 0
 0
