# Created by Octave 3.2.4, Wed Feb 06 07:56:06 2013 EST <rbom@zaphod>
# name: small_First_Fit
# type: matrix
# ndims: 3
 1 10 30
 7.095415603988861e-11
 3.585353806809342e-11
 5.595568903989293e-14
 2.825400796069385e-14
 5.495722985106138e-12
 1.589854257965852e-10
 3.600364929369161e-12
 1.842142049063687e-11
 1.214949900700817e-08
 2.198151275813657e-11
 5.331443598517604e-09
 3.585353806809342e-11
 9.738602925668571e-13
 1.240657687191629e-10
 9.585299729594298e-11
 1.589854257965852e-10
 1.495026080192694e-08
 2.451651068064127e-11
 1.214949900700817e-08
 1.151358674354094e-09
 4.894631330950242e-07
 2.803219278252266e-10
 1.183508047856861e-11
 2.294157372850602e-08
 1.151797998936977e-09
 5.263955184564672e-08
 1.080718193104135e-07
 2.53088207926945e-09
 9.028395292944572e-06
 1.151358674354094e-09
 4.894631330950242e-07
 5.596517777761961e-08
 1.736294840643698e-11
 2.294157372850602e-08
 7.911764364519746e-08
 3.280316699024922e-06
 2.149832648094391e-05
 1.284079486409059e-07
 0.0001444477985732708
 1.151358674354094e-09
 4.894631330950242e-07
 1.81849613985922e-05
 2.007719311470126e-10
 4.496027307328247e-07
 1.690864346696139e-05
 3.280316699024922e-06
 0.003045042265146068
 2.499282028468856e-06
 0.0001444477985732708
 6.751734557418551e-08
 9.945269397169085e-07
 0.0001318372164971576
 4.294216051817962e-06
 7.042270750065777e-07
 0.0005225221021000576
 3.280316699024922e-06
 0.003045042265146068
 2.499282028468856e-06
 0.0001444477985732708
 1.151358674354094e-09
 5.966657769984417e-06
 0.003045042265146068
 5.359148466974576e-06
 7.042270750065777e-07
 0.0005225221021000576
 0.0001449672624259295
 0.003045042265146068
 2.499282028468856e-06
 0.0001927185657526949
 3.496939926475037e-07
 0.000228521840043992
 0.003045042265146068
 5.359148466974576e-06
 7.042270750065777e-07
 0.0005225221021000576
 0.0001449672624259295
 0.003045042265146068
 2.311224933849068e-05
 0.0006915789831891266
 9.331502771284054e-06
 0.000508487533173145
 0.003045042265146068
 5.359148466974576e-06
 0.0008949933047996088
 0.0005225221021000576
 0.0001449672624259295
 0.003045042265146068
 2.311224933849068e-05
 0.0006915789831891266
 9.331502771284054e-06
 0.000508487533173145
 0.003045042265146068
 5.251692160546003e-05
 0.0008949933047996088
 0.0005225221021000576
 0.0001449672624259295
 0.003045042265146068
 0.001826187127258494
 0.0006915789831891266
 9.331502771284054e-06
 0.003472718954753471
 0.003045042265146068
 5.251692160546003e-05
 0.0008949933047996088
 0.0005225221021000576
 0.003045042265146068
 0.003045042265146068
 0.001826187127258494
 0.0006915789831891266
 9.331502771284054e-06
 0.003472718954753471
 0.003045042265146068
 0.0001552515769985418
 0.0008949933047996088
 0.0005225221021000576
 0.003045042265146068
 0
 0.001826187127258494
 0.002455177999016975
 5.689014152343532e-05
 0.003856245128949042
 0.003045042265146068
 0.0003783384990610263
 0.0008949933047996088
 0
 0.003045042265146068
 0
 0.001826187127258494
 0.001098798393665165
 5.689014152343532e-05
 0.003472718954753471
 0
 0.0006184057215113279
 0.0008949933047996088
 0
 0.003045042265146068
 0
 0.001826187127258494
 0.001098798393665165
 0.0004582947939626591
 0.003472718954753471
 0
 0.003472718954753471
 0.0008949933047996088
 0
 0.003045042265146068
 0
 0.001826187127258494
 0.002455177999016975
 0.0004582947939626591
 0.003472718954753471
 0
 0.003472718954753471
 0
 0
 0.003045042265146068
 0
 0.001826187127258494
 0.002455177999016975
 0.01503506252059419
 0.003472718954753471
 0
 0.003472718954753471
 0
 0
 0.003045042265146068
 0
 0
 0.002455177999016975
 0.01503506252059419
 0.003472718954753471
 0
 0.003472718954753471
 0
 0
 0
 0
 0
 0.002455177999016975
 0.01503506252059419
 0.003472718954753471
 0
 0.003472718954753471
 0
 0
 0
 0
 0
 0.002455177999016975
 0.01503506252059419
 0
 0
 0.003472718954753471
 0
 0
 0
 0
 0
 0.002455177999016975
 0.01503506252059419
 0
 0
 0.003472718954753471
 0
 0
 0
 0
 0
 0.002455177999016975
 0.01503506252059419
 0
 0
 0
 0
 0
 0
 0
 0
 0
 0.01503506252059419
 0
 0
 0
 0
 0
 0
 0
 0
 0
 0
 0
 0
 0
 0
 0
 0
 0
 0
 0
 0
 0
 0
 0
 0
 0
 0
 0
 0
 0
 0
 0
 0
 0
 0
 0
 0
 0
 0
 0
 0
 0
 0
 0
 0
 0
 0
 0
 0
 0
 0
 0
 0
 0
 0
 0
 0
 0
 0
 0
 0
 0
 0
 0
 0
 0
 0
 0
 0
 0
 0
 0
 0
 0
 0
 0
 0
 0
 0
 0
 0
