# Created by Octave 3.2.4, Wed Feb 06 16:59:09 2013 EST <rbom@zaphod>
# name: small_First_Fit
# type: matrix
# ndims: 3
 1 10 30
 1.220954983829472e-09
 2.090052302398624e-10
 5.25882235071863e-12
 3.216882878712091e-07
 3.435535539300505e-09
 2.57130106403805e-08
 8.550808294709871e-08
 1.450036196189787e-06
 9.216139864117059e-10
 9.300825600667551e-11
 2.168800608900633e-05
 3.781761628862462e-09
 1.029366824675217e-09
 1.312617169815772e-05
 1.205533496612795e-07
 9.23408512106562e-06
 1.224264040413049e-06
 0.0001852182273057337
 1.38026528033615e-06
 1.569127686000832e-08
 0.000463117784868569
 2.232615111669751e-05
 1.723261514814247e-07
 1.312617169815772e-05
 4.75525286964948e-07
 0.0002748568291565878
 1.410080161565115e-05
 0.0001852182273057337
 7.29386261330128e-05
 2.789089322341257e-07
 0.000463117784868569
 0.0003115218573366433
 1.723261514814247e-07
 2.03425960696704e-05
 1.606222405967979e-05
 0.0002748568291565878
 1.724592002175702e-05
 0.002794402417879524
 7.29386261330128e-05
 2.789089322341257e-07
 0.006339709944334014
 0.001140081828765052
 4.116412439745139e-06
 0.0005484016383646937
 0.0003407847830668462
 0.004276054651352498
 0.0001927081727908466
 0.002794402417879524
 0.0002172295408299554
 1.769448409205289e-06
 0.006339709944334014
 0.001140081828765052
 4.116412439745139e-06
 0.0005484016383646937
 0.0003407847830668462
 0.004276054651352498
 0.0001927081727908466
 0.01752319450969481
 0.0002172295408299554
 1.769448409205289e-06
 0.01124069449059955
 0.002060814683808784
 8.818791635874908e-06
 0.0005484016383646937
 0.0009542958696156437
 0.007201112554397399
 0.0001927081727908466
 0.01752319450969481
 0.0002172295408299554
 5.175596779266911e-06
 0.01124069449059955
 0.01481588235443962
 0.0001069038554261963
 0.0005484016383646937
 0.001322941189115841
 0.008504131343348742
 0.0005012514127872806
 0.01752319450969481
 0.006374117278729463
 5.175596779266911e-06
 0.006339709944334014
 0.01481588235443962
 0.0001069038554261963
 0.01270588047253403
 0.0009542958696156437
 0.007201112554397399
 0.0005012514127872806
 0.01752319450969481
 0.006374117278729463
 9.839799999194189e-06
 0.006339709944334014
 0.01481588235443962
 0.005077677336683189
 0.01270588047253403
 0.0009542958696156437
 0.007201112554397399
 0.0005012514127872806
 0.01752319450969481
 0.006374117278729463
 0.0003114833937242704
 0.006339709944334014
 0.01481588235443962
 0.01202371416396612
 0.01270588047253403
 0.00913425719390324
 0.007201112554397399
 0.0005012514127872806
 0.01752319450969481
 0.0175499138225189
 0.005062180265069904
 0.01124069449059955
 0.01560572923702249
 0.01202371416396612
 0.01270588047253403
 0.00913425719390324
 0.007201112554397399
 0.0006586187734642542
 0.01822695901444711
 0.0175499138225189
 0.005062180265069904
 0.01124069449059955
 0.01481588235443962
 0.01202371416396612
 0.01270588047253403
 0.00913425719390324
 0.00913425719390324
 0.001460085962850701
 0.01752319450969481
 0.0175499138225189
 0.006435790272958576
 0.006339709944334014
 0.01481588235443962
 0.02915850267378679
 0.01270588047253403
 0.00913425719390324
 0.00913425719390324
 0.003530536716053505
 0.01822695901444711
 0.0175499138225189
 0.005062180265069904
 0.01124069449059955
 0.01481588235443962
 0.01202371416396612
 0.01270588047253403
 0.01560372044031751
 0.007201112554397399
 0.003530536716053505
 0.01822695901444711
 0.02915850267378679
 0.005062180265069904
 0.006339709944334014
 0.01481588235443962
 0.02915850267378679
 0
 0.01560372044031751
 0.00913425719390324
 0.003530536716053505
 0.01822695901444711
 0.02915850267378679
 0.005062180265069904
 0.01589374517634579
 0.01560572923702249
 0.02915850267378679
 0
 0.00913425719390324
 0.00913425719390324
 0.005208745515501097
 0.01822695901444711
 0.02915850267378679
 0.005062180265069904
 0.01589374517634579
 0.01481588235443962
 0.02915850267378679
 0
 0.01560372044031751
 0.00913425719390324
 0.005208745515501097
 0.01822695901444711
 0.0175499138225189
 0.009136603241655992
 0.01589374517634579
 0.01562768983877518
 0.02915850267378679
 0
 0.01560372044031751
 0.00913425719390324
 0.005767875494723804
 0.01822695901444711
 0.0175499138225189
 0.009136603241655992
 0.01589374517634579
 0.01481588235443962
 0.02915850267378679
 0
 0.01560372044031751
 0.01355017370295409
 0.005767875494723804
 0.01822695901444711
 0.02637635660455369
 0.009136603241655992
 0.01589374517634579
 0.01481588235443962
 0.02952190857754274
 0
 0.01560372044031751
 0.00913425719390324
 0.005767875494723804
 0
 0.0175499138225189
 0.009136603241655992
 0.01589374517634579
 0.01481588235443962
 0.02952190857754274
 0
 0.01560372044031751
 0.01355017370295409
 0.005767875494723804
 0
 0.0175499138225189
 0.009136603241655992
 0.01589374517634579
 0.01481588235443962
 0.02915850267378679
 0
 0.01560372044031751
 0.01355017370295409
 0.006374117278729463
 0
 0.02915850267378679
 0.009136603241655992
 0
 0.01481588235443962
 0.02915850267378679
 0
 0.01560372044031751
 0.01355017370295409
 0.01560572923702249
 0
 0.02915850267378679
 0.009136603241655992
 0
 0.01481588235443962
 0.02915850267378679
 0
 0
 0.01355017370295409
 0.01560572923702249
 0
 0.02915850267378679
 0
 0
 0
 0.02915850267378679
 0
 0
 0.007201112554397399
 0.01560572923702249
 0
 0.0175499138225189
 0
 0
 0
 0.02915850267378679
 0
 0
 0.00913425719390324
 0.005208745515501097
 0
 0.02915850267378679
 0
 0
 0
 0
 0
 0
 0.00913425719390324
 0.01560572923702249
 0
 0.0175499138225189
 0
 0
 0
 0
 0
 0
 0.01355017370295409
 0.01560572923702249
 0
 0.0175499138225189
 0
 0
 0
 0
 0
 0
 0.01355017370295409
 0.01560572923702249
 0
 0.0175499138225189
 0
