# Created by Octave 3.2.4, Tue Feb 05 13:34:40 2013 EST <rbom@zaphod>
# name: small_First_Fit
# type: matrix
# ndims: 3
 1 10 30
 2.127038709771863e-17
 9.383442807085209e-10
 1.992633932906377e-14
 1.330360557486868e-10
 6.417151246387906e-10
 2.169276234106201e-16
 1.602874893370087e-12
 8.741259578075437e-13
 6.342022077586261e-14
 2.891379301526349e-15
 2.356674928953177e-08
 9.383442807085209e-10
 7.00869274372209e-11
 4.408315505198622e-08
 6.417151246387906e-10
 1.808750529000125e-14
 1.602874893370087e-12
 6.419737265701661e-11
 6.342022077586261e-14
 7.604104749411036e-13
 1.831724999742585e-07
 9.383442807085209e-10
 5.837424198289683e-06
 4.408315505198622e-08
 7.148621669498664e-07
 1.322017032067476e-13
 5.210182156625415e-12
 1.290516457555822e-09
 5.409068049421269e-13
 6.309435129430057e-10
 1.831724999742585e-07
 2.920141776003211e-07
 1.474993000804172e-05
 3.982990506867057e-05
 7.148621669498664e-07
 1.755521300540579e-12
 1.588441722277907e-09
 6.022102289334592e-07
 1.579897525478547e-10
 3.284628785235766e-08
 1.831724999742585e-07
 2.920141776003211e-07
 0.0006365883330013786
 3.982990506867057e-05
 7.148621669498664e-07
 4.132653394638384e-10
 4.025740524988953e-07
 0.0001802602597654542
 1.59011775130853e-06
 3.284628785235766e-08
 1.962178406842884e-06
 0.0002138527409429507
 0.0006365883330013786
 3.982990506867057e-05
 7.148621669498664e-07
 4.615948208797688e-08
 5.564899341091217e-06
 0.0001802602597654542
 9.426019855704706e-06
 3.284628785235766e-08
 1.962178406842884e-06
 0.0002138527409429507
 0.0103786878534512
 0.0004852124771392802
 1.26761755691782e-06
 2.62047133273712e-06
 0.0002148172211991323
 0.0001802602597654542
 9.426019855704706e-06
 3.284628785235766e-08
 1.962178406842884e-06
 0.0002138527409429507
 0.0103786878534512
 0.0004852124771392802
 0.0004852124771392802
 0.0006365883330013786
 0.0103786878534512
 0.0001802602597654542
 9.426019855704706e-06
 6.987150775058039e-07
 1.962178406842884e-06
 0.0002138527409429507
 0.0103786878534512
 0.008713960288995728
 0.0004852124771392802
 0.0006365883330013786
 0.0103786878534512
 0.0001735305570396554
 9.426019855704706e-06
 6.987150775058039e-07
 1.962178406842884e-06
 0.0002138527409429507
 0.0103786878534512
 0.008713960288995728
 0.0004852124771392802
 0.0006365883330013786
 0.0103786878534512
 0.0001735305570396554
 9.426019855704706e-06
 6.987150775058039e-07
 1.962178406842884e-06
 0.0002138527409429507
 0.0103786878534512
 0.008713960288995728
 0.0004852124771392802
 0.0103786878534512
 0.0103786878534512
 0.0001735305570396554
 9.426019855704706e-06
 6.987150775058039e-07
 2.825860765656086e-05
 0.00100729242072277
 0.0103786878534512
 0.008713960288995728
 0.0004852124771392802
 0.0103786878534512
 0.0103786878534512
 0
 0.0001735305570396554
 6.987150775058039e-07
 2.825860765656086e-05
 0.0002138527409429507
 0.0103786878534512
 0.05846871757969091
 0.0004852124771392802
 0.0103786878534512
 0.0103786878534512
 0
 0.0001735305570396554
 6.987150775058039e-07
 2.825860765656086e-05
 0.0002138527409429507
 0
 0.05846871757969091
 0.05846871757969091
 0.0103786878534512
 0.0103786878534512
 0
 0.0001735305570396554
 6.987150775058039e-07
 2.825860765656086e-05
 0.0002138527409429507
 0
 0.05846871757969091
 0.05846871757969091
 0.0103786878534512
 0
 0
 0.0001735305570396554
 0
 2.825860765656086e-05
 0.0002138527409429507
 0
 0.05846871757969091
 0.05846871757969091
 0.0103786878534512
 0
 0
 0.0001735305570396554
 0
 2.825860765656086e-05
 0.00100729242072277
 0
 0.05846871757969091
 0.05846871757969091
 0.0103786878534512
 0
 0
 0.0001735305570396554
 0
 2.825860765656086e-05
 0.0002138527409429507
 0
 0.05846871757969091
 0.05846871757969091
 0
 0
 0
 0.0001735305570396554
 0
 0
 0.0002138527409429507
 0
 0.05846871757969091
 0.05846871757969091
 0
 0
 0
 0
 0
 0
 0.0002138527409429507
 0
 0
 0.05846871757969091
 0
 0
 0
 0
 0
 0
 0.0002138527409429507
 0
 0
 0
 0
 0
 0
 0
 0
 0
 0.0002138527409429507
 0
 0
 0
 0
 0
 0
 0
 0
 0
 0.0002138527409429507
 0
 0
 0
 0
 0
 0
 0
 0
 0
 0
 0
 0
 0
 0
 0
 0
 0
 0
 0
 0
 0
 0
 0
 0
 0
 0
 0
 0
 0
 0
 0
 0
 0
 0
 0
 0
 0
 0
 0
 0
 0
 0
 0
 0
 0
 0
 0
 0
 0
 0
 0
 0
 0
 0
 0
 0
 0
 0
 0
 0
 0
 0
 0
 0
 0
 0
 0
 0
 0
 0
 0
 0
 0
 0
 0
 0
 0
 0
