# Created by Octave 3.2.4, Tue Feb 05 09:23:19 2013 EST <rbom@zaphod>
# name: small_First_Fit
# type: matrix
# ndims: 3
 1 10 30
 1.003369721308986e-11
 2.360471706964855e-10
 1.722313581752085e-13
 2.85557036372151e-16
 2.405414700808698e-14
 1.951650894711929e-12
 1.427215058635973e-09
 1.719983796403362e-11
 1.845319220555602e-11
 1.600346007880163e-11
 5.498886592511152e-07
 4.980108383852124e-08
 1.014202266778498e-12
 3.114257443374945e-08
 6.994860312615603e-11
 8.163366004730543e-12
 4.371693116295209e-08
 7.364209112978924e-11
 1.448582443199755e-10
 1.91623068675786e-10
 3.536275895809811e-05
 0.0001149964621651625
 5.74816556904353e-12
 3.114257443374945e-08
 1.607029953352205e-07
 4.33602296199928e-11
 4.371693116295209e-08
 1.719983796403362e-11
 1.241978250597445e-08
 6.702530099504549e-09
 3.536275895809811e-05
 0.0001149964621651625
 3.928055762512472e-10
 3.114257443374945e-08
 7.926737477822067e-07
 2.317661746633291e-10
 1.501681314140024e-06
 6.24958694727203e-10
 2.468098991964078e-06
 1.534140000885868e-07
 3.536275895809811e-05
 0.0003969481425503889
 1.843596670561009e-09
 1.580103614526888e-07
 4.182953896496236e-05
 3.73726280469958e-09
 7.424077193224417e-06
 6.24958694727203e-10
 2.468098991964078e-06
 1.377461819135691e-05
 3.536275895809811e-05
 0.0005560963951591745
 4.089571753854554e-06
 1.580103614526888e-07
 0.0007773587008933037
 3.439249088691004e-08
 7.424077193224417e-06
 2.261209376664787e-08
 5.072324675460427e-06
 1.377461819135691e-05
 4.190725700070715e-05
 0.0005560963951591745
 5.232583148305339e-06
 1.580103614526888e-07
 0.0007773587008933037
 3.439249088691004e-08
 0.0002496679460013422
 1.128115941822888e-06
 9.364257509690704e-06
 5.196799307878403e-05
 0.0001618922658691762
 0.0005560963951591745
 0.0001240641592268745
 0.0001806023922673443
 0.0007773587008933037
 1.613589322699406e-05
 0.0002496679460013422
 1.128115941822888e-06
 5.435726884029988e-05
 0.0003568018879862969
 0.0001935090695197827
 0.0005560963951591745
 0.0001240641592268745
 0.0001806023922673443
 0.0007773587008933037
 0.0007031075506148403
 0.0002496679460013422
 2.182884508281244e-05
 5.435726884029988e-05
 0.0003568018879862969
 0.0001935090695197827
 0.0005560963951591745
 0.000379163034133885
 0.0001806023922673443
 0.0007773587008933037
 0.01939360741123769
 0.0002496679460013422
 2.182884508281244e-05
 5.435726884029988e-05
 0.0003568018879862969
 0.0001935090695197827
 0.0005560963951591745
 0.000379163034133885
 0.003152638346117305
 0.0007773587008933037
 0.01939360741123769
 0.0002496679460013422
 0.004635174727809915
 0.001816825488219787
 0.002495431606767498
 0.0001618922658691762
 0.0005560963951591745
 0.0005804582126294586
 0.003152638346117305
 0.0007773587008933037
 0.01939360741123769
 0.0002496679460013422
 0.004635174727809915
 0.003152638346117305
 0.002495431606767498
 0.0006881836896524936
 0
 0.0005804582126294586
 0.003152638346117305
 0
 0.01939360741123769
 0.0002496679460013422
 0.004635174727809915
 0.001816825488219787
 0.002495431606767498
 0.0006881836896524936
 0
 0.0005804582126294586
 0.003152638346117305
 0
 0.01939360741123769
 0
 0.004635174727809915
 0.003152638346117305
 0.002495431606767498
 0.0006881836896524936
 0
 0.0005804582126294586
 0.003152638346117305
 0
 0.01939360741123769
 0
 0.004635174727809915
 0.01014730641950129
 0.002495431606767498
 0.0006881836896524936
 0
 0.0005560963951591745
 0.003152638346117305
 0
 0.01939360741123769
 0
 0.004635174727809915
 0.01014730641950129
 0.002495431606767498
 0.0006881836896524936
 0
 0.0005560963951591745
 0.003152638346117305
 0
 0
 0
 0.004635174727809915
 0.003152638346117305
 0.002495431606767498
 0.0006881836896524936
 0
 0.0005560963951591745
 0
 0
 0
 0
 0
 0.003152638346117305
 0
 0.0006881836896524936
 0
 0
 0
 0
 0
 0
 0
 0.003152638346117305
 0
 0
 0
 0
 0
 0
 0
 0
 0
 0.003152638346117305
 0
 0
 0
 0
 0
 0
 0
 0
 0
 0.003152638346117305
 0
 0
 0
 0
 0
 0
 0
 0
 0
 0
 0
 0
 0
 0
 0
 0
 0
 0
 0
 0
 0
 0
 0
 0
 0
 0
 0
 0
 0
 0
 0
 0
 0
 0
 0
 0
 0
 0
 0
 0
 0
 0
 0
 0
 0
 0
 0
 0
 0
 0
 0
 0
 0
 0
 0
 0
 0
 0
 0
 0
 0
 0
 0
 0
 0
 0
 0
 0
 0
 0
 0
 0
 0
 0
 0
 0
 0
 0
 0
 0
 0
 0
 0
 0
 0
 0
 0
 0
 0
 0
 0
