# Created by Octave 3.2.4, Thu Feb 07 07:48:58 2013 EST <rbom@zaphod>
# name: small_First_Fit
# type: matrix
# ndims: 3
 1 10 30
 2.978928197292519e-16
 5.765106917562183e-18
 6.601204517659776e-17
 1.896708093390247e-18
 1.091067850917041e-20
 4.063394543255059e-14
 1.072477708361621e-20
 2.359895247092502e-13
 5.471849507102295e-13
 5.541949523583932e-15
 3.372991316914925e-11
 1.547616750380325e-12
 3.984685377167877e-14
 1.896708093390247e-18
 3.40235924578687e-10
 8.923218865653158e-11
 1.696903310545785e-16
 5.482248580621275e-12
 8.065097210187048e-11
 7.309095859102827e-12
 2.476206047946123e-08
 7.030634158339111e-10
 5.74132354200265e-11
 2.067289395144533e-17
 3.598490245432408e-08
 6.003227869417617e-07
 1.696903310545785e-16
 1.794478769332722e-09
 3.771955149614615e-09
 8.226875143626681e-09
 1.562715002316029e-05
 7.030634158339111e-10
 5.74132354200265e-11
 4.25981123846519e-16
 3.598490245432408e-08
 0.0001708027611218056
 1.696903310545785e-16
 8.202014648991366e-07
 7.88441442237798e-07
 3.19713636397991e-06
 0.002613934926764993
 1.652028929260292e-08
 3.686855774411142e-09
 2.29403587623892e-14
 3.598490245432408e-08
 0.009181960273751077
 1.234678012068849e-13
 8.202014648991366e-07
 7.88441442237798e-07
 0.0002657924853318267
 0.002613934926764993
 8.893697586425817e-07
 3.686855774411142e-09
 1.206031306542827e-13
 3.598490245432408e-08
 0.009181960273751077
 5.410191575951746e-09
 1.641432566842359e-05
 7.88441442237798e-07
 0.0002657924853318267
 0.002613934926764993
 8.893697586425817e-07
 3.686855774411142e-09
 2.959673307037926e-11
 2.013808797516672e-06
 0.009181960273751077
 8.511310310070645e-08
 1.641432566842359e-05
 1.728516743972794e-05
 0.0002657924853318267
 0.002613934926764993
 3.270066485458964e-05
 6.813178676479645e-08
 2.959673307037926e-11
 2.013808797516672e-06
 0.009181960273751077
 8.511310310070645e-08
 0.002613934926764993
 7.88441442237798e-07
 0.0001665418711953702
 0.002613934926764993
 0.000485774608049713
 2.061396911473089e-08
 1.343955116576302e-06
 2.013808797516672e-06
 0.009181960273751077
 2.868026637187739e-05
 0.002613934926764993
 1.728516743972794e-05
 0.0001665418711953702
 0.002613934926764993
 0.009181960273751077
 2.061396911473089e-08
 1.343955116576302e-06
 1.976464618541072e-05
 0.009181960273751077
 2.868026637187739e-05
 0.002613934926764993
 1.728516743972794e-05
 0.0001665418711953702
 0.002613934926764993
 0.009181960273751077
 2.061396911473089e-08
 1.343955116576302e-06
 1.976464618541072e-05
 0.009181960273751077
 2.868026637187739e-05
 0.002613934926764993
 1.728516743972794e-05
 0.0001665418711953702
 0
 0.009181960273751077
 2.061396911473089e-08
 1.343955116576302e-06
 1.976464618541072e-05
 0
 2.868026637187739e-05
 0.002613934926764993
 1.728516743972794e-05
 0
 0
 0.009181960273751077
 2.061396911473089e-08
 1.343955116576302e-06
 1.976464618541072e-05
 0
 0.0008721519099224686
 0.002613934926764993
 1.728516743972794e-05
 0
 0
 0.009181960273751077
 5.13011325333686e-06
 0.0005568320055899986
 1.976464618541072e-05
 0
 0.0008721519099224686
 0.002613934926764993
 1.728516743972794e-05
 0
 0
 0.009181960273751077
 5.13011325333686e-06
 0.0005568320055899986
 1.976464618541072e-05
 0
 0.0008721519099224686
 0
 1.728516743972794e-05
 0
 0
 0.009181960273751077
 0.002613934926764993
 0.0005568320055899986
 2.548916339142643e-05
 0
 0.0008721519099224686
 0
 0
 0
 0
 0
 0.002613934926764993
 0.0005568320055899986
 2.548916339142643e-05
 0
 0.0008721519099224686
 0
 0
 0
 0
 0
 0.002613934926764993
 0.0005568320055899986
 2.548916339142643e-05
 0
 0.0008721519099224686
 0
 0
 0
 0
 0
 0.002613934926764993
 0.0005568320055899986
 2.548916339142643e-05
 0
 0.001076846776400827
 0
 0
 0
 0
 0
 0.002613934926764993
 0.0005568320055899986
 2.548916339142643e-05
 0
 0.001076846776400827
 0
 0
 0
 0
 0
 0.002613934926764993
 0
 2.548916339142643e-05
 0
 0.001076846776400827
 0
 0
 0
 0
 0
 0.002613934926764993
 0
 2.548916339142643e-05
 0
 0.001076846776400827
 0
 0
 0
 0
 0
 0
 0
 0
 0
 0.001076846776400827
 0
 0
 0
 0
 0
 0
 0
 0
 0
 0.001076846776400827
 0
 0
 0
 0
 0
 0
 0
 0
 0
 0.001076846776400827
 0
 0
 0
 0
 0
 0
 0
 0
 0
 0
 0
 0
 0
 0
 0
 0
 0
 0
 0
 0
 0
 0
 0
 0
 0
 0
 0
 0
 0
 0
 0
 0
 0
 0
 0
 0
 0
 0
 0
 0
 0
 0
 0
 0
 0
 0
 0
 0
 0
 0
 0
 0
 0
