# Created by Octave 3.2.4, Tue Feb 05 12:47:49 2013 EST <rbom@zaphod>
# name: small_First_Fit
# type: matrix
# ndims: 3
 1 10 30
 5.35898770266626e-22
 1.45638812530966e-15
 3.146548953198042e-17
 6.22968419276852e-13
 1.987351757309165e-15
 7.608176859531396e-13
 6.648473621826934e-18
 4.481508126630472e-17
 1.730057861482093e-13
 8.091291928730106e-17
 1.081192878042094e-13
 6.584068919251898e-13
 1.091975240937325e-15
 6.22968419276852e-13
 2.101939374486965e-13
 3.232583526447991e-10
 1.778173432335222e-16
 2.026548432818737e-14
 1.444231925207418e-09
 1.236307503325769e-13
 1.143528243137999e-11
 4.246853957534217e-11
 1.091975240937325e-15
 2.810271576039026e-10
 2.101939374486965e-13
 1.904555153161413e-08
 1.205786771626775e-14
 5.198870650001666e-13
 1.016531992525474e-06
 1.236307503325769e-13
 8.164607060034269e-09
 7.763341854359101e-10
 1.091975240937325e-15
 3.147703131833515e-07
 2.101939374486965e-13
 2.490085332934069e-05
 8.243555932415609e-13
 5.198870650001666e-13
 0.0006202689427170114
 1.259522594029125e-10
 2.113306130858507e-07
 3.454837021374565e-08
 1.091975240937325e-15
 3.147703131833515e-07
 2.101939374486965e-13
 2.490085332934069e-05
 1.146736942682273e-11
 3.656624009138295e-10
 0.0006202689427170114
 4.502737185846326e-09
 0.0002123422541766949
 3.454837021374565e-08
 1.534457808379513e-12
 0.0001638251059039604
 5.222716183663524e-10
 0.0003288276691437036
 1.146736942682273e-11
 1.432196664843309e-07
 0.004049826613365325
 8.562385878565814e-08
 0.0002123422541766949
 3.454837021374565e-08
 1.534457808379513e-12
 0.0001638251059039604
 2.245277104314427e-07
 0.0003288276691437036
 7.839832808716751e-10
 1.432196664843309e-07
 0.006686018282254233
 8.562385878565814e-08
 0.0002123422541766949
 3.454837021374565e-08
 1.157338479052359e-07
 0.0001638251059039604
 3.020654418412943e-07
 0.0003288276691437036
 5.863660683585044e-05
 9.765011844730392e-06
 0.006686018282254233
 1.54764221760343e-06
 0.0002123422541766949
 3.454837021374565e-08
 3.047566295092814e-06
 0.0001638251059039604
 3.020654418412943e-07
 0.0003288276691437036
 5.863660683585044e-05
 9.765011844730392e-06
 0.004049826613365325
 1.54764221760343e-06
 0.0002123422541766949
 3.454837021374565e-08
 3.047566295092814e-06
 0.0001638251059039604
 0.001032795348689464
 0.0003288276691437036
 5.863660683585044e-05
 9.765011844730392e-06
 0.004049826613365325
 1.54764221760343e-06
 0.0008912359017754222
 3.653952058197392e-06
 3.047566295092814e-06
 0.0001638251059039604
 0.004049826613365325
 0.0003288276691437036
 5.863660683585044e-05
 9.765011844730392e-06
 0.004049826613365325
 1.54764221760343e-06
 0.0008912359017754222
 3.653952058197392e-06
 3.047566295092814e-06
 0.0001638251059039604
 0.004049826613365325
 0.0003288276691437036
 5.863660683585044e-05
 0.001032795348689464
 0.004049826613365325
 0.0001248419278018343
 0.0002123422541766949
 3.653952058197392e-06
 3.047566295092814e-06
 0
 0.004049826613365325
 0
 5.863660683585044e-05
 0.001032795348689464
 0.004049826613365325
 0.0001248419278018343
 0.0002123422541766949
 3.653952058197392e-06
 3.047566295092814e-06
 0
 0.004049826613365325
 0
 5.863660683585044e-05
 0.001032795348689464
 0
 0.0001248419278018343
 0.0002123422541766949
 3.653952058197392e-06
 3.047566295092814e-06
 0
 0.004049826613365325
 0
 0
 0.001032795348689464
 0
 0.0001248419278018343
 0.0002123422541766949
 3.653952058197392e-06
 0
 0
 0.004049826613365325
 0
 0
 0.004049826613365325
 0
 0.0001248419278018343
 0.0002123422541766949
 3.653952058197392e-06
 0
 0
 0.004049826613365325
 0
 0
 0.004049826613365325
 0
 0.0001248419278018343
 0
 0
 0
 0
 0
 0
 0
 0.004049826613365325
 0
 0.0001248419278018343
 0
 0
 0
 0
 0
 0
 0
 0.004049826613365325
 0
 0
 0
 0
 0
 0
 0
 0
 0
 0.004049826613365325
 0
 0
 0
 0
 0
 0
 0
 0
 0
 0.004049826613365325
 0
 0
 0
 0
 0
 0
 0
 0
 0
 0.004049826613365325
 0
 0
 0
 0
 0
 0
 0
 0
 0
 0
 0
 0
 0
 0
 0
 0
 0
 0
 0
 0
 0
 0
 0
 0
 0
 0
 0
 0
 0
 0
 0
 0
 0
 0
 0
 0
 0
 0
 0
 0
 0
 0
 0
 0
 0
 0
 0
 0
 0
 0
 0
 0
 0
 0
 0
 0
 0
 0
 0
 0
 0
 0
 0
 0
 0
 0
 0
 0
 0
 0
 0
 0
 0
 0
 0
 0
 0
 0
 0
 0
 0
 0
