# Created by Octave 3.2.4, Tue Feb 05 12:41:22 2013 EST <rbom@zaphod>
# name: small_First_Fit
# type: matrix
# ndims: 3
 1 10 30
 1.037587224844254e-19
 9.03171249633994e-16
 1.154883529175196e-14
 1.620464753020174e-17
 3.223975349909424e-13
 4.351839380288475e-16
 4.234688863725822e-16
 5.450237036466772e-16
 9.834063232056008e-18
 1.178722939172112e-20
 7.864761411355991e-15
 1.346865768608001e-11
 7.487321258976976e-10
 8.488380689280582e-10
 1.073058286655327e-10
 1.724595748692202e-13
 3.3745500336835e-08
 5.450237036466772e-16
 3.506522437642034e-12
 2.700023399247922e-14
 1.133756968156006e-10
 1.696144969766125e-09
 2.690540985310387e-08
 1.122252073311207e-07
 1.244606462313017e-08
 1.724595748692202e-13
 3.3745500336835e-08
 1.651498384980766e-15
 5.288118898864447e-09
 7.693248061947808e-11
 3.757639905136166e-08
 1.696144969766125e-09
 3.799962226516312e-08
 1.786624667960948e-06
 1.316356837677508e-06
 2.318609668732924e-10
 3.3745500336835e-08
 4.135206960958454e-11
 6.893763670288728e-07
 1.046617982839943e-07
 3.757639905136166e-08
 1.696144969766125e-09
 3.799962226516312e-08
 1.217541850703588e-05
 1.316356837677508e-06
 2.318609668732924e-10
 2.829731781160615e-06
 4.269461234684834e-09
 0.0001602743972954761
 1.046617982839943e-07
 3.757639905136166e-08
 1.696144969766125e-09
 3.799962226516312e-08
 6.544768948339904e-05
 6.945585344535614e-05
 3.298877425505464e-08
 0.0002992776273021272
 4.269461234684834e-09
 0.0001602743972954761
 1.046617982839943e-07
 1.461609906343387e-06
 1.696144969766125e-09
 2.845491043823663e-06
 6.544768948339904e-05
 6.945585344535614e-05
 3.298877425505464e-08
 0.0002992776273021272
 2.745066160266008e-06
 0.0001602743972954761
 1.046617982839943e-07
 8.087405818779616e-06
 1.696144969766125e-09
 2.845491043823663e-06
 0.000931055681413544
 6.945585344535614e-05
 3.298877425505464e-08
 0.0002992776273021272
 2.745066160266008e-06
 0.0001602743972954761
 1.216398652583829e-05
 0.000311162383940027
 1.696144969766125e-09
 4.019021333418052e-06
 0.000931055681413544
 6.945585344535614e-05
 1.263551787982621e-06
 0.0002992776273021272
 2.745066160266008e-06
 0.0001602743972954761
 8.37025758511868e-05
 0.000311162383940027
 1.696144969766125e-09
 2.845491043823663e-06
 0.000931055681413544
 6.945585344535614e-05
 1.263551787982621e-06
 0.0002992776273021272
 2.745066160266008e-06
 0.0294964798581882
 8.37025758511868e-05
 0.000311162383940027
 0
 2.845491043823663e-06
 0.001025287179624196
 6.945585344535614e-05
 1.263551787982621e-06
 0.0002992776273021272
 2.745066160266008e-06
 0.0294964798581882
 8.37025758511868e-05
 0.0294964798581882
 0
 4.019021333418052e-06
 0.001025287179624196
 6.945585344535614e-05
 1.263551787982621e-06
 0.0002992776273021272
 2.745066160266008e-06
 0.0294964798581882
 8.37025758511868e-05
 0.0294964798581882
 0
 4.019021333418052e-06
 0.001025287179624196
 0
 0.0002946478451789462
 0
 2.745066160266008e-06
 0.0294964798581882
 8.37025758511868e-05
 0.0294964798581882
 0
 4.019021333418052e-06
 0.001025287179624196
 0
 0.0002946478451789462
 0
 0
 0.0294964798581882
 0.000931055681413544
 0.0294964798581882
 0
 4.019021333418052e-06
 0.001025287179624196
 0
 0.0002946478451789462
 0
 0
 0.0294964798581882
 0.000931055681413544
 0.0294964798581882
 0
 2.845491043823663e-06
 0.001025287179624196
 0
 0.0002946478451789462
 0
 0
 0.0294964798581882
 0.001025287179624196
 0.0294964798581882
 0
 4.019021333418052e-06
 0.001025287179624196
 0
 0.0294964798581882
 0
 0
 0
 0.001025287179624196
 0.0294964798581882
 0
 4.019021333418052e-06
 0
 0
 0.0294964798581882
 0
 0
 0
 0.001025287179624196
 0
 0
 4.019021333418052e-06
 0
 0
 0.0294964798581882
 0
 0
 0
 0.001025287179624196
 0
 0
 4.019021333418052e-06
 0
 0
 0.0294964798581882
 0
 0
 0
 0.001025287179624196
 0
 0
 4.019021333418052e-06
 0
 0
 0.0294964798581882
 0
 0
 0
 0.001025287179624196
 0
 0
 4.019021333418052e-06
 0
 0
 0.0294964798581882
 0
 0
 0
 0.001025287179624196
 0
 0
 0.0004023407464520293
 0
 0
 0.0294964798581882
 0
 0
 0
 0
 0
 0
 0.0004023407464520293
 0
 0
 0
 0
 0
 0
 0
 0
 0
 0.0004023407464520293
 0
 0
 0
 0
 0
 0
 0
 0
 0
 0.0004023407464520293
 0
 0
 0
 0
 0
 0
 0
 0
 0
 0.0294964798581882
 0
 0
 0
 0
 0
 0
 0
 0
 0
 0.0294964798581882
 0
 0
 0
 0
 0
 0
 0
 0
 0
 0.0294964798581882
 0
 0
 0
 0
 0
 0
 0
 0
 0
 0.0294964798581882
 0
 0
 0
 0
 0
 0
 0
