# Created by Octave 3.2.4, Tue Feb 05 21:52:30 2013 EST <rbom@zaphod>
# name: small_First_Fit
# type: matrix
# ndims: 3
 1 10 30
 6.016776554284375e-14
 5.524032977690433e-16
 3.912315160578405e-12
 6.236606513560649e-18
 1.699672478531485e-13
 6.069078448368683e-15
 1.149872519454581e-12
 1.5794802415281e-11
 1.326953946030582e-11
 9.273005748347377e-17
 8.309435907212457e-12
 8.339004122537948e-11
 5.547095058178966e-10
 5.86648408600495e-16
 6.461087792862623e-11
 7.641178906858876e-13
 4.182274128678327e-09
 1.289510784129366e-10
 2.203113199771864e-09
 1.239224704724527e-13
 3.213840689300957e-08
 8.926049350267247e-08
 5.222517731596685e-09
 1.903622847984678e-11
 4.418195019899441e-09
 7.641178906858876e-13
 3.819667517353779e-07
 1.767476912577476e-10
 2.203113199771864e-09
 5.942838308081941e-12
 3.213840689300957e-08
 1.062480555707113e-05
 6.628545289939528e-08
 7.014464114198598e-11
 1.072123910549697e-07
 4.986496236977873e-10
 3.782568163409735e-06
 5.718632826514968e-09
 2.203113199771864e-09
 4.06562700505073e-10
 3.213840689300957e-08
 0.0005980623025217475
 6.628545289939528e-08
 2.33255589634178e-08
 1.072123910549697e-07
 7.248044297605354e-09
 3.782568163409735e-06
 1.085055095364934e-06
 5.645278092031954e-07
 6.242168364575609e-09
 3.213840689300957e-08
 0.0005980623025217475
 6.628545289939528e-08
 7.913508376517754e-06
 1.072123910549697e-07
 2.278977885716999e-08
 1.108746330644577e-05
 1.085055095364934e-06
 2.155873535193425e-05
 1.295109373538823e-08
 3.213840689300957e-08
 0.0005980623025217475
 6.628545289939528e-08
 0.0007451393685526592
 8.924394027222367e-05
 2.278977885716999e-08
 1.108746330644577e-05
 1.085055095364934e-06
 2.155873535193425e-05
 3.814218197385949e-08
 2.197943127890546e-06
 0.0005980623025217475
 6.628545289939528e-08
 0.02333850444383482
 8.924394027222367e-05
 4.304202150708715e-07
 0.0007451393685526592
 9.015056351659628e-05
 2.155873535193425e-05
 1.431846824871197e-07
 1.089972307899996e-05
 0.0005980623025217475
 0.001706765765897448
 0.02333850444383482
 8.924394027222367e-05
 3.388048955711212e-05
 0.0007451393685526592
 9.015056351659628e-05
 2.155873535193425e-05
 3.83218082684033e-07
 0.0007451393685526592
 0.0005980623025217475
 0.001706765765897448
 0.02333850444383482
 0.02333850444383482
 3.388048955711212e-05
 0.0007451393685526592
 9.015056351659628e-05
 2.155873535193425e-05
 2.620763354134742e-05
 0.02333850444383482
 0.0005980623025217475
 0.001706765765897448
 0.02333850444383482
 0.02333850444383482
 0.001032796264947651
 0.02333850444383482
 9.015056351659628e-05
 2.155873535193425e-05
 2.620763354134742e-05
 0.02333850444383482
 0
 0.001706765765897448
 0.02333850444383482
 0.02333850444383482
 0.001032796264947651
 0.02333850444383482
 9.015056351659628e-05
 3.79134173234763e-05
 0.0007451393685526592
 0.02333850444383482
 0
 0.001706765765897448
 0.02333850444383482
 0.02333850444383482
 0.001032796264947651
 0.02333850444383482
 0.001032796264947651
 5.267818514720854e-05
 0.0007451393685526592
 0.02333850444383482
 0
 0.001706765765897448
 0.02333850444383482
 0.02333850444383482
 0.001032796264947651
 0.02333850444383482
 0.001032796264947651
 5.267818514720854e-05
 0.0007451393685526592
 0.02333850444383482
 0
 0.001706765765897448
 0
 0.02333850444383482
 0.001032796264947651
 0.02333850444383482
 0.003464055546279569
 5.267818514720854e-05
 0.02333850444383482
 0.02333850444383482
 0
 0
 0
 0.02333850444383482
 0.003464055546279569
 0.02333850444383482
 0.003464055546279569
 5.267818514720854e-05
 0.02333850444383482
 0.02333850444383482
 0
 0
 0
 0
 0.003464055546279569
 0.02333850444383482
 0.003464055546279569
 5.267818514720854e-05
 0.02333850444383482
 0
 0
 0
 0
 0
 0.005032979860666074
 0
 0.003464055546279569
 5.267818514720854e-05
 0.02333850444383482
 0
 0
 0
 0
 0
 0.005032979860666074
 0
 0.003464055546279569
 5.267818514720854e-05
 0.02333850444383482
 0
 0
 0
 0
 0
 0.005032979860666074
 0
 0.003464055546279569
 0
 0.02333850444383482
 0
 0
 0
 0
 0
 0.005032979860666074
 0
 0.003464055546279569
 0
 0.02333850444383482
 0
 0
 0
 0
 0
 0.005032979860666074
 0
 0
 0
 0
 0
 0
 0
 0
 0
 0.005032979860666074
 0
 0
 0
 0
 0
 0
 0
 0
 0
 0.005032979860666074
 0
 0
 0
 0
 0
 0
 0
 0
 0
 0
 0
 0
 0
 0
 0
 0
 0
 0
 0
 0
 0
 0
 0
 0
 0
 0
 0
 0
 0
 0
 0
 0
 0
 0
 0
 0
 0
 0
 0
 0
 0
 0
 0
 0
 0
 0
 0
 0
 0
 0
 0
 0
 0
 0
 0
 0
 0
 0
 0
 0
 0
 0
 0
 0
