# Created by Octave 3.2.4, Tue Feb 05 10:28:36 2013 EST <rbom@zaphod>
# name: small_First_Fit
# type: matrix
# ndims: 3
 1 10 30
 8.394334492348792e-14
 7.392184028389055e-13
 2.749543604092039e-14
 6.580765046885614e-09
 2.577290361897993e-14
 5.110974769676041e-10
 2.927909345713439e-10
 3.990950578926488e-14
 1.73881738323624e-11
 6.236658132597012e-11
 1.129722712534022e-10
 2.032656160763453e-11
 3.387205883947553e-11
 1.732765273605859e-07
 1.228760014724519e-11
 2.640642459455335e-08
 8.045333008654468e-08
 3.050483163554229e-12
 6.167305939631862e-07
 7.695985642226795e-08
 3.146281128762938e-09
 2.001682111653754e-09
 9.70695583026878e-10
 4.157113209090709e-07
 6.23512992660589e-10
 2.640642459455335e-08
 1.774575861889169e-06
 9.201025109701529e-11
 1.092103928153201e-05
 4.244928872211116e-05
 1.072569811467325e-07
 8.642909039441946e-08
 2.605332110177252e-08
 9.107880519035149e-06
 5.085507356333563e-09
 4.627539101432082e-07
 1.774575861889169e-06
 4.976074509709429e-08
 1.092103928153201e-05
 4.244928872211116e-05
 1.748077097197998e-05
 2.280317708910229e-06
 6.48232763307579e-07
 1.217321125961478e-05
 5.085507356333563e-09
 4.69977091781343e-06
 8.651001443743233e-06
 2.535415011064376e-06
 1.092103928153201e-05
 4.244928872211116e-05
 0.0002786015535364551
 2.280317708910229e-06
 1.571894673380033e-06
 2.514825689751899e-05
 5.085507356333563e-09
 1.195770129672736e-05
 8.651001443743233e-06
 2.535415011064376e-06
 1.092103928153201e-05
 0.0004212643778967686
 0.0002786015535364551
 8.897787256200181e-06
 1.90687948855736e-05
 8.357184632986137e-05
 4.701643275325303e-06
 0.000283807944474734
 0.0001760659252871003
 2.535415011064376e-06
 1.092103928153201e-05
 0.0004212643778967686
 0.0002786015535364551
 8.897787256200181e-06
 0.0001459895274674616
 8.357184632986137e-05
 4.701643275325303e-06
 0.000283807944474734
 0.00101715932833471
 2.535415011064376e-06
 1.092103928153201e-05
 0.0004212643778967686
 0.001512104693414868
 2.172592999508614e-05
 0.001745369743272532
 0.0001677862392739292
 1.395161128477339e-05
 0.000283807944474734
 0.002134120374956598
 2.535415011064376e-06
 3.589676063580307e-05
 0.0004212643778967686
 0.001512104693414868
 2.172592999508614e-05
 0.001745369743272532
 0.0001677862392739292
 5.341274840836372e-06
 0.000283807944474734
 0.002134120374956598
 8.848861017467518e-06
 3.589676063580307e-05
 0.0004212643778967686
 0.001745369743272532
 2.172592999508614e-05
 0.001881514027055686
 0.002134120374956598
 0.0001150809402116316
 0.000283807944474734
 0.002134120374956598
 0.000106539114543248
 3.589676063580307e-05
 0.0004212643778967686
 0.001512104693414868
 2.172592999508614e-05
 0.001881514027055686
 0.002134120374956598
 0.0001150809402116316
 0.000283807944474734
 0.002134120374956598
 0.000106539114543248
 4.111902881811927e-05
 0.0004212643778967686
 0.001512104693414868
 2.172592999508614e-05
 0.001745369743272532
 0.002134120374956598
 0.0001440509948059704
 0.000283807944474734
 0.002134120374956598
 0.000106539114543248
 4.111902881811927e-05
 0
 0.001712556364063526
 2.172592999508614e-05
 0.001881514027055686
 0.002134120374956598
 0.0001150809402116316
 0
 0.002134120374956598
 0.000106539114543248
 3.589676063580307e-05
 0
 0.001512104693414868
 5.946083474973067e-05
 0.001745369743272532
 0.002134120374956598
 0.0001150809402116316
 0
 0.002134120374956598
 0.000106539114543248
 3.589676063580307e-05
 0
 0.001512104693414868
 5.946083474973067e-05
 0.001745369743272532
 0.002134120374956598
 0.0001440509948059704
 0
 0
 0.000106539114543248
 0.002134120374956598
 0
 0.001512104693414868
 5.946083474973067e-05
 0.001745369743272532
 0.002134120374956598
 0.0001150809402116316
 0
 0
 0.000106539114543248
 0.002134120374956598
 0
 0.001512104693414868
 0.0002846732583920591
 0.001745369743272532
 0
 0.000284530391948541
 0
 0
 0
 0.002134120374956598
 0
 0.001745369743272532
 0.0003944089443578542
 0.001745369743272532
 0
 0.000284530391948541
 0
 0
 0
 0.002134120374956598
 0
 0.001712556364063526
 0.0003944089443578542
 0.001745369743272532
 0
 0.000284530391948541
 0
 0
 0
 0.002134120374956598
 0
 0.001712556364063526
 0.0003944089443578542
 0
 0
 0.000284530391948541
 0
 0
 0
 0.002134120374956598
 0
 0.001745369743272532
 0.0003944089443578542
 0
 0
 0.000284530391948541
 0
 0
 0
 0.002134120374956598
 0
 0.001745369743272532
 0.0003944089443578542
 0
 0
 0.000284530391948541
 0
 0
 0
 0
 0
 0.001512104693414868
 0.0003944089443578542
 0
 0
 0.000284530391948541
 0
 0
 0
 0
 0
 0.001745369743272532
 0.0003944089443578542
 0
 0
 0
 0
 0
 0
 0
 0
 0.001745369743272532
 0
 0
 0
 0
 0
 0
 0
 0
 0
 0.001745369743272532
 0
 0
 0
 0
 0
 0
 0
 0
 0
 0.001745369743272532
 0
 0
 0
 0
 0
 0
 0
 0
 0
 0.001745369743272532
 0
 0
 0
 0
 0
 0
 0
 0
 0
 0.001745369743272532
 0
 0
 0
 0
 0
 0
 0
 0
 0
