# Created by Octave 3.2.4, Thu Feb 07 10:13:34 2013 EST <rbom@zaphod>
# name: small_First_Fit
# type: matrix
# ndims: 3
 1 10 30
 1.638204987144859e-11
 1.018144753715425e-10
 3.054121505386913e-10
 1.805429945725724e-07
 5.066448845153982e-11
 2.059261741021632e-12
 1.55357263166376e-08
 4.376408727126915e-12
 0.0006824215953977917
 1.837091775247357e-09
 5.943884352418592e-08
 1.872612820142051e-07
 1.197831578379765e-06
 5.258375037957341e-06
 3.793259172674857e-09
 1.406005376746097e-09
 4.795987077853368e-07
 1.286370254547958e-09
 0.0006824215953977917
 4.950448083495092e-05
 5.943884352418592e-08
 0.0003410729898134123
 2.801708061034845e-05
 5.258375037957341e-06
 1.510574323661544e-07
 1.042061135663026e-07
 4.795987077853368e-07
 1.286370254547958e-09
 0.0006824215953977917
 0.00037459050552028
 6.091313456384982e-07
 0.01012506422615925
 2.801708061034845e-05
 3.56143112398007e-05
 4.527591346401743e-07
 3.403464702366347e-06
 5.405651247256531e-07
 8.733946019856351e-07
 0.005991586610310343
 0.0003922791947858939
 6.091313456384982e-07
 0.01012506422615925
 0.0004284280994923983
 6.639863787820063e-05
 1.604015071718888e-05
 3.403464702366347e-06
 4.795987077853368e-07
 8.733946019856351e-07
 0.005991586610310343
 0.0003922791947858939
 6.62024356517685e-07
 0.01012506422615925
 0.0004596599967384521
 0.0001218741112221962
 1.604015071718888e-05
 2.084312633578795e-05
 1.163231832558479e-05
 7.698766815167452e-05
 0.005991586610310343
 0.0003922791947858939
 6.62024356517685e-07
 0.01012506422615925
 0.001238824322423673
 0.0004217132169761731
 9.137698101925276e-05
 2.615137889835983e-05
 0.0008574036688351396
 7.698766815167452e-05
 0.005991586610310343
 0.00037459050552028
 6.62024356517685e-07
 0.04264398787047027
 0.001238824322423673
 0.0004926120756552906
 9.137698101925276e-05
 2.615137889835983e-05
 0.0008574036688351396
 7.698766815167452e-05
 0.04170999396538069
 0.005991586610310343
 6.62024356517685e-07
 0.04264398787047027
 0.0004596599967384521
 0.0004926120756552906
 9.137698101925276e-05
 2.084312633578795e-05
 0.00144452100289583
 0.0004486253631980932
 0.04170999396538069
 0.007881940035995447
 2.849524673033116e-06
 0.04264398787047027
 0.0004596599967384521
 0.0004926120756552906
 9.137698101925276e-05
 4.990693514983721e-05
 0.0008574036688351396
 0.001421787941509906
 0.005991586610310343
 0.007881940035995447
 4.335919426609408e-05
 0.04264398787047027
 0.0004284280994923983
 0.0002265217881995745
 0.001310109329302847
 0.0001715740614260944
 0.0008574036688351396
 0.03144448799164108
 0.005991586610310343
 0.007881940035995447
 0.002907109012844547
 0.04264398787047027
 0.001238824322423673
 0.0002265217881995745
 0.003907499362974722
 0.000300578161784613
 0.0008574036688351396
 0.05062590877525492
 0.005991586610310343
 0.007881940035995447
 0.002907109012844547
 0.05062590877525492
 0.001238824322423673
 0.0002265217881995745
 0.003907499362974722
 0.000300578161784613
 0.0008574036688351396
 0.05062590877525492
 0.005991586610310343
 0.04170999396538069
 0.007881940035995447
 0.04264398787047027
 0.001238824322423673
 0.0002265217881995745
 0.003907499362974722
 0.000300578161784613
 0.00144452100289583
 0.05062590877525492
 0.04170999396538069
 0.04170999396538069
 0.007881940035995447
 0.04264398787047027
 0.001238824322423673
 0
 0.003907499362974722
 0.000300578161784613
 0.0008574036688351396
 0.05062590877525492
 0.04170999396538069
 0.05062590877525492
 0.02028939814998381
 0.04264398787047027
 0.001238824322423673
 0
 0.003907499362974722
 0.003208277765227823
 0.00144452100289583
 0.05062590877525492
 0.04170999396538069
 0.04170999396538069
 0.02028939814998381
 0.05062590877525492
 0.001238824322423673
 0
 0.05062590877525492
 0.003208277765227823
 0.00144452100289583
 0.05062590877525492
 0.05062590877525492
 0.04170999396538069
 0.05062590877525492
 0.05062590877525492
 0.02028939814998381
 0
 0.05062590877525492
 0.04170999396538069
 0.00144452100289583
 0.05062590877525492
 0.04170999396538069
 0.04170999396538069
 0.05062590877525492
 0.05062590877525492
 0.02028939814998381
 0
 0.05062590877525492
 0.04170999396538069
 0.00144452100289583
 0
 0.05062590877525492
 0.04170999396538069
 0.02028939814998381
 0.04264398787047027
 0.02028939814998381
 0
 0.05062590877525492
 0.04170999396538069
 0.00144452100289583
 0
 0.05062590877525492
 0.05062590877525492
 0.02028939814998381
 0.05062590877525492
 0.05062590877525492
 0
 0.05062590877525492
 0.04170999396538069
 0.00144452100289583
 0
 0.05062590877525492
 0.04170999396538069
 0.02028939814998381
 0.05062590877525492
 0.05062590877525492
 0
 0.05062590877525492
 0.04170999396538069
 0.00144452100289583
 0
 0.05062590877525492
 0.04170999396538069
 0.05062590877525492
 0.05062590877525492
 0.02028939814998381
 0
 0.05062590877525492
 0.04170999396538069
 0
 0
 0.04170999396538069
 0.04170999396538069
 0.05062590877525492
 0.05062590877525492
 0.02028939814998381
 0
 0
 0.04170999396538069
 0
 0
 0.04170999396538069
 0.05062590877525492
 0.05062590877525492
 0.05062590877525492
 0.02028939814998381
 0
 0
 0
 0
 0
 0.04170999396538069
 0.04170999396538069
 0.05062590877525492
 0.05062590877525492
 0.02028939814998381
 0
 0
 0
 0
 0
 0
 0.04170999396538069
 0.05062590877525492
 0.05062590877525492
 0.05062590877525492
 0
 0
 0
 0
 0
 0
 0.04170999396538069
 0.05062590877525492
 0
 0.05062590877525492
 0
 0
 0
 0
 0
 0
 0.05062590877525492
 0.05062590877525492
 0
 0.05062590877525492
 0
 0
 0
 0
 0
 0
 0.05062590877525492
 0
 0
 0.05062590877525492
 0
 0
 0
 0
 0
 0
 0.05062590877525492
