# Created by Octave 3.2.4, Wed Feb 06 07:41:43 2013 EST <rbom@zaphod>
# name: small_First_Fit
# type: matrix
# ndims: 3
 1 10 30
 3.53262919861635e-13
 2.01910184189966e-12
 5.355246834998075e-12
 6.251607414703727e-14
 1.404656467801761e-11
 2.648272341862903e-11
 2.565490558922651e-11
 3.438555651813439e-13
 1.975757180129159e-07
 2.398132797940537e-10
 2.080700652290852e-10
 2.01910184189966e-12
 1.699405603381205e-10
 5.483219771158987e-11
 4.92295407418671e-11
 1.856973954108826e-07
 1.347186092192474e-08
 3.624767405674556e-09
 2.978127719676321e-05
 1.407209635969246e-08
 5.035244538053225e-08
 1.252749115261855e-09
 2.027928205890535e-09
 3.605301601074129e-08
 1.550884575919713e-08
 1.856973954108826e-07
 1.823208769235295e-08
 2.747702406060319e-08
 0.0007873968562475554
 1.153539122439369e-06
 1.553131721061687e-06
 8.188519483312196e-08
 4.635129780629708e-07
 2.02777596989897e-05
 1.550884575919713e-08
 7.590994157125681e-07
 1.347186092192474e-08
 2.747702406060319e-08
 0.0007873968562475554
 5.335979554556512e-05
 1.553131721061687e-06
 4.322346900618e-06
 3.002468892732603e-06
 0.00158435919713767
 9.288460301035044e-08
 1.2096491983003e-05
 1.347186092192474e-08
 1.836547612760861e-06
 0.0007873968562475554
 0.001832768939149715
 3.324100860434468e-06
 4.322346900618e-06
 3.621925061124803e-05
 0.00158435919713767
 1.550884575919713e-08
 0.0004910381908728726
 6.522355471495607e-06
 1.836547612760861e-06
 0.001084927955097422
 0.003888876825966576
 0.0001011533494904296
 5.023422999596032e-06
 0.0001630353693042887
 0.001817082605384837
 9.035671547688521e-08
 0.0004910381908728726
 0.002956813823170358
 1.836547612760861e-06
 0.001771350221825866
 0.003888876825966576
 0.0001011533494904296
 5.023422999596032e-06
 0.001902750437704066
 0.006409192690758978
 9.035671547688521e-08
 0.0004910381908728726
 0.005840201905545564
 0.0004147385700301217
 0.0007873968562475554
 0.003888876825966576
 0.0001011533494904296
 0.003198657101874333
 0.001902750437704066
 0.006409192690758978
 2.799393523242573e-07
 0.001599675051224405
 0.005840201905545564
 0.0004147385700301217
 0.001897614474810238
 0.003888876825966576
 0.0002634615881008383
 0.003198657101874333
 0.005840201905545564
 0.006409192690758978
 2.547373984683966e-07
 0.003264376509403631
 0.005840201905545564
 0.0004147385700301217
 0.001897614474810238
 0.003888876825966576
 0.0002634615881008383
 0.003198657101874333
 0.005840201905545564
 0.006409192690758978
 2.547373984683966e-07
 0.002076980042865753
 0.002956813823170358
 0.0004147385700301217
 0.0007873968562475554
 0.004173146512825753
 0.0002634615881008383
 0.003198657101874333
 0.005840201905545564
 0.006409192690758978
 5.475154298398948e-06
 0.002076980042865753
 0.002956813823170358
 0.0004147385700301217
 0.0007873968562475554
 0.003888876825966576
 0.000250121420811493
 0.003198657101874333
 0.005840201905545564
 0.006409192690758978
 5.475154298398948e-06
 0.007672160630296201
 0.002956813823170358
 0.0004147385700301217
 0.001897614474810238
 0.004173146512825753
 0.000250121420811493
 0.006409192690758978
 0.005840201905545564
 0.006409192690758978
 0.002956813823170358
 0.007672160630296201
 0.002956813823170358
 0.0005570017724923001
 0.001897614474810238
 0.003888876825966576
 0.0002634615881008383
 0.003198657101874333
 0.005840201905545564
 0
 0.002956813823170358
 0.007672160630296201
 0
 0.0005570017724923001
 0.001897614474810238
 0.003888876825966576
 0.0002634615881008383
 0.003198657101874333
 0.005840201905545564
 0
 0.00327509836176798
 0.009366145684814219
 0
 0.0004147385700301217
 0.001897614474810238
 0.003888876825966576
 0.00811802682216217
 0.003198657101874333
 0
 0
 0.00327509836176798
 0.009366145684814219
 0
 0.0004147385700301217
 0.001771350221825866
 0.003888876825966576
 0.008723176743189918
 0.003198657101874333
 0
 0
 0.005840201905545564
 0.009366145684814219
 0
 0.0004147385700301217
 0.007623339436564418
 0.003888876825966576
 0.008723176743189918
 0.003198657101874333
 0
 0
 0.005840201905545564
 0.00811802682216217
 0
 0.0004147385700301217
 0.001771350221825866
 0.004173146512825753
 0.008723176743189918
 0.003198657101874333
 0
 0
 0.005840201905545564
 0.00811802682216217
 0
 0.0004147385700301217
 0.001771350221825866
 0.004173146512825753
 0.008723176743189918
 0
 0
 0
 0.005840201905545564
 0.00811802682216217
 0
 0
 0.001771350221825866
 0.003888876825966576
 0.008723176743189918
 0
 0
 0
 0.005840201905545564
 0.008723176743189918
 0
 0
 0.006409192690758978
 0.003888876825966576
 0.008723176743189918
 0
 0
 0
 0.005840201905545564
 0.008723176743189918
 0
 0
 0.006409192690758978
 0.003888876825966576
 0.008723176743189918
 0
 0
 0
 0.01021923865177429
 0.008723176743189918
 0
 0
 0.007623339436564418
 0.003888876825966576
 0
 0
 0
 0
 0.005840201905545564
 0.008723176743189918
 0
 0
 0.007623339436564418
 0.003888876825966576
 0
 0
 0
 0
 0.005840201905545564
 0.008723176743189918
 0
 0
 0.007623339436564418
 0
 0
 0
 0
 0
 0.005840201905545564
 0.008723176743189918
 0
 0
 0.007623339436564418
 0
 0
 0
 0
 0
 0.005840201905545564
 0.008723176743189918
 0
 0
 0.007623339436564418
 0
 0
 0
 0
 0
 0.005840201905545564
 0
 0
 0
 0.006409192690758978
 0
 0
 0
 0
 0
 0.005840201905545564
 0
 0
 0
 0.006409192690758978
 0
