# Created by Octave 3.2.4, Tue Feb 05 03:14:48 2013 EST <rbom@zaphod>
# name: small_First_Fit
# type: matrix
# ndims: 3
 1 10 30
 2.828085495067845e-15
 1.222389615890101e-10
 6.062351649964685e-12
 4.768505645087e-09
 2.176078606617893e-14
 1.573085924364324e-12
 3.213892348198217e-08
 1.291456608910675e-10
 8.099067856605193e-14
 8.545691887207026e-16
 2.087733317584592e-11
 4.497798523218609e-10
 6.062351649964685e-12
 2.547684982407655e-06
 1.16656679692759e-11
 8.495725620250056e-11
 1.731526520323157e-06
 2.760665525013315e-07
 3.012621596297309e-13
 5.720780093232978e-10
 8.562972810701054e-09
 2.932188805874463e-10
 9.752428157813296e-10
 5.080217871971943e-05
 1.751811778651679e-10
 4.779264631645101e-09
 1.731526520323157e-06
 7.545189422021161e-06
 3.012621596297309e-13
 2.189222621448893e-08
 6.943986793408205e-07
 8.067427240660107e-10
 3.972118549492893e-09
 5.080217871971943e-05
 1.843820182334012e-09
 4.779264631645101e-09
 2.514362493530327e-05
 0.0004008175818056807
 5.644891918429954e-10
 2.189222621448893e-08
 2.442717567063136e-06
 3.611364440531213e-08
 4.187352110168806e-07
 0.001531475236306496
 3.229357574670337e-07
 1.007811922373371e-07
 1.731526520323157e-06
 0.001531475236306496
 3.030948728892031e-08
 5.770299454264422e-07
 1.966787896587813e-05
 3.611364440531213e-08
 4.187352110168806e-07
 0.001531475236306496
 3.229357574670337e-07
 1.007811922373371e-07
 1.731526520323157e-06
 0.005119324607413591
 3.030948728892031e-08
 8.790375956692085e-06
 0.0007804606686323358
 7.822973502995529e-07
 4.187352110168806e-07
 0.003943692707144762
 4.526991843399368e-06
 1.007811922373371e-07
 4.494879321665585e-05
 0.01320059858361115
 8.203959549905711e-07
 0.0002053198060982871
 0.0007804606686323358
 7.822973502995529e-07
 9.308988250768912e-06
 0.003943692707144762
 4.526991843399368e-06
 3.433804909785748e-07
 0.001062990408488457
 0.01320059858361115
 8.203959549905711e-07
 0.002988656612518999
 0.003134094018820835
 2.58812022731492e-06
 0.0001513889779632153
 0.003943692707144762
 4.751878567026859e-06
 3.433804909785748e-07
 0.001062990408488457
 0.005119324607413591
 8.203959549905711e-07
 0.002988656612518999
 0.003134094018820835
 7.822973502995529e-07
 0.003134094018820835
 0.003943692707144762
 4.751878567026859e-06
 2.294412721265097e-05
 0.001062990408488457
 0.01132566035095403
 8.203959549905711e-07
 0.002988656612518999
 0.003134094018820835
 2.58812022731492e-06
 0.004512222657232713
 0.003943692707144762
 4.751878567026859e-06
 7.29227296638883e-05
 0.001062990408488457
 0.005119324607413591
 0.0003483544077160086
 0.002988656612518999
 0.003134094018820835
 2.58812022731492e-06
 0.004512222657232713
 0.003943692707144762
 0.002440318645192317
 7.29227296638883e-05
 0.001062990408488457
 0.005119324607413591
 0.0003483544077160086
 0.002988656612518999
 0.003134094018820835
 2.58812022731492e-06
 0.004512222657232713
 0.003943692707144762
 0.002440318645192317
 7.29227296638883e-05
 0.01320059858361115
 0.01132566035095403
 0.0003483544077160086
 0.002988656612518999
 0.004512222657232713
 2.58812022731492e-06
 0.004512222657232713
 0
 0.002440318645192317
 7.29227296638883e-05
 0.01320059858361115
 0.01320059858361115
 0.0003483544077160086
 0.002988656612518999
 0.01132566035095403
 2.58812022731492e-06
 0.004512222657232713
 0
 0.002440318645192317
 7.29227296638883e-05
 0.01320059858361115
 0.01320059858361115
 0.0003483544077160086
 0
 0.01132566035095403
 2.58812022731492e-06
 0.004512222657232713
 0
 0.004512222657232713
 7.29227296638883e-05
 0.01320059858361115
 0.01320059858361115
 0.002440318645192317
 0
 0.01132566035095403
 8.628047812861888e-06
 0.004512222657232713
 0
 0.004512222657232713
 7.29227296638883e-05
 0.01320059858361115
 0.01320059858361115
 0.002440318645192317
 0
 0.01132566035095403
 8.628047812861888e-06
 0
 0
 0.004512222657232713
 0
 0.01320059858361115
 0.01320059858361115
 0.002440318645192317
 0
 0.01132566035095403
 8.628047812861888e-06
 0
 0
 0.004512222657232713
 0
 0.01320059858361115
 0.01320059858361115
 0.002988656612518999
 0
 0.01132566035095403
 8.628047812861888e-06
 0
 0
 0.004512222657232713
 0
 0
 0.01320059858361115
 0.002988656612518999
 0
 0.01132566035095403
 0.01320059858361115
 0
 0
 0.004512222657232713
 0
 0
 0
 0.004512222657232713
 0
 0
 0.01320059858361115
 0
 0
 0.004512222657232713
 0
 0
 0
 0.002440318645192317
 0
 0
 0.01320059858361115
 0
 0
 0
 0
 0
 0
 0.002988656612518999
 0
 0
 0.01320059858361115
 0
 0
 0
 0
 0
 0
 0.002440318645192317
 0
 0
 0.01320059858361115
 0
 0
 0
 0
 0
 0
 0.004512222657232713
 0
 0
 0.01320059858361115
 0
 0
 0
 0
 0
 0
 0.004512222657232713
 0
 0
 0.01320059858361115
 0
 0
 0
 0
 0
 0
 0.004512222657232713
 0
 0
 0
 0
 0
 0
 0
 0
 0
 0.004512222657232713
 0
 0
 0
 0
 0
 0
 0
 0
 0
 0.004512222657232713
 0
 0
 0
 0
 0
 0
 0
 0
 0
 0.004512222657232713
 0
