# Created by Octave 3.2.4, Tue Feb 05 06:39:22 2013 EST <rbom@zaphod>
# name: small_First_Fit
# type: matrix
# ndims: 3
 1 10 30
 5.2535277113868e-14
 4.514324507802293e-15
 4.870814093722809e-14
 6.051221348481657e-12
 2.954152589618917e-15
 3.657197141237109e-16
 5.194151976762955e-12
 1.849832564283296e-14
 1.651626935425731e-09
 9.720093088245793e-15
 6.564191666525408e-12
 3.311803361613357e-08
 4.870814093722809e-14
 6.051221348481657e-12
 1.907050482840616e-12
 4.495960035206843e-14
 3.121262207508691e-09
 1.904769170882331e-10
 3.785137561423254e-08
 5.856476022965188e-10
 4.456838995515996e-08
 3.311803361613357e-08
 3.099338685622986e-11
 1.161184342163269e-10
 9.954866710427317e-11
 1.433335317640139e-12
 1.908586105046337e-07
 2.428190336810245e-08
 1.763576766082502e-06
 3.020467619283597e-08
 0.000179839756237187
 3.311803361613357e-08
 1.544983586593917e-08
 1.161184342163269e-10
 5.926891688517011e-08
 1.433335317640139e-12
 4.04335876629281e-06
 1.322524579296462e-06
 2.393674496693279e-05
 3.020467619283597e-08
 0.000179839756237187
 3.311803361613357e-08
 2.880108778001806e-07
 1.161184342163269e-10
 5.926891688517011e-08
 5.449554064625271e-10
 0.0001765912704722042
 1.322524579296462e-06
 2.393674496693279e-05
 3.020467619283597e-08
 0.000179839756237187
 4.875941913410586e-07
 7.442770839282132e-06
 1.161184342163269e-10
 5.926891688517011e-08
 1.038119989757758e-07
 0.0001765912704722042
 3.536932911680333e-05
 2.393674496693279e-05
 3.020467619283597e-08
 0.0009549320114801378
 3.311803361613357e-08
 7.442770839282132e-06
 1.630751495503313e-09
 3.178382532135068e-07
 7.071909331323427e-07
 0.0001765912704722042
 3.536932911680333e-05
 2.393674496693279e-05
 3.020467619283597e-08
 0.0009549320114801378
 3.311803361613357e-08
 2.975643869107884e-05
 6.892858092486778e-09
 3.178382532135068e-07
 2.282424158799257e-06
 0.0001765912704722042
 0.0003498328625384129
 2.393674496693279e-05
 3.020467619283597e-08
 0.0009549320114801378
 4.875941913410586e-07
 0.0001071439887544423
 1.860565505069451e-07
 3.774171142087937e-05
 1.475324599958686e-05
 0.0001765912704722042
 0.0003498328625384129
 8.169143773241381e-05
 9.190078363668807e-07
 0.001069964416530923
 6.655839973746375e-07
 0.0001071439887544423
 1.860565505069451e-07
 0.0001411588784539319
 1.475324599958686e-05
 0.0001765912704722042
 0.0003498328625384129
 8.169143773241381e-05
 9.190078363668807e-07
 0.0009549320114801378
 6.655839973746375e-07
 0.0001071439887544423
 1.393715197157011e-06
 0.0001411588784539319
 0.0001807156015471747
 0.0001765912704722042
 0.0003498328625384129
 0.0003498328625384129
 9.190078363668807e-07
 0.0009549320114801378
 9.179997572438732e-06
 0.0001071439887544423
 1.393715197157011e-06
 0.0001411588784539319
 0.001009145532947696
 0
 0.0003498328625384129
 0.001009145532947696
 1.223041526738744e-05
 0.0009549320114801378
 9.179997572438732e-06
 0.0001071439887544423
 1.789610413026185e-06
 0.0001411588784539319
 0.001009145532947696
 0
 0.0003498328625384129
 0.001009145532947696
 1.223041526738744e-05
 0.0009549320114801378
 0.001009145532947696
 0.0001071439887544423
 1.789610413026185e-06
 0.001009145532947696
 0.001009145532947696
 0
 0.0003498328625384129
 0.001009145532947696
 1.223041526738744e-05
 0.0009549320114801378
 0.001009145532947696
 0.0001071439887544423
 1.789610413026185e-06
 0.001009145532947696
 0.001009145532947696
 0
 0
 0.001069964416530923
 8.169143773241381e-05
 0.001009145532947696
 0.001069964416530923
 0
 1.789610413026185e-06
 0.001069964416530923
 0.001009145532947696
 0
 0
 0.001233634025399874
 8.169143773241381e-05
 0.0009549320114801378
 0.001009145532947696
 0
 1.789610413026185e-06
 0.001069964416530923
 0.001009145532947696
 0
 0
 0.001233634025399874
 8.169143773241381e-05
 0.0009549320114801378
 0.001233634025399874
 0
 1.789610413026185e-06
 0.001069964416530923
 0.001069964416530923
 0
 0
 0.001069964416530923
 8.169143773241381e-05
 0.001009145532947696
 0.001009145532947696
 0
 1.789610413026185e-06
 0.001009145532947696
 0.001009145532947696
 0
 0
 0.001069964416530923
 8.169143773241381e-05
 0.001009145532947696
 0.001069964416530923
 0
 0
 0.001009145532947696
 0.001233634025399874
 0
 0
 0.001069964416530923
 8.169143773241381e-05
 0.001009145532947696
 0.001069964416530923
 0
 0
 0.001233634025399874
 0.001009145532947696
 0
 0
 0.001069964416530923
 0.001009145532947696
 0.001009145532947696
 0.001233634025399874
 0
 0
 0.001233634025399874
 0.001233634025399874
 0
 0
 0.001069964416530923
 0.001009145532947696
 0.001009145532947696
 0.001233634025399874
 0
 0
 0.001233634025399874
 0.001233634025399874
 0
 0
 0
 0.001069964416530923
 0.001009145532947696
 0.001233634025399874
 0
 0
 0.001233634025399874
 0.001233634025399874
 0
 0
 0
 0.001069964416530923
 0.001009145532947696
 0.001233634025399874
 0
 0
 0.001233634025399874
 0.001233634025399874
 0
 0
 0
 0.001069964416530923
 0
 0.001233634025399874
 0
 0
 0.001233634025399874
 0.001069964416530923
 0
 0
 0
 0.001233634025399874
 0
 0.001233634025399874
 0
 0
 0.001233634025399874
 0.001069964416530923
 0
 0
 0
 0.001233634025399874
 0
 0.001233634025399874
 0
 0
 0
 0.001069964416530923
 0
 0
 0
 0.001069964416530923
 0
 0
 0
 0
 0
 0
 0
 0
 0
 0.001069964416530923
 0
 0
 0
 0
 0
 0
 0
 0
 0
 0.001069964416530923
