# Created by Octave 3.2.4, Wed Feb 06 01:44:01 2013 EST <rbom@zaphod>
# name: small_First_Fit
# type: matrix
# ndims: 3
 1 10 30
 6.089132782236054e-10
 2.441051855169336e-08
 5.77905181765569e-11
 1.651829526518562e-10
 4.032825898212073e-11
 4.411538930126385e-13
 1.85899153132394e-10
 6.725075076886798e-09
 2.09540029149143e-10
 2.371848591986501e-12
 4.787953481550225e-07
 5.751296441730314e-07
 4.340815662849488e-08
 6.237441089070703e-08
 1.87620543058401e-05
 2.994792618890173e-10
 5.43094090963598e-05
 4.62367272360271e-08
 1.125066206415903e-07
 7.613014951532798e-11
 2.362542168847091e-06
 9.251169023724145e-06
 1.980740568065422e-07
 1.615383538843296e-07
 3.323739409160647e-05
 5.241141712861674e-09
 0.00025952731955884
 2.050166730616567e-07
 1.050953524405471e-07
 1.172346487854923e-09
 1.160767167471638e-05
 9.388801656885896e-05
 7.590410495069323e-07
 1.146661566042603e-05
 0.0009338791543451421
 2.877005121922756e-08
 0.00025952731955884
 2.050166730616567e-07
 2.351142779485319e-06
 3.880603880548998e-08
 1.160767167471638e-05
 9.388801656885896e-05
 9.636550502633295e-06
 0.0001329122391809424
 0.0009338791543451421
 1.118820270648572e-07
 0.00025952731955884
 2.050166730616567e-07
 2.351142779485319e-06
 2.106438340727866e-07
 0.0001213439240718194
 9.388801656885896e-05
 9.636550502633295e-06
 0.0002217969555625776
 0.001628420847123523
 4.575556825670343e-07
 0.0003529655323947029
 4.357499568670079e-07
 2.351142779485319e-06
 1.934096899834603e-06
 0.00132833194601073
 9.388801656885896e-05
 3.596067650307216e-05
 0.005354180185555461
 0.004599003615178398
 4.575556825670343e-07
 0.001344563831507915
 3.596435376398869e-06
 3.350314597990791e-05
 1.025939063390079e-05
 0.00132833194601073
 9.388801656885896e-05
 0.0006934828252253357
 0.005354180185555461
 0.004599003615178398
 4.575556825670343e-07
 0.001344563831507915
 3.596435376398869e-06
 3.350314597990791e-05
 0.0006022306078966368
 0.002807398671677402
 9.388801656885896e-05
 0.0006934828252253357
 0.005354180185555461
 0.004599003615178398
 2.065615730066823e-05
 0.003679790861569508
 5.772234025904662e-05
 3.350314597990791e-05
 0.002918378109826598
 0.00132833194601073
 0.003112009944848811
 0.0006934828252253357
 0.005354180185555461
 0.004599003615178398
 0.000132327856146191
 0.003679790861569508
 0.001159143611159552
 3.350314597990791e-05
 0.002918378109826598
 0.00132833194601073
 0.003112009944848811
 0.004740440177366266
 0.005354180185555461
 0.004599003615178398
 0.000132327856146191
 0.003679790861569508
 0.001159143611159552
 3.350314597990791e-05
 0.002918378109826598
 0.00132833194601073
 0.003112009944848811
 0.004740440177366266
 0.005354180185555461
 0.004599003615178398
 0.000132327856146191
 0.003679790861569508
 0.001159143611159552
 0.0006416305127333579
 0.005354180185555461
 0.002807398671677402
 0.003112009944848811
 0.004740440177366266
 0.005354180185555461
 0.004599003615178398
 0.000132327856146191
 0.003679790861569508
 0.001159143611159552
 0.0006416305127333579
 0.003679790861569508
 0.002807398671677402
 0.003112009944848811
 0.004740440177366266
 0
 0
 0.000132327856146191
 0.003679790861569508
 0.001159143611159552
 0.0006416305127333579
 0.003679790861569508
 0.001656445389955647
 0.003112009944848811
 0.004740440177366266
 0
 0
 0.0001358154651037153
 0.003679790861569508
 0.003112009944848811
 0.0006416305127333579
 0.005354180185555461
 0.001656445389955647
 0.003112009944848811
 0.004740440177366266
 0
 0
 0.000132327856146191
 0
 0.003112009944848811
 0.0006416305127333579
 0.005354180185555461
 0.00132833194601073
 0
 0.004740440177366266
 0
 0
 0.000132327856146191
 0
 0.003112009944848811
 0.0006416305127333579
 0.004740440177366266
 0.001656445389955647
 0
 0
 0
 0
 0.0001358154651037153
 0
 0.003112009944848811
 0.0006416305127333579
 0.005354180185555461
 0.00132833194601073
 0
 0
 0
 0
 0.000132327856146191
 0
 0.003112009944848811
 0
 0.004740440177366266
 0.001656445389955647
 0
 0
 0
 0
 0.000132327856146191
 0
 0.003112009944848811
 0
 0.004740440177366266
 0.00132833194601073
 0
 0
 0
 0
 0.000132327856146191
 0
 0.003112009944848811
 0
 0.004740440177366266
 0.00132833194601073
 0
 0
 0
 0
 0.000132327856146191
 0
 0
 0
 0.004740440177366266
 0.00132833194601073
 0
 0
 0
 0
 0.000132327856146191
 0
 0
 0
 0.004740440177366266
 0.00132833194601073
 0
 0
 0
 0
 0.000132327856146191
 0
 0
 0
 0.004740440177366266
 0.00132833194601073
 0
 0
 0
 0
 0
 0
 0
 0
 0
 0.00132833194601073
 0
 0
 0
 0
 0
 0
 0
 0
 0
 0
 0
 0
 0
 0
 0
 0
 0
 0
 0
 0
 0
 0
 0
 0
 0
 0
 0
 0
 0
 0
 0
 0
 0
 0
 0
 0
 0
 0
 0
 0
 0
 0
 0
 0
 0
 0
 0
 0
 0
