# Created by Octave 3.2.4, Thu Feb 07 03:54:40 2013 EST <rbom@zaphod>
# name: small_First_Fit
# type: matrix
# ndims: 3
 1 10 30
 5.217428926755774e-13
 6.933655357048368e-16
 1.051865534146912e-12
 9.314064438387187e-13
 2.644376247282113e-09
 7.904325583950709e-15
 1.288539368909531e-14
 2.36881018087053e-15
 1.935279915105256e-14
 1.419046403856015e-12
 8.363338760447857e-10
 4.569953584503406e-10
 3.036008618943486e-10
 3.590172886784867e-10
 1.321613418703803e-07
 5.287076746998225e-09
 1.49597247124519e-12
 1.259643295877645e-10
 1.12750234459938e-09
 4.765667569853036e-10
 5.007997840067993e-05
 6.896714124014986e-09
 6.118333115412305e-08
 3.590172886784867e-10
 1.321613418703803e-07
 5.287076746998225e-09
 8.724013276611867e-11
 1.460251564553161e-08
 6.955686224398371e-08
 1.454540099906323e-08
 0.002350524687494559
 2.061124484080217e-07
 6.118333115412305e-08
 1.122219143999011e-06
 1.321613418703803e-07
 1.034524769511483e-06
 1.506671375539609e-08
 1.460251564553161e-08
 3.985680578568073e-06
 3.284195888265227e-07
 0.03224819704461138
 4.672081412837769e-06
 6.118333115412305e-08
 2.325985211643221e-05
 0.0006807081258580682
 1.034524769511483e-06
 1.506671375539609e-08
 1.460251564553161e-08
 9.943745948606599e-05
 3.284195888265227e-07
 0.03224819704461138
 1.202203077126128e-05
 6.118333115412305e-08
 2.325985211643221e-05
 0.0006807081258580682
 4.574592141011586e-05
 1.50706372803012e-06
 8.257962566830027e-07
 9.943745948606599e-05
 3.284195888265227e-07
 0.03224819704461138
 1.202203077126128e-05
 2.558078864790267e-06
 0.0002509208772385786
 0.0006807081258580682
 4.574592141011586e-05
 1.50706372803012e-06
 8.257962566830027e-07
 0.0006155261348558008
 3.284195888265227e-07
 0.03224819704461138
 0.0001013385409726677
 2.558078864790267e-06
 0.0002509208772385786
 0.0006807081258580682
 4.574592141011586e-05
 3.138380895979864e-05
 4.574592141011586e-05
 0.0006155261348558008
 9.59422753716719e-05
 0.03224819704461138
 0.0001013385409726677
 2.558078864790267e-06
 0.001170903958722891
 0.0006807081258580682
 4.574592141011586e-05
 0.000431113798703135
 0.0001532192256603184
 0.0006155261348558008
 9.59422753716719e-05
 0.03224819704461138
 0.0001013385409726677
 2.558078864790267e-06
 0.001170903958722891
 0.002304075364951561
 4.574592141011586e-05
 0.00629139884237961
 0.00629139884237961
 0.0006550451438797432
 9.59422753716719e-05
 0.03224819704461138
 0.0001450841504116128
 2.558078864790267e-06
 0.008434134326781431
 0.002304075364951561
 4.574592141011586e-05
 0.000431113798703135
 0.00629139884237961
 0.001170903958722891
 9.59422753716719e-05
 0
 0.0001450841504116128
 0.004935936417031735
 0.008434134326781431
 0.002304075364951561
 4.574592141011586e-05
 0.00629139884237961
 0.00629139884237961
 0.001170903958722891
 9.59422753716719e-05
 0
 0.0002047869460848212
 0.004935936417031735
 0.008434134326781431
 0.002304075364951561
 0
 0.00629139884237961
 0.00629139884237961
 0.001170903958722891
 9.59422753716719e-05
 0
 0.0002509208772385786
 0.03224819704461138
 0.008434134326781431
 0.002430626580052101
 0
 0.00629139884237961
 0.00629139884237961
 0.001170903958722891
 9.59422753716719e-05
 0
 0.0002509208772385786
 0.004935936417031735
 0.008434134326781431
 0.002430626580052101
 0
 0.00629139884237961
 0.00629139884237961
 0.008434134326781431
 0
 0
 0.0002509208772385786
 0.004935936417031735
 0.008434134326781431
 0.002430626580052101
 0
 0.00629139884237961
 0.00629139884237961
 0.008434134326781431
 0
 0
 0.0002509208772385786
 0.03224819704461138
 0.008434134326781431
 0.002430626580052101
 0
 0.00629139884237961
 0
 0.001213991002726721
 0
 0
 0.001133984415134708
 0.03224819704461138
 0
 0.002430626580052101
 0
 0.00629139884237961
 0
 0.001170903958722891
 0
 0
 0.001133984415134708
 0.03224819704461138
 0
 0.002304075364951561
 0
 0
 0
 0.008434134326781431
 0
 0
 0.001133984415134708
 0.03224819704461138
 0
 0.002304075364951561
 0
 0
 0
 0.008434134326781431
 0
 0
 0.001133984415134708
 0.03224819704461138
 0
 0
 0
 0
 0
 0.03224819704461138
 0
 0
 0.001133984415134708
 0.03224819704461138
 0
 0
 0
 0
 0
 0.03224819704461138
 0
 0
 0.001133984415134708
 0.03224819704461138
 0
 0
 0
 0
 0
 0.03224819704461138
 0
 0
 0.03224819704461138
 0
 0
 0
 0
 0
 0
 0.03224819704461138
 0
 0
 0.03224819704461138
 0
 0
 0
 0
 0
 0
 0.03224819704461138
 0
 0
 0.03224819704461138
 0
 0
 0
 0
 0
 0
 0.03224819704461138
 0
 0
 0.03224819704461138
 0
 0
 0
 0
 0
 0
 0.03224819704461138
 0
 0
 0.03224819704461138
 0
 0
 0
 0
 0
 0
 0
 0
 0
 0.03224819704461138
 0
 0
 0
 0
 0
 0
 0
 0
 0
 0.03224819704461138
 0
 0
 0
 0
 0
 0
 0
 0
