# Created by Octave 3.2.4, Mon Feb 04 04:51:30 2013 EST <rbom@zaphod>
# name: small_First_Fit
# type: matrix
# ndims: 3
 1 10 30
 6.146093976713893e-18
 4.483273773190685e-12
 2.953258047086274e-18
 1.305669487452564e-14
 6.645148914843032e-15
 3.105070204138572e-10
 1.270293902497496e-18
 4.379316189666277e-22
 1.85313889204131e-15
 4.71038426919421e-18
 2.78311902562605e-09
 7.864682396954583e-11
 1.03267202511996e-13
 1.305669487452564e-14
 1.010401083872977e-12
 3.105070204138572e-10
 1.738970285797873e-15
 2.03398831646625e-18
 2.743828046401908e-14
 7.317787399183319e-11
 4.034549846484836e-07
 9.067077262546952e-09
 1.810053678634103e-12
 9.346344043136283e-11
 1.372503159982361e-12
 3.105070204138572e-10
 2.054959698142211e-13
 1.277882823619077e-14
 2.787703312856818e-12
 1.342083981272171e-08
 4.378079023322475e-06
 1.55751535410824e-07
 2.36254635645915e-11
 9.346344043136283e-11
 1.007265330376985e-11
 1.616273091409194e-07
 6.313346581464762e-09
 2.068602768898871e-10
 5.557114012971498e-11
 2.688276423813653e-07
 0.0005625797899982994
 1.55751535410824e-07
 4.450106686031461e-08
 9.346344043136283e-11
 1.007265330376985e-11
 7.91251648427617e-07
 1.000651424655932e-08
 5.84538800370521e-07
 8.212070852278552e-08
 2.688276423813653e-07
 0.0005625797899982994
 7.27776752791594e-06
 2.782012395687518e-06
 3.37747124597541e-10
 1.362982165631549e-10
 7.91251648427617e-07
 1.000651424655932e-08
 3.470733421782497e-05
 2.050464442468595e-06
 1.603469697285619e-05
 0.0113029103905903
 0.0009168719321375169
 2.782012395687518e-06
 1.357299978804468e-07
 1.354421748110622e-09
 7.91251648427617e-07
 6.313346581464762e-09
 3.470733421782497e-05
 2.57569803917253e-06
 0.0113029103905903
 0.0113029103905903
 0.03853943758726355
 2.332711983934571e-05
 8.113234661975554e-05
 6.608650808467944e-09
 7.91251648427617e-07
 6.313346581464762e-09
 0.000295844556078572
 0.0001235936491360073
 0.0113029103905903
 0.0113029103905903
 0.03853943758726355
 0.0003235441977774226
 0.01614340139446189
 4.572803934093862e-07
 0.0004801449644412892
 6.313346581464762e-09
 0.001686927888631748
 0.0001235936491360073
 0.0113029103905903
 0.0113029103905903
 0.03853943758726355
 0.01467183342566217
 0.01614340139446189
 1.316079231359754e-05
 0.0004801449644412892
 6.313346581464762e-09
 0.01614340139446189
 0.0001235936491360073
 0.0113029103905903
 0.0113029103905903
 0.03853943758726355
 0.01467183342566217
 0.01614340139446189
 6.447733601667306e-05
 0.0005179987035104513
 6.313346581464762e-09
 0.01614340139446189
 0.01614340139446189
 0.0113029103905903
 0.0113029103905903
 0.03853943758726355
 0.01467183342566217
 0.01614340139446189
 1.316079231359754e-05
 0.0004801449644412892
 6.313346581464762e-09
 0.01614340139446189
 0.01614340139446189
 0.0113029103905903
 0.0113029103905903
 0.03853943758726355
 0.01467183342566217
 0.01614340139446189
 1.316079231359754e-05
 0.0005179987035104513
 6.313346581464762e-09
 0.01614340139446189
 0.01614340139446189
 0.0113029103905903
 0.0113029103905903
 0.03853943758726355
 0.01467183342566217
 0.01614340139446189
 0.0008964710511217041
 0.0004801449644412892
 6.313346581464762e-09
 0.01614340139446189
 0.01614340139446189
 0.0113029103905903
 0.0113029103905903
 0.03853943758726355
 0.01467183342566217
 0.01614340139446189
 0.0008964710511217041
 0.0004801449644412892
 6.313346581464762e-09
 0.01614340139446189
 0.01614340139446189
 0.0113029103905903
 0.0113029103905903
 0.03853943758726355
 0.01467183342566217
 0.01614340139446189
 0.0008964710511217041
 0.0004801449644412892
 1.000651424655932e-08
 0.01614340139446189
 0.01614340139446189
 0.0113029103905903
 0.0113029103905903
 0.03853943758726355
 0.01467183342566217
 0.01614340139446189
 0.0008964710511217041
 0.0004801449644412892
 6.313346581464762e-09
 0.01614340139446189
 0.01614340139446189
 0.0113029103905903
 0.0113029103905903
 0.03853943758726355
 0.01467183342566217
 0.01614340139446189
 0.0008964710511217041
 0.0007667508509905456
 6.313346581464762e-09
 0.01614340139446189
 0.01614340139446189
 0.0113029103905903
 0.0113029103905903
 0.03853943758726355
 0.01467183342566217
 0.01614340139446189
 0.0008964710511217041
 0.0004801449644412892
 6.313346581464762e-09
 0.01614340139446189
 0.01614340139446189
 0.0113029103905903
 0.0113029103905903
 0.03853943758726355
 0.01467183342566217
 0.01614340139446189
 0.0008964710511217041
 0.0004801449644412892
 1.000651424655932e-08
 0.01614340139446189
 0.01614340139446189
 0.0113029103905903
 0.0113029103905903
 0.03853943758726355
 0.01467183342566217
 0.01614340139446189
 0.0008964710511217041
 0.0007667508509905456
 1.000651424655932e-08
 0.01614340139446189
 0.01614340139446189
 0.0113029103905903
 0.0113029103905903
 0.03853943758726355
 0.01467183342566217
 0.01614340139446189
 0.0008964710511217041
 0.0007667508509905456
 6.649950678674827e-07
 0.01614340139446189
 0.01614340139446189
 0.0113029103905903
 0.0113029103905903
 0.03853943758726355
 0.01467183342566217
 0.01614340139446189
 0.0008964710511217041
 0.0005179987035104513
 6.649950678674827e-07
 0.01614340139446189
 0.01614340139446189
 0.0113029103905903
 0.0113029103905903
 0.03853943758726355
 0.01467183342566217
 0.01614340139446189
 0.0008964710511217041
 0.0004801449644412892
 6.649950678674827e-07
 0.01614340139446189
 0.01614340139446189
 0.0113029103905903
 0.0113029103905903
 0.03853943758726355
 0.01467183342566217
 0.01614340139446189
 0.0008964710511217041
 0.0004801449644412892
 6.649950678674827e-07
 0.01614340139446189
 0.01614340139446189
 0.0113029103905903
 0.0113029103905903
 0.03853943758726355
 0.01467183342566217
 0.01614340139446189
 0.0008964710511217041
 0.0005179987035104513
 6.649950678674827e-07
 0.01614340139446189
 0.01614340139446189
 0.0113029103905903
 0.0113029103905903
 0.03853943758726355
 0.01467183342566217
 0.01614340139446189
 0.0008964710511217041
 0.0004801449644412892
 2.228927196756941e-05
 0.01614340139446189
 0.01614340139446189
 0.0113029103905903
 0.0113029103905903
 0.03853943758726355
 0.01467183342566217
 0.01614340139446189
 0.0008964710511217041
 0.0005179987035104513
 2.228927196756941e-05
 0.01614340139446189
 0.01614340139446189
 0.0113029103905903
 0.0113029103905903
 0.03853943758726355
 0.01467183342566217
 0.01614340139446189
 0.0008964710511217041
 0.0004801449644412892
 2.228927196756941e-05
 0.01614340139446189
 0.01614340139446189
 0.0113029103905903
 0.0113029103905903
 0.03853943758726355
 0.01467183342566217
 0.01614340139446189
 0.0008964710511217041
 0.0004801449644412892
 2.228927196756941e-05
 0.01614340139446189
 0.01614340139446189
 0.0113029103905903
