# Created by Octave 3.2.4, Wed Feb 06 11:16:51 2013 EST <rbom@zaphod>
# name: small_First_Fit
# type: matrix
# ndims: 3
 1 10 30
 4.066987921415973e-11
 2.218564040298486e-10
 2.341655455483394e-11
 4.898628937397232e-10
 1.404411328188705e-13
 2.239811876647213e-12
 1.379106018705275e-11
 1.487523376731059e-06
 9.362429011549287e-14
 9.081520174906007e-12
 9.712693001506201e-08
 1.778764102431133e-07
 4.446821446177423e-10
 2.345365637180048e-07
 2.458021736937806e-10
 2.823938325079008e-10
 3.127826287137038e-10
 1.487523376731059e-06
 3.498375949709265e-10
 3.670385792499669e-06
 9.489246577983219e-06
 6.025823160144301e-07
 4.446821446177423e-10
 9.394404819293505e-06
 8.032447726815762e-09
 5.719878654287445e-09
 3.127826287137038e-10
 2.456858070053674e-05
 1.582172695176913e-07
 2.562175468519745e-05
 0.0002132525880662256
 6.025823160144301e-07
 4.446821446177423e-10
 0.0001685730606317587
 4.570646358596048e-06
 5.719878654287445e-09
 4.364504527879153e-09
 2.456858070053674e-05
 1.582172695176913e-07
 2.562175468519745e-05
 0.0002708748879259267
 6.025823160144301e-07
 2.08708798554899e-08
 0.0001685730606317587
 5.714870317814158e-05
 3.352637977330996e-07
 4.364504527879153e-09
 2.456858070053674e-05
 6.675703967046987e-05
 5.102386635963846e-05
 0.004734804496959647
 3.608176030029912e-06
 2.08708798554899e-08
 0.0003506933826357176
 5.715339643088146e-05
 5.014661510681159e-06
 1.246375744434473e-07
 2.456858070053674e-05
 0.0002440990225090956
 0.000240900798587616
 0.004734804496959647
 3.608176030029912e-06
 2.08708798554899e-08
 0.001964091615737617
 5.715339643088146e-05
 0.0001239462318037297
 1.297927107691495e-06
 0.0002586620759675669
 0.0002440990225090956
 0.0003630541155291571
 0.004734804496959647
 5.433101442571341e-05
 2.08708798554899e-08
 0.001964091615737617
 7.844089730547728e-05
 0.0001239462318037297
 0.001296386060041199
 2.456858070053674e-05
 0.0002586620759675669
 0.0008160311368015233
 0.004734804496959647
 0.0002911067519070959
 1.004600545024699e-05
 0.001964091615737617
 0.0001208755435436888
 0.0001239462318037297
 0.002521461711990198
 0.0002586620759675669
 0.0002586620759675669
 0.0008160311368015233
 0.004734804496959647
 0.0002911067519070959
 1.004600545024699e-05
 0.001964091615737617
 0.0001208755435436888
 0.0001239462318037297
 0.002633832552144505
 0.0002586620759675669
 0.0004155854834512533
 0.0008160311368015233
 0.004734804496959647
 0.0002911067519070959
 1.004600545024699e-05
 0.001964091615737617
 7.844089730547728e-05
 0.0003506933826357176
 0.002633832552144505
 0.0002586620759675669
 0.0004155854834512533
 0.0008160311368015233
 0.004734804496959647
 0.0002911067519070959
 1.004600545024699e-05
 0.001964091615737617
 7.844089730547728e-05
 0.0003506933826357176
 0.002633832552144505
 0.0003232628513634249
 0.0004155854834512533
 0.0008160311368015233
 0
 0.0002911067519070959
 1.004600545024699e-05
 0.001964091615737617
 7.844089730547728e-05
 0.0003506933826357176
 0.002633832552144505
 0.0002586620759675669
 0.0004155854834512533
 0.0008160311368015233
 0
 0.0002911067519070959
 1.004600545024699e-05
 0
 0.0001248808076258033
 0.0003506933826357176
 0.002633832552144505
 0.0007870507144969802
 0.0004155854834512533
 0.0008160311368015233
 0
 0.0002911067519070959
 1.004600545024699e-05
 0
 7.844089730547728e-05
 0.0004148375946130166
 0.002633832552144505
 0.0007870507144969802
 0.001905893024456688
 0
 0
 0
 0
 0
 7.844089730547728e-05
 0.0004148375946130166
 0.002521461711990198
 0.0007870507144969802
 0.001905893024456688
 0
 0
 0
 0
 0
 7.844089730547728e-05
 0.0004148375946130166
 0
 0.0007870507144969802
 0.001905893024456688
 0
 0
 0
 0
 0
 7.844089730547728e-05
 0.0003506933826357176
 0
 0.0007870507144969802
 0.007045830434333085
 0
 0
 0
 0
 0
 0.0008165966641145783
 0.0003506933826357176
 0
 0.0007870507144969802
 0.007045830434333085
 0
 0
 0
 0
 0
 0.0008165966641145783
 0.0003506933826357176
 0
 0.004734804496959647
 0.007045830434333085
 0
 0
 0
 0
 0
 0.0008165966641145783
 0.0003506933826357176
 0
 0.0007870507144969802
 0.007045830434333085
 0
 0
 0
 0
 0
 0.0008165966641145783
 0
 0
 0.004734804496959647
 0.007045830434333085
 0
 0
 0
 0
 0
 0.0008165966641145783
 0
 0
 0.0007870507144969802
 0.007045830434333085
 0
 0
 0
 0
 0
 0.0008165966641145783
 0
 0
 0.004734804496959647
 0.007045830434333085
 0
 0
 0
 0
 0
 0.0008165966641145783
 0
 0
 0.004734804496959647
 0
 0
 0
 0
 0
 0
 0
 0
 0
 0.004734804496959647
 0
 0
 0
 0
 0
 0
 0
 0
 0
 0.004734804496959647
 0
 0
 0
 0
 0
 0
 0
 0
 0
 0.004734804496959647
 0
 0
 0
 0
 0
 0
 0
 0
 0
 0.004734804496959647
 0
 0
 0
 0
 0
 0
 0
 0
 0
 0.004734804496959647
 0
 0
