# Created by Octave 3.2.4, Tue Feb 05 00:52:55 2013 EST <rbom@zaphod>
# name: small_First_Fit
# type: matrix
# ndims: 3
 1 10 30
 1.686673999424136e-17
 5.403163753044074e-16
 3.627795560786689e-11
 4.643420843029528e-17
 1.034369656529568e-21
 7.938694736439067e-16
 1.039830630628116e-16
 5.668068199309125e-22
 3.467908942801026e-20
 1.204920128744519e-21
 3.510713941243116e-15
 9.743092865074502e-11
 3.627795560786689e-11
 7.568513343062698e-13
 4.042034300110693e-20
 3.117187278544948e-14
 2.282074848937002e-13
 2.688829531949385e-19
 3.168788063307692e-11
 9.020432071014946e-12
 3.991144578723873e-12
 7.390113202523247e-09
 3.237505534694181e-08
 7.568513343062698e-13
 4.042034300110693e-20
 2.337629522130005e-12
 2.282074848937002e-13
 1.028372765654394e-15
 7.373413514182526e-07
 1.303668351070916e-09
 9.539673690135052e-09
 0.001513734349373164
 3.173585119338773e-05
 9.118248502812064e-12
 6.68824495567756e-19
 3.977760874757639e-11
 2.543210756618748e-11
 2.293118384343831e-11
 0.001645003602315268
 1.319906206962976e-07
 9.011439670560438e-07
 0.001513734349373164
 0.000218861316997609
 1.253881444399378e-10
 2.291905662649401e-15
 5.360542699055154e-09
 2.405760654852866e-09
 2.293118384343831e-11
 0.001645003602315268
 1.535329273572371e-05
 9.011439670560438e-07
 0.005406841294648902
 0.000218861316997609
 1.82667929435569e-08
 8.846833771388973e-12
 8.975541569940492e-07
 2.405760654852866e-09
 7.161401247870774e-09
 0.01789009081156592
 2.570929761433873e-05
 9.011439670560438e-07
 0.005406841294648902
 0.000218861316997609
 5.140232259934948e-06
 9.14160558358607e-10
 0.000218861316997609
 5.011320571720199e-06
 7.161401247870774e-09
 0.01789009081156592
 0.002016124704432775
 9.011439670560438e-07
 0.005406841294648902
 0.001513734349373164
 0.0003766233621595544
 1.179875390455854e-08
 0.001513734349373164
 0.001869153391966843
 7.161401247870774e-09
 0.01789009081156592
 0.002016124704432775
 0.0001988625187976808
 0.005406841294648902
 0.005406841294648902
 0.0003766233621595544
 1.179875390455854e-08
 0.005406841294648902
 0.001869153391966843
 2.819834702306399e-07
 0.01789009081156592
 0.002016124704432775
 0.0001988625187976808
 0.005406841294648902
 0.005406841294648902
 0.0003766233621595544
 6.267518137731192e-08
 0.005406841294648902
 0.001869153391966843
 1.958345187362472e-06
 0.01789009081156592
 0.007446994654236641
 0.0001988625187976808
 0.005406841294648902
 0.005406841294648902
 0.0003766233621595544
 5.67120277955436e-05
 0.005406841294648902
 0.001869153391966843
 1.958345187362472e-06
 0.01789009081156592
 0.007446994654236641
 0.0001988625187976808
 0.005406841294648902
 0.005406841294648902
 0.0003766233621595544
 5.67120277955436e-05
 0.005406841294648902
 0.01789009081156592
 1.958345187362472e-06
 0.01789009081156592
 0.007446994654236641
 0.007446994654236641
 0
 0.005406841294648902
 0.0003766233621595544
 5.67120277955436e-05
 0.005406841294648902
 0.01789009081156592
 1.958345187362472e-06
 0
 0.007446994654236641
 0.007446994654236641
 0
 0.005406841294648902
 0.0003766233621595544
 5.67120277955436e-05
 0.005406841294648902
 0.01789009081156592
 1.958345187362472e-06
 0
 0.007446994654236641
 0.007446994654236641
 0
 0.005406841294648902
 0
 5.67120277955436e-05
 0.005406841294648902
 0.01789009081156592
 1.958345187362472e-06
 0
 0.007446994654236641
 0.007446994654236641
 0
 0
 0
 0.007446994654236641
 0
 0.01789009081156592
 1.958345187362472e-06
 0
 0.007446994654236641
 0.007446994654236641
 0
 0
 0
 0.007446994654236641
 0
 0.01789009081156592
 0
 0
 0
 0.007446994654236641
 0
 0
 0
 0.007446994654236641
 0
 0.01789009081156592
 0
 0
 0
 0.007446994654236641
 0
 0
 0
 0.007446994654236641
 0
 0
 0
 0
 0
 0
 0
 0
 0
 0.007446994654236641
 0
 0
 0
 0
 0
 0
 0
 0
 0
 0.007446994654236641
 0
 0
 0
 0
 0
 0
 0
 0
 0
 0.007446994654236641
 0
 0
 0
 0
 0
 0
 0
 0
 0
 0
 0
 0
 0
 0
 0
 0
 0
 0
 0
 0
 0
 0
 0
 0
 0
 0
 0
 0
 0
 0
 0
 0
 0
 0
 0
 0
 0
 0
 0
 0
 0
 0
 0
 0
 0
 0
 0
 0
 0
 0
 0
 0
 0
 0
 0
 0
 0
 0
 0
 0
 0
 0
 0
 0
 0
 0
 0
 0
 0
 0
 0
 0
 0
 0
 0
 0
 0
 0
 0
 0
 0
 0
 0
 0
 0
