# Created by Octave 3.2.4, Wed Feb 06 17:40:54 2013 EST <rbom@zaphod>
# name: small_First_Fit
# type: matrix
# ndims: 3
 1 10 30
 4.314823764077948e-12
 3.72174830039702e-09
 2.260792827593109e-11
 7.675861514110157e-12
 1.409850735038604e-12
 8.002178937764534e-10
 2.463920250520575e-08
 3.811337533572291e-14
 3.700827054474763e-14
 2.170835675269821e-10
 7.422752577075043e-09
 7.478910396148674e-08
 5.354964400169635e-07
 4.930827433442394e-06
 1.965285949332236e-08
 3.093976543342809e-08
 1.49583264275386e-05
 1.784452803363353e-10
 3.836615160092795e-07
 2.26012652577724e-08
 2.859819825119346e-07
 7.478910396148674e-08
 1.546498460412433e-05
 4.930827433442394e-06
 1.816568238274577e-07
 4.113539066756887e-07
 3.077252498551992e-05
 3.976928398951311e-07
 2.345594314617528e-06
 6.285735734573929e-07
 7.032736089650589e-07
 5.312672606757323e-07
 3.968637152142877e-05
 4.930827433442394e-06
 7.532054670590978e-07
 3.393971195348723e-05
 3.077252498551992e-05
 1.202012200661265e-06
 2.345594314617528e-06
 6.285735734573929e-07
 2.628147632555489e-05
 5.312672606757323e-07
 0.0003864497368978413
 3.919221695746112e-05
 6.948294878818038e-06
 0.001247584028431154
 0.0004651614205043058
 1.3015676368948e-06
 1.134508245372718e-05
 2.819994134338717e-05
 2.628147632555489e-05
 2.780457500911431e-06
 0.0008777554257794328
 5.769628073025171e-05
 3.393971195348723e-05
 0.001247584028431154
 0.0004651614205043058
 1.378808114130313e-06
 2.451108285165354e-05
 2.819994134338717e-05
 0.0005235526840762078
 6.954257797039533e-05
 0.0008777554257794328
 0.000142418189698237
 3.393971195348723e-05
 0.002469643154982528
 0.001471934070162882
 2.615050586450609e-05
 2.451108285165354e-05
 0.0001820419073125428
 0.0005235526840762078
 6.954257797039533e-05
 0.001884093895234014
 0.000142418189698237
 3.393971195348723e-05
 0.002469643154982528
 0.002033393963900069
 0.0001044784647336364
 0.0001490854731180993
 0.0001820419073125428
 0.0005235526840762078
 0.002008081484542671
 0.003307421744025703
 0.000142418189698237
 3.393971195348723e-05
 0.002469643154982528
 0.002035881818502936
 0.0001044784647336364
 0.0001490854731180993
 0.0001840112349639999
 0.0005235526840762078
 0.002008081484542671
 0.003307421744025703
 0.000142418189698237
 7.459302735558948e-05
 0.002469643154982528
 0.002035881818502936
 0.0001044784647336364
 0.0001490854731180993
 0.0009217468089490585
 0.0005235526840762078
 0.004023264146480218
 0.003307421744025703
 0.001328683357313719
 0.0002564885491918514
 0.002556256216226964
 0.002035881818502936
 0.0001044784647336364
 0.0001490854731180993
 0.001631116160547534
 0.0005235526840762078
 0.004023264146480218
 0.003307421744025703
 0.001328683357313719
 0.002556256216226964
 0.002556256216226964
 0.002035881818502936
 0.0001044784647336364
 0.0001490854731180993
 0.001015408634094912
 0.0005235526840762078
 0.004023264146480218
 0.003307421744025703
 0.001328683357313719
 0.002556256216226964
 0.002556256216226964
 0.002035881818502936
 0.0001044784647336364
 0.0001490854731180993
 0.001015408634094912
 0
 0.004023264146480218
 0.003307421744025703
 0.001328683357313719
 0.002556256216226964
 0.002556256216226964
 0.002045118672172306
 0.0001044784647336364
 0.0001490854731180993
 0.001015408634094912
 0
 0.004023264146480218
 0.003307421744025703
 0.001328683357313719
 0.002556256216226964
 0.002556256216226964
 0.002045118672172306
 0
 0
 0.003036193949455131
 0
 0.004023264146480218
 0
 0.001328683357313719
 0.002556256216226964
 0.002556256216226964
 0.004442521961034705
 0
 0
 0.003036193949455131
 0
 0.004023264146480218
 0
 0.001328683357313719
 0.002556256216226964
 0.002556256216226964
 0.002035881818502936
 0
 0
 0.003036193949455131
 0
 0
 0
 0
 0.002556256216226964
 0
 0.002045118672172306
 0
 0
 0.003036193949455131
 0
 0
 0
 0
 0
 0
 0.002035881818502936
 0
 0
 0.003036193949455131
 0
 0
 0
 0
 0
 0
 0.002035881818502936
 0
 0
 0.003036193949455131
 0
 0
 0
 0
 0
 0
 0.002035881818502936
 0
 0
 0.003036193949455131
 0
 0
 0
 0
 0
 0
 0.002035881818502936
 0
 0
 0
 0
 0
 0
 0
 0
 0
 0.002035881818502936
 0
 0
 0
 0
 0
 0
 0
 0
 0
 0.002045118672172306
 0
 0
 0
 0
 0
 0
 0
 0
 0
 0.002045118672172306
 0
 0
 0
 0
 0
 0
 0
 0
 0
 0.002045118672172306
 0
 0
 0
 0
 0
 0
 0
 0
 0
 0.002035881818502936
 0
 0
 0
 0
 0
 0
 0
 0
 0
 0.002035881818502936
 0
 0
 0
 0
 0
 0
 0
 0
 0
 0.002035881818502936
 0
 0
 0
 0
 0
 0
 0
 0
 0
 0.004442521961034705
 0
 0
 0
