# Created by Octave 3.2.4, Wed Feb 06 18:37:51 2013 EST <rbom@zaphod>
# name: small_First_Fit
# type: matrix
# ndims: 3
 1 10 30
 1.822489404516455e-10
 4.167330252383156e-13
 4.75409337657078e-13
 2.351988547370227e-12
 1.02159127796701e-11
 6.613982443141187e-08
 2.464625540667975e-09
 7.494307611918054e-13
 1.045238484266856e-12
 5.388412890222751e-12
 1.222445401368607e-08
 4.759956591648265e-10
 2.480452267972775e-11
 1.65957148543979e-09
 3.429315231578094e-10
 9.875417498719413e-06
 1.958429556198257e-08
 1.974457099575593e-10
 2.915180896018684e-11
 2.836633983347294e-09
 5.720411121791307e-07
 4.226554182227986e-07
 2.480452267972775e-11
 7.887248497134664e-09
 3.151525814431934e-08
 0.0001468868496973723
 3.326171060956943e-08
 1.716912567455835e-08
 2.915180896018684e-11
 1.7752325461843e-07
 5.720411121791307e-07
 4.226554182227986e-07
 1.435973134137384e-10
 2.479165917604291e-06
 3.151525814431934e-08
 0.0001468868496973723
 3.326171060956943e-08
 3.071901209973135e-07
 4.812419793254691e-10
 2.127868872749943e-06
 5.720411121791307e-07
 1.209233151955178e-05
 1.204842135702682e-08
 2.75663662223877e-05
 1.349493116855608e-06
 0.0003799529851460519
 1.196326835593576e-07
 1.120830885021584e-06
 4.812419793254691e-10
 2.448872879336846e-06
 5.544056186031325e-06
 1.209233151955178e-05
 2.182746946071619e-07
 1.254767467860643e-05
 3.275955035610476e-06
 0.0003849338331676365
 4.384145482634843e-06
 1.913211601456009e-05
 4.812419793254691e-10
 2.448872879336846e-06
 5.544056186031325e-06
 1.209233151955178e-05
 1.717832930995976e-05
 2.75663662223877e-05
 2.148866457665562e-05
 0.0003849338331676365
 4.384145482634843e-06
 2.663846707322006e-05
 4.812419793254691e-10
 0.0001366023453894535
 5.544056186031325e-06
 1.209233151955178e-05
 1.717832930995976e-05
 2.75663662223877e-05
 2.148866457665562e-05
 0.0003849338331676365
 5.328542518712235e-06
 0.0001907506892095901
 2.118177862385473e-09
 0.00084618205050249
 5.544056186031325e-06
 1.209233151955178e-05
 0.0003316392963687944
 2.75663662223877e-05
 2.148866457665562e-05
 0.00273780675960905
 4.627906182892839e-05
 0.0005037151386427725
 2.118177862385473e-09
 0.00084618205050249
 0.002482665420907027
 1.209233151955178e-05
 0.0003316392963687944
 2.75663662223877e-05
 0.0002408728456442487
 0.00273780675960905
 4.627906182892839e-05
 0.002482665420907027
 3.786698118883403e-05
 0.00084618205050249
 0.002482665420907027
 1.209233151955178e-05
 0.0003316392963687944
 0.0002283284920061829
 0.0002408728456442487
 0.00273780675960905
 0.0002346500932604583
 0.002482665420907027
 3.786698118883403e-05
 0.00084618205050249
 0.002482665420907027
 0
 0.001456427980178214
 0.0002283284920061829
 0.0002408728456442487
 0.00273780675960905
 0.0002346500932604583
 0.009479010456690804
 3.786698118883403e-05
 0.001986078342726204
 0.002482665420907027
 0
 0.002895052029222682
 0.0002283284920061829
 0.0002408728456442487
 0.00273780675960905
 0.0002346500932604583
 0.009479010456690804
 3.786698118883403e-05
 0.001986078342726204
 0.002482665420907027
 0
 0.001456427980178214
 0.0002283284920061829
 0.01697771445098289
 0.004736641700879551
 0.0002346500932604583
 0.009479010456690804
 0.001512407853827327
 0.001986078342726204
 0.002482665420907027
 0
 0.001456427980178214
 0.0003051639594195677
 0.0002408728456442487
 0.00273780675960905
 0.002062752338690052
 0.009479010456690804
 0.001512407853827327
 0.001986078342726204
 0.002482665420907027
 0
 0.001456427980178214
 0.0003051639594195677
 0.0002408728456442487
 0.00273780675960905
 0.0008294258447019029
 0.009479010456690804
 0.001512407853827327
 0.001986078342726204
 0
 0
 0.01697771445098289
 0.0003051639594195677
 0.0002408728456442487
 0.00273780675960905
 0.0008294258447019029
 0.01697771445098289
 0.002633630656749963
 0.001986078342726204
 0
 0
 0.01697771445098289
 0.0003051639594195677
 0.0002828538113988308
 0.004736641700879551
 0.0008294258447019029
 0.01697771445098289
 0.001512407853827327
 0.001986078342726204
 0
 0
 0.01697771445098289
 0.0003051639594195677
 0.01697771445098289
 0.004736641700879551
 0.000941543663584768
 0.01697771445098289
 0.002633630656749963
 0
 0
 0
 0.01697771445098289
 0.0003051639594195677
 0.01697771445098289
 0.004736641700879551
 0.002482665420907027
 0.01697771445098289
 0.002633630656749963
 0
 0
 0
 0.01697771445098289
 0.0003051639594195677
 0.01697771445098289
 0.004736641700879551
 0.002482665420907027
 0.01697771445098289
 0.002633630656749963
 0
 0
 0
 0.01697771445098289
 0
 0.01697771445098289
 0.004736641700879551
 0.002482665420907027
 0.01697771445098289
 0.002633630656749963
 0
 0
 0
 0.01697771445098289
 0
 0.01697771445098289
 0.01697771445098289
 0.002482665420907027
 0.01697771445098289
 0.001512407853827327
 0
 0
 0
 0
 0
 0.01697771445098289
 0.01697771445098289
 0.009479010456690804
 0
 0.002633630656749963
 0
 0
 0
 0
 0
 0.01697771445098289
 0.01697771445098289
 0.009479010456690804
 0
 0.001512407853827327
 0
 0
 0
 0
 0
 0
 0.01697771445098289
 0.009479010456690804
 0
 0.001512407853827327
 0
 0
 0
 0
 0
 0
 0.01697771445098289
 0.009479010456690804
 0
 0.001512407853827327
 0
 0
 0
 0
 0
 0
 0.01697771445098289
 0.009479010456690804
 0
 0.001512407853827327
 0
 0
 0
 0
 0
 0
 0.01697771445098289
 0.009479010456690804
 0
 0.002633630656749963
 0
 0
 0
 0
 0
 0
 0
 0.009479010456690804
 0
 0.001512407853827327
 0
