# Created by Octave 3.2.4, Tue Feb 05 17:22:18 2013 EST <rbom@zaphod>
# name: small_First_Fit
# type: matrix
# ndims: 3
 1 10 30
 3.193801005378004e-16
 6.836430351778222e-15
 3.076332294233524e-14
 1.310528083154371e-15
 1.037366724911165e-10
 3.070884589716143e-13
 2.44460685112791e-11
 4.183880227337946e-12
 1.433982878897276e-08
 2.844407001049404e-14
 1.300942484740701e-15
 1.05986015988999e-13
 1.525691926620234e-07
 1.70359186257615e-12
 8.797357718075886e-09
 8.780269309028394e-11
 1.203138016771467e-09
 4.183880227337946e-12
 1.525236740189188e-07
 6.997580684570645e-12
 6.164885435250621e-13
 6.012992737458623e-12
 2.974736056764816e-07
 5.462925462720059e-10
 3.820269055403194e-07
 3.946829477623967e-10
 1.203138016771467e-09
 7.080794553776446e-10
 6.066114354737986e-06
 1.667080493572815e-11
 1.318356473161919e-09
 2.80876945374677e-09
 1.470500673084215e-06
 4.198232787110071e-08
 3.444854979134971e-05
 1.437889956923986e-08
 9.607411209971043e-08
 2.474320753463146e-08
 6.066114354737986e-06
 2.246100528517182e-09
 1.318356473161919e-09
 7.677478232489041e-08
 0.0010425463015372
 4.233932102364537e-07
 3.444854979134971e-05
 2.990039999618553e-08
 2.696925613835496e-06
 1.063631695231384e-06
 6.066114354737986e-06
 9.634582777862006e-08
 4.607216041085918e-09
 8.238977511946214e-07
 0.004284664509393481
 1.735711627981235e-06
 4.293893249771737e-05
 2.873340940512675e-05
 1.50888245721211e-05
 1.068709361357112e-05
 0.0006031660648548093
 7.606934353516965e-05
 4.607216041085918e-09
 2.147508460961673e-05
 0.004284664509393481
 1.735711627981235e-06
 0.0004563817781834426
 2.873340940512675e-05
 1.50888245721211e-05
 1.068709361357112e-05
 0.0006031660648548093
 7.606934353516965e-05
 4.607216041085918e-09
 0.0001513470462459599
 0.004284664509393481
 1.723243034714992e-05
 0.0004563817781834426
 0.001091971435697583
 1.50888245721211e-05
 1.256187124849936e-05
 0.001758246439197673
 0.001669488815098696
 4.607216041085918e-09
 0.0001513470462459599
 0.004284664509393481
 0.000586020223678481
 0.0004563817781834426
 0.001091971435697583
 1.50888245721211e-05
 9.717368552700211e-05
 0.001758246439197673
 0.001669488815098696
 4.614262796827607e-08
 0.0001513470462459599
 0.004284664509393481
 0.000586020223678481
 0.000920897736016763
 0.001266213974550837
 1.50888245721211e-05
 0.0001873941546939474
 0.003541663475867759
 0.001669488815098696
 2.956540856932595e-07
 0.0006031660648548093
 0.004284664509393481
 0.004236308498655137
 0.000920897736016763
 0.001091971435697583
 1.50888245721211e-05
 0.0001873941546939474
 0.001758246439197673
 0.001669488815098696
 3.603983818188699e-06
 0.003541663475867759
 0.004284664509393481
 0.004236308498655137
 0.000920897736016763
 0.001091971435697583
 1.50888245721211e-05
 0.0001873941546939474
 0.001758246439197673
 0.001669488815098696
 3.603983818188699e-06
 0.003541663475867759
 0
 0.004236308498655137
 0.0004836235911788784
 0.001091971435697583
 0
 0.0001873941546939474
 0.001758246439197673
 0.001669488815098696
 0.004284664509393481
 0.003541663475867759
 0
 0.004236308498655137
 0.004456028522314024
 0.001266213974550837
 0
 0.0001873941546939474
 0.001758246439197673
 0.001669488815098696
 0.004456028522314024
 0.003541663475867759
 0
 0.004236308498655137
 0.004456028522314024
 0.001266213974550837
 0
 0.0001873941546939474
 0.001758246439197673
 0
 0.004456028522314024
 0.004284664509393481
 0
 0.004236308498655137
 0.004456028522314024
 0.001266213974550837
 0
 0.0001873941546939474
 0.001758246439197673
 0
 0.004284664509393481
 0.004284664509393481
 0
 0.004236308498655137
 0.004456028522314024
 0.001266213974550837
 0
 0
 0
 0
 0.004456028522314024
 0.004284664509393481
 0
 0
 0.004456028522314024
 0.001266213974550837
 0
 0
 0
 0
 0.004456028522314024
 0.004284664509393481
 0
 0
 0.004456028522314024
 0.001266213974550837
 0
 0
 0
 0
 0.004284664509393481
 0.004284664509393481
 0
 0
 0.004456028522314024
 0.001266213974550837
 0
 0
 0
 0
 0.004456028522314024
 0.004284664509393481
 0
 0
 0
 0
 0
 0
 0
 0
 0.004284664509393481
 0.004284664509393481
 0
 0
 0
 0
 0
 0
 0
 0
 0.004284664509393481
 0
 0
 0
 0
 0
 0
 0
 0
 0
 0.004284664509393481
 0
 0
 0
 0
 0
 0
 0
 0
 0
 0.004456028522314024
 0
 0
 0
 0
 0
 0
 0
 0
 0
 0.004456028522314024
 0
 0
 0
 0
 0
 0
 0
 0
 0
 0.004284664509393481
 0
 0
 0
 0
 0
 0
 0
 0
 0
 0.004284664509393481
 0
 0
 0
 0
 0
 0
 0
 0
 0
 0.004284664509393481
 0
 0
 0
 0
 0
 0
 0
 0
 0
 0.004456028522314024
 0
 0
 0
 0
 0
 0
 0
 0
 0
