# Created by Octave 3.2.4, Tue Feb 05 04:51:12 2013 EST <rbom@zaphod>
# name: small_First_Fit
# type: matrix
# ndims: 3
 1 10 30
 2.138091964942011e-22
 2.93119820922254e-24
 2.382147991628283e-17
 2.013872214381074e-18
 1.602147680735675e-18
 4.4647792648399e-17
 2.955344259230815e-20
 1.817603097517092e-14
 2.988039587177623e-19
 7.762854982648298e-18
 2.031104214028122e-16
 5.404991604579999e-21
 4.155373859663087e-15
 1.490879015949873e-14
 1.602147680735675e-18
 3.37778496645256e-15
 5.495646186690443e-15
 1.817603097517092e-14
 4.793752319534684e-16
 5.136194219817363e-15
 4.571060272902063e-14
 5.737666137772482e-16
 1.174123820200565e-11
 1.066050331231632e-11
 3.003134479551279e-16
 2.195852002936459e-13
 2.109940749731844e-13
 1.985808253959392e-11
 1.382738984752196e-12
 1.676442855715437e-12
 3.002375281614574e-12
 2.695204310394433e-14
 5.545167157611256e-10
 7.023999970673092e-10
 1.995263878628445e-14
 1.029474916000103e-12
 2.728478340659736e-11
 6.743908134222573e-10
 1.999821697119986e-10
 4.853124845714719e-10
 3.690126785278108e-10
 8.452622291368307e-11
 1.652031006716322e-08
 1.681736818122246e-08
 1.995263878628445e-14
 6.465889868160706e-12
 1.290176405107472e-10
 6.743908134222573e-10
 1.999821697119986e-10
 4.853124845714719e-10
 7.107169568572126e-07
 6.581168153579603e-08
 2.965534336269071e-06
 7.789661527964208e-07
 1.663727609024461e-12
 1.058618651123665e-10
 1.290176405107472e-10
 1.590842946671673e-08
 3.410975619795362e-08
 9.19096170020707e-09
 7.107169568572126e-07
 6.581168153579603e-08
 6.952794109191723e-05
 1.234111512400857e-05
 1.663727609024461e-12
 1.058618651123665e-10
 3.898558654898354e-11
 1.590842946671673e-08
 3.410975619795362e-08
 4.344869335318441e-07
 7.107169568572126e-07
 6.581168153579603e-08
 6.952794109191723e-05
 1.234111512400857e-05
 5.165601257334576e-10
 4.980833033797542e-09
 1.708152610758767e-06
 1.590842946671673e-08
 4.636382253853827e-06
 4.636382253853827e-06
 7.107169568572126e-07
 1.414093200132366e-05
 6.952794109191723e-05
 1.234111512400857e-05
 5.165601257334576e-10
 1.421585037544116e-08
 1.708152610758767e-06
 1.234111512400857e-05
 4.636382253853827e-06
 4.636382253853827e-06
 7.107169568572126e-07
 1.414093200132366e-05
 6.952794109191723e-05
 1.234111512400857e-05
 5.165601257334576e-10
 1.421585037544116e-08
 1.708152610758767e-06
 1.234111512400857e-05
 3.42823752842786e-05
 4.636382253853827e-06
 3.96213916831393e-05
 0.0001587275738820574
 6.952794109191723e-05
 1.234111512400857e-05
 5.165601257334576e-10
 6.688594488559627e-07
 1.708152610758767e-06
 1.234111512400857e-05
 3.42823752842786e-05
 4.636382253853827e-06
 7.557022237689994e-05
 0.0001587275738820574
 6.952794109191723e-05
 1.234111512400857e-05
 5.165601257334576e-10
 6.688594488559627e-07
 1.708152610758767e-06
 1.234111512400857e-05
 3.42823752842786e-05
 4.636382253853827e-06
 7.557022237689994e-05
 0.0001587275738820574
 6.952794109191723e-05
 1.234111512400857e-05
 5.165601257334576e-10
 6.688594488559627e-07
 1.708152610758767e-06
 1.234111512400857e-05
 3.42823752842786e-05
 4.636382253853827e-06
 7.557022237689994e-05
 0.0001587275738820574
 0
 0
 8.442946734127031e-06
 6.688594488559627e-07
 1.708152610758767e-06
 1.234111512400857e-05
 3.42823752842786e-05
 4.636382253853827e-06
 7.557022237689994e-05
 0.0001587275738820574
 0
 0
 0.0001587275738820574
 1.764230292978845e-05
 0
 1.234111512400857e-05
 3.42823752842786e-05
 0
 7.557022237689994e-05
 0.0001587275738820574
 0
 0
 0.0001587275738820574
 1.764230292978845e-05
 0
 0
 3.42823752842786e-05
 0
 0.0001587275738820574
 0.0001587275738820574
 0
 0
 0.0001587275738820574
 1.764230292978845e-05
 0
 0
 0
 0
 0.0001587275738820574
 0
 0
 0
 0.0001587275738820574
 1.764230292978845e-05
 0
 0
 0
 0
 0.0001587275738820574
 0
 0
 0
 0.0001587275738820574
 1.764230292978845e-05
 0
 0
 0
 0
 0.0001587275738820574
 0
 0
 0
 0.0001587275738820574
 1.764230292978845e-05
 0
 0
 0
 0
 0.0001587275738820574
 0
 0
 0
 0.0001587275738820574
 1.764230292978845e-05
 0
 0
 0
 0
 0.0001587275738820574
 0
 0
 0
 0
 0
 0
 0
 0
 0
 0.0001587275738820574
 0
 0
 0
 0
 0
 0
 0
 0
 0
 0
 0
 0
 0
 0
 0
 0
 0
 0
 0
 0
 0
 0
 0
 0
 0
 0
 0
 0
 0
 0
 0
 0
 0
 0
 0
 0
 0
 0
 0
 0
 0
 0
 0
 0
 0
 0
 0
 0
 0
 0
 0
 0
 0
 0
 0
 0
 0
 0
 0
 0
 0
 0
 0
 0
 0
 0
 0
 0
 0
 0
 0
 0
 0
 0
 0
 0
 0
 0
 0
