# Created by Octave 3.2.4, Wed Feb 06 20:20:55 2013 EST <rbom@zaphod>
# name: small_First_Fit
# type: matrix
# ndims: 3
 1 10 30
 9.347694729699064e-09
 2.527007078459025e-10
 6.422864641459343e-12
 5.55976446488378e-07
 1.516646424491021e-09
 6.988704759495424e-08
 8.72080167100569e-11
 2.12149804477672e-09
 1.73758350636362e-09
 5.720083643853623e-10
 6.870187750277957e-06
 1.370238548247335e-08
 1.457308037932963e-07
 1.076934085852236e-05
 2.137972542432346e-05
 4.017572957596029e-06
 2.171955936415372e-08
 5.60545842807949e-08
 1.776097533350209e-08
 1.096536925886181e-08
 0.002054437724044183
 1.465592058027877e-06
 1.457308037932963e-07
 1.076934085852236e-05
 2.762702672544613e-05
 4.017572957596029e-06
 1.28983257185066e-06
 5.60545842807949e-08
 6.444463927174514e-08
 3.941289232030544e-09
 0.01039501582769123
 1.831230528698248e-05
 3.785846959544294e-07
 6.60082958683144e-05
 0.0003860733176230962
 0.0001056902242596702
 0.0001210516575202887
 5.60545842807949e-08
 5.575002804340699e-07
 1.410986567631163e-07
 0.01039501582769123
 0.000124969073099871
 3.372087012941793e-05
 6.60082958683144e-05
 0.0008904740679554699
 0.0001157741420898311
 0.0003311231923751802
 1.386811670941883e-06
 5.575002804340699e-07
 8.632200418241289e-07
 0.01039501582769123
 0.0004842063816218454
 0.0004032870679750145
 0.0009613962562973314
 0.0008904740679554699
 0.0007493029842897597
 0.00252536688545562
 8.510014168147522e-06
 7.705395626908705e-07
 3.595228687714354e-06
 0.01039501582769123
 0.001012251830647668
 0.0005724480093432144
 0.0009613962562973314
 0.002648978215136633
 0.0007493029842897597
 0.003904330878979763
 8.510014168147522e-06
 0.0002312477553509764
 1.897146089733417e-05
 0.01039501582769123
 0.002291201403811307
 0.002648978215136633
 0.006018291978086903
 0.002648978215136633
 0.0007493029842897597
 0.005447665119961321
 8.510014168147522e-06
 0.0002312477553509764
 1.897146089733417e-05
 0.01039501582769123
 0.002291201403811307
 0.0005724480093432144
 0.006018291978086903
 0.002648978215136633
 0.0007493029842897597
 0.006018291978086903
 8.510014168147522e-06
 0.0003736723043229527
 0.0003236614580929013
 0.01039501582769123
 0.002823438515927847
 0.002648978215136633
 0.006018291978086903
 0.005356770108234316
 0.0007493029842897597
 0.006018291978086903
 8.510014168147522e-06
 0.0003736723043229527
 0.003557356659156628
 0
 0.002823438515927847
 0.002648978215136633
 0.006664702069216335
 0.005356770108234316
 0.0008904740679554699
 0.005447665119961321
 0.000336309829593183
 0.0002312477553509764
 0.003557356659156628
 0
 0.003904330878979763
 0.002648978215136633
 0.006664702069216335
 0.005356770108234316
 0.001552034026298459
 0.005447665119961321
 0.000336309829593183
 0.002281199341620558
 0.003557356659156628
 0
 0.003904330878979763
 0.002648978215136633
 0.006664702069216335
 0.005356770108234316
 0.002648978215136633
 0.003904330878979763
 0.000336309829593183
 0.002281199341620558
 0.003557356659156628
 0
 0.003904330878979763
 0.002648978215136633
 0.006018291978086903
 0.005356770108234316
 0.002648978215136633
 0.003904330878979763
 0.001261238583036078
 0.002281199341620558
 0.003557356659156628
 0
 0.004597870406353695
 0.002648978215136633
 0.006018291978086903
 0.005356770108234316
 0.002648978215136633
 0.003904330878979763
 0.002367671187247438
 0.00292399357198398
 0.003557356659156628
 0
 0.004597870406353695
 0.002648978215136633
 0.006018291978086903
 0.005356770108234316
 0.005356770108234316
 0
 0.0004469043141052182
 0.005356770108234316
 0.003557356659156628
 0
 0.005447665119961321
 0
 0.006018291978086903
 0
 0.005356770108234316
 0
 0.0004469043141052182
 0.00292399357198398
 0
 0
 0.005447665119961321
 0
 0
 0
 0.002648978215136633
 0
 0.0004469043141052182
 0.00292399357198398
 0
 0
 0.005447665119961321
 0
 0
 0
 0.002648978215136633
 0
 0.002367671187247438
 0.00292399357198398
 0
 0
 0.006018291978086903
 0
 0
 0
 0.003606109311207871
 0
 0.002367671187247438
 0.00292399357198398
 0
 0
 0.005447665119961321
 0
 0
 0
 0.002648978215136633
 0
 0.002367671187247438
 0.005356770108234316
 0
 0
 0.005447665119961321
 0
 0
 0
 0.003606109311207871
 0
 0.01039501582769123
 0.005356770108234316
 0
 0
 0.005447665119961321
 0
 0
 0
 0.002648978215136633
 0
 0.01039501582769123
 0.005356770108234316
 0
 0
 0.005447665119961321
 0
 0
 0
 0.005356770108234316
 0
 0.002367671187247438
 0.005356770108234316
 0
 0
 0.005447665119961321
 0
 0
 0
 0.002648978215136633
 0
 0.002367671187247438
 0.005356770108234316
 0
 0
 0.01615843914959549
 0
 0
 0
 0.003606109311207871
 0
 0.002367671187247438
 0.005356770108234316
 0
 0
 0.006018291978086903
 0
 0
 0
 0.002648978215136633
 0
 0.002367671187247438
 0.005356770108234316
 0
 0
 0.005447665119961321
 0
 0
 0
 0.002648978215136633
 0
 0.002367671187247438
 0
 0
 0
 0.005447665119961321
 0
 0
 0
 0.002648978215136633
 0
 0
 0
 0
 0
 0.005447665119961321
 0
 0
 0
 0.005356770108234316
 0
 0
 0
 0
