# Created by Octave 3.2.4, Mon Feb 04 04:17:50 2013 EST <rbom@zaphod>
# name: small_First_Fit
# type: matrix
# ndims: 3
 1 10 30
 1.709687910218173e-21
 2.591086015244396e-22
 1.033925410218591e-14
 2.635973842510976e-15
 9.042725632667139e-21
 2.642742086592572e-19
 2.31039953167137e-20
 3.490811872412444e-23
 6.499635200383456e-22
 7.555089274400157e-18
 1.709687910218173e-21
 3.306306641664325e-13
 2.220472406732092e-10
 1.222283521183064e-12
 1.222370673635288e-16
 2.642742086592572e-19
 1.494425860749808e-18
 5.058055957370425e-18
 5.914490665994764e-20
 7.555089274400157e-18
 3.476387716259747e-19
 3.306306641664325e-13
 7.321931664573669e-08
 4.859703966791749e-11
 5.541445916725505e-10
 4.225035150351336e-16
 2.656102005267019e-15
 7.246060875052781e-13
 5.091680992199501e-16
 5.188563503764072e-16
 5.648766171105619e-16
 7.050510169310874e-11
 1.68649615543314e-05
 6.935234556197933e-08
 7.59809967824599e-07
 9.775119189191639e-12
 1.024165291215957e-12
 3.918584564026834e-08
 7.946954302833093e-13
 2.586780171195844e-15
 1.085893488316604e-14
 7.050510169310874e-11
 0.001158222580596557
 6.935234556197933e-08
 7.59809967824599e-07
 3.615632990460537e-09
 1.024165291215957e-12
 3.918584564026834e-08
 3.370111515972811e-10
 2.446831372154384e-08
 1.085893488316604e-14
 4.841980194275672e-09
 0.004164980364188719
 6.935234556197933e-08
 7.59809967824599e-07
 5.289345477674271e-07
 1.951153951992745e-09
 3.918584564026834e-08
 8.140398102845079e-08
 2.446831372154384e-08
 1.085893488316604e-14
 4.841980194275672e-09
 0.02514802939311676
 6.935234556197933e-08
 0.0003006705493999141
 1.179015684118548e-05
 1.208003713362935e-07
 1.815800301103843e-06
 5.961322406121995e-07
 3.96214983432093e-07
 3.472707449462619e-12
 2.051453060455613e-06
 0.02514802939311676
 6.935234556197933e-08
 0.0003006705493999141
 1.179015684118548e-05
 1.208003713362935e-07
 1.815800301103843e-06
 3.063447339110991e-06
 0.001452937813624985
 5.870571945293988e-11
 1.285850635338113e-05
 0.02514802939311676
 6.935234556197933e-08
 0.0003006705493999141
 1.179015684118548e-05
 1.208003713362935e-07
 1.815800301103843e-06
 1.285850635338113e-05
 0.001452937813624985
 1.846226325980808e-08
 1.285850635338113e-05
 0.02514802939311676
 1.415925836036212e-05
 0.0003006705493999141
 0.004164980364188719
 1.208003713362935e-07
 1.815800301103843e-06
 1.285850635338113e-05
 0.001452937813624985
 3.75482468733263e-05
 1.285850635338113e-05
 0.02514802939311676
 1.415925836036212e-05
 0.0003006705493999141
 0.004164980364188719
 1.208003713362935e-07
 1.815800301103843e-06
 0.004164980364188719
 0.001452937813624985
 3.75482468733263e-05
 1.415925836036212e-05
 0.02514802939311676
 1.415925836036212e-05
 0.0003006705493999141
 0.004164980364188719
 1.208003713362935e-07
 1.815800301103843e-06
 0.004164980364188719
 0.001452937813624985
 3.75482468733263e-05
 1.415925836036212e-05
 0.02514802939311676
 1.415925836036212e-05
 0.0003006705493999141
 0.004164980364188719
 4.429161274054668e-05
 1.815800301103843e-06
 0.004164980364188719
 0.001452937813624985
 3.75482468733263e-05
 1.415925836036212e-05
 0.02514802939311676
 0.02514802939311676
 0.0003006705493999141
 0.004164980364188719
 4.429161274054668e-05
 1.815800301103843e-06
 0.004164980364188719
 0.001452937813624985
 3.75482468733263e-05
 1.415925836036212e-05
 0.02514802939311676
 0.02514802939311676
 0.0003006705493999141
 0.004164980364188719
 4.429161274054668e-05
 1.815800301103843e-06
 0.004164980364188719
 0.001452937813624985
 3.75482468733263e-05
 1.415925836036212e-05
 0.02514802939311676
 0.02514802939311676
 0.0003006705493999141
 0.004164980364188719
 4.429161274054668e-05
 0.01447656550473024
 0.004164980364188719
 0.001452937813624985
 0.01447656550473024
 1.415925836036212e-05
 0.02514802939311676
 0.02514802939311676
 0.0003006705493999141
 0.004164980364188719
 4.429161274054668e-05
 0.01447656550473024
 0.004164980364188719
 0.001452937813624985
 0.01447656550473024
 1.415925836036212e-05
 0.02514802939311676
 0.02514802939311676
 0.0003006705493999141
 0.004164980364188719
 4.429161274054668e-05
 0.01447656550473024
 0.004164980364188719
 0.001452937813624985
 0.01447656550473024
 1.415925836036212e-05
 0.02514802939311676
 0.02514802939311676
 0.0003006705493999141
 0.004164980364188719
 4.429161274054668e-05
 0.01447656550473024
 0.004164980364188719
 0.001452937813624985
 0.01447656550473024
 1.415925836036212e-05
 0.02514802939311676
 0.02514802939311676
 0.0003006705493999141
 0.004164980364188719
 4.429161274054668e-05
 0.01447656550473024
 0.004164980364188719
 0.001452937813624985
 0.01447656550473024
 1.415925836036212e-05
 0.02514802939311676
 0.02514802939311676
 0.0003006705493999141
 0.004164980364188719
 4.429161274054668e-05
 0.01447656550473024
 0.004164980364188719
 0.001452937813624985
 0.01447656550473024
 1.415925836036212e-05
 0.02514802939311676
 0.02514802939311676
 0.0003006705493999141
 0.004164980364188719
 4.429161274054668e-05
 0.01447656550473024
 0.004164980364188719
 0.001452937813624985
 0.01447656550473024
 1.415925836036212e-05
 0.02514802939311676
 0.02514802939311676
 0.0003006705493999141
 0.004164980364188719
 4.429161274054668e-05
 0.01447656550473024
 0.004164980364188719
 0.001452937813624985
 0.01447656550473024
 1.415925836036212e-05
 0.02514802939311676
 0.02514802939311676
 0.0003006705493999141
 0.004164980364188719
 4.429161274054668e-05
 0.01447656550473024
 0.004164980364188719
 0.001452937813624985
 0.01447656550473024
 1.415925836036212e-05
 0.02514802939311676
 0.02514802939311676
 0.0003006705493999141
 0.004164980364188719
 4.429161274054668e-05
 0.01447656550473024
 0.004164980364188719
 0.001452937813624985
 0.01447656550473024
 1.415925836036212e-05
 0.02514802939311676
 0.02514802939311676
 0.0003006705493999141
 0.004164980364188719
 4.429161274054668e-05
 0.01447656550473024
 0.004164980364188719
 0.001452937813624985
 0.01447656550473024
 1.415925836036212e-05
 0.02514802939311676
 0.02514802939311676
 0.0003006705493999141
 0.004164980364188719
 4.429161274054668e-05
 0.01447656550473024
 0.004164980364188719
 0.001452937813624985
 0.01447656550473024
 1.415925836036212e-05
 0.02514802939311676
 0.02514802939311676
 0.0003006705493999141
 0.004164980364188719
 4.429161274054668e-05
 0.01447656550473024
 0.004164980364188719
 0.001452937813624985
 0.01447656550473024
 1.415925836036212e-05
 0.02514802939311676
 0.02514802939311676
 0.0003006705493999141
 0.004164980364188719
 4.429161274054668e-05
 0.01447656550473024
 0.004164980364188719
 0.001452937813624985
 0.01447656550473024
 1.415925836036212e-05
 0.02514802939311676
 0.02514802939311676
 0.0003006705493999141
 0.004164980364188719
 4.429161274054668e-05
 0.01447656550473024
 0.004164980364188719
 0.001452937813624985
