# Created by Octave 3.2.4, Wed Feb 06 15:52:40 2013 EST <rbom@zaphod>
# name: small_First_Fit
# type: matrix
# ndims: 3
 1 10 30
 5.866124938377867e-14
 1.875640947617401e-10
 8.319759790491778e-15
 4.58183640136748e-11
 8.45487833096814e-11
 2.735555549724676e-10
 3.15523483616339e-11
 1.058105713398649e-12
 5.404822229907672e-10
 9.967036667719295e-13
 2.144866233828813e-06
 1.878053191350765e-08
 5.847675906710354e-11
 2.168884192046964e-07
 3.285632717547964e-07
 9.347787170202187e-06
 1.163970237531505e-08
 7.299259941951917e-11
 1.530868567275634e-07
 5.255976695613314e-08
 1.760773890634445e-05
 1.260723994720269e-05
 2.966345073200321e-07
 0.0003681919073188628
 7.447554962156023e-07
 9.347787170202187e-06
 1.639050952352151e-06
 1.911057553337699e-09
 1.530868567275634e-07
 1.003287722121689e-06
 0.0001033071788163805
 0.0006001312126726145
 6.188021556417022e-05
 0.0005346028656661968
 7.770761705230594e-06
 2.54122861901077e-05
 1.639050952352151e-06
 2.408995073914388e-07
 3.433581036634699e-06
 4.921416136838747e-06
 0.000840629363937434
 0.0006001312126726145
 6.188021556417022e-05
 0.0005346028656661968
 0.000126605094275891
 2.54122861901077e-05
 7.476191686000251e-05
 1.911477435656436e-06
 3.433581036634699e-06
 8.175204955506235e-05
 0.000840629363937434
 0.0006001312126726145
 0.006824011001479871
 0.001204392153393886
 0.000126605094275891
 2.54122861901077e-05
 7.476191686000251e-05
 1.483628368765885e-05
 3.433581036634699e-06
 8.175204955506235e-05
 0.000840629363937434
 0.001014650837145162
 0.01385614712197177
 0.001204392153393886
 0.0045055179420014
 2.54122861901077e-05
 7.476191686000251e-05
 3.221111712162594e-05
 5.664002543432645e-05
 8.175204955506235e-05
 0.000840629363937434
 0.001014650837145162
 0.01385614712197177
 0.001204392153393886
 0.0045055179420014
 2.54122861901077e-05
 7.476191686000251e-05
 1.483628368765885e-05
 5.664002543432645e-05
 8.175204955506235e-05
 0.001346511097338172
 0.001014650837145162
 0.01385614712197177
 0.001898467118476549
 0.0045055179420014
 2.54122861901077e-05
 7.476191686000251e-05
 3.221111712162594e-05
 0.002036741927101343
 0.0001164662233923507
 0.000840629363937434
 0.0008690164404682279
 0.006824011001479871
 0.001898467118476549
 0.0123520654595071
 0.002036741927101343
 0.002625249034321389
 3.221111712162594e-05
 0.002036741927101343
 0.0001164662233923507
 0.002797248984772621
 0.0155603516480003
 0.006824011001479871
 0.001898467118476549
 0.0123520654595071
 0.002036741927101343
 0.002625249034321389
 3.221111712162594e-05
 0.002036741927101343
 0.0001164662233923507
 0.002797248984772621
 0.0155603516480003
 0.006824011001479871
 0.001898467118476549
 0.0123520654595071
 0.002036741927101343
 0.002625249034321389
 3.221111712162594e-05
 0.002036741927101343
 0.0001164662233923507
 0.002797248984772621
 0.0155603516480003
 0.006824011001479871
 0.001898467118476549
 0.0123520654595071
 0.002036741927101343
 0.002625249034321389
 3.221111712162594e-05
 0.002036741927101343
 0.0001164662233923507
 0.002797248984772621
 0.0155603516480003
 0
 0.001898467118476549
 0.0123520654595071
 0.002036741927101343
 0.002797248984772621
 3.221111712162594e-05
 0.002036741927101343
 0.0002292967982568732
 0.002834206903835994
 0.0155603516480003
 0
 0.001898467118476549
 0.0123520654595071
 0.002036741927101343
 0.002625249034321389
 3.221111712162594e-05
 0.002036741927101343
 0.0002292967982568732
 0.002834206903835994
 0.0155603516480003
 0
 0
 0.0123520654595071
 0.002036741927101343
 0.002625249034321389
 0
 0
 0.0001164662233923507
 0.002797248984772621
 0.0155603516480003
 0
 0
 0
 0
 0.002625249034321389
 0
 0
 0.0001239616130836115
 0.009033440237658421
 0
 0
 0
 0
 0
 0.002625249034321389
 0
 0
 0.0001164662233923507
 0.01385614712197177
 0
 0
 0
 0
 0
 0.002625249034321389
 0
 0
 0.0002292967982568732
 0.01385614712197177
 0
 0
 0
 0
 0
 0.002797248984772621
 0
 0
 0.0001246755974517336
 0.01385614712197177
 0
 0
 0
 0
 0
 0.002797248984772621
 0
 0
 0.0001246755974517336
 0.01385614712197177
 0
 0
 0
 0
 0
 0.002797248984772621
 0
 0
 0.0001246755974517336
 0.01385614712197177
 0
 0
 0
 0
 0
 0.002797248984772621
 0
 0
 0.0001246755974517336
 0.01385614712197177
 0
 0
 0
 0
 0
 0.01385614712197177
 0
 0
 0.0002292967982568732
 0.0155603516480003
 0
 0
 0
 0
 0
 0.01385614712197177
 0
 0
 0.0002292967982568732
 0.0155603516480003
 0
 0
 0
 0
 0
 0.01385614712197177
 0
 0
 0.0002292967982568732
 0.0155603516480003
 0
 0
 0
 0
 0
 0.01385614712197177
 0
 0
 0.0002292967982568732
 0.01385614712197177
 0
 0
 0
 0
 0
 0.01385614712197177
 0
 0
 0.0002292967982568732
 0.01385614712197177
 0
 0
 0
 0
 0
 0.01385614712197177
 0
 0
 0.0002292967982568732
 0.01385614712197177
 0
 0
 0
 0
 0
 0.01385614712197177
 0
 0
 0.0002292967982568732
