# Created by Octave 3.2.4, Thu Feb 07 06:13:51 2013 EST <rbom@zaphod>
# name: small_First_Fit
# type: matrix
# ndims: 3
 1 10 30
 1.930626911815385e-12
 1.527700658338478e-09
 8.341480931011798e-16
 1.680176030855501e-15
 1.48441093928077e-11
 3.081130891962408e-12
 2.470003868291197e-11
 3.501775224439325e-14
 3.008241565535592e-12
 1.701545027773704e-13
 7.294744157048169e-11
 4.052192797535063e-08
 1.153728926982078e-09
 1.970853324049171e-11
 8.476534127788404e-09
 3.401915214291873e-09
 2.470003868291197e-11
 3.451047456633102e-07
 1.647694847501095e-09
 1.453771044758467e-10
 1.918626884721184e-09
 2.259271819197699e-06
 9.453335109308347e-09
 7.761674224147828e-10
 7.185487883509481e-07
 1.792711458777877e-06
 7.846015213299966e-10
 2.401830649799616e-05
 1.356922855492525e-08
 1.155493214364934e-08
 1.918626884721184e-09
 2.259271819197699e-06
 9.453335109308347e-09
 6.738029486266566e-09
 7.185487883509481e-07
 6.517797245348752e-05
 9.668546824123165e-10
 2.401830649799616e-05
 1.356922855492525e-08
 1.155493214364934e-08
 1.918626884721184e-09
 7.140736581465808e-05
 9.956223188478534e-07
 5.147838769075101e-08
 1.758195130028706e-06
 0.001951344871338694
 4.386325087466326e-08
 2.401830649799616e-05
 1.671628105647777e-07
 0.0001019175346849417
 8.865210127722649e-07
 7.140736581465808e-05
 9.453143804870787e-06
 1.048592956106502e-05
 5.307204966581857e-05
 0.0105905930560807
 1.639048640004184e-06
 0.0003065246752976216
 8.271492722497922e-06
 0.0001019175346849417
 4.596012652048869e-05
 7.140736581465808e-05
 9.453143804870787e-06
 0.0002985789984666776
 5.307204966581857e-05
 0.0105905930560807
 6.347807659383473e-05
 0.0003279999485922343
 8.271492722497922e-06
 0.0001019175346849417
 4.596012652048869e-05
 7.140736581465808e-05
 9.453143804870787e-06
 0.0002985789984666776
 0.0009646477567579187
 0.0105905930560807
 0.001664971668770726
 0.0006845473327909091
 8.271492722497922e-06
 0.00340912802755308
 4.596012652048869e-05
 0.00386810855936324
 9.453143804870787e-06
 0.002319672622578832
 0.0009646477567579187
 0.001951344871338694
 0.001664971668770726
 0.0006845473327909091
 8.271492722497922e-06
 0.00340912802755308
 4.596012652048869e-05
 0.00386810855936324
 9.453143804870787e-06
 0.002319672622578832
 0.001049629199390201
 0.001951344871338694
 0.001664971668770726
 0.0105905930560807
 0.000144027048439109
 0.00340912802755308
 4.596012652048869e-05
 0.004130030465520342
 9.453143804870787e-06
 0.002319672622578832
 0.0009646477567579187
 0.002234484358253115
 0.001664971668770726
 0.0105905930560807
 0.000144027048439109
 0.00340912802755308
 4.596012652048869e-05
 0.004130030465520342
 9.453143804870787e-06
 0.0002985789984666776
 0.001049629199390201
 0.002234484358253115
 0.001664971668770726
 0.0105905930560807
 0.000144027048439109
 0.00340912802755308
 4.596012652048869e-05
 0.004130030465520342
 0
 0.001951344871338694
 0.001049629199390201
 0.002234484358253115
 0.00386810855936324
 0.0105905930560807
 0.0003101968216461663
 0.00340912802755308
 0
 0.00386810855936324
 0
 0.001314708219140124
 0.0009646477567579187
 0.002234484358253115
 0.00386810855936324
 0.0105905930560807
 0.0003101968216461663
 0.00340912802755308
 0
 0.00386810855936324
 0
 0.0002985789984666776
 0.0009646477567579187
 0.002234484358253115
 0.00386810855936324
 0.0105905930560807
 0.0003101968216461663
 0
 0
 0.00386810855936324
 0
 0.0002985789984666776
 0.001049629199390201
 0.002234484358253115
 0.00386810855936324
 0.0105905930560807
 0.0003101968216461663
 0
 0
 0.004130030465520342
 0
 0.0002985789984666776
 0.0009646477567579187
 0.002234484358253115
 0.00386810855936324
 0
 0.000144027048439109
 0
 0
 0.004130030465520342
 0
 0.001951344871338694
 0.0009646477567579187
 0
 0.00386810855936324
 0
 0.0003101968216461663
 0
 0
 0.00386810855936324
 0
 0.001951344871338694
 0.0009646477567579187
 0
 0.00386810855936324
 0
 0.000144027048439109
 0
 0
 0.004130030465520342
 0
 0.002234484358253115
 0.0009646477567579187
 0
 0
 0
 0.0003101968216461663
 0
 0
 0.00386810855936324
 0
 0.0105905930560807
 0.0009646477567579187
 0
 0
 0
 0.0003101968216461663
 0
 0
 0.00386810855936324
 0
 0.0105905930560807
 0.0009646477567579187
 0
 0
 0
 0.0003101968216461663
 0
 0
 0.004130030465520342
 0
 0.0105905930560807
 0
 0
 0
 0
 0.0003101968216461663
 0
 0
 0.00386810855936324
 0
 0.0105905930560807
 0
 0
 0
 0
 0.0003101968216461663
 0
 0
 0.00386810855936324
 0
 0.0105905930560807
 0
 0
 0
 0
 0.0003101968216461663
 0
 0
 0.00386810855936324
 0
 0.0105905930560807
 0
 0
 0
 0
 0.000349924785764495
 0
 0
 0.00386810855936324
 0
 0.0105905930560807
 0
 0
 0
 0
 0.000349924785764495
 0
 0
 0.00386810855936324
 0
 0
 0
 0
 0
 0
 0.0003101968216461663
 0
 0
 0.004130030465520342
 0
 0
 0
 0
 0
 0
 0.001868952380785223
 0
 0
 0.00386810855936324
 0
 0
 0
 0
 0
 0
 0.001868952380785223
 0
