# Created by Octave 3.2.4, Tue Feb 05 06:31:46 2013 EST <rbom@zaphod>
# name: small_First_Fit
# type: matrix
# ndims: 3
 1 10 30
 8.610609864870263e-12
 5.303286522620402e-15
 3.03082271851472e-16
 2.828087765765499e-15
 9.88113224486481e-14
 4.410220008952439e-16
 9.007678278607363e-11
 4.678935524805806e-18
 9.011165742141551e-14
 1.394793076727591e-17
 8.610609864870263e-12
 1.535599413717184e-12
 2.698826339831564e-12
 2.233013975693127e-11
 2.250119026996023e-11
 1.207316975242825e-13
 1.45715526838617e-08
 1.785380571746322e-11
 1.834543106200561e-09
 2.82358083532243e-13
 7.284901504295988e-10
 4.051046016978012e-10
 3.212886183569554e-09
 2.233013975693127e-11
 2.250119026996023e-11
 6.12700324003325e-12
 4.838799596217597e-07
 1.785380571746322e-11
 1.834543106200561e-09
 3.696442181724887e-10
 7.452672412922338e-10
 6.638424091386214e-09
 4.402064619943457e-07
 2.233013975693127e-11
 1.143279218794745e-09
 2.029942309513211e-09
 5.111180731445236e-07
 1.785380571746322e-11
 1.640620313809261e-07
 8.463967851815826e-08
 2.888430654291093e-07
 6.638424091386214e-09
 4.402064619943457e-07
 1.541339283871853e-09
 1.143279218794745e-09
 1.238778215934903e-07
 0.0001129534973091604
 1.475005666646072e-10
 1.236018967470208e-06
 1.14110217269762e-06
 4.4946871955829e-07
 1.249472932630593e-06
 2.54301802795378e-05
 1.541339283871853e-09
 1.143279218794745e-09
 1.238778215934903e-07
 0.0001129534973091604
 1.475005666646072e-10
 1.236018967470208e-06
 3.899690285698043e-06
 2.260210942736795e-06
 1.249472932630593e-06
 2.54301802795378e-05
 1.541339283871853e-09
 5.82861339614429e-08
 1.553166977574399e-06
 0.0001129534973091604
 1.099143713807034e-07
 3.220427621551072e-05
 1.14110217269762e-06
 2.260210942736795e-06
 5.236005591540822e-05
 2.54301802795378e-05
 1.541339283871853e-09
 5.82861339614429e-08
 1.553166977574399e-06
 0.0001129534973091604
 1.815319656333119e-05
 0.0001463598409491306
 1.14110217269762e-06
 2.260210942736795e-06
 5.236005591540822e-05
 2.54301802795378e-05
 1.541339283871853e-09
 5.82861339614429e-08
 1.553166977574399e-06
 0.0001129534973091604
 0.0001129534973091604
 0.0001463598409491306
 1.14110217269762e-06
 2.260210942736795e-06
 5.236005591540822e-05
 2.54301802795378e-05
 7.099986199018235e-08
 3.626463169406426e-06
 1.553166977574399e-06
 0.0001129534973091604
 0.0001129534973091604
 0.0001463598409491306
 1.14110217269762e-06
 5.236005591540822e-05
 5.236005591540822e-05
 2.54301802795378e-05
 7.099986199018235e-08
 3.626463169406426e-06
 1.553166977574399e-06
 0.0001129534973091604
 0.0001129534973091604
 0.0001463598409491306
 1.14110217269762e-06
 5.236005591540822e-05
 5.236005591540822e-05
 2.54301802795378e-05
 7.099986199018235e-08
 3.626463169406426e-06
 1.553166977574399e-06
 0
 0.0001129534973091604
 0.0001463598409491306
 0.0001129534973091604
 5.236005591540822e-05
 5.236005591540822e-05
 0
 7.099986199018235e-08
 5.542006804891886e-05
 1.553166977574399e-06
 0
 0.0001129534973091604
 0.0001463598409491306
 0.0001129534973091604
 5.236005591540822e-05
 5.236005591540822e-05
 0
 1.137769134797059e-06
 5.542006804891886e-05
 0
 0
 0.0001129534973091604
 0.0001463598409491306
 0.0001129534973091604
 5.236005591540822e-05
 0
 0
 7.099986199018235e-08
 5.542006804891886e-05
 0
 0
 0.0001129534973091604
 0
 0.0001129534973091604
 5.236005591540822e-05
 0
 0
 7.099986199018235e-08
 5.542006804891886e-05
 0
 0
 0
 0
 0.0001129534973091604
 5.236005591540822e-05
 0
 0
 1.137769134797059e-06
 5.542006804891886e-05
 0
 0
 0
 0
 0.0001129534973091604
 0
 0
 0
 1.137769134797059e-06
 5.542006804891886e-05
 0
 0
 0
 0
 0.0001129534973091604
 0
 0
 0
 1.137769134797059e-06
 5.542006804891886e-05
 0
 0
 0
 0
 0
 0
 0
 0
 1.137769134797059e-06
 0
 0
 0
 0
 0
 0
 0
 0
 0
 1.137769134797059e-06
 0
 0
 0
 0
 0
 0
 0
 0
 0
 1.137769134797059e-06
 0
 0
 0
 0
 0
 0
 0
 0
 0
 1.137769134797059e-06
 0
 0
 0
 0
 0
 0
 0
 0
 0
 0
 0
 0
 0
 0
 0
 0
 0
 0
 0
 0
 0
 0
 0
 0
 0
 0
 0
 0
 0
 0
 0
 0
 0
 0
 0
 0
 0
 0
 0
 0
 0
 0
 0
 0
 0
 0
 0
 0
 0
 0
 0
 0
 0
 0
 0
 0
 0
 0
 0
 0
 0
 0
 0
 0
 0
 0
 0
 0
 0
 0
 0
 0
 0
 0
 0
 0
