# Created by Octave 3.2.4, Thu Feb 07 02:45:01 2013 EST <rbom@zaphod>
# name: small_First_Fit
# type: matrix
# ndims: 3
 1 10 30
 7.410043976999838e-13
 3.121599262673621e-12
 7.523988005980782e-14
 3.02950324342635e-13
 3.961786979100482e-10
 9.787706039276662e-14
 1.556909557677037e-10
 9.387434100179782e-08
 2.012458459510422e-10
 3.165143569642231e-09
 3.758344107285741e-08
 1.420862532963696e-10
 4.097946097667719e-11
 4.541959621374652e-10
 2.862627258935845e-08
 4.421653748645061e-11
 1.556909557677037e-10
 2.068016696201175e-06
 1.944296833930188e-07
 7.398872858062634e-08
 3.628523936139236e-06
 8.048886537352852e-10
 6.792067916806026e-09
 2.471887625548545e-09
 4.734275381092328e-07
 1.878737849484356e-06
 1.910029885013725e-08
 3.750132296992547e-05
 4.003638647815383e-05
 5.834613345712881e-07
 0.0008924820556721697
 1.474645699859035e-08
 3.815855020846218e-07
 1.286601454736577e-08
 4.734275381092328e-07
 7.111522695814354e-06
 1.929671808086106e-06
 0.0003341517469642408
 4.003638647815383e-05
 5.834613345712881e-07
 0.0008924820556721697
 6.035878709498318e-08
 7.100077951332358e-06
 6.234129265183965e-08
 4.953894024913796e-06
 3.02917542355306e-05
 3.686348415738746e-05
 0.0003341517469642408
 4.003638647815383e-05
 5.834613345712881e-07
 0.0008924820556721697
 6.464320206427606e-07
 7.100077951332358e-06
 6.234129265183965e-08
 4.953894024913796e-06
 3.02917542355306e-05
 3.686348415738746e-05
 0.0003341517469642408
 0.001295750425388731
 9.846882045655453e-07
 0.0008924820556721697
 9.508904530264064e-06
 7.100077951332358e-06
 1.019222876554394e-06
 0.0006058665924449827
 0.000109892288081881
 3.686348415738746e-05
 0.0005221124538494552
 0.001295750425388731
 5.834613345712881e-07
 0.0008924820556721697
 2.5651407016603e-05
 0.0004944183907556974
 1.019222876554394e-06
 0.0006058665924449827
 0.0004476685041292798
 3.686348415738746e-05
 0.0005221124538494552
 0.001295750425388731
 9.846882045655453e-07
 0.0008924820556721697
 9.508904530264064e-06
 0.0004944183907556974
 9.663959910759353e-06
 0.0006058665924449827
 0.002521464236778521
 3.686348415738746e-05
 0.0005221124538494552
 0.001295750425388731
 9.846882045655453e-07
 0.0008924820556721697
 9.508904530264064e-06
 0.0004944183907556974
 2.647918430375064e-05
 0.0006058665924449827
 0.002521464236778521
 3.686348415738746e-05
 0.0005221124538494552
 0.001295750425388731
 3.043212473152808e-05
 0
 7.533484207616347e-05
 0.0004944183907556974
 2.647918430375064e-05
 0.0006058665924449827
 0.002521464236778521
 3.686348415738746e-05
 0.0003341517469642408
 0.001295750425388731
 3.043212473152808e-05
 0
 7.533484207616347e-05
 0.0004944183907556974
 2.647918430375064e-05
 0.0006058665924449827
 0.002521464236778521
 0
 0.0003341517469642408
 0.001295750425388731
 3.043212473152808e-05
 0
 7.533484207616347e-05
 0.0004944183907556974
 4.283314221033872e-05
 0.0006058665924449827
 0.002521464236778521
 0
 0.0006058665924449827
 0
 3.043212473152808e-05
 0
 7.533484207616347e-05
 0.0004944183907556974
 8.977036679350689e-05
 0
 0.002521464236778521
 0
 0.0006058665924449827
 0
 3.043212473152808e-05
 0
 7.533484207616347e-05
 0
 0.0001046716374848065
 0
 0.002521464236778521
 0
 0.0006058665924449827
 0
 3.043212473152808e-05
 0
 0.0001907370272139484
 0
 0.0001046716374848065
 0
 0
 0
 0.0006058665924449827
 0
 3.043212473152808e-05
 0
 0.002521464236778521
 0
 0.0001046716374848065
 0
 0
 0
 0.0006058665924449827
 0
 0
 0
 0.002521464236778521
 0
 0.0001046716374848065
 0
 0
 0
 0.0006058665924449827
 0
 0
 0
 0.002521464236778521
 0
 0.0001046716374848065
 0
 0
 0
 0.0006058665924449827
 0
 0
 0
 0.002521464236778521
 0
 8.977036679350689e-05
 0
 0
 0
 0
 0
 0
 0
 0.002521464236778521
 0
 8.977036679350689e-05
 0
 0
 0
 0
 0
 0
 0
 0.002521464236778521
 0
 0
 0
 0
 0
 0
 0
 0
 0
 0.002521464236778521
 0
 0
 0
 0
 0
 0
 0
 0
 0
 0
 0
 0
 0
 0
 0
 0
 0
 0
 0
 0
 0
 0
 0
 0
 0
 0
 0
 0
 0
 0
 0
 0
 0
 0
 0
 0
 0
 0
 0
 0
 0
 0
 0
 0
 0
 0
 0
 0
 0
 0
 0
 0
 0
 0
 0
 0
 0
 0
 0
 0
 0
 0
 0
 0
 0
 0
 0
 0
 0
 0
 0
 0
 0
 0
 0
 0
 0
 0
