# Created by Octave 3.2.4, Wed Feb 06 11:02:44 2013 EST <rbom@zaphod>
# name: small_First_Fit
# type: matrix
# ndims: 3
 1 10 30
 2.13371503196544e-05
 8.568041691854013e-08
 1.839362504841317e-09
 6.381301560399536e-09
 3.49947030802468e-11
 1.425745700199909e-07
 4.113965802767995e-08
 7.783782862905798e-08
 4.110908990072355e-07
 2.053462377077212e-07
 0.01380034151167436
 1.093123567847259e-05
 0.0002283473788416073
 3.59285874590648e-07
 1.504010135420974e-09
 1.425745700199909e-07
 8.383213247039054e-07
 2.535695781419881e-06
 0.0004937154593514591
 0.000723272999630494
 0.01576371911147373
 0.0003034215063329746
 0.001138401771434263
 0.0001066392429110583
 9.445340412755014e-07
 1.425745700199909e-07
 9.488054005841735e-06
 6.958057977066847e-05
 0.0004937154593514591
 0.000723272999630494
 0.01380034151167436
 0.001548988172867622
 0.001138401771434263
 0.0001139066793689087
 9.445340412755014e-07
 3.361916368613241e-06
 0.001473450320956199
 0.001440885626372192
 0.00061803487943701
 0.00107011749568568
 0.01380034151167436
 0.006677366748345684
 0.002045044068167491
 0.00170259477325744
 2.6096181272505e-05
 3.960577266183597e-06
 0.01445738096444659
 0.002786792026082158
 0.01702255810007487
 0.00107011749568568
 0.01380034151167436
 0.01882435858908951
 0.002045044068167491
 0.00170259477325744
 2.6096181272505e-05
 3.960577266183597e-06
 0.01445738096444659
 0.002786792026082158
 0.04082221404792091
 0.00107011749568568
 0.01380034151167436
 0.03128295817818559
 0.01595823446572117
 0.02159474954445827
 3.904252439519424e-05
 9.307404913400785e-05
 0.02777455277721607
 0.002786792026082158
 0.04082221404792091
 0.004871499425511572
 0.01576371911147373
 0.03959832012096136
 0.01595823446572117
 0.02159474954445827
 0.0003083933801435473
 0.0001772481991924319
 0.03286144304976193
 0.01145725152321775
 0.04082221404792091
 0.005447210408322841
 0.01576371911147373
 0.03959832012096136
 0.01595823446572117
 0.02968033798184484
 0.004862344901894781
 9.307404913400785e-05
 0.03286144304976193
 0.01145725152321775
 0.06572030350102322
 0.005447210408322841
 0.01380034151167436
 0.04983708965389502
 0.02885153904410316
 0.03171794023234112
 0.004862344901894781
 0.0004843327953217444
 0.03286144304976193
 0.01145725152321775
 0.06572030350102322
 0.01711325145286018
 0.01576371911147373
 0.03959832012096136
 0.02653937927972382
 0.02968033798184484
 0.004862344901894781
 0.0004843327953217444
 0.03286144304976193
 0.05014922224388549
 0.06572030350102322
 0.01711325145286018
 0.01576371911147373
 0.03959832012096136
 0.02095447316771721
 0.03171794023234112
 0.04058641459653571
 0.000879426295119762
 0.03286144304976193
 0.05014922224388549
 0.06572030350102322
 0.01711325145286018
 0.01576371911147373
 0.03959832012096136
 0.01595823446572117
 0.03171794023234112
 0.04058641459653571
 0.00136652465928702
 0.03286144304976193
 0.05014922224388549
 0.06572030350102322
 0.01711325145286018
 0.01380034151167436
 0.03959832012096136
 0.01595823446572117
 0.03171794023234112
 0.04058641459653571
 0.002377818115807086
 0.03286144304976193
 0.08772336353799977
 0.06572030350102322
 0.01772320634062017
 0.01576371911147373
 0.03959832012096136
 0.01595823446572117
 0.03171794023234112
 0.04058641459653571
 0.02053713837181823
 0
 0.08772336353799977
 0.06572030350102322
 0.01711325145286018
 0.01380034151167436
 0.06492208435715575
 0.01595823446572117
 0.05014922224388549
 0.04479950342934263
 0.03091076107619866
 0
 0.05956167226709872
 0
 0.01711325145286018
 0.01380034151167436
 0.06492208435715575
 0
 0.05014922224388549
 0.151694903200805
 0.03091076107619866
 0
 0.08772336353799977
 0
 0.07450907853208609
 0.01576371911147373
 0.06492208435715575
 0
 0.05014922224388549
 0.151694903200805
 0.03091076107619866
 0
 0.08772336353799977
 0
 0.08446315394866104
 0.01576371911147373
 0.06492208435715575
 0
 0.08772336353799977
 0.151694903200805
 0.03091076107619866
 0
 0.08772336353799977
 0
 0.08446315394866104
 0.01576371911147373
 0.06492208435715575
 0
 0.08772336353799977
 0.151694903200805
 0.03091076107619866
 0
 0.08772336353799977
 0
 0.07450907853208609
 0.02545652522879569
 0.06492208435715575
 0
 0.08772336353799977
 0.151694903200805
 0.03091076107619866
 0
 0.08772336353799977
 0
 0.07450907853208609
 0.01380034151167436
 0.06492208435715575
 0
 0.08772336353799977
 0.151694903200805
 0.03091076107619866
 0
 0.06014943635074772
 0
 0.07450907853208609
 0.01380034151167436
 0
 0
 0.08772336353799977
 0.1617634205081288
 0
 0
 0.05956167226709872
 0
 0.07450907853208609
 0.01380034151167436
 0
 0
 0.08772336353799977
 0.1617634205081288
 0
 0
 0
 0
 0.115542934263066
 0.01576371911147373
 0
 0
 0.08772336353799977
 0.1617634205081288
 0
 0
 0
 0
 0.07450907853208609
 0.01576371911147373
 0
 0
 0
 0.151694903200805
 0
 0
 0
 0
 0.07450907853208609
 0.01380034151167436
 0
 0
 0
 0.151694903200805
 0
 0
 0
 0
 0.07450907853208609
 0.01380034151167436
 0
 0
 0
 0.151694903200805
 0
 0
 0
 0
 0.07450907853208609
 0.01380034151167436
 0
 0
 0
 0.151694903200805
 0
 0
 0
 0
 0.115542934263066
 0.01576371911147373
 0
 0
 0
 0
 0
 0
 0
 0
 0.115542934263066
