# Created by Octave 3.2.4, Tue Feb 05 04:38:08 2013 EST <rbom@zaphod>
# name: small_First_Fit
# type: matrix
# ndims: 3
 1 10 30
 1.832435375675304e-09
 8.187133018351341e-26
 1.454364706004911e-16
 1.082403439652215e-17
 1.006490421643879e-19
 7.882340092461355e-18
 1.629685406000899e-17
 7.086943779674948e-19
 1.561159829077484e-22
 2.145886080123828e-23
 2.784061484299108e-07
 5.979058449128928e-12
 1.614509646494155e-13
 7.120547717534371e-15
 1.288774572804747e-13
 7.174321846462238e-14
 1.114012232034306e-14
 2.051507919767737e-12
 6.12814887455223e-17
 1.575374888853854e-16
 1.328806682010852e-05
 1.792464127353512e-10
 1.114937237657522e-10
 3.270930897338743e-12
 4.018249493711312e-09
 3.753197157418339e-09
 2.349558100464675e-13
 1.795017325561779e-09
 5.59361602422353e-12
 1.575374888853854e-16
 0.0004028921693819164
 1.792464127353512e-10
 2.226962269630154e-09
 7.224212002175538e-10
 1.250642308352186e-05
 4.05406538462417e-08
 3.836630556763449e-13
 7.862858045790586e-07
 3.687452470609783e-07
 1.364410278419746e-12
 0.0004028921693819164
 1.792464127353512e-10
 2.501023431037782e-07
 2.303866500914653e-08
 0.0005628818105145561
 4.05406538462417e-08
 5.532346860483609e-11
 5.69801503997656e-05
 3.12995775681442e-06
 4.268785002084639e-11
 0.0004028921693819164
 2.187380749301756e-07
 9.959690379301189e-07
 2.303866500914653e-08
 0.0005628818105145561
 3.753197157418339e-09
 1.020187643657101e-07
 5.69801503997656e-05
 3.12995775681442e-06
 4.268785002084639e-11
 0.0004028921693819164
 6.256580729019767e-06
 5.535023237399142e-05
 2.303866500914653e-08
 0.0005628818105145561
 1.756488384647503e-05
 2.153588448223886e-06
 0.0003399185423986506
 3.12995775681442e-06
 4.268785002084639e-11
 0.0004028921693819164
 6.256580729019767e-06
 5.535023237399142e-05
 8.72046153510698e-06
 0.0005628818105145561
 1.756488384647503e-05
 2.153588448223886e-06
 0.0003399185423986506
 6.989146476889274e-05
 4.268785002084639e-11
 0.0004028921693819164
 0.0001104519745856318
 5.535023237399142e-05
 0.003529949286425868
 0.0005628818105145561
 0.0004028921693819164
 2.153588448223886e-06
 0.0003399185423986506
 0.007635385598093358
 3.200959941973653e-06
 0.0004028921693819164
 0.0001104519745856318
 5.535023237399142e-05
 0.003529949286425868
 0.0005628818105145561
 0.0004028921693819164
 8.117907719166622e-05
 0.0003399185423986506
 0.007635385598093358
 3.200959941973653e-06
 0
 0.0001104519745856318
 5.535023237399142e-05
 0.003529949286425868
 0.0005628818105145561
 0.0004028921693819164
 8.117907719166622e-05
 0.0003399185423986506
 0.007635385598093358
 3.200959941973653e-06
 0
 0.0001104519745856318
 5.535023237399142e-05
 0.003529949286425868
 0
 0.0004028921693819164
 8.117907719166622e-05
 0.007635385598093358
 0.007635385598093358
 3.200959941973653e-06
 0
 0.0001104519745856318
 5.535023237399142e-05
 0.003529949286425868
 0
 0.0004028921693819164
 8.117907719166622e-05
 0.007635385598093358
 0.007635385598093358
 3.200959941973653e-06
 0
 0.0001104519745856318
 0
 0.003529949286425868
 0
 0.0004028921693819164
 8.117907719166622e-05
 0.007635385598093358
 0.007635385598093358
 1.756488384647503e-05
 0
 0.0001104519745856318
 0
 0.003529949286425868
 0
 0.0004028921693819164
 0.0005628818105145561
 0.007635385598093358
 0.007635385598093358
 1.756488384647503e-05
 0
 0
 0
 0
 0
 0
 0.0005628818105145561
 0.007635385598093358
 0
 1.756488384647503e-05
 0
 0
 0
 0
 0
 0
 0.0005628818105145561
 0.007635385598093358
 0
 1.756488384647503e-05
 0
 0
 0
 0
 0
 0
 0.0005628818105145561
 0.007635385598093358
 0
 5.598114921420652e-05
 0
 0
 0
 0
 0
 0
 0.0005628818105145561
 0
 0
 0.0004028921693819164
 0
 0
 0
 0
 0
 0
 0.0005628818105145561
 0
 0
 0.0004028921693819164
 0
 0
 0
 0
 0
 0
 0.0005628818105145561
 0
 0
 0.0005628818105145561
 0
 0
 0
 0
 0
 0
 0
 0
 0
 0.0005628818105145561
 0
 0
 0
 0
 0
 0
 0
 0
 0
 0.0005628818105145561
 0
 0
 0
 0
 0
 0
 0
 0
 0
 0.0005628818105145561
 0
 0
 0
 0
 0
 0
 0
 0
 0
 0.0005628818105145561
 0
 0
 0
 0
 0
 0
 0
 0
 0
 0.0005628818105145561
 0
 0
 0
 0
 0
 0
 0
 0
 0
 0.0005628818105145561
 0
 0
 0
 0
 0
 0
 0
 0
 0
 0
 0
 0
 0
 0
 0
 0
 0
 0
 0
 0
 0
 0
 0
 0
 0
 0
 0
 0
 0
 0
