# Created by Octave 3.2.4, Wed Feb 06 12:16:33 2013 EST <rbom@zaphod>
# name: small_First_Fit
# type: matrix
# ndims: 3
 1 10 30
 5.391095678032142e-09
 1.89655107223998e-09
 1.15880535773863e-12
 1.109200067769973e-10
 1.756255782483282e-12
 3.852487134399425e-08
 1.348034001172005e-08
 5.641121500914473e-09
 6.366615529490856e-13
 8.362071871754648e-08
 1.678173564926833e-07
 2.159751401442292e-06
 1.216016814259437e-10
 1.618272099673445e-08
 2.378401545020515e-08
 1.164133454208467e-06
 1.776415283019964e-07
 0.0002102554327859719
 9.867142849698479e-12
 2.079014298856469e-06
 3.266928749618999e-06
 0.000166486876453214
 6.168191214011629e-05
 2.441146976463061e-08
 3.174902409849619e-07
 1.091205389147595e-06
 3.543603602936167e-07
 0.002320693349116953
 8.00396811904774e-10
 2.079014298856469e-06
 5.499467025498567e-06
 0.004119003048929149
 0.0005133322817315039
 6.66127331021349e-07
 3.174902409849619e-07
 3.182297318218148e-05
 3.396622924997009e-06
 0.002320693349116953
 5.420419001469738e-07
 2.079014298856469e-06
 0.003067689452289506
 0.01166009163915137
 0.0005133322817315039
 6.346928543186245e-06
 0.0001249165844308958
 0.0002097360894668513
 4.574985951958617e-06
 0.002320693349116953
 7.178828194431275e-07
 5.494359064204239e-05
 0.003067689452289506
 0.01166009163915137
 0.0008771334741192823
 0.0004568735573554749
 0.0002846404272123675
 0.000460778066934578
 5.494359064204239e-05
 0.02349927419796501
 6.126212141010322e-06
 5.494359064204239e-05
 0.003067689452289506
 0.02349927419796501
 0.004724231165032388
 0.004676864495712576
 0.0002846404272123675
 0.002691676861001407
 5.494359064204239e-05
 0.02349927419796501
 6.126212141010322e-06
 0.0001655256690739111
 0.003067689452289506
 0.02349927419796501
 0.004724231165032388
 0.004676864495712576
 0.001377752885130709
 0.002691676861001407
 0.0005116750718435566
 0.02349927419796501
 1.760992631328844e-05
 0.0001655256690739111
 0.01504790715597523
 0.02349927419796501
 0.004724231165032388
 0.004676864495712576
 0.001377752885130709
 0.002691676861001407
 0.0005116750718435566
 0.02349927419796501
 0.0004341782947860183
 0.0005116750718435566
 0.01504790715597523
 0.02349927419796501
 0.01166009163915137
 0.004676864495712576
 0.002900163778031063
 0.002691676861001407
 0.0005116750718435566
 0.02349927419796501
 0.0004341782947860183
 0.0005116750718435566
 0.01504790715597523
 0.02349927419796501
 0.01166009163915137
 0.004676864495712576
 0.008970644157784589
 0.002691676861001407
 0.0005116750718435566
 0.02349927419796501
 0.0004341782947860183
 0.001996736122315867
 0.01504790715597523
 0.02349927419796501
 0.01166009163915137
 0.004676864495712576
 0.008970644157784589
 0.002691676861001407
 0.001996736122315867
 0.02349927419796501
 0.0004341782947860183
 0.001996736122315867
 0.01504790715597523
 0.02349927419796501
 0.01166009163915137
 0.004676864495712576
 0.008970644157784589
 0.002691676861001407
 0.001996736122315867
 0
 0.0004341782947860183
 0.001996736122315867
 0.01504790715597523
 0
 0.01166009163915137
 0
 0.008970644157784589
 0
 0.001996736122315867
 0
 0.001950026625488715
 0.001996736122315867
 0.01504790715597523
 0
 0.01166009163915137
 0
 0.008970644157784589
 0
 0.001996736122315867
 0
 0.001950026625488715
 0.001996736122315867
 0
 0
 0.01166009163915137
 0
 0.01504790715597523
 0
 0.004119003048929149
 0
 0.001950026625488715
 0.001996736122315867
 0
 0
 0
 0
 0.01504790715597523
 0
 0.004119003048929149
 0
 0.004589718358802085
 0.001996736122315867
 0
 0
 0
 0
 0.01504790715597523
 0
 0.004119003048929149
 0
 0.004589718358802085
 0
 0
 0
 0
 0
 0.01504790715597523
 0
 0.004119003048929149
 0
 0.004589718358802085
 0
 0
 0
 0
 0
 0.01504790715597523
 0
 0.01166009163915137
 0
 0.004589718358802085
 0
 0
 0
 0
 0
 0.02349927419796501
 0
 0.01166009163915137
 0
 0.01166009163915137
 0
 0
 0
 0
 0
 0.02349927419796501
 0
 0.004119003048929149
 0
 0.01166009163915137
 0
 0
 0
 0
 0
 0.02349927419796501
 0
 0.004119003048929149
 0
 0.01166009163915137
 0
 0
 0
 0
 0
 0.02349927419796501
 0
 0.004119003048929149
 0
 0.01166009163915137
 0
 0
 0
 0
 0
 0.02349927419796501
 0
 0.004119003048929149
 0
 0.01166009163915137
 0
 0
 0
 0
 0
 0.02349927419796501
 0
 0.004119003048929149
 0
 0.01166009163915137
 0
 0
 0
 0
 0
 0.02349927419796501
 0
 0
 0
 0.02349927419796501
 0
 0
 0
 0
 0
 0
 0
 0
 0
 0.02349927419796501
 0
 0
 0
 0
 0
 0
 0
 0
 0
 0.02349927419796501
 0
 0
 0
 0
 0
 0
 0
 0
 0
 0.02349927419796501
 0
