# Created by Octave 3.2.4, Mon Feb 04 09:07:31 2013 EST <rbom@zaphod>
# name: small_First_Fit
# type: matrix
# ndims: 3
 1 10 30
 8.04643852473279e-15
 3.962748490345834e-11
 2.144070982089151e-14
 1.499669095292653e-17
 2.198724036921722e-10
 1.359492013149416e-15
 5.512199533193281e-15
 4.108614296247904e-15
 1.567440161716616e-15
 7.874965340923632e-19
 1.932109715325566e-14
 1.178842423058111e-10
 2.805929396654297e-12
 1.384637946947287e-14
 1.282289212034445e-09
 2.708807633345901e-09
 1.935921588068321e-12
 7.369673918745256e-12
 1.123936827031971e-13
 4.320750651633588e-08
 7.258843934302908e-12
 2.836797985687131e-09
 2.805929396654297e-12
 5.401242818849263e-12
 5.255799487303562e-08
 2.044514940152729e-07
 2.455246317225904e-10
 1.119828941047438e-10
 1.123936827031971e-13
 4.320750651633588e-08
 7.258843934302908e-12
 1.19414281040786e-07
 9.753604633799113e-10
 4.128973960985168e-10
 1.355300900931956e-07
 2.044514940152729e-07
 2.455246317225904e-10
 7.369673918745256e-12
 1.123936827031971e-13
 2.191343881526446e-06
 4.79240022536377e-08
 1.19414281040786e-07
 1.438397251131567e-07
 4.128973960985168e-10
 5.255799487303562e-08
 3.35410491361861e-05
 7.751609608423183e-07
 1.086716570191272e-09
 1.123936827031971e-13
 1.182408142422517e-05
 2.045152382838036e-06
 0.0002559616400455092
 1.438397251131567e-07
 2.928492499417727e-08
 1.355300900931956e-07
 3.35410491361861e-05
 7.751609608423183e-07
 1.086716570191272e-09
 2.486046230143741e-11
 6.285761403580431e-05
 2.045152382838036e-06
 0.07975841285149994
 3.865815117523871e-07
 5.094739430752429e-08
 1.663770553779155e-05
 3.35410491361861e-05
 7.751609608423183e-07
 1.967034398225878e-09
 2.486046230143741e-11
 6.285761403580431e-05
 2.045152382838036e-06
 0.07975841285149994
 3.865815117523871e-07
 9.282414174993795e-07
 0.0008397363199304711
 0.07048996876663854
 0.0001750666201120098
 1.657655083393574e-08
 2.486046230143741e-11
 6.285761403580431e-05
 2.045152382838036e-06
 0.07975841285149994
 0.0002039000261412373
 2.091635798433798e-06
 0.0008397363199304711
 0.07048996876663854
 0.0001750666201120098
 1.657655083393574e-08
 7.001503342067434e-09
 0.02750354900060325
 2.045152382838036e-06
 0.07975841285149994
 0.0002946693457873435
 3.661957353924433e-05
 0.000858843581973531
 0.07975841285149994
 0.01845742501433775
 5.051500529085701e-06
 2.381295712519074e-05
 0.02750354900060325
 2.045152382838036e-06
 0.07975841285149994
 0.001266629608608276
 9.013466136668077e-05
 0.0008397363199304711
 0.07048996876663854
 0.01845742501433775
 0.000193409193292746
 0.0003821715804140548
 0.03633769035813625
 2.045152382838036e-06
 0.07975841285149994
 0.001266629608608276
 0.0006932089651002753
 0.0008397363199304711
 0.07975841285149994
 0.01845742501433775
 0.000193409193292746
 0.0003821715804140548
 0.03633769035813625
 2.045152382838036e-06
 0.07975841285149994
 0.001266629608608276
 0.0006932089651002753
 0.0008397363199304711
 0.07975841285149994
 0.01845742501433775
 0.07048996876663854
 0.0003821715804140548
 0.03633769035813625
 2.045152382838036e-06
 0.07975841285149994
 0.002700339375659806
 0.0006932089651002753
 0.000858843581973531
 0.07975841285149994
 0.01845742501433775
 0.07975841285149994
 0.0003821715804140548
 0.03633769035813625
 2.045152382838036e-06
 0.07975841285149994
 0.001266629608608276
 0.0006932089651002753
 0.0008397363199304711
 0.07975841285149994
 0.01845742501433775
 0.07975841285149994
 0.001093747393696356
 0.03633769035813625
 2.045152382838036e-06
 0.07975841285149994
 0.002700339375659806
 0.0006932089651002753
 0.0008397363199304711
 0.07975841285149994
 0.02750354900060325
 0.07975841285149994
 0.0003821715804140548
 0.03633769035813625
 2.469937881876552e-06
 0.07975841285149994
 0.07975841285149994
 0.004743219061505936
 0.0008397363199304711
 0.07975841285149994
 0.02750354900060325
 0.07975841285149994
 0.0003821715804140548
 0.03633769035813625
 0.0001259793551218602
 0.07975841285149994
 0.07975841285149994
 0.004743219061505936
 0.0008397363199304711
 0.07975841285149994
 0.02750354900060325
 0.07975841285149994
 0.0003821715804140548
 0.03633769035813625
 0.02750354900060325
 0.07975841285149994
 0.07975841285149994
 0.004743219061505936
 0.02750354900060325
 0.07975841285149994
 0.02750354900060325
 0.07975841285149994
 0.007870431252084451
 0.03633769035813625
 0.02750354900060325
 0.07975841285149994
 0.07975841285149994
 0.004743219061505936
 0.02750354900060325
 0.07975841285149994
 0.02750354900060325
 0.07975841285149994
 0.007870431252084451
 0.03633769035813625
 0.03633769035813625
 0.07975841285149994
 0.07975841285149994
 0.004743219061505936
 0.03633769035813625
 0.07975841285149994
 0.02750354900060325
 0.07975841285149994
 0.007870431252084451
 0.03633769035813625
 0.03633769035813625
 0.07975841285149994
 0.07975841285149994
 0.07048996876663854
 0.02750354900060325
 0.07975841285149994
 0.02750354900060325
 0.07048996876663854
 0.01845742501433775
 0.03633769035813625
 0.03633769035813625
 0.07975841285149994
 0.07975841285149994
 0.07048996876663854
 0.02750354900060325
 0.07975841285149994
 0.02750354900060325
 0.07975841285149994
 0.01845742501433775
 0.03633769035813625
 0.03633769035813625
 0.07975841285149994
 0.07975841285149994
 0.07048996876663854
 0.03633769035813625
 0.07975841285149994
 0.02750354900060325
 0.07975841285149994
 0.01845742501433775
 0.03633769035813625
 0.03633769035813625
 0.07975841285149994
 0.07975841285149994
 0.07048996876663854
 0.03633769035813625
 0.07975841285149994
 0.02750354900060325
 0.07048996876663854
 0.01845742501433775
 0.03633769035813625
 0.03633769035813625
 0.07975841285149994
 0.07975841285149994
 0.07975841285149994
 0.02750354900060325
 0.07975841285149994
 0.02750354900060325
 0.07048996876663854
 0.01845742501433775
 0.03633769035813625
 0.03633769035813625
 0.07975841285149994
 0.07975841285149994
 0.07048996876663854
 0.02750354900060325
 0.07975841285149994
 0.02750354900060325
 0.07048996876663854
 0.01845742501433775
 0.03633769035813625
 0.03633769035813625
 0.07975841285149994
 0.07975841285149994
 0.07048996876663854
 0.03633769035813625
 0.07975841285149994
 0.02750354900060325
 0.07048996876663854
 0.01845742501433775
 0.03633769035813625
 0.03633769035813625
 0.07975841285149994
 0.07975841285149994
 0.07975841285149994
 0.03633769035813625
 0.07975841285149994
 0.02750354900060325
 0.07048996876663854
 0.02750354900060325
 0.03633769035813625
 0.03633769035813625
 0.07975841285149994
 0.07975841285149994
 0.07048996876663854
 0.03633769035813625
 0.07975841285149994
 0.03633769035813625
 0.07048996876663854
 0.01845742501433775
 0.03633769035813625
