# Created by Octave 3.2.4, Wed Feb 06 03:31:12 2013 EST <rbom@zaphod>
# name: small_First_Fit
# type: matrix
# ndims: 3
 1 10 30
 8.484478911487352e-11
 9.054550679650533e-10
 7.74308561754081e-11
 1.821549304369403e-08
 3.657841986227671e-11
 5.341322667733982e-12
 1.380727771063434e-12
 1.233016102959465e-09
 8.771791552407507e-14
 7.12651728413101e-10
 7.705112301756372e-10
 4.081162749500631e-06
 5.29292473724524e-08
 1.821549304369403e-08
 2.185483991613022e-07
 4.939012559745042e-09
 1.380727771063434e-12
 1.065620979574058e-08
 3.645137682498714e-08
 7.12651728413101e-10
 7.705112301756372e-10
 4.081162749500631e-06
 1.220036960964395e-06
 1.346410916046858e-07
 0.0001296059747802894
 1.10908078803768e-07
 6.166980948457801e-10
 1.213929597786498e-06
 1.116586336032792e-07
 5.044524541827963e-09
 7.705112301756372e-10
 9.685551216731285e-05
 0.0004560169796941813
 7.159794652566365e-07
 0.001058292280518991
 1.10908078803768e-07
 6.166980948457801e-10
 2.37160205675845e-06
 1.116586336032792e-07
 7.307614607218512e-09
 1.089639027237425e-09
 9.685551216731285e-05
 0.0004560169796941813
 7.159794652566365e-07
 0.001058292280518991
 9.706771570364005e-07
 1.540361693555722e-09
 4.179474778664544e-05
 3.544489313229684e-07
 3.069809346308789e-07
 7.577742859582302e-07
 9.685551216731285e-05
 0.001231070880036111
 0.0006193992053158966
 0.001058292280518991
 9.706771570364005e-07
 4.004729407430672e-08
 4.179474778664544e-05
 3.544489313229684e-07
 2.621556214224694e-06
 0.0006808105799206561
 9.685551216731285e-05
 0.002639012745114606
 0.004065271446018151
 0.001058292280518991
 9.706771570364005e-07
 2.913351043103094e-07
 0.002208921074876524
 1.246677965960121e-05
 2.621556214224694e-06
 0.002120406941938112
 9.685551216731285e-05
 0.002639012745114606
 0.004065271446018151
 0.0137070269906872
 0.0005373654945935507
 2.913351043103094e-07
 0.002208921074876524
 1.246677965960121e-05
 4.467112634940047e-05
 0.002120406941938112
 0.002114399001019296
 0.002639012745114606
 0.004065271446018151
 0.0137070269906872
 0.0005373654945935507
 7.537901267241956e-06
 0.002208921074876524
 0.0004404681542913076
 0.0001016584418000356
 0.01904123610927318
 0.0003560236530458956
 0.002639012745114606
 0.004065271446018151
 0.02317822191432874
 0.0005373654945935507
 7.537901267241956e-06
 0.00255822692141807
 0.002639012745114606
 0.001435669063459511
 0.01904123610927318
 0.0003560236530458956
 0.003388649674956369
 0.004065271446018151
 0.02317822191432874
 0.01904123610927318
 1.180924474099505e-05
 0.003388649674956369
 0.002639012745114606
 0.001435669063459511
 0.01904123610927318
 0.002114399001019296
 0.003388649674956369
 0.004065271446018151
 0.02317822191432874
 0.01904123610927318
 1.658275054737086e-05
 0.003388649674956369
 0.002639012745114606
 0.001435669063459511
 0.01904123610927318
 0.002114399001019296
 0.003388649674956369
 0.004065271446018151
 0.02317822191432874
 0.01904123610927318
 1.658275054737086e-05
 0.003388649674956369
 0.004593882866849613
 0.001435669063459511
 0.01904123610927318
 0.003388649674956369
 0.002639012745114606
 0
 0.02317822191432874
 0.01904123610927318
 1.658275054737086e-05
 0.003388649674956369
 0.004593882866849613
 0.001435669063459511
 0.01904123610927318
 0.003100525908495019
 0.002639012745114606
 0
 0.02317822191432874
 0.01904123610927318
 1.658275054737086e-05
 0.003388649674956369
 0.004593882866849613
 0.001597138961355829
 0.01904123610927318
 0.002114399001019296
 0.002639012745114606
 0
 0.02317822191432874
 0.01904123610927318
 3.903090709224885e-05
 0.003388649674956369
 0.004593882866849613
 0.001435669063459511
 0
 0.002114399001019296
 0.002639012745114606
 0
 0
 0.01904123610927318
 6.106630980998992e-05
 0.003388649674956369
 0.004593882866849613
 0.001435669063459511
 0
 0.002114399001019296
 0
 0
 0
 0
 0.003388649674956369
 0
 0.004593882866849613
 0.001597138961355829
 0
 0.003388649674956369
 0
 0
 0
 0
 0.0137070269906872
 0
 0.004593882866849613
 0.001435669063459511
 0
 0.003100525908495019
 0
 0
 0
 0
 0.0137070269906872
 0
 0
 0.001435669063459511
 0
 0.003388649674956369
 0
 0
 0
 0
 0.0137070269906872
 0
 0
 0.001597138961355829
 0
 0.002114399001019296
 0
 0
 0
 0
 0.0137070269906872
 0
 0
 0.001597138961355829
 0
 0.002114399001019296
 0
 0
 0
 0
 0.0137070269906872
 0
 0
 0.001435669063459511
 0
 0.003388649674956369
 0
 0
 0
 0
 0.0137070269906872
 0
 0
 0.001597138961355829
 0
 0.003388649674956369
 0
 0
 0
 0
 0.0137070269906872
 0
 0
 0.001435669063459511
 0
 0.003388649674956369
 0
 0
 0
 0
 0
 0
 0
 0.001435669063459511
 0
 0.003388649674956369
 0
 0
 0
 0
 0
 0
 0
 0.001597138961355829
 0
 0.003388649674956369
 0
 0
 0
 0
 0
 0
 0
 0.001597138961355829
 0
 0.003100525908495019
 0
 0
 0
 0
 0
 0
 0
 0.001435669063459511
 0
 0.00381874040258134
 0
 0
 0
 0
 0
 0
 0
 0.001435669063459511
