# Created by Octave 3.2.4, Mon Feb 04 00:48:10 2013 EST <rbom@zaphod>
# name: small_First_Fit
# type: matrix
# ndims: 3
 1 10 30
 2.19166855664611e-16
 5.600131230641148e-24
 1.17509503387806e-21
 4.122257573499898e-23
 1.323208082848056e-10
 2.450907956696541e-21
 2.223975013125686e-24
 3.816708866405651e-15
 1.860724529987126e-20
 5.464481171458638e-23
 2.079720131404031e-10
 1.488768259188728e-18
 4.668855623465447e-19
 5.829083106373761e-19
 2.003091050039022e-08
 1.898699749531823e-17
 1.167565890252995e-20
 3.816708866405651e-15
 4.136860089558392e-17
 5.464481171458638e-23
 8.754242291146861e-07
 5.102275200603255e-15
 1.137285443115793e-18
 1.208485648865074e-14
 2.003091050039022e-08
 6.935226516340701e-15
 8.860963780296815e-16
 1.482833955220561e-12
 2.642657432236475e-11
 1.164778747974368e-18
 5.882674279098202e-05
 5.298760043732878e-10
 2.133719631371275e-15
 2.165611045923131e-11
 2.003091050039022e-08
 1.963649338902889e-11
 1.65768091699581e-12
 5.188543692434545e-09
 1.693194054813286e-08
 4.368367847466165e-15
 8.754242291146861e-07
 5.298760043732878e-10
 3.209612580858305e-09
 1.96171728802966e-08
 2.003091050039022e-08
 1.579859728860544e-09
 6.610469585840939e-09
 4.440610993562477e-06
 5.347381976489065e-06
 2.926190988117195e-11
 8.754242291146861e-07
 2.076696303152486e-07
 3.209612580858305e-09
 3.442209135556048e-06
 2.003091050039022e-08
 1.234497630084071e-06
 3.321110965856168e-08
 4.440610993562477e-06
 5.347381976489065e-06
 2.926190988117195e-11
 8.754242291146861e-07
 2.076696303152486e-07
 1.333369103648813e-07
 0.0002488799879686724
 2.003091050039022e-08
 1.234497630084071e-06
 1.213074675983465e-05
 4.440610993562477e-06
 5.347381976489065e-06
 3.21447002461488e-10
 8.754242291146861e-07
 4.570117332533157e-05
 7.743528143504154e-06
 0.0002488799879686724
 2.424729786048237e-05
 1.234497630084071e-06
 0.004280421639075222
 0.001716644842160663
 5.347381976489065e-06
 3.21447002461488e-10
 8.754242291146861e-07
 4.570117332533157e-05
 0.0002975768964885159
 0.0002488799879686724
 2.424729786048237e-05
 1.234497630084071e-06
 0.004280421639075222
 0.001716644842160663
 5.347381976489065e-06
 3.21447002461488e-10
 8.754242291146861e-07
 0.04665812861758386
 0.009373382690301692
 0.0002488799879686724
 2.424729786048237e-05
 6.410684055783493e-06
 0.004280421639075222
 0.001716644842160663
 5.347381976489065e-06
 3.21447002461488e-10
 8.754242291146861e-07
 0.04665812861758386
 0.009373382690301692
 0.0002488799879686724
 0.009373382690301692
 0.002478149782977568
 0.004280421639075222
 0.001716644842160663
 5.347381976489065e-06
 2.300651648758413e-07
 0.002478149782977568
 0.04665812861758386
 0.009373382690301692
 0.0002488799879686724
 0.009373382690301692
 0.002478149782977568
 0.004280421639075222
 0.001716644842160663
 0.002416642617310464
 8.403086783853493e-05
 0.002478149782977568
 0.04665812861758386
 0.009373382690301692
 0.0002488799879686724
 0.009373382690301692
 0.002478149782977568
 0.004280421639075222
 0.001716644842160663
 0.002416642617310464
 8.403086783853493e-05
 0.002478149782977568
 0.04665812861758386
 0.009373382690301692
 0.0002488799879686724
 0.009373382690301692
 0.002478149782977568
 0.004280421639075222
 0.001716644842160663
 0.009373382690301692
 8.403086783853493e-05
 0.002478149782977568
 0.04665812861758386
 0.009373382690301692
 0.0002488799879686724
 0.009373382690301692
 0.002478149782977568
 0.004280421639075222
 0.001716644842160663
 0.009373382690301692
 8.403086783853493e-05
 0.002478149782977568
 0.04665812861758386
 0.009373382690301692
 0.0002488799879686724
 0.009373382690301692
 0.002478149782977568
 0.004280421639075222
 0.001716644842160663
 0.009373382690301692
 8.403086783853493e-05
 0.002478149782977568
 0.04665812861758386
 0.009373382690301692
 0.0002488799879686724
 0.009373382690301692
 0.002478149782977568
 0.004280421639075222
 0.001716644842160663
 0.009373382690301692
 8.403086783853493e-05
 0.002478149782977568
 0.04665812861758386
 0.009373382690301692
 0.0002488799879686724
 0.009373382690301692
 0.002478149782977568
 0.004280421639075222
 0.001716644842160663
 0.009373382690301692
 8.403086783853493e-05
 0.002478149782977568
 0.04665812861758386
 0.009373382690301692
 0.0002488799879686724
 0.009373382690301692
 0.002478149782977568
 0.004280421639075222
 0.001716644842160663
 0.009373382690301692
 8.403086783853493e-05
 0.002478149782977568
 0.04665812861758386
 0.009373382690301692
 0.0002488799879686724
 0.009373382690301692
 0.002478149782977568
 0.004280421639075222
 0.001716644842160663
 0.009373382690301692
 8.403086783853493e-05
 0.002478149782977568
 0.04665812861758386
 0.009373382690301692
 0.0002488799879686724
 0.009373382690301692
 0.002478149782977568
 0.004280421639075222
 0.001716644842160663
 0.009373382690301692
 8.403086783853493e-05
 0.002478149782977568
 0.04665812861758386
 0.009373382690301692
 0.0002488799879686724
 0.009373382690301692
 0.002478149782977568
 0.004280421639075222
 0.001716644842160663
 0.009373382690301692
 8.403086783853493e-05
 0.002478149782977568
 0.04665812861758386
 0.009373382690301692
 0.0002488799879686724
 0.009373382690301692
 0.002478149782977568
 0.004280421639075222
 0.001716644842160663
 0.009373382690301692
 8.403086783853493e-05
 0.002478149782977568
 0.04665812861758386
 0.009373382690301692
 0.0002488799879686724
 0.009373382690301692
 0.002478149782977568
 0.004280421639075222
 0.001716644842160663
 0.009373382690301692
 8.403086783853493e-05
 0.002478149782977568
 0.04665812861758386
 0.009373382690301692
 0.0002488799879686724
 0.009373382690301692
 0.002478149782977568
 0.004280421639075222
 0.001716644842160663
 0.009373382690301692
 8.403086783853493e-05
 0.002478149782977568
 0.04665812861758386
 0.009373382690301692
 0.0002488799879686724
 0.009373382690301692
 0.002478149782977568
 0.004280421639075222
 0.001716644842160663
 0.009373382690301692
 8.403086783853493e-05
 0.002478149782977568
 0.04665812861758386
 0.009373382690301692
 0.0002488799879686724
 0.009373382690301692
 0.002478149782977568
 0.004280421639075222
 0.001716644842160663
 0.009373382690301692
 8.403086783853493e-05
 0.002478149782977568
 0.04665812861758386
 0.009373382690301692
 0.0002488799879686724
 0.009373382690301692
 0.002478149782977568
 0.004280421639075222
 0.001716644842160663
 0.009373382690301692
 8.403086783853493e-05
 0.002478149782977568
 0.04665812861758386
 0.009373382690301692
 0.0002488799879686724
 0.009373382690301692
 0.002478149782977568
 0.004280421639075222
 0.001716644842160663
 0.009373382690301692
 8.403086783853493e-05
 0.002478149782977568
 0.04665812861758386
 0.009373382690301692
 0.0002488799879686724
 0.009373382690301692
 0.002478149782977568
 0.004280421639075222
 0.001716644842160663
 0.009373382690301692
 8.403086783853493e-05
