# Created by Octave 3.2.4, Mon Feb 04 19:21:38 2013 EST <rbom@zaphod>
# name: small_First_Fit
# type: matrix
# ndims: 3
 1 10 30
 2.226495363313711e-12
 5.200087095375382e-11
 2.588027142665231e-11
 1.108306740387954e-13
 1.203256443359632e-08
 4.996986147588841e-11
 4.181703958311233e-12
 7.844718749125709e-13
 5.520889165834451e-14
 1.467673324596341e-13
 4.894823145363017e-10
 8.94466137435812e-10
 5.758769087877559e-08
 2.188005585952732e-06
 1.203256443359632e-08
 9.782023986711106e-09
 2.155976130890941e-09
 6.782972767181606e-09
 1.412784171326262e-08
 5.46086306500401e-10
 5.091699994257991e-08
 6.800868849388422e-08
 8.780566064060105e-07
 7.182610193670038e-06
 1.203256443359632e-08
 2.212806849515337e-08
 2.155976130890941e-09
 6.662741894832914e-05
 1.400778717595019e-06
 1.217831726598141e-09
 1.078224672585747e-05
 1.106811833524314e-06
 7.079585398266432e-06
 7.182610193670038e-06
 1.953232942274992e-06
 7.976801274489883e-07
 2.622493451982311e-08
 6.662741894832914e-05
 1.672271131269308e-05
 1.217831726598141e-09
 1.078224672585747e-05
 1.111701745960484e-05
 1.944868526815721e-05
 7.182610193670038e-06
 8.866289419820349e-05
 7.214599384341092e-06
 2.622493451982311e-08
 0.0001877216682417473
 0.0001646870813279856
 1.217831726598141e-09
 0.0001221048284689055
 1.111701745960484e-05
 1.944868526815721e-05
 2.310126601039748e-05
 8.866289419820349e-05
 7.214599384341092e-06
 5.478635811442544e-08
 6.662741894832914e-05
 0.0001646870813279856
 1.13415399103711e-07
 0.0001675831478806025
 1.111701745960484e-05
 0.0001446006868667463
 2.310126601039748e-05
 8.866289419820349e-05
 7.214599384341092e-06
 5.478635811442544e-08
 9.248780401548818e-05
 0.0001646870813279856
 7.345692248859973e-05
 0.0001675831478806025
 1.111701745960484e-05
 0.0001446006868667463
 2.310126601039748e-05
 8.866289419820349e-05
 0.0001121096086426484
 5.478635811442544e-08
 9.446245263317263e-05
 0.001586634474304076
 0.0008784751983584975
 0.001756386179205025
 1.111701745960484e-05
 0.0001446006868667463
 2.310126601039748e-05
 0.0001618576269766516
 0.0001121096086426484
 5.478635811442544e-08
 9.248780401548818e-05
 0.001586634474304076
 0.0008784751983584975
 0.001756386179205025
 1.111701745960484e-05
 0.00162186560136808
 2.310126601039748e-05
 0.0002774744620813046
 0.0001121096086426484
 2.123717926380276e-06
 9.248780401548818e-05
 0.001586634474304076
 0.0008784751983584975
 0.002861097764911908
 1.111701745960484e-05
 0.00162186560136808
 2.310126601039748e-05
 0.002240207248892138
 0.0001121096086426484
 1.016433467579555e-05
 9.248780401548818e-05
 0.001586634474304076
 0.009017338569992569
 0.002861097764911908
 0
 0.00162186560136808
 2.310126601039748e-05
 0.002240207248892138
 0.0001121096086426484
 1.016433467579555e-05
 9.248780401548818e-05
 0.002484274654416754
 0.009017338569992569
 0.01942890636133688
 0
 0.00162186560136808
 0
 0.006189472451690017
 0.0001121096086426484
 1.016433467579555e-05
 9.248780401548818e-05
 0.001586634474304076
 0.05930595795697601
 0.01942890636133688
 0
 0.00162186560136808
 0
 0.05930595795697601
 0.0001121096086426484
 0.001506424823546654
 0.0001877216682417473
 0.001586634474304076
 0.05930595795697601
 0.01983041851633418
 0
 0.05930595795697601
 0
 0.05930595795697601
 0
 0.002018911227493863
 0.0001877216682417473
 0.001586634474304076
 0.05930595795697601
 0.01983041851633418
 0
 0.05930595795697601
 0
 0.05930595795697601
 0
 0.002018911227493863
 0.0002275215621135906
 0.001586634474304076
 0.05930595795697601
 0.01983041851633418
 0
 0.05930595795697601
 0
 0.05930595795697601
 0
 0.002018911227493863
 0.000843703142444527
 0.001586634474304076
 0.05930595795697601
 0.05930595795697601
 0
 0.05930595795697601
 0
 0.05930595795697601
 0
 0.002018911227493863
 0.0001877216682417473
 0.001586634474304076
 0.05930595795697601
 0.05930595795697601
 0
 0.05930595795697601
 0
 0.05930595795697601
 0
 0.002018911227493863
 0.0003548139263705569
 0
 0.05930595795697601
 0.05930595795697601
 0
 0.05930595795697601
 0
 0.05930595795697601
 0
 0.002018911227493863
 0.0003548139263705569
 0
 0
 0.05930595795697601
 0
 0.05930595795697601
 0
 0
 0
 0.002018911227493863
 0.0003548139263705569
 0
 0
 0.05930595795697601
 0
 0
 0
 0
 0
 0
 0.0006465633561525472
 0
 0
 0.05930595795697601
 0
 0
 0
 0
 0
 0
 0.002484274654416754
 0
 0
 0.05930595795697601
 0
 0
 0
 0
 0
 0
 0.002484274654416754
 0
 0
 0
 0
 0
 0
 0
 0
 0
 0.002484274654416754
 0
 0
 0
 0
 0
 0
 0
 0
 0
 0.002484274654416754
 0
 0
 0
 0
 0
 0
 0
 0
 0
 0.002484274654416754
 0
 0
 0
 0
 0
 0
 0
 0
 0
 0.05930595795697601
 0
 0
 0
 0
 0
 0
 0
 0
 0
 0.05930595795697601
 0
 0
 0
 0
 0
 0
 0
 0
 0
 0.05930595795697601
 0
 0
