# Created by Octave 3.2.4, Mon Feb 04 18:14:59 2013 EST <rbom@zaphod>
# name: small_First_Fit
# type: matrix
# ndims: 3
 1 10 30
 3.596533694854385e-10
 2.343616821135475e-15
 2.167274546841252e-09
 1.454360072918165e-15
 3.932206588184717e-15
 1.806865304550899e-11
 6.033767647706647e-15
 4.942115683687204e-14
 2.164967078427157e-13
 1.02367583559807e-12
 3.596533694854385e-10
 1.275287258127126e-08
 6.275194709256557e-05
 4.288099250321209e-14
 2.46804729021717e-13
 1.565962487270778e-10
 2.342774181866261e-13
 4.764032082920374e-13
 3.246832545617585e-06
 7.524624228623175e-11
 2.931641174960349e-09
 1.275287258127126e-08
 6.275194709256557e-05
 2.222338243185507e-12
 1.272029752442548e-11
 9.110151584579809e-06
 9.562356756452604e-12
 4.764032082920374e-13
 6.466034679281778e-05
 1.628698438375406e-09
 2.492948384454856e-07
 1.275287258127126e-08
 0.001299939503731121
 7.214572685577882e-11
 1.272029752442548e-11
 9.110151584579809e-06
 2.766992858639149e-10
 3.307900115455945e-11
 7.962823678094703e-05
 1.628698438375406e-09
 1.68012545731148e-06
 1.275287258127126e-08
 0.001299939503731121
 2.55129703095449e-10
 4.951673233815072e-10
 9.110151584579809e-06
 2.688337512233238e-09
 9.233499237886047e-10
 0.001299939503731121
 1.628698438375406e-09
 7.278674834172667e-06
 1.275287258127126e-08
 0.001299939503731121
 4.242543119258794e-09
 7.050432796343148e-09
 2.109111018847362e-05
 3.298839149817244e-08
 8.840245925031725e-08
 0.001299939503731121
 1.628698438375406e-09
 1.835848337987356e-05
 2.611142767878143e-07
 0.001299939503731121
 1.862738146598223e-07
 3.204289101195903e-07
 6.203661723905259e-05
 3.298839149817244e-08
 1.228353902768894e-06
 0.001299939503731121
 5.061919691991389e-08
 1.835848337987356e-05
 1.017280884451642e-05
 0.001299939503731121
 2.696025086981596e-05
 3.204289101195903e-07
 6.203661723905259e-05
 3.298839149817244e-08
 1.228353902768894e-06
 0.001299939503731121
 5.061919691991389e-08
 7.278674834172667e-06
 1.017280884451642e-05
 0.001299939503731121
 0.0006480760775605276
 3.204289101195903e-07
 6.203661723905259e-05
 1.161374343280963e-07
 4.660982474921417e-06
 0.001317737485162098
 5.061919691991389e-08
 1.835848337987356e-05
 1.017280884451642e-05
 0.001299939503731121
 0.00205827112411908
 1.003759137096639e-05
 0.001299939503731121
 1.161374343280963e-07
 4.660982474921417e-06
 0.001299939503731121
 5.061919691991389e-08
 0.0001817052247598712
 1.873815502173476e-05
 0
 0.00205827112411908
 4.900651542534093e-05
 0.001299939503731121
 1.161374343280963e-07
 4.660982474921417e-06
 0.001299939503731121
 0.0002912915961468014
 0.0002222903571655635
 1.873815502173476e-05
 0
 0.00205827112411908
 4.900651542534093e-05
 0.001299939503731121
 3.37735501629918e-06
 4.660982474921417e-06
 0.001299939503731121
 0.0002912915961468014
 0.0002222903571655635
 1.873815502173476e-05
 0
 0.00205827112411908
 0.0004239115209446078
 0.001299939503731121
 3.37735501629918e-06
 4.660982474921417e-06
 0.001299939503731121
 0.0002912915961468014
 0.0002222903571655635
 1.017280884451642e-05
 0
 0.00205827112411908
 0.001224158510458529
 0.001299939503731121
 3.37735501629918e-06
 4.660982474921417e-06
 0.001299939503731121
 0.0002912915961468014
 0.0002222903571655635
 0.001317737485162098
 0
 0.00205827112411908
 0.001224158510458529
 0.001299939503731121
 3.37735501629918e-06
 4.660982474921417e-06
 0.001299939503731121
 0.0002912915961468014
 0.0002222903571655635
 0.001317737485162098
 0
 0.00205827112411908
 0.001299939503731121
 0.001299939503731121
 0.0002191539563672707
 0
 0
 0.0002912915961468014
 0.0002222903571655635
 0.001317737485162098
 0
 0
 0.001224158510458529
 0
 0.0002191539563672707
 0
 0
 0.0002912915961468014
 0.0001817052247598712
 0.001317737485162098
 0
 0
 0.001224158510458529
 0
 0.0002191539563672707
 0
 0
 0
 0
 0.001317737485162098
 0
 0
 0.001317737485162098
 0
 0.0002191539563672707
 0
 0
 0
 0
 0.001317737485162098
 0
 0
 0.001317737485162098
 0
 0.0002191539563672707
 0
 0
 0
 0
 0.001317737485162098
 0
 0
 0.001224158510458529
 0
 0.0002191539563672707
 0
 0
 0
 0
 0
 0
 0
 0.001224158510458529
 0
 0.0002191539563672707
 0
 0
 0
 0
 0
 0
 0
 0.001224158510458529
 0
 0
 0
 0
 0
 0
 0
 0
 0
 0.001224158510458529
 0
 0
 0
 0
 0
 0
 0
 0
 0
 0.001317737485162098
 0
 0
 0
 0
 0
 0
 0
 0
 0
 0.001299939503731121
 0
 0
 0
 0
 0
 0
 0
 0
 0
 0.001299939503731121
 0
 0
 0
 0
 0
 0
 0
 0
 0
 0.001299939503731121
 0
 0
 0
 0
 0
 0
 0
 0
 0
 0.001299939503731121
 0
 0
 0
 0
 0
 0
 0
 0
 0
 0.001317737485162098
 0
 0
 0
 0
 0
