# Created by Octave 3.2.4, Mon Feb 04 22:51:59 2013 EST <rbom@zaphod>
# name: small_First_Fit
# type: matrix
# ndims: 3
 1 10 30
 4.091400876029694e-20
 2.336839310713192e-15
 8.280395424151455e-20
 4.191434633320257e-13
 1.310529634877619e-18
 2.74938040876027e-21
 5.931962627447696e-15
 1.46779580073433e-18
 4.454860925132917e-20
 1.522618020645822e-19
 2.180545031532268e-13
 2.397243808109293e-12
 1.610759971716578e-16
 1.084152874487715e-10
 1.430904560858771e-13
 1.739656942816302e-14
 1.543956836665298e-09
 7.935656050549572e-17
 1.135992537938016e-17
 1.122577898333035e-16
 7.554534005237674e-11
 4.315393847474472e-10
 2.603275259644709e-13
 2.005041251752701e-09
 2.219498387594713e-10
 1.266812041504152e-10
 5.311909780381713e-08
 3.361231297944344e-15
 8.026158427986461e-15
 7.184742803480202e-13
 5.774374026916766e-08
 4.315393847474472e-10
 2.603275259644709e-13
 2.005041251752701e-09
 4.988421724885888e-08
 4.309413020240199e-08
 5.613802494552631e-07
 1.985922242179018e-14
 1.923453543727845e-12
 2.113266614499837e-10
 1.498474389662338e-06
 3.649543201133291e-08
 2.133441758154709e-10
 6.638827536926075e-07
 1.787063219760033e-06
 2.012587246211218e-06
 5.613802494552631e-07
 3.561112697691879e-12
 1.554375406824315e-09
 1.462857109366814e-06
 1.834108366279784e-05
 3.649543201133291e-08
 2.133441758154709e-10
 6.638827536926075e-07
 2.834925853667183e-05
 2.012587246211218e-06
 1.214520063663729e-05
 1.811002232039141e-10
 3.625192501604351e-07
 4.084508096585243e-05
 1.834108366279784e-05
 2.036349715501845e-05
 7.68576725684747e-09
 2.685401074985503e-05
 2.834925853667183e-05
 2.012587246211218e-06
 1.214520063663729e-05
 1.811002232039141e-10
 9.126085259128619e-07
 4.084508096585243e-05
 1.834108366279784e-05
 2.036349715501845e-05
 7.68576725684747e-09
 2.685401074985503e-05
 0.0001228581256946936
 2.012587246211218e-06
 1.214520063663729e-05
 2.400973709550981e-08
 9.126085259128619e-07
 0.0001713388270505622
 1.834108366279784e-05
 2.036349715501845e-05
 1.637903749393577e-07
 0.0001713388270505622
 0.0001228581256946936
 2.012587246211218e-06
 1.214520063663729e-05
 3.778730464407576e-07
 9.126085259128619e-07
 0.0001713388270505622
 1.834108366279784e-05
 2.036349715501845e-05
 4.310154546027351e-06
 0.0001713388270505622
 0.0001228581256946936
 2.012587246211218e-06
 1.214520063663729e-05
 3.778730464407576e-07
 1.063394095896786e-05
 0.0001713388270505622
 1.834108366279784e-05
 2.426067395607989e-05
 6.413745747196864e-05
 0.00105272324324004
 0.0001228581256946936
 2.012587246211218e-06
 1.214520063663729e-05
 3.778730464407576e-07
 1.23196748710521e-05
 0.0001713388270505622
 1.834108366279784e-05
 2.036349715501845e-05
 6.413745747196864e-05
 0.00105272324324004
 0.0001228581256946936
 0
 1.214520063663729e-05
 0.0001713388270505622
 0.00105272324324004
 0.0001713388270505622
 0
 2.036349715501845e-05
 0.0001228581256946936
 0.00105272324324004
 0.0001228581256946936
 0
 0
 0.0001713388270505622
 0.00105272324324004
 0.0001713388270505622
 0
 2.036349715501845e-05
 0.0001228581256946936
 0.00105272324324004
 0.0001228581256946936
 0
 0
 0.0001713388270505622
 0.00105272324324004
 0.0001713388270505622
 0
 2.036349715501845e-05
 0.0001228581256946936
 0.00105272324324004
 0
 0
 0
 0.0001713388270505622
 0.00105272324324004
 0
 0
 2.036349715501845e-05
 0.0001228581256946936
 0.00105272324324004
 0
 0
 0
 0.0001713388270505622
 0.00105272324324004
 0
 0
 2.036349715501845e-05
 0.0001228581256946936
 0.00105272324324004
 0
 0
 0
 0.0001713388270505622
 0.00105272324324004
 0
 0
 0
 0.0001228581256946936
 0
 0
 0
 0
 0.0001713388270505622
 0.00105272324324004
 0
 0
 0
 0.0001228581256946936
 0
 0
 0
 0
 0
 0
 0
 0
 0
 0
 0
 0
 0
 0
 0
 0
 0
 0
 0
 0
 0
 0
 0
 0
 0
 0
 0
 0
 0
 0
 0
 0
 0
 0
 0
 0
 0
 0
 0
 0
 0
 0
 0
 0
 0
 0
 0
 0
 0
 0
 0
 0
 0
 0
 0
 0
 0
 0
 0
 0
 0
 0
 0
 0
 0
 0
 0
 0
 0
 0
 0
 0
 0
 0
 0
 0
 0
 0
 0
 0
 0
 0
 0
 0
 0
 0
 0
 0
 0
 0
 0
 0
 0
 0
 0
 0
 0
 0
 0
 0
 0
 0
 0
 0
 0
 0
 0
 0
 0
 0
 0
 0
 0
 0
 0
 0
 0
