# Created by Octave 3.2.4, Mon Feb 04 10:41:16 2013 EST <rbom@zaphod>
# name: small_First_Fit
# type: matrix
# ndims: 3
 1 10 30
 8.023364060013701e-22
 3.913099117400187e-24
 1.06183210829147e-12
 2.657729084994998e-19
 2.926464585994597e-18
 1.150855728587155e-24
 1.533360455621684e-16
 2.438328793954655e-22
 2.259277435633132e-19
 1.728588811222776e-20
 2.041433280421063e-19
 8.539532257213397e-16
 3.201818701547326e-09
 4.91508636396136e-16
 1.481970205344052e-14
 2.904313763475782e-13
 1.621785294076361e-14
 6.682102830645246e-13
 4.187604830635957e-16
 2.066003678626623e-17
 9.139714971558169e-16
 8.539532257213397e-16
 1.897284349685177e-07
 1.248863943328475e-13
 2.532449800001505e-09
 2.606708833620033e-10
 1.733155067548558e-11
 6.682102830645246e-13
 1.121267306848178e-12
 5.847453104830996e-14
 1.17550824368155e-10
 6.082774970446728e-13
 2.238251687338777e-06
 3.049047281484386e-10
 8.749677248525598e-07
 1.388423817407208e-07
 2.985487289454108e-10
 8.300711725225632e-11
 1.419240210149673e-06
 9.731508578999448e-11
 2.605709502173693e-08
 8.388426950370083e-11
 2.238251687338777e-06
 7.213148782204952e-08
 2.23335967359633e-06
 1.388423817407208e-07
 4.576996364938822e-07
 3.649883953379345e-08
 1.419240210149673e-06
 9.731508578999448e-11
 3.720977908495742e-05
 1.63876286826964e-07
 2.238251687338777e-06
 7.213148782204952e-08
 8.749677248525598e-07
 0.0001415910862682112
 4.576996364938822e-07
 6.293000000994445e-06
 0.0003017579935369117
 2.78819011383123e-10
 0.004659545927837422
 3.061771282634269e-05
 0.0002367169714211061
 7.213148782204952e-08
 8.749677248525598e-07
 0.0001415910862682112
 0.004659545927837422
 6.293000000994445e-06
 0.0003017579935369117
 1.106666921079482e-05
 0.004659545927837422
 3.061771282634269e-05
 0.0002367169714211061
 0.0003017579935369117
 0.0002367169714211061
 0.0001415910862682112
 0.004659545927837422
 6.293000000994445e-06
 0.0003017579935369117
 1.106666921079482e-05
 0.004659545927837422
 3.061771282634269e-05
 0.0002367169714211061
 0.0003017579935369117
 0.0002367169714211061
 0.0001415910862682112
 0.004659545927837422
 6.293000000994445e-06
 0.0003017579935369117
 1.106666921079482e-05
 0.004659545927837422
 3.061771282634269e-05
 0.0002367169714211061
 0.0003017579935369117
 0.0002367169714211061
 0.0001415910862682112
 0.004659545927837422
 6.293000000994445e-06
 0.0003017579935369117
 1.106666921079482e-05
 0.004659545927837422
 3.061771282634269e-05
 0.0002367169714211061
 0.0003017579935369117
 0.0002367169714211061
 0.0001415910862682112
 0.004659545927837422
 6.293000000994445e-06
 0.0003017579935369117
 1.106666921079482e-05
 0.004659545927837422
 3.061771282634269e-05
 0.0002367169714211061
 0.0003017579935369117
 0.0002367169714211061
 0.0001415910862682112
 0.004659545927837422
 6.293000000994445e-06
 0.004659545927837422
 1.106666921079482e-05
 0.004659545927837422
 3.061771282634269e-05
 0.0002367169714211061
 0.004659545927837422
 0.0002367169714211061
 0.0001415910862682112
 0.004659545927837422
 6.293000000994445e-06
 0.004659545927837422
 3.170503365409197e-05
 0.004659545927837422
 3.061771282634269e-05
 0.0002367169714211061
 0.004659545927837422
 0.0002367169714211061
 0.0001415910862682112
 0.004659545927837422
 6.293000000994445e-06
 0.004659545927837422
 1.106666921079482e-05
 0.004659545927837422
 3.061771282634269e-05
 0.0002367169714211061
 0.004659545927837422
 0.0002367169714211061
 0.0001415910862682112
 0.004659545927837422
 6.293000000994445e-06
 0.004659545927837422
 3.170503365409197e-05
 0.004659545927837422
 3.061771282634269e-05
 0.0002367169714211061
 0.004659545927837422
 0.0002367169714211061
 0.0001415910862682112
 0.004659545927837422
 6.293000000994445e-06
 0.004659545927837422
 3.170503365409197e-05
 0.004659545927837422
 3.061771282634269e-05
 0.0002367169714211061
 0.004659545927837422
 0.0002367169714211061
 0.0001415910862682112
 0.004659545927837422
 6.293000000994445e-06
 0.004659545927837422
 1.106666921079482e-05
 0.004659545927837422
 3.061771282634269e-05
 0.0002367169714211061
 0.004659545927837422
 0.0002367169714211061
 0.0001415910862682112
 0.004659545927837422
 6.293000000994445e-06
 0.004659545927837422
 1.106666921079482e-05
 0.004659545927837422
 3.061771282634269e-05
 0.0002367169714211061
 0.004659545927837422
 0.0002367169714211061
 0.0001415910862682112
 0.004659545927837422
 6.293000000994445e-06
 0.004659545927837422
 1.106666921079482e-05
 0.004659545927837422
 3.061771282634269e-05
 0.0002367169714211061
 0.004659545927837422
 0.0002367169714211061
 0.0001415910862682112
 0.004659545927837422
 6.293000000994445e-06
 0.004659545927837422
 1.106666921079482e-05
 0.004659545927837422
 3.061771282634269e-05
 0.0002367169714211061
 0.004659545927837422
 0.0002367169714211061
 0.0001415910862682112
 0.004659545927837422
 6.293000000994445e-06
 0.004659545927837422
 3.170503365409197e-05
 0.004659545927837422
 3.061771282634269e-05
 0.0002367169714211061
 0.004659545927837422
 0.0002367169714211061
 0.0001415910862682112
 0.004659545927837422
 6.293000000994445e-06
 0.004659545927837422
 3.170503365409197e-05
 0.004659545927837422
 3.061771282634269e-05
 0.0002367169714211061
 0.004659545927837422
 0.0002367169714211061
 0.0001415910862682112
 0.004659545927837422
 6.293000000994445e-06
 0.004659545927837422
 3.170503365409197e-05
 0.004659545927837422
 3.061771282634269e-05
 0.0002367169714211061
 0.004659545927837422
 0.0002367169714211061
 0.0001415910862682112
 0.004659545927837422
 6.293000000994445e-06
 0.004659545927837422
 3.170503365409197e-05
 0.004659545927837422
 3.061771282634269e-05
 0.0002367169714211061
 0.004659545927837422
 0.0002367169714211061
 0.0001415910862682112
 0.004659545927837422
 6.293000000994445e-06
 0.004659545927837422
 3.170503365409197e-05
 0.004659545927837422
 3.061771282634269e-05
 0.0002367169714211061
 0.004659545927837422
 0.0002367169714211061
 0.0001415910862682112
 0.004659545927837422
 6.293000000994445e-06
 0.004659545927837422
 3.170503365409197e-05
 0.004659545927837422
 3.061771282634269e-05
 0.0002367169714211061
 0.004659545927837422
 0.0002367169714211061
 0.0001415910862682112
 0.004659545927837422
 6.293000000994445e-06
 0.004659545927837422
 3.170503365409197e-05
 0.004659545927837422
 3.061771282634269e-05
 0.0002367169714211061
 0.004659545927837422
 0.0002367169714211061
 0.0001415910862682112
 0.004659545927837422
 6.293000000994445e-06
 0.004659545927837422
 3.170503365409197e-05
 0.004659545927837422
 3.061771282634269e-05
 0.0002367169714211061
 0.004659545927837422
 0.0002367169714211061
 0.0001415910862682112
 0.004659545927837422
 6.293000000994445e-06
 0.004659545927837422
 3.170503365409197e-05
 0.004659545927837422
 3.061771282634269e-05
 0.0002367169714211061
 0.004659545927837422
 0.0002367169714211061
 0.0001415910862682112
 0.004659545927837422
 6.293000000994445e-06
 0.004659545927837422
 3.170503365409197e-05
