# Created by Octave 3.2.4, Wed Feb 06 14:00:51 2013 EST <rbom@zaphod>
# name: small_First_Fit
# type: matrix
# ndims: 3
 1 10 30
 5.297167548879333e-09
 2.827626529088923e-11
 8.636344065462776e-13
 1.022078738741885e-09
 1.586475809481502e-10
 1.484937177980774e-11
 3.807633204650964e-07
 1.626917700136523e-09
 4.609385638943611e-12
 7.099140041121477e-11
 5.831147998384122e-08
 1.386404363019329e-06
 1.191319168044206e-10
 6.739567685204957e-08
 3.278199246056704e-06
 8.579828423606231e-10
 7.482236852333123e-06
 3.559472056132179e-08
 8.761347686084221e-10
 5.384980542821951e-07
 5.831147998384122e-08
 7.00688998280328e-06
 1.191319168044206e-10
 2.626369959709186e-06
 8.783808269085199e-05
 1.826213829830276e-09
 7.114133324991367e-06
 3.559472056132179e-08
 2.200371730488545e-05
 5.384980542821951e-07
 2.073632099460912e-05
 2.703518205186631e-05
 4.498781211669024e-08
 3.030155474641129e-05
 8.783808269085199e-05
 9.401882396428763e-08
 4.876543952155503e-05
 1.162529592808339e-05
 2.873944204121133e-05
 5.384980542821951e-07
 8.509584996123484e-05
 0.0001967035640726032
 7.893030408836621e-06
 9.061666662881213e-05
 0.0006734932549162295
 4.821272066527036e-07
 0.0001190708739570747
 0.0005325349182323058
 0.0003618811585754451
 4.134407191476067e-06
 0.0002173265904979239
 0.000839150887845675
 0.0002627812362811994
 9.061666662881213e-05
 0.0009525218375552308
 5.690199375998169e-06
 0.0005943816866567974
 0.0005325349182323058
 0.0003618811585754451
 3.282344757320536e-05
 0.0002173265904979239
 0.000839150887845675
 0.0002627812362811994
 3.030155474641129e-05
 0.0009525218375552308
 9.901309045435731e-06
 0.0007656296749326841
 0.0005325349182323058
 0.002309288205165872
 0.0002314516298506496
 0.0006839052844639909
 0.000839150887845675
 0.0002627812362811994
 0.0009996113718832122
 0.0009525218375552308
 0.0001143853088257819
 0.0007656296749326841
 0.0005325349182323058
 0.002309288205165872
 0.001826447698831331
 0.0006839052844639909
 0.000839150887845675
 0.0002627812362811994
 0.0009996113718832122
 0.0009525218375552308
 0.0001143853088257819
 0.007324034986244978
 0.0005325349182323058
 0.002309288205165872
 0.001826447698831331
 0.001875253975532454
 0.000839150887845675
 0.002369840272879797
 0.0009996113718832122
 0.0009525218375552308
 0.0001143853088257819
 0.007324034986244978
 0.0005325349182323058
 0.002309288205165872
 0.002414718689178633
 0.001875253975532454
 0.000839150887845675
 0.007324034986244978
 0.0009996113718832122
 0.0009525218375552308
 0.0006657456725938121
 0.007324034986244978
 0.002743777195878897
 0.002309288205165872
 0.001826447698831331
 0.001875253975532454
 0.000839150887845675
 0.007324034986244978
 0.0009996113718832122
 0.0009525218375552308
 0.0006657456725938121
 0.007324034986244978
 0.002743777195878897
 0.002309288205165872
 0.001826447698831331
 0.001875253975532454
 0
 0.007324034986244978
 0.0009996113718832122
 0
 0.000839150887845675
 0.007324034986244978
 0.002743777195878897
 0.002309288205165872
 0.001826447698831331
 0.001875253975532454
 0
 0.007324034986244978
 0.0009996113718832122
 0
 0.000839150887845675
 0.007324034986244978
 0.002743777195878897
 0
 0.001826447698831331
 0.001875253975532454
 0
 0.007324034986244978
 0
 0
 0.000839150887845675
 0.007324034986244978
 0.002743777195878897
 0
 0.001826447698831331
 0.001875253975532454
 0
 0.007324034986244978
 0
 0
 0.000839150887845675
 0
 0.002743777195878897
 0
 0.001826447698831331
 0
 0
 0.007324034986244978
 0
 0
 0.007324034986244978
 0
 0.002743777195878897
 0
 0
 0
 0
 0
 0
 0
 0.007324034986244978
 0
 0
 0
 0
 0
 0
 0
 0
 0
 0.007324034986244978
 0
 0
 0
 0
 0
 0
 0
 0
 0
 0.007324034986244978
 0
 0
 0
 0
 0
 0
 0
 0
 0
 0.007324034986244978
 0
 0
 0
 0
 0
 0
 0
 0
 0
 0.007324034986244978
 0
 0
 0
 0
 0
 0
 0
 0
 0
 0.007324034986244978
 0
 0
 0
 0
 0
 0
 0
 0
 0
 0
 0
 0
 0
 0
 0
 0
 0
 0
 0
 0
 0
 0
 0
 0
 0
 0
 0
 0
 0
 0
 0
 0
 0
 0
 0
 0
 0
 0
 0
 0
 0
 0
 0
 0
 0
 0
 0
 0
 0
 0
 0
 0
 0
 0
 0
 0
 0
 0
 0
 0
 0
 0
 0
 0
 0
 0
 0
 0
 0
 0
 0
 0
 0
 0
