# Created by Octave 3.2.4, Wed Feb 06 16:31:54 2013 EST <rbom@zaphod>
# name: small_First_Fit
# type: matrix
# ndims: 3
 1 10 30
 3.221289435984302e-08
 3.167537635498866e-09
 9.813326328765763e-08
 9.481635255554675e-09
 8.270214369446333e-07
 1.308215685546875e-08
 1.565808064272361e-06
 1.464445043149333e-09
 8.916606085241895e-09
 2.066509133662515e-10
 1.490004694746612e-07
 2.394306734033629e-06
 2.078564744394726e-07
 2.133212897715976e-06
 1.638103635997151e-05
 0.0001265004941994036
 5.677919486980728e-06
 1.110139476166592e-08
 2.391559620583646e-06
 3.419339768706458e-06
 4.541641326780248e-07
 5.877646060591739e-06
 9.813326328765763e-08
 3.98743622831682e-05
 1.638103635997151e-05
 0.0005686175504322178
 5.677919486980728e-06
 9.808164238589253e-08
 2.391559620583646e-06
 2.415179741982892e-05
 1.619247343770072e-06
 7.549737109673713e-06
 2.078564744394726e-07
 0.0006496267600871662
 3.051400132453054e-05
 0.0005686175504322178
 0.0001160469840486927
 9.808164238589253e-08
 2.391559620583646e-06
 5.609088756299522e-05
 1.619247343770072e-06
 7.549737109673713e-06
 5.559925676457794e-06
 0.01598953517924353
 0.00166946555584566
 0.0005686175504322178
 0.0001308419573533473
 3.926152753398079e-06
 2.802919055186618e-06
 5.609088756299522e-05
 1.619247343770072e-06
 7.296563178670542e-05
 1.143949608985033e-05
 0.01598953517924353
 0.002830467098846429
 0.0005686175504322178
 0.0001308419573533473
 1.431761283371448e-05
 0.0004519691518378405
 5.609088756299522e-05
 0.0001841701261240827
 0.0001578522080853578
 0.0002758674137837377
 0.01598953517924353
 0.002830467098846429
 0.0005686175504322178
 0.0001308419573533473
 0.0001408574976711833
 0.004046694136405331
 0.01025767455229588
 0.0004609147543111589
 0.0001990043064695459
 0.0002758674137837377
 0.01598953517924353
 0.002830467098846429
 0.001009184377280275
 0.0001160469840486927
 0.0001990043064695459
 0.007553437070037739
 0.01025767455229588
 0.002853942043494061
 0.0001990043064695459
 0.004451891987786451
 0.01598953517924353
 0.002830467098846429
 0.0005686175504322178
 0.0001160469840486927
 0.0002183482064533259
 0.004046694136405331
 0.01025767455229588
 0.002853942043494061
 0.0001990043064695459
 0.004451891987786451
 0.01598953517924353
 0.01584249178949309
 0.0005686175504322178
 0.002429514672205337
 0.0070199982175768
 0.004046694136405331
 0.01025767455229588
 0.005217357031149731
 0.005217357031149731
 0.004451891987786451
 0.01598953517924353
 0.01584249178949309
 0.001831992350209219
 0.002429514672205337
 0.0070199982175768
 0.005912186394906981
 0.01025767455229588
 0.005217357031149731
 0.005217357031149731
 0.004451891987786451
 0
 0.01584249178949309
 0.001831992350209219
 0.004715172784276055
 0.02518549721273996
 0.005912186394906981
 0.01025767455229588
 0.004465744062687002
 0.005217357031149731
 0.004451891987786451
 0
 0.01584249178949309
 0.001831992350209219
 0.004715172784276055
 0.02518549721273996
 0.005912186394906981
 0.01025767455229588
 0.005217357031149731
 0.01025767455229588
 0.005551410826725856
 0
 0.01584249178949309
 0.001831992350209219
 0.004715172784276055
 0.02518549721273996
 0.005912186394906981
 0
 0.005217357031149731
 0.01071635718074072
 0.004451891987786451
 0
 0.01584249178949309
 0.001831992350209219
 0.004715172784276055
 0.02518549721273996
 0.004046694136405331
 0
 0.005217357031149731
 0.01025767455229588
 0.004451891987786451
 0
 0.01584249178949309
 0.001831992350209219
 0.004715172784276055
 0.02518549721273996
 0.007553437070037739
 0
 0.005217357031149731
 0.01025767455229588
 0.005551410826725856
 0
 0
 0.001831992350209219
 0.004715172784276055
 0.02518549721273996
 0.007553437070037739
 0
 0.005217357031149731
 0.01025767455229588
 0.005551410826725856
 0
 0
 0
 0.004715172784276055
 0.02518549721273996
 0.007553437070037739
 0
 0.005217357031149731
 0.01074033952073646
 0.005551410826725856
 0
 0
 0
 0
 0
 0.007553437070037739
 0
 0.005217357031149731
 0.01025767455229588
 0.005551410826725856
 0
 0
 0
 0
 0
 0.01071635718074072
 0
 0
 0.01025767455229588
 0.007284554416118259
 0
 0
 0
 0
 0
 0.01071635718074072
 0
 0
 0.01025767455229588
 0.007284554416118259
 0
 0
 0
 0
 0
 0.01071635718074072
 0
 0
 0.01025767455229588
 0.007284554416118259
 0
 0
 0
 0
 0
 0.01071635718074072
 0
 0
 0.01074033952073646
 0.007284554416118259
 0
 0
 0
 0
 0
 0.01071635718074072
 0
 0
 0.01074033952073646
 0.007284554416118259
 0
 0
 0
 0
 0
 0.01071635718074072
 0
 0
 0.01074033952073646
 0.007284554416118259
 0
 0
 0
 0
 0
 0.01598953517924353
 0
 0
 0.01074033952073646
 0.007284554416118259
 0
 0
 0
 0
 0
 0.007553437070037739
 0
 0
 0.01074033952073646
 0
 0
 0
 0
 0
 0
 0.007553437070037739
 0
 0
 0.01074033952073646
 0
 0
 0
 0
 0
 0
 0.01071635718074072
 0
 0
 0.01025767455229588
 0
 0
 0
 0
 0
 0
 0.01598953517924353
 0
