# Created by Octave 3.2.4, Tue Feb 05 12:23:15 2013 EST <rbom@zaphod>
# name: small_First_Fit
# type: matrix
# ndims: 3
 1 10 30
 4.571135881957721e-15
 5.074300550874419e-17
 2.040891282363221e-11
 1.091441048976865e-17
 1.158631848785207e-16
 5.835601839686254e-19
 1.288211961427981e-16
 1.589119551896339e-14
 3.84990194854455e-17
 1.526733703294e-10
 4.732562126968506e-14
 1.015874198465422e-12
 1.372670556632682e-09
 1.091441048976865e-17
 8.772286718305233e-13
 2.927502304499523e-17
 1.379480235645279e-13
 7.043661315864222e-13
 1.000040691988415e-13
 1.52361920286944e-07
 1.702191928178271e-10
 4.555006345348451e-11
 1.69170230990712e-07
 2.805314358468747e-14
 2.74422683086756e-11
 4.459315456418363e-17
 3.544639487650724e-12
 6.910967284390384e-11
 1.000040691988415e-13
 7.090194043994224e-07
 3.93899207720231e-09
 5.153579570944105e-08
 1.439526669070233e-06
 1.102793449645808e-11
 8.564613638375216e-10
 3.932073768355022e-15
 1.360476266270077e-11
 6.910967284390384e-11
 9.802902399559734e-12
 2.686733861733767e-05
 4.412285334210548e-08
 5.153579570944105e-08
 0.0001038228060948619
 1.111843539226244e-08
 5.559179521992838e-08
 5.308134050495502e-12
 3.476600652998682e-10
 6.910967284390384e-11
 9.802902399559734e-12
 2.686733861733767e-05
 4.412285334210548e-08
 1.472190984893353e-06
 0.003875420626420655
 9.080737076714114e-05
 1.518831370759886e-06
 1.089194065481945e-10
 5.684168563145262e-08
 1.954403572866561e-09
 9.671008913999794e-09
 2.686733861733767e-05
 1.494260545788097e-07
 1.472190984893353e-06
 0.003875420626420655
 9.080737076714114e-05
 2.856094648951662e-06
 2.111812681924855e-10
 1.958561747216159e-06
 7.738738198636853e-08
 9.404549972423787e-07
 2.686733861733767e-05
 1.494260545788097e-07
 6.5387373250632e-05
 0.003875420626420655
 9.080737076714114e-05
 2.856094648951662e-06
 2.418363013084754e-07
 1.958561747216159e-06
 5.314632768866877e-06
 9.404549972423787e-07
 2.686733861733767e-05
 1.494260545788097e-07
 6.5387373250632e-05
 0.003875420626420655
 0.0004672568076960836
 0.0001961423452859863
 5.903366775996745e-06
 9.284248138492654e-05
 0.000522837445304891
 3.597169802750779e-05
 0.002444095491278458
 1.494260545788097e-07
 6.5387373250632e-05
 0.003875420626420655
 0.0004672568076960836
 0.0001961423452859863
 5.903366775996745e-06
 0.002889683801593196
 0.000522837445304891
 3.597169802750779e-05
 0.002444095491278458
 1.026155211650074e-05
 6.5387373250632e-05
 0.003875420626420655
 0.0004672568076960836
 0.0001961423452859863
 5.903366775996745e-06
 0.002889683801593196
 0.000522837445304891
 3.597169802750779e-05
 0.002444095491278458
 1.232356369660409e-05
 6.5387373250632e-05
 0.003875420626420655
 0.0004672568076960836
 0.0001961423452859863
 5.903366775996745e-06
 0.002889683801593196
 0.000522837445304891
 3.597169802750779e-05
 0.002444095491278458
 0.0002281967462728174
 6.5387373250632e-05
 0
 0.0004672568076960836
 0.0001961423452859863
 5.903366775996745e-06
 0.002444095491278458
 0.000522837445304891
 3.597169802750779e-05
 0.002444095491278458
 0.0002281967462728174
 6.5387373250632e-05
 0
 0.0004672568076960836
 0.0001961423452859863
 5.903366775996745e-06
 0.002444095491278458
 0.000522837445304891
 3.597169802750779e-05
 0.002444095491278458
 0.0002281967462728174
 0
 0
 0.0004672568076960836
 0.0001961423452859863
 5.903366775996745e-06
 0.002444095491278458
 0.000522837445304891
 3.597169802750779e-05
 0.002444095491278458
 0.0002740638744100678
 0
 0
 0
 0
 0
 0.002444095491278458
 0
 0
 0
 0.0002740638744100678
 0
 0
 0
 0
 0
 0
 0
 0
 0
 0.0002281967462728174
 0
 0
 0
 0
 0
 0
 0
 0
 0
 0.0002281967462728174
 0
 0
 0
 0
 0
 0
 0
 0
 0
 0.0002281967462728174
 0
 0
 0
 0
 0
 0
 0
 0
 0
 0.0002281967462728174
 0
 0
 0
 0
 0
 0
 0
 0
 0
 0.0002281967462728174
 0
 0
 0
 0
 0
 0
 0
 0
 0
 0
 0
 0
 0
 0
 0
 0
 0
 0
 0
 0
 0
 0
 0
 0
 0
 0
 0
 0
 0
 0
 0
 0
 0
 0
 0
 0
 0
 0
 0
 0
 0
 0
 0
 0
 0
 0
 0
 0
 0
 0
 0
 0
 0
 0
 0
 0
 0
 0
 0
 0
 0
 0
 0
 0
 0
 0
 0
 0
 0
 0
 0
 0
 0
 0
 0
 0
 0
 0
 0
 0
 0
 0
 0
 0
 0
 0
 0
 0
 0
