# Created by Octave 3.2.4, Tue Feb 05 00:30:10 2013 EST <rbom@zaphod>
# name: small_First_Fit
# type: matrix
# ndims: 3
 1 10 30
 1.317027379545076e-10
 1.465963456877701e-12
 2.720226527885528e-10
 2.226049344962282e-13
 4.493034706644836e-09
 1.95390685530377e-16
 6.40779950993158e-12
 1.500775498985408e-11
 1.767900563253578e-12
 4.875354026039957e-09
 1.259937856839704e-07
 1.465963456877701e-12
 9.160828047236235e-08
 2.773759284097015e-11
 7.947474462088185e-07
 5.716643870152987e-11
 7.328147115470914e-10
 1.500775498985408e-11
 6.54032555488418e-10
 1.265940968877894e-06
 2.909325564196217e-06
 3.150023209366247e-11
 2.975676709476784e-06
 9.874515833205773e-10
 7.947474462088185e-07
 8.788169322757711e-10
 2.536276306849565e-08
 1.500775498985408e-11
 2.258371933189194e-07
 1.31959443955716e-06
 5.626371304793842e-05
 3.150023209366247e-11
 4.563391046596074e-05
 9.874515833205773e-10
 1.504454123232496e-05
 6.095954803377196e-08
 1.321787395956792e-06
 3.655843461331375e-09
 1.842796805618732e-05
 3.601390593146291e-06
 0.0003310037288822197
 3.150023209366247e-11
 4.563391046596074e-05
 9.874515833205773e-10
 2.028771284790414e-05
 2.115956384131157e-07
 1.321787395956792e-06
 2.588131777157408e-07
 1.842796805618732e-05
 3.302866938307373e-05
 0.0006074491076664741
 3.150023209366247e-11
 0.0008181818057413856
 4.723871292328122e-08
 0.0004104457297950821
 2.115956384131157e-07
 1.321787395956792e-06
 4.125106052473414e-07
 3.821710770875311e-05
 0.0001032183057849875
 0.0006074491076664741
 1.645348666283144e-09
 0.0008181818057413856
 2.260537129887205e-06
 0.0004104457297950821
 2.49940101958898e-07
 3.151812417905616e-05
 2.588131777157408e-07
 0.0001787643185223708
 0.0001032183057849875
 0.003159577822352259
 2.898055022391619e-09
 0.0008181818057413856
 6.525877799354625e-05
 0.0004104457297950821
 2.115956384131157e-07
 3.151812417905616e-05
 1.992353009515719e-05
 3.821710770875311e-05
 0.0001693862353958908
 0.003159577822352259
 5.114149891310636e-08
 0.0008181818057413856
 6.525877799354625e-05
 0.0004104457297950821
 2.620131894611893e-07
 3.151812417905616e-05
 1.992353009515719e-05
 6.548799933202091e-05
 0.0001693862353958908
 0.003159577822352259
 1.448596701414511e-05
 0.0008181818057413856
 6.525877799354625e-05
 0.0004104457297950821
 6.579662517138891e-07
 3.151812417905616e-05
 0.0008982445421299297
 0.0002274403913200963
 0.0001032183057849875
 0.003159577822352259
 1.448596701414511e-05
 0.0008181818057413856
 6.525877799354625e-05
 0.0004104457297950821
 6.579662517138891e-07
 3.151812417905616e-05
 0.0008982445421299297
 0.0006881996544512665
 0.0001032183057849875
 0.003159577822352259
 1.448596701414511e-05
 0.0008181818057413856
 6.525877799354625e-05
 0.0004104457297950821
 6.579662517138891e-07
 3.151812417905616e-05
 0.0008982445421299297
 0.0006881996544512665
 0.005019848496994037
 0.003159577822352259
 1.448596701414511e-05
 0
 6.525877799354625e-05
 0
 0.0002274403913200963
 3.151812417905616e-05
 0.0008982445421299297
 0.0006881996544512665
 0.005019848496994037
 0.003159577822352259
 3.821710770875311e-05
 0
 6.525877799354625e-05
 0
 0.0006881996544512665
 0
 0.0008982445421299297
 0.0006881996544512665
 0.005019848496994037
 0
 3.821710770875311e-05
 0
 0
 0
 0.0006881996544512665
 0
 0.0008982445421299297
 0.001349833385987406
 0.005019848496994037
 0
 3.821710770875311e-05
 0
 0
 0
 0.0006881996544512665
 0
 0.0008982445421299297
 0.001349833385987406
 0.005019848496994037
 0
 0.0001050967703686711
 0
 0
 0
 0.001349833385987406
 0
 0
 0.001349833385987406
 0.005019848496994037
 0
 0.0001050967703686711
 0
 0
 0
 0.0006881996544512665
 0
 0
 0.001349833385987406
 0.005019848496994037
 0
 0.0001050967703686711
 0
 0
 0
 0.0006881996544512665
 0
 0
 0.001349833385987406
 0
 0
 0.0001050967703686711
 0
 0
 0
 0.0006881996544512665
 0
 0
 0.001349833385987406
 0
 0
 0.0001050967703686711
 0
 0
 0
 0.0006881996544512665
 0
 0
 0.001581378508542681
 0
 0
 0.0001050967703686711
 0
 0
 0
 0.0006881996544512665
 0
 0
 0.001581378508542681
 0
 0
 0.0001050967703686711
 0
 0
 0
 0.0006881996544512665
 0
 0
 0.001349833385987406
 0
 0
 0
 0
 0
 0
 0
 0
 0
 0.001349833385987406
 0
 0
 0
 0
 0
 0
 0
 0
 0
 0.001349833385987406
 0
 0
 0
 0
 0
 0
 0
 0
 0
 0.001349833385987406
 0
 0
 0
 0
 0
 0
 0
 0
 0
 0.001349833385987406
 0
 0
 0
 0
 0
 0
 0
 0
 0
 0
 0
 0
 0
 0
 0
 0
 0
 0
 0
 0
 0
 0
 0
 0
 0
 0
 0
 0
 0
 0
 0
