# Created by Octave 3.2.4, Tue Feb 05 01:33:23 2013 EST <rbom@zaphod>
# name: small_First_Fit
# type: matrix
# ndims: 3
 1 10 30
 1.134703917742649e-11
 6.109334046301933e-12
 8.913939363793472e-13
 4.600213025564422e-12
 1.141784029898455e-12
 4.565162475296706e-14
 1.928926869019702e-14
 4.497862329172285e-16
 2.343345920869374e-08
 7.010960506634831e-13
 2.555881837395614e-07
 2.145503019324254e-10
 2.965858236742784e-08
 4.600213025564422e-12
 3.262247021788264e-10
 5.433847663012832e-08
 2.615168957286738e-10
 1.795503531282287e-14
 2.343345920869374e-08
 3.585522292953997e-09
 1.940152237448486e-06
 1.078444048757344e-09
 9.9371548098641e-08
 2.642378212158062e-07
 3.147188173890451e-07
 1.292311032014776e-07
 6.492542339346336e-09
 1.795503531282287e-14
 2.343345920869374e-08
 1.432852544803388e-07
 5.139141800369297e-05
 3.800235884218069e-08
 6.834484132276517e-06
 2.642378212158062e-07
 5.693437830172373e-06
 1.292311032014776e-07
 6.492542339346336e-09
 7.625616840855282e-11
 3.852271720757228e-08
 3.446845946183199e-06
 0.0005861526251719023
 6.040462421847456e-06
 1.264309127936017e-05
 2.924797971949058e-06
 3.839554172018032e-05
 7.964921710538871e-07
 1.175903678440666e-06
 1.086771622523751e-07
 7.99886123354512e-07
 9.095070095408392e-06
 0.002332746971491078
 6.040462421847456e-06
 0.0003324529470220847
 0.001034056151126608
 0.0002206349741742841
 8.682339739414318e-06
 1.175903678440666e-06
 2.995385670368976e-06
 0.0002124388119781826
 5.959935163982022e-05
 0.002332746971491078
 6.040462421847456e-06
 0.001747510631354319
 0.01120873711266867
 0.001310757649589703
 7.425365989195774e-05
 2.22377247418711e-06
 5.131901590368259e-05
 0.0002124388119781826
 5.959935163982022e-05
 0.08805466540301669
 6.040462421847456e-06
 0.001747510631354319
 0.01120873711266867
 0.01978669694971313
 7.425365989195774e-05
 2.22377247418711e-06
 9.276953257296974e-05
 0.002024329507567087
 0.01371281182833607
 0.08805466540301669
 0.0001807897831006957
 0.01978669694971313
 0.01120873711266867
 0.01978669694971313
 0.002019085983841006
 3.282042039709829e-06
 9.276953257296974e-05
 0.0002124388119781826
 0.08274956218467898
 0.08805466540301669
 0.0001807897831006957
 0.01978669694971313
 0.08805466540301669
 0.01978669694971313
 0.002019085983841006
 3.282042039709829e-06
 0.00285796207994961
 0.0002124388119781826
 0.08274956218467898
 0.08805466540301669
 0.002555329296660924
 0.01978669694971313
 0.08805466540301669
 0.01978669694971313
 0.002019085983841006
 4.072185318424606e-05
 0.00285796207994961
 0.002024329507567087
 0.08274956218467898
 0.08805466540301669
 0.02542821518983973
 0.01978669694971313
 0.08805466540301669
 0.01978669694971313
 0.002019085983841006
 0.0004315596664173067
 0.00285796207994961
 0.0002124388119781826
 0.08274956218467898
 0.08805466540301669
 0.02542821518983973
 0.01978669694971313
 0.08805466540301669
 0.08805466540301669
 0.002019085983841006
 0.003525617230126571
 0.004797664873267726
 0.0002124388119781826
 0.08805466540301669
 0.08805466540301669
 0.02542821518983973
 0.01978669694971313
 0.08805466540301669
 0.08805466540301669
 0.01644725277773344
 0.02542821518983973
 0.004797664873267726
 0.0002124388119781826
 0.08274956218467898
 0
 0.02542821518983973
 0.08805466540301669
 0.08805466540301669
 0.08805466540301669
 0.01644725277773344
 0.02542821518983973
 0.004797664873267726
 0.002024329507567087
 0.08274956218467898
 0
 0.08805466540301669
 0.08805466540301669
 0.08805466540301669
 0.08805466540301669
 0.01644725277773344
 0.02542821518983973
 0.08274956218467898
 0.002024329507567087
 0.08274956218467898
 0
 0.08805466540301669
 0.08805466540301669
 0
 0.08805466540301669
 0.01644725277773344
 0.08805466540301669
 0.08274956218467898
 0.002418647437403136
 0.08274956218467898
 0
 0.08805466540301669
 0.08805466540301669
 0
 0.08805466540301669
 0.01644725277773344
 0.08805466540301669
 0.08274956218467898
 0.002418647437403136
 0.08274956218467898
 0
 0.08805466540301669
 0.08805466540301669
 0
 0.08805466540301669
 0.01644725277773344
 0.08805466540301669
 0.08805466540301669
 0.002418647437403136
 0.08274956218467898
 0
 0.08805466540301669
 0.08805466540301669
 0
 0
 0.01644725277773344
 0.08805466540301669
 0.08805466540301669
 0.002418647437403136
 0
 0
 0.08805466540301669
 0.08805466540301669
 0
 0
 0
 0.08805466540301669
 0.08805466540301669
 0.002418647437403136
 0
 0
 0.08805466540301669
 0
 0
 0
 0
 0.08805466540301669
 0.08805466540301669
 0.002418647437403136
 0
 0
 0
 0
 0
 0
 0
 0.08805466540301669
 0.08274956218467898
 0.0143085201666256
 0
 0
 0
 0
 0
 0
 0
 0
 0.08274956218467898
 0.0143085201666256
 0
 0
 0
 0
 0
 0
 0
 0
 0.08274956218467898
 0.0143085201666256
 0
 0
 0
 0
 0
 0
 0
 0
 0
 0.0143085201666256
 0
 0
 0
 0
 0
 0
 0
 0
 0
 0.01644725277773344
 0
 0
 0
 0
 0
 0
 0
 0
 0
 0.01644725277773344
 0
 0
 0
 0
 0
 0
 0
 0
 0
 0.02542821518983973
 0
 0
 0
 0
 0
 0
 0
 0
 0
 0.01644725277773344
 0
