# Created by Octave 3.2.4, Mon Feb 04 03:10:24 2013 EST <rbom@zaphod>
# name: small_First_Fit
# type: matrix
# ndims: 3
 1 10 30
 7.627612334153597e-18
 7.892038742791956e-19
 1.30068622623559e-17
 1.284100532860258e-17
 1.173430076912956e-10
 5.734482423197174e-19
 2.533720080862077e-19
 6.014547264342258e-15
 1.234621794338767e-15
 1.844134441079525e-21
 2.738561716508138e-12
 2.086611626217909e-13
 3.975705519836446e-11
 2.816613173460824e-12
 4.003752468465869e-09
 1.367230559139018e-14
 1.434439750499998e-08
 6.014547264342258e-15
 1.092276346253591e-12
 3.963462869167488e-13
 2.418933595060725e-09
 1.1327962427374e-10
 3.306605470181807e-10
 1.161671676298885e-10
 1.737232738690846e-08
 4.331575041917688e-09
 4.899842637764357e-07
 6.265891830686471e-11
 5.731456579261631e-08
 7.044784965992616e-10
 2.418933595060725e-09
 1.33004384712981e-08
 1.0368768447636e-09
 1.161671676298885e-10
 1.20422012243713e-06
 3.82469802582152e-05
 4.899842637764357e-07
 9.50982467251917e-10
 5.731456579261631e-08
 1.37965411875408e-07
 1.759479118237881e-07
 1.178908405821419e-06
 1.0368768447636e-09
 5.732879589638258e-10
 1.20422012243713e-06
 3.82469802582152e-05
 4.899842637764357e-07
 7.080247859539699e-09
 2.977490564401185e-05
 1.37965411875408e-07
 4.906811105885787e-07
 1.008422949838761e-05
 1.0368768447636e-09
 2.012275153868133e-08
 1.20422012243713e-06
 0.001487950704514505
 4.899842637764357e-07
 1.862272045333434e-07
 0.003977798000370043
 1.37965411875408e-07
 6.702500922081436e-06
 1.008422949838761e-05
 5.604431886506006e-07
 7.559447194474112e-07
 1.20422012243713e-06
 0.001487950704514505
 4.899842637764357e-07
 3.639317164834554e-05
 0.003977798000370043
 9.788313762650234e-06
 6.702500922081436e-06
 1.008422949838761e-05
 5.604431886506006e-07
 7.559447194474112e-07
 1.20422012243713e-06
 0.001487950704514505
 4.899842637764357e-07
 3.639317164834554e-05
 0.003977798000370043
 9.788313762650234e-06
 0.0001270003490881119
 1.008422949838761e-05
 5.604431886506006e-07
 5.263822168462506e-05
 1.20422012243713e-06
 0.001487950704514505
 4.899842637764357e-07
 3.639317164834554e-05
 0.003977798000370043
 9.788313762650234e-06
 0.0009963878321518707
 1.008422949838761e-05
 5.604431886506006e-07
 5.263822168462506e-05
 1.20422012243713e-06
 0.001487950704514505
 4.899842637764357e-07
 3.639317164834554e-05
 0.003977798000370043
 9.788313762650234e-06
 0.0009963878321518707
 1.008422949838761e-05
 5.604431886506006e-07
 0.003977798000370043
 1.20422012243713e-06
 0.001487950704514505
 4.899842637764357e-07
 3.639317164834554e-05
 0.003977798000370043
 9.788313762650234e-06
 0.0009963878321518707
 1.008422949838761e-05
 0.0001020625976783941
 0.003977798000370043
 1.20422012243713e-06
 0.001487950704514505
 4.899842637764357e-07
 3.639317164834554e-05
 0.003977798000370043
 9.788313762650234e-06
 0.0009963878321518707
 1.008422949838761e-05
 0.0001020625976783941
 0.003977798000370043
 1.20422012243713e-06
 0.001487950704514505
 4.899842637764357e-07
 3.639317164834554e-05
 0.003977798000370043
 9.788313762650234e-06
 0.0009963878321518707
 1.008422949838761e-05
 0.0001020625976783941
 0.003977798000370043
 1.20422012243713e-06
 0.001487950704514505
 4.899842637764357e-07
 3.639317164834554e-05
 0.003977798000370043
 9.788313762650234e-06
 0.0009963878321518707
 1.008422949838761e-05
 0.0001020625976783941
 0.003977798000370043
 1.20422012243713e-06
 0.001487950704514505
 4.899842637764357e-07
 3.639317164834554e-05
 0.003977798000370043
 9.788313762650234e-06
 0.0009963878321518707
 1.008422949838761e-05
 0.0001020625976783941
 0.003977798000370043
 1.20422012243713e-06
 0.001487950704514505
 4.899842637764357e-07
 3.639317164834554e-05
 0.003977798000370043
 9.788313762650234e-06
 0.0009963878321518707
 1.008422949838761e-05
 0.0001020625976783941
 0.003977798000370043
 1.20422012243713e-06
 0.001487950704514505
 4.899842637764357e-07
 3.639317164834554e-05
 0.003977798000370043
 9.788313762650234e-06
 0.0009963878321518707
 1.008422949838761e-05
 0.0001020625976783941
 0.003977798000370043
 1.20422012243713e-06
 0.001487950704514505
 4.899842637764357e-07
 3.639317164834554e-05
 0.003977798000370043
 0.0003996074574792681
 0.0009963878321518707
 1.008422949838761e-05
 0.0001020625976783941
 0.003977798000370043
 1.20422012243713e-06
 0.001487950704514505
 4.899842637764357e-07
 3.639317164834554e-05
 0.003977798000370043
 0.0003996074574792681
 0.0009963878321518707
 1.008422949838761e-05
 0.0001020625976783941
 0.003977798000370043
 1.20422012243713e-06
 0.001487950704514505
 4.899842637764357e-07
 3.639317164834554e-05
 0.003977798000370043
 0.0003996074574792681
 0.0009963878321518707
 1.008422949838761e-05
 0.0001020625976783941
 0.003977798000370043
 1.20422012243713e-06
 0.001487950704514505
 4.899842637764357e-07
 3.639317164834554e-05
 0.003977798000370043
 0.0003996074574792681
 0.0009963878321518707
 1.008422949838761e-05
 0.0001020625976783941
 0.003977798000370043
 1.20422012243713e-06
 0.001487950704514505
 4.899842637764357e-07
 3.639317164834554e-05
 0.003977798000370043
 0.0003996074574792681
 0.0009963878321518707
 1.008422949838761e-05
 0.0001020625976783941
 0.003977798000370043
 1.20422012243713e-06
 0.001487950704514505
 4.899842637764357e-07
 3.639317164834554e-05
 0.003977798000370043
 0.0003996074574792681
 0.0009963878321518707
 1.008422949838761e-05
 0.0001020625976783941
 0.003977798000370043
 1.20422012243713e-06
 0.001487950704514505
 4.899842637764357e-07
 3.639317164834554e-05
 0.003977798000370043
 0.0003996074574792681
 0.0009963878321518707
 1.008422949838761e-05
 0.0001020625976783941
 0.003977798000370043
 1.20422012243713e-06
 0.001487950704514505
 4.899842637764357e-07
 3.639317164834554e-05
 0.003977798000370043
 0.0003996074574792681
 0.0009963878321518707
 1.008422949838761e-05
 0.0001020625976783941
 0.003977798000370043
 1.20422012243713e-06
 0.001487950704514505
 4.899842637764357e-07
 3.639317164834554e-05
 0.003977798000370043
 0.0003996074574792681
 0.0009963878321518707
 1.008422949838761e-05
 0.0001020625976783941
 0.003977798000370043
 1.20422012243713e-06
 0.001487950704514505
 4.899842637764357e-07
 3.639317164834554e-05
 0.003977798000370043
 0.0003996074574792681
 0.0009963878321518707
 1.008422949838761e-05
 0.0001020625976783941
 0.003977798000370043
 1.20422012243713e-06
 0.001487950704514505
 4.899842637764357e-07
 3.639317164834554e-05
 0.003977798000370043
 0.0003996074574792681
 0.0009963878321518707
 1.008422949838761e-05
 0.0001020625976783941
 0.003977798000370043
 1.20422012243713e-06
 0.001487950704514505
 4.899842637764357e-07
 3.639317164834554e-05
 0.003977798000370043
 0.0003996074574792681
 0.0009963878321518707
 1.008422949838761e-05
 0.0001020625976783941
 0.003977798000370043
 1.20422012243713e-06
 0.001487950704514505
 4.899842637764357e-07
 3.639317164834554e-05
 0.003977798000370043
 0.0003996074574792681
