# Created by Octave 3.2.4, Mon Feb 04 05:02:30 2013 EST <rbom@zaphod>
# name: small_First_Fit
# type: matrix
# ndims: 3
 1 10 30
 1.201759632171915e-12
 7.613691616497696e-17
 1.893858381392571e-18
 6.08359761840341e-19
 7.707179801148865e-20
 3.694270174496458e-16
 3.69658669151303e-16
 2.029173090559615e-14
 2.069195925492913e-17
 3.646236231849361e-17
 3.903883113678578e-11
 7.613691616497696e-17
 1.630781976668632e-16
 5.430032840829138e-15
 7.160519501425199e-12
 3.694270174496458e-16
 7.384120690672784e-13
 4.13869106259215e-10
 1.2952652249876e-12
 8.048943529881561e-14
 9.940914662610889e-09
 1.821180132786261e-12
 1.359173758127016e-15
 1.161507259829406e-12
 1.443137004240442e-08
 2.537066681180905e-14
 8.718017105731105e-11
 2.601366109547589e-06
 1.2952652249876e-12
 3.787923739306907e-08
 8.294413220727465e-07
 6.146485264166269e-10
 2.519454976870054e-12
 5.4128153905271e-11
 5.031797929062623e-07
 2.537066681180905e-14
 1.615204971413093e-09
 0.0004986668885851094
 2.598152988036248e-10
 0.0004986668885851094
 8.294413220727465e-07
 4.908677473344145e-06
 2.519454976870054e-12
 1.90404440798717e-09
 1.052076362174177e-05
 8.327355993773628e-12
 5.986239892171172e-09
 0.0004986668885851094
 8.31952998869494e-08
 0.0004986668885851094
 8.294413220727465e-07
 4.908677473344145e-06
 1.706477137668391e-08
 3.748333363291645e-05
 1.052076362174177e-05
 9.602215101375024e-10
 7.424413283161722e-06
 0.0004986668885851094
 8.273094410464361e-06
 0.0004986668885851094
 5.440511610448421e-06
 4.908677473344145e-06
 7.326024306821738e-07
 3.748333363291645e-05
 0.0002337626269762252
 2.645149619171445e-08
 7.424413283161722e-06
 0.03489064410365181
 0.0002249667588082224
 0.0004986668885851094
 0.0003736296368374058
 0.0003736296368374058
 7.326024306821738e-07
 0.03489064410365181
 0.0002337626269762252
 0.0002249667588082224
 7.424413283161722e-06
 0.03489064410365181
 0.0002249667588082224
 0.0004986668885851094
 0.0003736296368374058
 0.0003736296368374058
 7.326024306821738e-07
 0.03489064410365181
 0.0002337626269762252
 0.0002249667588082224
 7.424413283161722e-06
 0.03489064410365181
 0.03489064410365181
 0.0004986668885851094
 0.0003736296368374058
 0.00888659196273456
 7.326024306821738e-07
 0.03489064410365181
 0.0002337626269762252
 0.03489064410365181
 7.424413283161722e-06
 0.03489064410365181
 0.03489064410365181
 0.0004986668885851094
 0.0003736296368374058
 0.00888659196273456
 7.326024306821738e-07
 0.03489064410365181
 0.0002337626269762252
 0.03489064410365181
 7.424413283161722e-06
 0.03489064410365181
 0.03489064410365181
 0.03489064410365181
 0.00888659196273456
 0.00888659196273456
 7.326024306821738e-07
 0.03489064410365181
 0.0002337626269762252
 0.03489064410365181
 7.424413283161722e-06
 0.03489064410365181
 0.03489064410365181
 0.03489064410365181
 0.00888659196273456
 0.00888659196273456
 0.001132943615077718
 0.03489064410365181
 0.0002337626269762252
 0.03489064410365181
 7.424413283161722e-06
 0.03489064410365181
 0.03489064410365181
 0.03489064410365181
 0.00888659196273456
 0.00888659196273456
 0.001132943615077718
 0.03489064410365181
 0.0002337626269762252
 0.03489064410365181
 7.424413283161722e-06
 0.03489064410365181
 0.03489064410365181
 0.03489064410365181
 0.00888659196273456
 0.00888659196273456
 0.001132943615077718
 0.03489064410365181
 0.0002337626269762252
 0.03489064410365181
 1.020729130451692e-05
 0.03489064410365181
 0.03489064410365181
 0.03489064410365181
 0.00888659196273456
 0.00888659196273456
 0.001132943615077718
 0.03489064410365181
 0.0002337626269762252
 0.03489064410365181
 1.020729130451692e-05
 0.03489064410365181
 0.03489064410365181
 0.03489064410365181
 0.00888659196273456
 0.00888659196273456
 0.001132943615077718
 0.03489064410365181
 0.0002415561967446111
 0.03489064410365181
 1.020729130451692e-05
 0.03489064410365181
 0.03489064410365181
 0.03489064410365181
 0.00888659196273456
 0.00888659196273456
 0.001132943615077718
 0.03489064410365181
 0.0002415561967446111
 0.03489064410365181
 3.2454513957697e-05
 0.03489064410365181
 0.03489064410365181
 0.03489064410365181
 0.00888659196273456
 0.00888659196273456
 0.001132943615077718
 0.03489064410365181
 0.0002337626269762252
 0.03489064410365181
 1.020729130451692e-05
 0.03489064410365181
 0.03489064410365181
 0.03489064410365181
 0.00888659196273456
 0.00888659196273456
 0.001132943615077718
 0.03489064410365181
 0.0002415561967446111
 0.03489064410365181
 1.020729130451692e-05
 0.03489064410365181
 0.03489064410365181
 0.03489064410365181
 0.00888659196273456
 0.00888659196273456
 0.001132943615077718
 0.03489064410365181
 0.0002337626269762252
 0.03489064410365181
 1.020729130451692e-05
 0.03489064410365181
 0.03489064410365181
 0.03489064410365181
 0.00888659196273456
 0.00888659196273456
 0.001132943615077718
 0.03489064410365181
 0.0002337626269762252
 0.03489064410365181
 1.020729130451692e-05
 0.03489064410365181
 0.03489064410365181
 0.03489064410365181
 0.00888659196273456
 0.00888659196273456
 0.001132943615077718
 0.03489064410365181
 0.0002337626269762252
 0.03489064410365181
 4.854963926344136e-05
 0.03489064410365181
 0.03489064410365181
 0.03489064410365181
 0.00888659196273456
 0.00888659196273456
 0.001132943615077718
 0.03489064410365181
 0.0002337626269762252
 0.03489064410365181
 4.854963926344136e-05
 0.03489064410365181
 0.03489064410365181
 0.03489064410365181
 0.00888659196273456
 0.00888659196273456
 0.001132943615077718
 0.03489064410365181
 0.0002337626269762252
 0.03489064410365181
 3.2454513957697e-05
 0.03489064410365181
 0.03489064410365181
 0.03489064410365181
 0.00888659196273456
 0.00888659196273456
 0.001132943615077718
 0.03489064410365181
 0.0002415561967446111
 0.03489064410365181
 3.2454513957697e-05
 0.03489064410365181
 0.03489064410365181
 0.03489064410365181
 0.00888659196273456
 0.00888659196273456
 0.001132943615077718
 0.03489064410365181
 0.0002415561967446111
 0.03489064410365181
 3.2454513957697e-05
 0.03489064410365181
 0.03489064410365181
 0.03489064410365181
 0.00888659196273456
 0.00888659196273456
 0.001132943615077718
 0.03489064410365181
 0.0002415561967446111
 0.03489064410365181
 3.2454513957697e-05
 0.03489064410365181
 0.03489064410365181
 0.03489064410365181
 0.00888659196273456
 0.00888659196273456
 0.001132943615077718
 0.03489064410365181
 0.0002415561967446111
 0.03489064410365181
 3.2454513957697e-05
 0.03489064410365181
 0.03489064410365181
 0.03489064410365181
 0.00888659196273456
 0.00888659196273456
 0.001132943615077718
 0.03489064410365181
 0.0002415561967446111
 0.03489064410365181
 3.2454513957697e-05
 0.03489064410365181
 0.03489064410365181
 0.03489064410365181
