# Created by Octave 3.2.4, Mon Feb 04 02:01:39 2013 EST <rbom@zaphod>
# name: small_First_Fit
# type: matrix
# ndims: 3
 1 10 30
 3.814829831386715e-14
 3.522967856841818e-21
 1.492984409198831e-13
 5.297835138861684e-19
 6.532714796076065e-19
 1.55413205027177e-20
 8.223934996507055e-16
 9.202527229323134e-19
 2.405831606289809e-15
 2.935755078006772e-19
 2.047384264788699e-12
 1.542902082473167e-13
 4.283228697140931e-10
 1.011725863386804e-10
 7.195636816579744e-16
 2.058796866805587e-17
 2.445526782220052e-13
 6.243142374299165e-17
 5.315928572890822e-14
 5.726403927207082e-14
 2.047384264788699e-12
 1.924369897736713e-10
 4.283228697140931e-10
 1.011725863386804e-10
 1.920497710586245e-12
 1.539971394148164e-15
 6.931755214077364e-10
 2.033652943509958e-13
 3.176535924582986e-12
 3.850805405705277e-12
 1.243622892862842e-10
 1.924369897736713e-10
 4.283228697140931e-10
 1.306442873837408e-06
 2.490986792821211e-09
 1.147516645552297e-13
 1.458671948965224e-08
 2.539195879741061e-10
 3.176535924582986e-12
 3.850805405705277e-12
 6.544682064711472e-09
 8.162698462785688e-09
 2.660530015118959e-08
 1.306442873837408e-06
 1.437390875482538e-07
 7.025417196434304e-12
 2.545060705824619e-08
 2.539195879741061e-10
 1.71625371813487e-09
 3.850805405705277e-12
 1.874360956935937e-06
 4.0014149276789e-05
 2.660530015118959e-08
 4.780287970872125e-05
 1.437390875482538e-07
 2.672972577753488e-10
 2.545060705824619e-08
 6.971956746094676e-07
 2.03475444397929e-06
 2.941984663029002e-08
 1.874360956935937e-06
 4.0014149276789e-05
 2.660530015118959e-08
 4.780287970872125e-05
 1.437390875482538e-07
 3.592870154277414e-09
 6.555925553339401e-07
 4.891537275276868e-05
 2.03475444397929e-06
 3.157253807913188e-05
 2.195550315722573e-06
 0.001262539180595166
 2.660530015118959e-08
 4.780287970872125e-05
 7.681247621388687e-06
 1.42838301732653e-06
 2.380131754207432e-05
 4.891537275276868e-05
 2.03475444397929e-06
 3.157253807913188e-05
 9.407915281845443e-05
 0.001262539180595166
 4.238468272282252e-06
 4.780287970872125e-05
 1.067520256909842e-05
 1.42838301732653e-06
 0.0002109307341462317
 4.891537275276868e-05
 0.0001046175329696554
 3.157253807913188e-05
 9.407915281845443e-05
 0.001262539180595166
 0.0002343444451193828
 4.780287970872125e-05
 7.681247621388687e-06
 1.446605383838356e-06
 0.0002109307341462317
 4.891537275276868e-05
 0.0001137255781862848
 3.157253807913188e-05
 9.407915281845443e-05
 0.001262539180595166
 0.0002343444451193828
 4.780287970872125e-05
 7.681247621388687e-06
 1.42838301732653e-06
 0.0002109307341462317
 4.891537275276868e-05
 9.407915281845443e-05
 3.157253807913188e-05
 9.407915281845443e-05
 0.001262539180595166
 0.0002343444451193828
 4.780287970872125e-05
 7.681247621388687e-06
 2.195550315722573e-06
 0.0002109307341462317
 4.891537275276868e-05
 0.004419659967363244
 3.157253807913188e-05
 9.407915281845443e-05
 0.001262539180595166
 0.0002343444451193828
 4.780287970872125e-05
 7.681247621388687e-06
 2.195550315722573e-06
 0.0002109307341462317
 4.891537275276868e-05
 0.004419659967363244
 3.157253807913188e-05
 0.004419659967363244
 0.001262539180595166
 0.0002343444451193828
 4.780287970872125e-05
 7.681247621388687e-06
 2.195550315722573e-06
 0.0002109307341462317
 4.891537275276868e-05
 0.004419659967363244
 3.157253807913188e-05
 0.004419659967363244
 0.001262539180595166
 0.0002343444451193828
 4.780287970872125e-05
 7.681247621388687e-06
 0.0002120789339305321
 0.0002109307341462317
 4.891537275276868e-05
 0.004419659967363244
 3.157253807913188e-05
 0.004419659967363244
 0.001262539180595166
 0.0002343444451193828
 4.780287970872125e-05
 2.553789811001377e-05
 0.0002120789339305321
 0.0002109307341462317
 4.891537275276868e-05
 0.004419659967363244
 3.157253807913188e-05
 0.004419659967363244
 0.001262539180595166
 0.0002343444451193828
 4.780287970872125e-05
 2.553789811001377e-05
 0.0002120789339305321
 0.0002109307341462317
 4.891537275276868e-05
 0.004419659967363244
 3.157253807913188e-05
 0.004419659967363244
 0.001262539180595166
 0.0002343444451193828
 4.780287970872125e-05
 2.553789811001377e-05
 0.0002120789339305321
 0.0002109307341462317
 4.891537275276868e-05
 0.004419659967363244
 3.157253807913188e-05
 0.004419659967363244
 0.001262539180595166
 0.0002343444451193828
 4.780287970872125e-05
 2.553789811001377e-05
 0.0002120789339305321
 0.0002109307341462317
 4.891537275276868e-05
 0.004419659967363244
 3.157253807913188e-05
 0.004419659967363244
 0.001262539180595166
 0.0002343444451193828
 4.780287970872125e-05
 2.553789811001377e-05
 0.0002120789339305321
 0.0002109307341462317
 4.891537275276868e-05
 0.004419659967363244
 3.157253807913188e-05
 0.004419659967363244
 0.00277036151561362
 0.0002343444451193828
 4.780287970872125e-05
 2.553789811001377e-05
 0.0002120789339305321
 0.0002109307341462317
 4.891537275276868e-05
 0.004419659967363244
 3.157253807913188e-05
 0.004419659967363244
 0.001262539180595166
 0.0002343444451193828
 4.780287970872125e-05
 2.553789811001377e-05
 0.0002120789339305321
 0.0002109307341462317
 4.891537275276868e-05
 0.004419659967363244
 3.157253807913188e-05
 0.004419659967363244
 0.001262539180595166
 0.0002343444451193828
 4.780287970872125e-05
 2.553789811001377e-05
 0.0002120789339305321
 0.0002109307341462317
 4.891537275276868e-05
 0.004419659967363244
 3.157253807913188e-05
 0.004419659967363244
 0.001262539180595166
 0.0002343444451193828
 4.780287970872125e-05
 2.553789811001377e-05
 0.00048373857630172
 0.0002109307341462317
 4.891537275276868e-05
 0.004419659967363244
 3.157253807913188e-05
 0.004419659967363244
 0.001262539180595166
 0.0002343444451193828
 4.780287970872125e-05
 3.157253807913188e-05
 0.00048373857630172
 0.0002109307341462317
 4.891537275276868e-05
 0.004419659967363244
 3.157253807913188e-05
 0.004419659967363244
 0.001262539180595166
 0.0002343444451193828
 4.780287970872125e-05
 3.157253807913188e-05
 0.00048373857630172
 0.0002109307341462317
 4.891537275276868e-05
 0.004419659967363244
 3.157253807913188e-05
 0.004419659967363244
 0.001262539180595166
 0.0002343444451193828
 4.780287970872125e-05
 2.553789811001377e-05
 0.00048373857630172
 0.0002109307341462317
 4.891537275276868e-05
 0.004419659967363244
 3.157253807913188e-05
 0.004419659967363244
 0.00277036151561362
 0.0002343444451193828
 4.780287970872125e-05
 2.553789811001377e-05
 0.00048373857630172
 0.0002109307341462317
 4.891537275276868e-05
 0.004419659967363244
 3.157253807913188e-05
 0.004419659967363244
 0.00277036151561362
 0.0002343444451193828
 4.780287970872125e-05
 2.553789811001377e-05
 0.00048373857630172
 0.0002109307341462317
 4.891537275276868e-05
 0.004419659967363244
 3.157253807913188e-05
 0.004419659967363244
 0.00277036151561362
 0.0002343444451193828
 4.780287970872125e-05
 3.157253807913188e-05
 0.00048373857630172
 0.0002109307341462317
 4.891537275276868e-05
 0.004419659967363244
 3.157253807913188e-05
