# Created by Octave 3.2.4, Wed Feb 06 20:38:03 2013 EST <rbom@zaphod>
# name: small_First_Fit
# type: matrix
# ndims: 3
 1 10 30
 9.923417292464154e-05
 1.332174779877036e-05
 1.283438855245967e-05
 1.418417585959435e-07
 1.630955395713323e-06
 0.0001098678358681312
 2.244958689449761e-07
 7.321381749611704e-07
 1.254889213763894e-05
 1.314640677229276e-07
 0.0001779216322940662
 2.893022778219553e-05
 0.00156453930979654
 2.667918464704717e-05
 2.499755450247441e-05
 0.0003237581668253069
 4.310104397300331e-05
 0.0001606496122586266
 0.0001388113668362569
 2.766567306789545e-05
 0.001192698623268941
 0.000227271423283421
 0.00156453930979654
 0.0007264647951307032
 0.04200310156227604
 0.001107383106213876
 0.003673427458860902
 0.002012636408773289
 0.0003386370678997087
 0.008015167731979559
 0.002074007778451633
 0.000227271423283421
 0.005093850112626925
 0.001191370503710594
 0.04200310156227604
 0.001107383106213876
 0.003673427458860902
 0.002012636408773289
 0.0003386370678997087
 0.009487219045061283
 0.010480863736937
 0.00064921610299169
 0.005093850112626925
 0.006013949824322508
 0.04200310156227604
 0.001107383106213876
 0.01047485593098415
 0.02390259267965003
 0.002296829194956889
 0.009487219045061283
 0.01386784231581943
 0.00064921610299169
 0.004583588090149217
 0.006013949824322508
 0.04200310156227604
 0.001977704946871089
 0.01047485593098415
 0.02390259267965003
 0.004441664794044976
 0.01052783915437614
 0.01386784231581943
 0.002419288401588869
 0.009071650034185126
 0.006013949824322508
 0.04200310156227604
 0.001977704946871089
 0.01169266766429875
 0.0502024387310944
 0.005414697103710553
 0.01448924870491297
 0.03322256544436646
 0.002105627295118267
 0.009283766620244063
 0.01839972251510327
 0.04200310156227604
 0.001977704946871089
 0.01712072119917054
 0.02441475150552254
 0.009044525718701428
 0.01493023771303545
 0.03322256544436646
 0.003210480846011441
 0.009283766620244063
 0.01839972251510327
 0.04200310156227604
 0.01268718776982955
 0.02086448011299798
 0.02441475150552254
 0.009044525718701428
 0.01493023771303545
 0.03322256544436646
 0.01593786502937063
 0.009283766620244063
 0.04200310156227604
 0.04200310156227604
 0.01268718776982955
 0.02086448011299798
 0.02441475150552254
 0.01590852986877155
 0.01394789025480936
 0.03322256544436646
 0.02043603414916098
 0.009283766620244063
 0.04200310156227604
 0
 0.01268718776982955
 0.02086448011299798
 0.02441475150552254
 0.02974972548623803
 0.02616430864607039
 0.03322256544436646
 0.02043603414916098
 0.01864872071962942
 0.04200310156227604
 0
 0.01268718776982955
 0.02086448011299798
 0.02441475150552254
 0.06844185123635319
 0.02616430864607039
 0.03322256544436646
 0.01593786502937063
 0.009283333290098301
 0.04200310156227604
 0
 0.02969105088426472
 0.02086448011299798
 0.02390259267965003
 0.06844185123635319
 0.02616430864607039
 0.0440255917624354
 0.0217570290426852
 0.01627317449424996
 0.04200310156227604
 0
 0.02969105088426472
 0.02250147587954539
 0
 0.06844185123635319
 0.0264305361468855
 0.0440255917624354
 0.0217570290426852
 0.0202233869807186
 0.04200310156227604
 0
 0.03119594366820149
 0.02250147587954539
 0
 0.06844185123635319
 0.02616430864607039
 0.0440255917624354
 0.01648598978087526
 0.0202233869807186
 0.04200310156227604
 0
 0.02969105088426472
 0.05706690280092492
 0
 0.06844185123635319
 0.0264305361468855
 0.0440255917624354
 0.01864872071962942
 0.02235666797230782
 0
 0
 0.02969105088426472
 0.05706690280092492
 0
 0.06844185123635319
 0.04342662243398877
 0.0440255917624354
 0.01864872071962942
 0.02298731690995965
 0
 0
 0.02969105088426472
 0.05706690280092492
 0
 0.06844185123635319
 0.0264305361468855
 0.0440255917624354
 0.01864872071962942
 0.0202233869807186
 0
 0
 0.02969105088426472
 0.05706690280092492
 0
 0
 0.0264305361468855
 0.0440255917624354
 0.01864872071962942
 0.0202233869807186
 0
 0
 0.02969105088426472
 0.05706690280092492
 0
 0
 0.0264305361468855
 0
 0.01864872071962942
 0.02390259267965003
 0
 0
 0.03526216635130443
 0.05706690280092492
 0
 0
 0.0264305361468855
 0
 0.01864872071962942
 0.02426847300470328
 0
 0
 0.03526216635130443
 0.05706690280092492
 0
 0
 0.0264305361468855
 0
 0.02043603414916098
 0.02426847300470328
 0
 0
 0.03526216635130443
 0
 0
 0
 0.04342662243398877
 0
 0.0217570290426852
 0.02426847300470328
 0
 0
 0.03526216635130443
 0
 0
 0
 0.05542290250412445
 0
 0.02906406800708842
 0.02426847300470328
 0
 0
 0.05243600413066218
 0
 0
 0
 0.05542290250412445
 0
 0.02906406800708842
 0.02426847300470328
 0
 0
 0.03526216635130443
 0
 0
 0
 0.05542290250412445
 0
 0.04086393335739354
 0.02426847300470328
 0
 0
 0.03526216635130443
 0
 0
 0
 0.05542290250412445
 0
 0.04086393335739354
 0.03410595561267354
 0
 0
 0.03526216635130443
 0
 0
 0
 0.04342662243398877
 0
 0.04086393335739354
 0.03410595561267354
 0
 0
 0.04170486148278971
 0
 0
 0
 0.05542290250412445
 0
 0.04086393335739354
 0.03410595561267354
 0
 0
 0.03526216635130443
 0
 0
 0
 0.05542290250412445
