# Created by Octave 3.2.4, Mon Feb 04 19:11:52 2013 EST <rbom@zaphod>
# name: small_First_Fit
# type: matrix
# ndims: 3
 1 10 30
 1.248389554057354e-15
 5.612481399901162e-15
 1.025467840535116e-16
 6.943608714489501e-13
 2.35921279270317e-13
 2.269290608670647e-08
 1.132088918491976e-13
 1.219427089829369e-09
 1.057866928007091e-13
 6.161942990236745e-16
 9.178634388620691e-12
 3.56520762735806e-12
 2.333860548903994e-12
 6.180532635073221e-10
 2.35921279270317e-13
 6.657835204973e-07
 1.132088918491976e-13
 3.559103285222781e-06
 1.704796654764333e-12
 2.959901726880069e-07
 1.359044774222123e-08
 1.760146130076254e-10
 1.292834820528642e-07
 1.407309580442132e-07
 1.401703440785652e-11
 6.657835204973e-07
 6.030655497454951e-12
 0.0001704383377405024
 2.296305120486317e-11
 5.527519784208119e-05
 1.529018607677158e-06
 7.215252633663839e-09
 4.299673941732175e-06
 1.407309580442132e-07
 5.48333155897771e-10
 1.892390481360972e-05
 3.683256890339248e-08
 0.0001704383377405024
 6.714090299574945e-10
 5.527519784208119e-05
 1.529018607677158e-06
 2.786375429752679e-07
 1.232054781064141e-05
 1.343222779207713e-05
 1.770613770171325e-06
 2.123499795179248e-05
 3.683256890339248e-08
 0.0001704383377405024
 1.05657442231624e-09
 5.527519784208119e-05
 3.897269109798754e-05
 2.786375429752679e-07
 0.0004078439108667508
 0.0003393662018238837
 1.770613770171325e-06
 2.123499795179248e-05
 6.52464425046189e-05
 0.0001710845347163032
 9.342222864506625e-10
 5.527519784208119e-05
 3.897269109798754e-05
 2.786375429752679e-07
 0.0004078439108667508
 0.0004910168264657264
 1.770613770171325e-06
 1.892390481360972e-05
 0.001436532677647491
 0.0005354166437959386
 9.342222864506625e-10
 5.527519784208119e-05
 5.60173273954886e-05
 2.786375429752679e-07
 0.0004078439108667508
 0.00266593952152724
 1.770613770171325e-06
 1.892390481360972e-05
 0.001436532677647491
 0.0005354166437959386
 1.333784057728478e-08
 0.001436532677647491
 3.897269109798754e-05
 7.294277159056606e-06
 0.0004078439108667508
 0.00266593952152724
 6.463110899672522e-05
 1.892390481360972e-05
 0.001436532677647491
 0.0005354166437959386
 2.650624911642535e-08
 0.001436532677647491
 3.897269109798754e-05
 7.294277159056606e-06
 0.01445514542149183
 0.00266593952152724
 0.0001688373316134437
 1.892390481360972e-05
 0.001436532677647491
 0.0005354166437959386
 7.871485853200671e-07
 0.003474148016715693
 3.897269109798754e-05
 0.001351791472273402
 0.01445514542149183
 0.00266593952152724
 0.003376222572405675
 1.892390481360972e-05
 0.001436532677647491
 0.0005354166437959386
 1.36296374356251e-05
 0.003474148016715693
 5.60173273954886e-05
 0.001351791472273402
 0.01445514542149183
 0.00266593952152724
 0.004128884142612567
 0
 0.003474148016715693
 0.0005354166437959386
 1.36296374356251e-05
 0.003474148016715693
 3.897269109798754e-05
 0.001351791472273402
 0.01445514542149183
 0.00266593952152724
 0.004128884142612567
 0
 0.003474148016715693
 0.0005354166437959386
 1.36296374356251e-05
 0.003474148016715693
 3.897269109798754e-05
 0.001351791472273402
 0.01445514542149183
 0.01445514542149183
 0.004128884142612567
 0
 0.003474148016715693
 0
 1.36296374356251e-05
 0.003474148016715693
 3.897269109798754e-05
 0.001351791472273402
 0.01445514542149183
 0.01445514542149183
 0.01445514542149183
 0
 0.003474148016715693
 0
 3.489006834080746e-05
 0.003474148016715693
 3.897269109798754e-05
 0.01445514542149183
 0.01445514542149183
 0.01445514542149183
 0.01445514542149183
 0
 0.003474148016715693
 0
 3.489006834080746e-05
 0.003474148016715693
 3.897269109798754e-05
 0.01445514542149183
 0
 0.01445514542149183
 0.01445514542149183
 0
 0.003474148016715693
 0
 3.489006834080746e-05
 0
 5.60173273954886e-05
 0.01445514542149183
 0
 0.01445514542149183
 0.01445514542149183
 0
 0.003474148016715693
 0
 3.489006834080746e-05
 0
 3.897269109798754e-05
 0.01445514542149183
 0
 0.01445514542149183
 0.01445514542149183
 0
 0
 0
 0.0005354166437959386
 0
 3.897269109798754e-05
 0.01445514542149183
 0
 0.01445514542149183
 0.01445514542149183
 0
 0
 0
 0.0005354166437959386
 0
 5.60173273954886e-05
 0.01445514542149183
 0
 0
 0.01445514542149183
 0
 0
 0
 0.0005354166437959386
 0
 5.60173273954886e-05
 0.01445514542149183
 0
 0
 0
 0
 0
 0
 0.01445514542149183
 0
 3.897269109798754e-05
 0
 0
 0
 0
 0
 0
 0
 0.01445514542149183
 0
 5.60173273954886e-05
 0
 0
 0
 0
 0
 0
 0
 0.01445514542149183
 0
 5.60173273954886e-05
 0
 0
 0
 0
 0
 0
 0
 0.01445514542149183
 0
 5.60173273954886e-05
 0
 0
 0
 0
 0
 0
 0
 0.01445514542149183
 0
 0.00103174060385283
 0
 0
 0
 0
 0
 0
 0
 0.01445514542149183
 0
 0.005399347916568073
 0
 0
 0
 0
 0
 0
 0
 0.01445514542149183
 0
 0.01445514542149183
 0
 0
 0
 0
 0
 0
 0
 0
 0
 0.01445514542149183
 0
 0
 0
 0
 0
 0
 0
 0
 0
