# Created by Octave 3.2.4, Tue Feb 05 13:55:08 2013 EST <rbom@zaphod>
# name: small_First_Fit
# type: matrix
# ndims: 3
 1 10 30
 2.003166047717669e-11
 4.454374345103865e-17
 2.009493865050418e-18
 3.113691500639242e-15
 9.349629233308451e-15
 8.189498045294055e-20
 4.218378865797005e-17
 4.511436195983069e-18
 3.983022788338529e-11
 6.074504720047363e-16
 3.622916000924402e-09
 4.637965260346982e-13
 4.905222368296714e-16
 1.573661412171927e-09
 3.827877164734949e-10
 7.371898912099734e-13
 8.547665857362301e-14
 1.796979517366088e-13
 2.945994439805868e-09
 2.309734783291539e-13
 5.830083523730122e-07
 1.672919218849214e-09
 1.065464626371482e-13
 3.218587930673097e-07
 6.521956026258637e-09
 2.244129961589978e-11
 8.547665857362301e-14
 5.594505131531636e-11
 5.526207009650086e-08
 5.43415244142929e-11
 5.830083523730122e-07
 1.60486704469422e-06
 2.151412848439432e-10
 4.325363633449507e-06
 9.193036450078485e-07
 1.615139589424813e-10
 2.188674345171783e-10
 1.715979793478839e-09
 1.357847277327895e-06
 8.725596703911719e-09
 7.183866492192462e-07
 0.0002278764737522596
 1.313723613393267e-05
 3.218587930673097e-07
 1.383662563909185e-05
 2.397683977596483e-07
 1.853067558472595e-07
 4.711061809018666e-08
 0.000114853724801214
 1.080318660121697e-06
 5.680075522362643e-05
 0.0002278764737522596
 1.313723613393267e-05
 3.218587930673097e-07
 1.383662563909185e-05
 6.297836117264631e-06
 2.151914047293117e-07
 1.351907023266559e-07
 0.000114853724801214
 0.0001039182150777591
 5.680075522362643e-05
 0.003962720024561704
 0.003962720024561704
 3.218587930673097e-07
 0.0002007237437712631
 6.297836117264631e-06
 1.286367347432235e-05
 1.351907023266559e-07
 0.000114853724801214
 0.0001039182150777591
 5.680075522362643e-05
 0.003962720024561704
 0.003962720024561704
 0.0008798591972322241
 0.002540516283918516
 6.297836117264631e-06
 0.0003497515477566019
 1.351907023266559e-07
 0.007438828516008384
 0.0001039182150777591
 5.680075522362643e-05
 0.003962720024561704
 0.003962720024561704
 0.0008798591972322241
 0.0143040110549212
 0.0009308366690428256
 0.0003497515477566019
 4.662839190353663e-05
 0.007438828516008384
 0.0003141962651560529
 5.680075522362643e-05
 0.003962720024561704
 0.003962720024561704
 0.0008798591972322241
 0.0143040110549212
 0.0009308366690428256
 0.0143040110549212
 8.887274829780969e-05
 0.007438828516008384
 0.0003141962651560529
 5.680075522362643e-05
 0.003962720024561704
 0.003962720024561704
 0.0008798591972322241
 0.1560630342003054
 0.1560630342003054
 0.0143040110549212
 4.662839190353663e-05
 0.007438828516008384
 0.0003141962651560529
 0.009142310744886827
 0.003962720024561704
 0.003962720024561704
 0.0008798591972322241
 0.1560630342003054
 0.1560630342003054
 0.0143040110549212
 4.662839190353663e-05
 0.007438828516008384
 0.001377744616092723
 0.1560630342003054
 0.003962720024561704
 0.003962720024561704
 0.0008798591972322241
 0.1560630342003054
 0.1560630342003054
 0.0143040110549212
 4.662839190353663e-05
 0.009142310744886827
 0.001377744616092723
 0.1560630342003054
 0
 0
 0.007438828516008384
 0.1560630342003054
 0.1560630342003054
 0.0143040110549212
 4.662839190353663e-05
 0.009142310744886827
 0.001377744616092723
 0.1560630342003054
 0
 0
 0.007438828516008384
 0.1560630342003054
 0.1560630342003054
 0.0143040110549212
 0.007438828516008384
 0.009142310744886827
 0.0003141962651560529
 0.1560630342003054
 0
 0
 0.007438828516008384
 0.1560630342003054
 0.1560630342003054
 0.0143040110549212
 0.007438828516008384
 0.009142310744886827
 0.0003141962651560529
 0.1560630342003054
 0
 0
 0.007438828516008384
 0.1560630342003054
 0.1560630342003054
 0
 0.007438828516008384
 0.009142310744886827
 0.0003141962651560529
 0.1560630342003054
 0
 0
 0.007438828516008384
 0
 0
 0
 0.007438828516008384
 0.009142310744886827
 0.001377744616092723
 0.1560630342003054
 0
 0
 0.009142310744886827
 0
 0
 0
 0.009142310744886827
 0.009142310744886827
 0.001377744616092723
 0
 0
 0
 0.007438828516008384
 0
 0
 0
 0.007438828516008384
 0
 0.001377744616092723
 0
 0
 0
 0.007438828516008384
 0
 0
 0
 0.007438828516008384
 0
 0.001377744616092723
 0
 0
 0
 0.007438828516008384
 0
 0
 0
 0.007438828516008384
 0
 0.001377744616092723
 0
 0
 0
 0.009142310744886827
 0
 0
 0
 0.007438828516008384
 0
 0.001377744616092723
 0
 0
 0
 0.009142310744886827
 0
 0
 0
 0.009142310744886827
 0
 0.009142310744886827
 0
 0
 0
 0.009142310744886827
 0
 0
 0
 0.007438828516008384
 0
 0.1560630342003054
 0
 0
 0
 0.1560630342003054
 0
 0
 0
 0.009142310744886827
 0
 0.1560630342003054
 0
 0
 0
 0.1560630342003054
 0
 0
 0
 0.009142310744886827
 0
 0.1560630342003054
 0
 0
 0
 0.1560630342003054
 0
 0
 0
 0.009142310744886827
 0
 0.1560630342003054
 0
 0
 0
 0.1560630342003054
 0
 0
 0
 0.009142310744886827
 0
 0.1560630342003054
 0
 0
 0
 0.1560630342003054
 0
 0
 0
 0.007438828516008384
 0
 0.1560630342003054
