# Created by Octave 3.2.4, Tue Feb 05 11:52:20 2013 EST <rbom@zaphod>
# name: small_First_Fit
# type: matrix
# ndims: 3
 1 10 30
 1.076478365851089e-20
 6.70424904488373e-11
 2.680477415407439e-17
 1.295516232807861e-18
 1.541875519989206e-14
 5.131314993483739e-20
 3.148647058697568e-19
 2.307984018029638e-22
 9.465211304522798e-18
 8.266019686281804e-21
 1.674911703238464e-17
 6.70424904488373e-11
 3.017291988973746e-15
 2.770936980176257e-15
 2.971835286749238e-12
 1.417222724234871e-10
 3.271667114312017e-16
 7.275114409099296e-16
 2.983999735105501e-14
 1.79031148438413e-09
 2.872501810733781e-14
 1.665566497843347e-08
 8.450466145112233e-14
 2.908210786979352e-12
 1.369011703483708e-08
 2.480103838625693e-09
 7.61738745530776e-13
 7.275114409099296e-16
 2.983999735105501e-14
 1.79031148438413e-09
 1.759078168276392e-09
 3.686822724858341e-06
 4.710111862939662e-11
 4.606912291915944e-11
 1.369011703483708e-08
 2.480103838625693e-09
 5.558354882005708e-11
 7.807544048335513e-13
 2.983999735105501e-14
 1.79031148438413e-09
 2.645323983705235e-06
 3.686822724858341e-06
 9.55573635703157e-09
 4.606912291915944e-11
 1.369011703483708e-08
 2.480103838625693e-09
 7.709103642805063e-10
 7.686676157090676e-10
 3.373966830412054e-12
 1.79031148438413e-09
 4.408850300490485e-05
 0.0006091718496231248
 6.865148252333823e-08
 1.232387112529772e-06
 0.0003592293386545222
 2.623104795038334e-07
 4.172198554502395e-07
 1.880304927600374e-07
 5.65433795285208e-11
 1.79031148438413e-09
 4.408850300490485e-05
 0.0006091718496231248
 2.174003561760374e-06
 6.040929285808292e-06
 0.0003592293386545222
 2.623104795038334e-07
 4.54617284403259e-05
 7.135637574297418e-05
 5.65433795285208e-11
 2.958287646439507e-07
 0.002444773122530375
 0.0006091718496231248
 2.174003561760374e-06
 7.914361466048529e-05
 0.0003592293386545222
 0.0002144875807009041
 4.54617284403259e-05
 0.002444773122530375
 1.149734522385029e-07
 0.0004355975267966123
 0.002444773122530375
 0.0006091718496231248
 2.174003561760374e-06
 7.914361466048529e-05
 0.0003592293386545222
 0.0002144875807009041
 4.54617284403259e-05
 0.002444773122530375
 1.149734522385029e-07
 0.0004355975267966123
 0.002444773122530375
 0.0006091718496231248
 2.174003561760374e-06
 7.914361466048529e-05
 0.0003592293386545222
 0.0002144875807009041
 0.004808341954484493
 0.002444773122530375
 8.424139083951576e-07
 0.0004355975267966123
 0.002444773122530375
 0.0006091718496231248
 2.174003561760374e-06
 7.914361466048529e-05
 0.0003592293386545222
 0.0002144875807009041
 0.004808341954484493
 0.002444773122530375
 8.424139083951576e-07
 0.0004355975267966123
 0.002444773122530375
 0.0006091718496231248
 2.174003561760374e-06
 7.914361466048529e-05
 0.0003592293386545222
 0.0002144875807009041
 0.004808341954484493
 0.002444773122530375
 8.424139083951576e-07
 0.0004355975267966123
 0.002444773122530375
 0
 0.0003592293386545222
 7.914361466048529e-05
 0
 0.0002144875807009041
 0.004808341954484493
 0.002444773122530375
 8.424139083951576e-07
 0.0004355975267966123
 0.002444773122530375
 0
 0.0003592293386545222
 0.04880102790585931
 0
 0.0002144875807009041
 0.004808341954484493
 0.002444773122530375
 1.450105642467408e-06
 0.0004355975267966123
 0
 0
 0.0003592293386545222
 0.04880102790585931
 0
 0
 0.004808341954484493
 0
 8.424139083951576e-07
 0
 0
 0
 0.0003592293386545222
 0.04880102790585931
 0
 0
 0.04880102790585931
 0
 8.424139083951576e-07
 0
 0
 0
 0.0003592293386545222
 0.04880102790585931
 0
 0
 0.04880102790585931
 0
 8.424139083951576e-07
 0
 0
 0
 0.0003592293386545222
 0.04880102790585931
 0
 0
 0.04880102790585931
 0
 8.424139083951576e-07
 0
 0
 0
 0.0003592293386545222
 0.04880102790585931
 0
 0
 0.04880102790585931
 0
 0.0001902533729317978
 0
 0
 0
 0
 0.04880102790585931
 0
 0
 0.04880102790585931
 0
 0.0001902533729317978
 0
 0
 0
 0
 0
 0
 0
 0.04880102790585931
 0
 0.0001902533729317978
 0
 0
 0
 0
 0
 0
 0
 0.04880102790585931
 0
 0.0001902533729317978
 0
 0
 0
 0
 0
 0
 0
 0
 0
 0.0001902533729317978
 0
 0
 0
 0
 0
 0
 0
 0
 0
 0.0001902533729317978
 0
 0
 0
 0
 0
 0
 0
 0
 0
 0.0001902533729317978
 0
 0
 0
 0
 0
 0
 0
 0
 0
 0
 0
 0
 0
 0
 0
 0
 0
 0
 0
 0
 0
 0
 0
 0
 0
 0
 0
 0
 0
 0
 0
 0
 0
 0
 0
 0
 0
 0
 0
 0
 0
 0
 0
 0
 0
 0
 0
 0
 0
 0
 0
