# Created by Octave 3.2.4, Mon Feb 04 09:33:45 2013 EST <rbom@zaphod>
# name: small_First_Fit
# type: matrix
# ndims: 3
 1 10 30
 1.138450964689787e-12
 4.291873091412919e-13
 8.277446614156628e-16
 2.669822746333326e-11
 3.459886940158034e-17
 2.381452758002249e-17
 3.314746715956911e-16
 8.519766997974812e-14
 6.249931217947057e-17
 1.006084318483445e-11
 1.138450964689787e-12
 1.05147134080248e-09
 4.674213396299821e-08
 2.669822746333326e-11
 9.653829252704458e-11
 1.406832018491023e-11
 5.534772672527286e-07
 3.813997389796187e-10
 1.357924693529276e-14
 3.322280312329468e-09
 7.049321063047379e-10
 1.268894986947519e-07
 4.674213396299821e-08
 1.282141256505073e-09
 1.5845004451224e-08
 1.080560578662803e-08
 5.534772672527286e-07
 9.120831811543935e-09
 4.162618131095242e-12
 3.322280312329468e-09
 7.049321063047379e-10
 1.268894986947519e-07
 2.070524433618916e-06
 3.043427257109815e-07
 4.172085243070904e-06
 2.499003558728907e-06
 5.534772672527286e-07
 9.598080497469984e-08
 7.371896456051534e-10
 4.364066055044239e-07
 8.14477505318786e-08
 1.268894986947519e-07
 3.587295897860221e-06
 1.992650908108705e-05
 4.172085243070904e-06
 3.624079419895278e-05
 5.534772672527286e-07
 2.413120544486621e-07
 7.371896456051534e-10
 1.005572059269168e-05
 8.14477505318786e-08
 2.738229348121645e-06
 3.36160447744903e-05
 1.992650908108705e-05
 0.0002469436928140708
 5.902232111534577e-05
 5.534772672527286e-07
 3.877454313785041e-07
 7.371896456051534e-10
 1.005572059269168e-05
 3.429451640179168e-05
 9.224929878937475e-06
 0.000184656566478837
 6.114948488299643e-05
 0.0002469436928140708
 5.902232111534577e-05
 5.534772672527286e-07
 1.412842410337972e-06
 1.385052687584824e-08
 1.005572059269168e-05
 3.429451640179168e-05
 3.213731578158746e-05
 0.002985593279080193
 0.0007843349162907981
 0.003421611066490324
 3.624079419895278e-05
 5.534772672527286e-07
 1.412842410337972e-06
 4.237991226967911e-06
 2.269430222838189e-05
 0.000291498268189175
 0.001095444282017089
 0.002985593279080193
 0.0007843349162907981
 0.003421611066490324
 3.624079419895278e-05
 8.971473995921874e-07
 0.000291498268189175
 4.237991226967911e-06
 2.269430222838189e-05
 0.000291498268189175
 0.001095444282017089
 0.002985593279080193
 0.0007843349162907981
 0.01505578549821661
 3.624079419895278e-05
 5.534772672527286e-07
 0.000291498268189175
 1.694285375071004e-05
 2.269430222838189e-05
 0.000291498268189175
 0.001095444282017089
 0.01505578549821661
 0.0007843349162907981
 0.01505578549821661
 0.001808044023710097
 5.534772672527286e-07
 0.000291498268189175
 1.694285375071004e-05
 2.269430222838189e-05
 0.0003510538134376187
 0.001095444282017089
 0.01505578549821661
 0.0007843349162907981
 0.01505578549821661
 0.001808044023710097
 1.694285375071004e-05
 0.000291498268189175
 1.694285375071004e-05
 2.269430222838189e-05
 0.0003510538134376187
 0.001095444282017089
 0.01505578549821661
 0.0007843349162907981
 0.01505578549821661
 0.001808044023710097
 1.694285375071004e-05
 0.000291498268189175
 3.395136873188169e-05
 2.269430222838189e-05
 0.0003510538134376187
 0.001095444282017089
 0.01505578549821661
 0.0007843349162907981
 0.01505578549821661
 0.001808044023710097
 1.694285375071004e-05
 0.003421611066490324
 3.395136873188169e-05
 2.269430222838189e-05
 0.0003510538134376187
 0.01505578549821661
 0.01505578549821661
 0.0007843349162907981
 0.01505578549821661
 0.001808044023710097
 1.694285375071004e-05
 0.003421611066490324
 3.395136873188169e-05
 2.269430222838189e-05
 0.000291498268189175
 0.01505578549821661
 0.01505578549821661
 0.0007843349162907981
 0.01505578549821661
 0.001808044023710097
 3.395136873188169e-05
 0.003421611066490324
 3.395136873188169e-05
 2.269430222838189e-05
 0.003421611066490324
 0.01505578549821661
 0.01505578549821661
 0.0007843349162907981
 0.01505578549821661
 0.001808044023710097
 3.395136873188169e-05
 0.003421611066490324
 3.395136873188169e-05
 2.269430222838189e-05
 0.003421611066490324
 0.001095444282017089
 0.01505578549821661
 0.0007843349162907981
 0.01505578549821661
 0.001808044023710097
 3.395136873188169e-05
 0.003421611066490324
 3.395136873188169e-05
 2.269430222838189e-05
 0.003421611066490324
 0.001095444282017089
 0.01505578549821661
 0.0007843349162907981
 0.01505578549821661
 0.001808044023710097
 3.395136873188169e-05
 0.003421611066490324
 3.395136873188169e-05
 2.269430222838189e-05
 0.01505578549821661
 0.001095444282017089
 0.01505578549821661
 0.0007843349162907981
 0.01505578549821661
 0.001808044023710097
 0.01505578549821661
 0.003421611066490324
 3.395136873188169e-05
 0.0001421856073295306
 0.01505578549821661
 0.01505578549821661
 0.01505578549821661
 0.0007843349162907981
 0.01505578549821661
 0.001808044023710097
 0.01505578549821661
 0.003421611066490324
 3.395136873188169e-05
 0.0001421856073295306
 0.01505578549821661
 0.01505578549821661
 0.01505578549821661
 0.0007843349162907981
 0.01505578549821661
 0.001808044023710097
 0.01505578549821661
 0.003421611066490324
 3.395136873188169e-05
 0.0001421856073295306
 0.01505578549821661
 0.01505578549821661
 0.01505578549821661
 0.0007843349162907981
 0.01505578549821661
 0.001808044023710097
 0.01505578549821661
 0.003421611066490324
 3.395136873188169e-05
 0.0001421856073295306
 0.01505578549821661
 0.01505578549821661
 0.01505578549821661
 0.0007843349162907981
 0.01505578549821661
 0.001808044023710097
 0.01505578549821661
 0.003421611066490324
 3.395136873188169e-05
 0.0001421856073295306
 0.01505578549821661
 0.01505578549821661
 0.01505578549821661
 0.0007843349162907981
 0.01505578549821661
 0.001808044023710097
 0.01505578549821661
 0.003421611066490324
 3.395136873188169e-05
 0.0001421856073295306
 0.01505578549821661
 0.01505578549821661
 0.01505578549821661
 0.0007843349162907981
 0.01505578549821661
 0.001808044023710097
 0.01505578549821661
 0.003421611066490324
 0.01505578549821661
 0.0001421856073295306
 0.01505578549821661
 0.01505578549821661
 0.01505578549821661
 0.0007843349162907981
 0.01505578549821661
 0.001808044023710097
 0.01505578549821661
 0.003421611066490324
 0.01505578549821661
 0.01505578549821661
 0.01505578549821661
 0.01505578549821661
 0.01505578549821661
 0.0007843349162907981
 0.01505578549821661
 0.001808044023710097
 0.01505578549821661
 0.003421611066490324
 0.01505578549821661
 0.01505578549821661
 0.01505578549821661
 0.01505578549821661
 0.01505578549821661
 0.0007843349162907981
 0.01505578549821661
 0.001808044023710097
 0.01505578549821661
 0.003421611066490324
 0.01505578549821661
 0.01505578549821661
 0.01505578549821661
 0.01505578549821661
 0.01505578549821661
 0.0007843349162907981
 0.01505578549821661
 0.001808044023710097
 0.01505578549821661
 0.003421611066490324
 0.01505578549821661
 0.01505578549821661
