# Created by Octave 3.2.4, Tue Feb 05 12:54:19 2013 EST <rbom@zaphod>
# name: small_First_Fit
# type: matrix
# ndims: 3
 1 10 30
 1.861426821318257e-12
 1.233349784580393e-11
 3.086792377364626e-14
 2.398981580925962e-16
 3.106590716460081e-17
 2.609051870563368e-15
 1.080550450770165e-13
 1.279267696008931e-18
 1.451401720545409e-14
 9.583022336532315e-15
 1.861426821318257e-12
 8.226335155311618e-10
 9.807758443210576e-13
 3.813988843589276e-14
 3.403324148799593e-17
 2.591724411993451e-12
 1.752857294892445e-10
 2.456472688053631e-12
 2.020825950021306e-12
 1.262091584501839e-11
 1.394389242925977e-07
 2.388435571238689e-07
 6.061203804786106e-12
 1.603053720969166e-11
 2.352894762279154e-15
 8.087410623690729e-11
 2.581599042308395e-09
 2.456472688053631e-12
 1.279562570538549e-10
 6.455485473804601e-10
 1.394389242925977e-07
 9.332168803997528e-06
 6.301122078428657e-11
 1.582055077998224e-08
 2.352894762279154e-15
 1.656522806848108e-08
 7.490810645748362e-08
 1.119440861829293e-10
 4.726579137149918e-09
 4.030206553124769e-08
 1.474770970279229e-05
 1.254261715849904e-05
 1.692994188281081e-08
 3.554890149934176e-06
 1.95914868829119e-13
 1.656522806848108e-08
 7.490810645748362e-08
 1.119440861829293e-10
 4.726579137149918e-09
 1.552381736500956e-06
 1.474770970279229e-05
 0.0004825683971431106
 1.692994188281081e-08
 3.554890149934176e-06
 1.072257355663025e-11
 3.900055340542684e-07
 7.490810645748362e-08
 1.183969471908032e-08
 4.726579137149918e-09
 0.0001641857245183529
 0.0001778512148483903
 0.0004825683971431106
 2.148507792481489e-06
 3.554890149934176e-06
 8.867528707921785e-09
 8.724375015395382e-07
 4.889456309186408e-06
 7.294937954662987e-07
 2.149212317124872e-07
 0.0001641857245183529
 0.0001778512148483903
 0.0004825683971431106
 2.148507792481489e-06
 6.910903366778608e-05
 2.231720212533905e-07
 1.177571026804589e-05
 6.27460629998742e-05
 3.069947824577126e-05
 3.401797536394056e-06
 0.0001641857245183529
 0.0001778512148483903
 0.0004825683971431106
 2.148507792481489e-06
 6.910903366778608e-05
 2.231720212533905e-07
 2.258679192081185e-05
 6.27460629998742e-05
 6.27460629998742e-05
 7.476630259244033e-05
 0.0001641857245183529
 0.00384153803106659
 0.0004825683971431106
 4.173517890721947e-05
 6.910903366778608e-05
 0.0009093139832220929
 1.177571026804589e-05
 0.0009093139832220929
 6.27460629998742e-05
 7.476630259244033e-05
 0.0001641857245183529
 0.00384153803106659
 0.0004825683971431106
 4.173517890721947e-05
 6.910903366778608e-05
 0.0009093139832220929
 1.177571026804589e-05
 0.0009093139832220929
 0.0009093139832220929
 0.000587982821840992
 0.0001641857245183529
 0.00384153803106659
 0.0004825683971431106
 0.0003746305612382971
 6.910903366778608e-05
 0.0009093139832220929
 1.177571026804589e-05
 0.0009093139832220929
 0.0009093139832220929
 0.000587982821840992
 0.0001641857245183529
 0.00384153803106659
 0
 0.0003746305612382971
 6.910903366778608e-05
 0.0009093139832220929
 1.177571026804589e-05
 0.0009093139832220929
 0.0009093139832220929
 0.000587982821840992
 0
 0.00384153803106659
 0
 0.0003746305612382971
 6.910903366778608e-05
 0.0009093139832220929
 1.177571026804589e-05
 0.0009093139832220929
 0.0009093139832220929
 0.000587982821840992
 0
 0.00384153803106659
 0
 0.0003746305612382971
 0
 0.0009093139832220929
 1.177571026804589e-05
 0.0009093139832220929
 0.0009093139832220929
 0.001356659813318901
 0
 0.00384153803106659
 0
 0.0003746305612382971
 0
 0.0009093139832220929
 0
 0.0009093139832220929
 0.0009093139832220929
 0.001356659813318901
 0
 0
 0
 0.0003746305612382971
 0
 0
 0
 0
 0.0009093139832220929
 0.001356659813318901
 0
 0
 0
 0.0003746305612382971
 0
 0
 0
 0
 0
 0.000587982821840992
 0
 0
 0
 0
 0
 0
 0
 0
 0
 0.000587982821840992
 0
 0
 0
 0
 0
 0
 0
 0
 0
 0.000587982821840992
 0
 0
 0
 0
 0
 0
 0
 0
 0
 0.000587982821840992
 0
 0
 0
 0
 0
 0
 0
 0
 0
 0
 0
 0
 0
 0
 0
 0
 0
 0
 0
 0
 0
 0
 0
 0
 0
 0
 0
 0
 0
 0
 0
 0
 0
 0
 0
 0
 0
 0
 0
 0
 0
 0
 0
 0
 0
 0
 0
 0
 0
 0
 0
 0
 0
 0
 0
 0
 0
 0
 0
 0
 0
 0
 0
 0
 0
 0
 0
 0
 0
 0
 0
 0
 0
 0
 0
 0
 0
 0
 0
 0
 0
 0
 0
 0
 0
 0
 0
 0
 0
 0
 0
