# Created by Octave 3.2.4, Wed Feb 06 07:26:43 2013 EST <rbom@zaphod>
# name: small_First_Fit
# type: matrix
# ndims: 3
 1 10 30
 4.352930605045053e-13
 8.043154932385422e-14
 1.7737332866379e-16
 4.605551372695896e-14
 4.859185751079031e-16
 3.138134545586301e-14
 6.346639021775577e-11
 2.858130413838362e-18
 3.586449903868482e-18
 3.777198095509784e-14
 1.284150257523464e-10
 4.636885232107916e-12
 1.547042180915709e-10
 9.318938965780637e-11
 7.474942626430254e-10
 2.476702128416092e-12
 5.352520634084802e-08
 1.277869385161425e-10
 2.927471767002788e-14
 2.583506645701544e-13
 6.488055443867423e-08
 3.806838408662721e-11
 1.547042180915709e-10
 7.35326864302103e-08
 7.474942626430254e-10
 4.547285708151781e-11
 1.499824370421913e-06
 3.896043494960527e-09
 1.66163727338943e-09
 4.850822076335282e-12
 3.286353196594518e-06
 1.272158509227249e-10
 1.547042180915709e-10
 7.35326864302103e-08
 5.675583463249294e-07
 2.089665197329898e-09
 2.758730103530384e-06
 7.416038245882522e-08
 1.66163727338943e-09
 8.680558770113332e-10
 3.286353196594518e-06
 4.771920298095411e-09
 1.717870988870524e-06
 7.35326864302103e-08
 5.675583463249294e-07
 1.881093099701858e-06
 7.37409069944693e-05
 1.084848797851661e-06
 1.66163727338943e-09
 3.121191339395256e-06
 6.488055443867423e-08
 5.566602740616446e-07
 1.717870988870524e-06
 7.35326864302103e-08
 2.998052731576722e-06
 0.001118145479424619
 7.37409069944693e-05
 1.084848797851661e-06
 1.66163727338943e-09
 4.325595498251772e-05
 6.488055443867423e-08
 5.566602740616446e-07
 1.717870988870524e-06
 7.35326864302103e-08
 7.362229518923407e-05
 0.001118145479424619
 0.005520904383723717
 1.084848797851661e-06
 1.66163727338943e-09
 4.325595498251772e-05
 5.11146879652324e-05
 5.566602740616446e-07
 1.717870988870524e-06
 7.35326864302103e-08
 0.0009177907131971666
 0.001118145479424619
 0.005520904383723717
 4.478079469416596e-05
 3.236865494807114e-06
 0.0007320760794832646
 0.002351540615137736
 5.566602740616446e-07
 3.239071935300525e-06
 7.35326864302103e-08
 0.0009177907131971666
 0.001118145479424619
 0.005520904383723717
 4.478079469416596e-05
 0.0009648873938534221
 0.0007320760794832646
 0.002351540615137736
 6.83733174971983e-06
 3.703701938765928e-05
 1.631286475521485e-05
 0.0009177907131971666
 0.001118145479424619
 0.005520904383723717
 4.478079469416596e-05
 0.0009648873938534221
 0.00188366513641512
 0.002351540615137736
 2.346235554057672e-05
 3.703701938765928e-05
 1.631286475521485e-05
 0.0009177907131971666
 0.001118145479424619
 0.005520904383723717
 4.478079469416596e-05
 0.0009648873938534221
 0.00188366513641512
 0.002351540615137736
 2.346235554057672e-05
 3.703701938765928e-05
 1.631286475521485e-05
 0.0009177907131971666
 0.001118145479424619
 0.005520904383723717
 4.478079469416596e-05
 0.0009648873938534221
 0.005520904383723717
 0.002351540615137736
 0.000260354777323605
 3.703701938765928e-05
 1.631286475521485e-05
 0.0009934195397747231
 0
 0.005520904383723717
 4.478079469416596e-05
 0.002351540615137736
 0.00188366513641512
 0.002351540615137736
 0.000260354777323605
 3.703701938765928e-05
 1.631286475521485e-05
 0.0009177907131971666
 0
 0
 4.478079469416596e-05
 0.002351540615137736
 0.00188366513641512
 0.002351540615137736
 0.000260354777323605
 3.703701938765928e-05
 1.631286475521485e-05
 0.0009934195397747231
 0
 0
 0
 0.002351540615137736
 0.00188366513641512
 0
 0.000260354777323605
 3.703701938765928e-05
 1.631286475521485e-05
 0.0009934195397747231
 0
 0
 0
 0.002351540615137736
 0.00188366513641512
 0
 0.000260354777323605
 0
 0
 0.0009934195397747231
 0
 0
 0
 0.002351540615137736
 0.00188366513641512
 0
 0.000260354777323605
 0
 0
 0.0009934195397747231
 0
 0
 0
 0.002351540615137736
 0.00188366513641512
 0
 0.000260354777323605
 0
 0
 0.0009934195397747231
 0
 0
 0
 0.002351540615137736
 0
 0
 0
 0
 0
 0.0009934195397747231
 0
 0
 0
 0
 0
 0
 0
 0
 0
 0.0009934195397747231
 0
 0
 0
 0
 0
 0
 0
 0
 0
 0
 0
 0
 0
 0
 0
 0
 0
 0
 0
 0
 0
 0
 0
 0
 0
 0
 0
 0
 0
 0
 0
 0
 0
 0
 0
 0
 0
 0
 0
 0
 0
 0
 0
 0
 0
 0
 0
 0
 0
 0
 0
 0
 0
 0
 0
 0
 0
 0
 0
 0
 0
 0
 0
 0
 0
 0
 0
 0
 0
 0
 0
 0
 0
 0
 0
 0
 0
 0
 0
 0
 0
 0
 0
 0
 0
 0
 0
 0
 0
 0
 0
 0
 0
 0
 0
