# Created by Octave 3.2.4, Wed Feb 06 08:21:39 2013 EST <rbom@zaphod>
# name: small_First_Fit
# type: matrix
# ndims: 3
 1 10 30
 2.042252425195876e-09
 2.994088685195819e-08
 4.386986408161622e-05
 2.081661049670483e-08
 1.06068473052635e-07
 6.507938904155674e-08
 0.000167540628580292
 2.494067232924079e-08
 3.782031934928809e-09
 0.001864041776463855
 6.909895520723182e-05
 1.274586619327074e-05
 7.174468427307044e-05
 2.310233072544178e-06
 1.491743380601446e-07
 7.523904177536272e-06
 0.008822956509670981
 2.097983209429882e-07
 6.245597190136839e-08
 0.001864041776463855
 0.0003638101202916969
 0.004592670474780039
 0.0002499177909144919
 4.415280979759792e-05
 1.636520130687336e-06
 7.523904177536272e-06
 0.008822956509670981
 2.097983209429882e-07
 1.784050820110142e-06
 0.01790038432778421
 0.0003638101202916969
 0.02902148540685011
 0.0009666828284900019
 0.0001113187953613577
 1.636520130687336e-06
 5.66827527252771e-05
 0.008822956509670981
 3.800629559483859e-05
 8.653851773648548e-06
 0.01790038432778421
 0.0003638101202916969
 0.02902148540685011
 0.003396703963685508
 0.0001113187953613577
 1.747017034159221e-05
 5.66827527252771e-05
 0.008822956509670981
 0.0002092466967411031
 1.086422633385117e-05
 0.001864041776463855
 0.0007942440727771514
 0.04814565871609015
 0.003396703963685508
 0.0001113187953613577
 9.558454917419318e-05
 5.66827527252771e-05
 0.04311587589913534
 0.0002822473353620919
 7.642714551185486e-05
 0.003078471450143374
 0.0007942440727771514
 0.04814565871609015
 0.005246732442445229
 0.0001232721479342049
 9.558454917419318e-05
 0.0003218303631622831
 0.04311587589913534
 0.0002822473353620919
 5.022499133719912e-05
 0.003078471450143374
 0.0007942440727771514
 0.02902148540685011
 0.003396703963685508
 0.0001495294227492683
 9.558454917419318e-05
 0.0003218303631622831
 0.04311587589913534
 0.001526030481630799
 0.0001394256565865358
 0.004015836466892649
 0.0007942440727771514
 0.04814565871609015
 0.005503437231985277
 0.0001495294227492683
 9.558454917419318e-05
 0.001101178575428722
 0.04311587589913534
 0.001526030481630799
 0.001151714806822568
 0.004015836466892649
 0.0007942440727771514
 0.02902148540685011
 0.005503437231985277
 0.0009766768460975903
 0.0002764534497983341
 0.005741071854534617
 0.04311587589913534
 0.0006476818529399
 0.007338023095802654
 0.01790038432778421
 0.0007942440727771514
 0.04814565871609015
 0.005503437231985277
 0.008062127438265882
 0.0002764534497983341
 0.005741071854534617
 0.04311587589913534
 0.0006476818529399
 0.007338023095802654
 0.01790038432778421
 0.0007942440727771514
 0.04814565871609015
 0.005503437231985277
 0.008062127438265882
 0.0004116127182046336
 0.01427199291346381
 0.04311587589913534
 0.0006476818529399
 0.007338023095802654
 0.01790038432778421
 0
 0.04814565871609015
 0.005503437231985277
 0.008062127438265882
 0.0004116127182046336
 0.01427199291346381
 0
 0.0006476818529399
 0.0133738065909309
 0.02783744919896051
 0
 0.04814565871609015
 0.005503437231985277
 0.02117906401926275
 0.002977914952899458
 0.01427199291346381
 0
 0.004019384830787957
 0.0133738065909309
 0.02783744919896051
 0
 0.04814565871609015
 0.005503437231985277
 0.02117906401926275
 0.002977914952899458
 0.022836270798751
 0
 0.004019384830787957
 0.02763675298825881
 0.02783744919896051
 0
 0.04814565871609015
 0
 0.02117906401926275
 0.009387204098529885
 0.01427199291346381
 0
 0.004019384830787957
 0.02763675298825881
 0.01790038432778421
 0
 0.04814565871609015
 0
 0.02117906401926275
 0.01439818292979447
 0.01427199291346381
 0
 0.004327189941235924
 0.02763675298825881
 0.02783744919896051
 0
 0
 0
 0.02117906401926275
 0.0401246975458462
 0.01427199291346381
 0
 0.02556441937392699
 0.0401246975458462
 0.01790038432778421
 0
 0
 0
 0.02117906401926275
 0.04311587589913534
 0.04814565871609015
 0
 0.02556441937392699
 0.0401246975458462
 0.01790038432778421
 0
 0
 0
 0.02117906401926275
 0.04311587589913534
 0.04814565871609015
 0
 0.02556441937392699
 0.0401246975458462
 0.01790038432778421
 0
 0
 0
 0
 0.04311587589913534
 0.04814565871609015
 0
 0.02556441937392699
 0.04311587589913534
 0.01790038432778421
 0
 0
 0
 0
 0.04311587589913534
 0.04814565871609015
 0
 0.02556441937392699
 0.0401246975458462
 0.01790038432778421
 0
 0
 0
 0
 0.04311587589913534
 0.06929722152264305
 0
 0.02556441937392699
 0.0401246975458462
 0.02783744919896051
 0
 0
 0
 0
 0.04311587589913534
 0.06929722152264305
 0
 0.02556441937392699
 0.0401246975458462
 0.01790038432778421
 0
 0
 0
 0
 0.04311587589913534
 0.06929722152264305
 0
 0
 0.0401246975458462
 0.02783744919896051
 0
 0
 0
 0
 0
 0.06929722152264305
 0
 0
 0.0401246975458462
 0.02783744919896051
 0
 0
 0
 0
 0
 0.06929722152264305
 0
 0
 0.0401246975458462
 0.03609467901284581
 0
 0
 0
 0
 0
 0.06929722152264305
 0
 0
 0
 0.03609467901284581
 0
 0
 0
 0
 0
 0.06929722152264305
 0
 0
 0
 0.03609467901284581
 0
 0
 0
 0
 0
 0
 0
 0
 0
 0.03609467901284581
