# Created by Octave 3.2.4, Tue Feb 05 06:25:36 2013 EST <rbom@zaphod>
# name: small_First_Fit
# type: matrix
# ndims: 3
 1 10 30
 8.211186907302276e-13
 8.694126958362049e-14
 1.341104997912291e-11
 2.752610606498921e-08
 8.440941665932425e-14
 2.347965998848345e-11
 8.607722078294945e-17
 1.773118810968895e-11
 1.873439377827694e-14
 3.671675238775123e-16
 3.805079224508759e-07
 2.444025223635408e-11
 3.234104410366516e-09
 7.455062154690191e-06
 8.240929873367643e-12
 7.095858859531501e-09
 1.132683887324812e-12
 1.760391591325672e-10
 5.347632969660697e-12
 6.115904052033845e-12
 3.805079224508759e-07
 2.305820391419344e-10
 3.234104410366516e-09
 7.455062154690191e-06
 1.788458778231332e-09
 1.411803104094352e-06
 3.722520441803515e-10
 3.563448148034817e-09
 5.347632969660697e-12
 4.360175147930978e-06
 6.896600792698992e-06
 8.747039404640007e-10
 1.118119895148105e-07
 7.455062154690191e-06
 1.480584331699256e-06
 1.411803104094352e-06
 4.64484459240713e-07
 2.233595440598664e-07
 1.518754839285551e-10
 0.0001149111816935625
 6.896600792698992e-06
 1.627284415798309e-09
 6.362521500381526e-07
 7.455062154690191e-06
 7.715559228507964e-05
 0.001693874171245528
 1.257759555774663e-05
 2.233595440598664e-07
 1.518754839285551e-10
 0.00143323766651705
 5.348215328732925e-05
 6.072129023821103e-08
 5.593483188151145e-05
 7.455062154690191e-06
 7.715559228507964e-05
 0.003924923987406367
 1.257759555774663e-05
 1.170257408475339e-05
 5.994229001221616e-10
 0.00143323766651705
 5.348215328732925e-05
 1.436409002200235e-06
 5.593483188151145e-05
 7.455062154690191e-06
 0.0009782153364531817
 0.003924923987406367
 1.257759555774663e-05
 1.170257408475339e-05
 3.322843458144142e-09
 0.00143323766651705
 5.348215328732925e-05
 7.140765606544031e-06
 0.002670694681050095
 1.932908916550219e-05
 0.0009782153364531817
 0.003924923987406367
 0.0004120470392118523
 1.170257408475339e-05
 2.15931327413517e-07
 0.00143323766651705
 5.348215328732925e-05
 7.140765606544031e-06
 0.002670694681050095
 1.932908916550219e-05
 0.0009782153364531817
 0.003924923987406367
 0.0004120470392118523
 1.170257408475339e-05
 4.432129258343005e-06
 0.00143323766651705
 5.348215328732925e-05
 1.961137532189683e-05
 0.002670694681050095
 1.932908916550219e-05
 0.0009782153364531817
 0.003924923987406367
 0.0004120470392118523
 1.170257408475339e-05
 1.652673633662247e-05
 0.00143323766651705
 5.348215328732925e-05
 0.0009021793711742449
 0.002670694681050095
 1.932908916550219e-05
 0.0009782153364531817
 0.003924923987406367
 0.0004120470392118523
 1.170257408475339e-05
 1.652673633662247e-05
 0.00143323766651705
 5.348215328732925e-05
 0.002274693752736239
 0.002670694681050095
 9.503419954821987e-05
 0.0009782153364531817
 0.003924923987406367
 0.0004120470392118523
 0.00143323766651705
 0.0002475380411720686
 0
 0
 0.002274693752736239
 0.003270602013011597
 0.000748211809019107
 0.0009782153364531817
 0
 0.006148437928658791
 0.00143323766651705
 0.0007972324035925159
 0
 0
 0.002274693752736239
 0.003270602013011597
 0.000748211809019107
 0
 0
 0.006148437928658791
 0.00143323766651705
 0.0007972324035925159
 0
 0
 0.002274693752736239
 0.003270602013011597
 0.003924923987406367
 0
 0
 0.006148437928658791
 0.00143323766651705
 0.0007972324035925159
 0
 0
 0.002274693752736239
 0.002670694681050095
 0.003924923987406367
 0
 0
 0.006148437928658791
 0.00143323766651705
 0.0007972324035925159
 0
 0
 0.002274693752736239
 0.002670694681050095
 0.003924923987406367
 0
 0
 0.006148437928658791
 0.00143323766651705
 0.0007972324035925159
 0
 0
 0.003924923987406367
 0.002670694681050095
 0.006148437928658791
 0
 0
 0.006148437928658791
 0.00143323766651705
 0.0007972324035925159
 0
 0
 0.003924923987406367
 0.003270602013011597
 0.006148437928658791
 0
 0
 0.006148437928658791
 0
 0.0007972324035925159
 0
 0
 0.003924923987406367
 0.003270602013011597
 0.006148437928658791
 0
 0
 0
 0
 0
 0
 0
 0.003924923987406367
 0.003270602013011597
 0.003924923987406367
 0
 0
 0
 0
 0
 0
 0
 0.003924923987406367
 0.003270602013011597
 0.003924923987406367
 0
 0
 0
 0
 0
 0
 0
 0.003924923987406367
 0.003270602013011597
 0.003924923987406367
 0
 0
 0
 0
 0
 0
 0
 0.003924923987406367
 0.003270602013011597
 0.003924923987406367
 0
 0
 0
 0
 0
 0
 0
 0
 0.003270602013011597
 0
 0
 0
 0
 0
 0
 0
 0
 0
 0
 0
 0
 0
 0
 0
 0
 0
 0
 0
 0
 0
 0
 0
 0
 0
 0
 0
 0
 0
 0
 0
 0
 0
 0
 0
 0
 0
 0
 0
 0
 0
 0
 0
 0
 0
 0
 0
 0
 0
 0
 0
 0
 0
 0
 0
 0
 0
