# Created by Octave 3.2.4, Tue Feb 05 14:41:46 2013 EST <rbom@zaphod>
# name: small_First_Fit
# type: matrix
# ndims: 3
 1 10 30
 1.318161582485743e-10
 5.262199608102669e-14
 4.26831643428671e-08
 4.580408274646783e-14
 2.896451609743963e-14
 3.094315199426812e-08
 7.035667492087858e-14
 1.497800220516288e-12
 3.791621754246387e-08
 6.149192966213371e-13
 2.939694839935806e-08
 5.266649895458206e-11
 1.744911404286976e-05
 9.834494927240553e-11
 5.221303646529436e-07
 3.094315199426812e-08
 1.436587545199693e-06
 7.326960968829794e-11
 2.83758868092662e-06
 3.192424164169056e-06
 2.454534076023949e-07
 7.769049660062277e-08
 0.001079488697988799
 3.715510097113933e-09
 1.007126317059058e-05
 1.461100465506704e-06
 2.331910056561849e-06
 2.847089700061141e-10
 5.243301510386112e-05
 0.0001099544355465287
 8.329156551788228e-05
 7.769049660062277e-08
 0.003384776626995069
 4.374546388096778e-08
 4.223655454098737e-05
 1.461100465506704e-06
 2.331910056561849e-06
 1.780236521401387e-09
 5.243301510386112e-05
 0.0001099544355465287
 0.00295923020287098
 3.711357667512287e-06
 0.003384776626995069
 4.374546388096778e-08
 0.0006764447700273132
 0.0003402684241591369
 0.0001177231784742416
 3.109112174712686e-08
 5.243301510386112e-05
 0.001188789765702994
 0.00295923020287098
 4.676198654598677e-05
 0.003384776626995069
 3.641430275758337e-06
 0.0006764447700273132
 0.0003402684241591369
 0.0001177231784742416
 2.589128968819163e-06
 5.243301510386112e-05
 0.001188789765702994
 0.00295923020287098
 4.676198654598677e-05
 0.003384776626995069
 3.641430275758337e-06
 0.0006764447700273132
 0.002763718574713811
 0.0001177231784742416
 7.100325345908721e-05
 0.0005670755557624439
 0.001188789765702994
 0.00295923020287098
 0.0002134828311754632
 0.004904305442290204
 3.641430275758337e-06
 0.002262502959192513
 0.002763718574713811
 0.0001177231784742416
 7.100325345908721e-05
 0.0005670755557624439
 0.006909938892537928
 0.00295923020287098
 0.0002134828311754632
 0.016576439785098
 0.0001324035573555277
 0.002262502959192513
 0.002763718574713811
 0.0001878940460283035
 9.977972579681785e-05
 0.0007941315443852815
 0.006909938892537928
 0.00295923020287098
 0.0002134828311754632
 0.016576439785098
 0.0007717510447942887
 0.002262502959192513
 0.002763718574713811
 0.0001878940460283035
 0.0002543969127254214
 0.0005670755557624439
 0.006909938892537928
 0.00295923020287098
 0.0002134828311754632
 0.016576439785098
 0.000633316333547572
 0.002262502959192513
 0.016576439785098
 0.0001878940460283035
 0.0002543969127254214
 0.0005670755557624439
 0.006909938892537928
 0
 0.0002134828311754632
 0.016576439785098
 0.0007140324755331287
 0.002262502959192513
 0.016576439785098
 0.0001878940460283035
 0.0002543969127254214
 0.0005670755557624439
 0.006909938892537928
 0
 0.0002134828311754632
 0.016576439785098
 0.0007717510447942887
 0.002262502959192513
 0.016576439785098
 0.0001878940460283035
 0.0002543969127254214
 0.0005670755557624439
 0.006909938892537928
 0
 0.0002134828311754632
 0.016576439785098
 0.004904305442290204
 0.002262502959192513
 0.016576439785098
 0.0001878940460283035
 0.0005050402490416236
 0.0005670755557624439
 0.006909938892537928
 0
 0
 0.016576439785098
 0.004904305442290204
 0
 0.016576439785098
 0.0001878940460283035
 0.0005050402490416236
 0.0005670755557624439
 0
 0
 0
 0
 0.004904305442290204
 0
 0.016576439785098
 0
 0.0005050402490416236
 0
 0
 0
 0
 0
 0.004904305442290204
 0
 0.016576439785098
 0
 0.0005050402490416236
 0
 0
 0
 0
 0
 0.004904305442290204
 0
 0
 0
 0.0005050402490416236
 0
 0
 0
 0
 0
 0.004904305442290204
 0
 0
 0
 0.0005050402490416236
 0
 0
 0
 0
 0
 0.004904305442290204
 0
 0
 0
 0.0005050402490416236
 0
 0
 0
 0
 0
 0
 0
 0
 0
 0
 0
 0
 0
 0
 0
 0
 0
 0
 0
 0
 0
 0
 0
 0
 0
 0
 0
 0
 0
 0
 0
 0
 0
 0
 0
 0
 0
 0
 0
 0
 0
 0
 0
 0
 0
 0
 0
 0
 0
 0
 0
 0
 0
 0
 0
 0
 0
 0
 0
 0
 0
 0
 0
 0
 0
 0
 0
 0
 0
 0
 0
 0
 0
 0
 0
 0
 0
 0
 0
 0
 0
 0
 0
 0
 0
 0
 0
 0
 0
 0
 0
 0
 0
 0
 0
 0
 0
 0
 0
 0
 0
 0
