# Created by Octave 3.2.4, Thu Feb 07 02:19:40 2013 EST <rbom@zaphod>
# name: small_First_Fit
# type: matrix
# ndims: 3
 1 10 30
 2.265151591238387e-09
 9.185698768971825e-12
 1.963045963091818e-14
 1.920974390472819e-12
 1.079221714346544e-14
 5.895297877673607e-08
 1.800199290370231e-13
 1.121568444841137e-12
 2.113193147737655e-11
 5.845493298977221e-13
 1.592363840541969e-05
 4.561144365084762e-07
 7.697630246401384e-13
 9.894839800535158e-10
 4.250547898006359e-11
 3.936811268224525e-07
 2.435577542864993e-11
 5.670299942085242e-09
 6.258858764152723e-08
 4.516497236465346e-11
 0.003594817133231773
 1.047301982095859e-06
 1.126269115953369e-10
 2.453599260705524e-07
 4.383344341277877e-09
 3.936811268224525e-07
 2.435577542864993e-11
 4.751169855342009e-07
 3.268665250975587e-06
 1.594119231140351e-07
 0.003639777763702758
 1.047301982095859e-06
 5.997700712711193e-09
 2.453599260705524e-07
 7.087205909652768e-07
 3.936811268224525e-07
 1.649596318435561e-09
 2.125063204112955e-05
 6.902770567843562e-05
 1.594119231140351e-07
 0.004186360388922212
 2.399033738656074e-05
 5.997700712711193e-09
 2.00004993003823e-06
 7.087205909652768e-07
 1.57146978403093e-06
 1.177768640440908e-08
 3.038841612347627e-05
 6.902770567843562e-05
 4.530279862302476e-06
 0.003639777763702758
 2.399033738656074e-05
 5.997700712711193e-09
 8.360514188621251e-06
 1.490177130354041e-05
 1.57146978403093e-06
 3.223972786337397e-07
 3.038841612347627e-05
 0.001388904936188379
 1.713867326895788e-05
 0.003639777763702758
 0.003611813482742943
 3.915021746406091e-08
 6.805018152316351e-05
 1.490177130354041e-05
 1.688093575545214e-05
 1.349190993764657e-05
 3.038841612347627e-05
 0.001388904936188379
 1.713867326895788e-05
 0.003639777763702758
 0.003611813482742943
 4.684883456032917e-08
 6.805018152316351e-05
 1.490177130354041e-05
 0.002113020667705992
 0.0003508545919810004
 0.0003918406725318683
 0.004194468803961817
 1.713867326895788e-05
 0.003639777763702758
 0.003611813482742943
 1.958863810303835e-07
 6.805018152316351e-05
 1.490177130354041e-05
 0.002113020667705992
 0.003594817133231773
 0.0003918406725318683
 0.004194468803961817
 0.0006090534316866897
 0.003639777763702758
 0.05617429271251553
 4.333428430500432e-06
 6.805018152316351e-05
 0.0001186694943545538
 0.002113020667705992
 0.003594817133231773
 0.001673040003466778
 0.004194468803961817
 0.0006090534316866897
 0.003639777763702758
 0.05617429271251553
 4.333428430500432e-06
 0.004117685453906107
 0.0001186694943545538
 0.002113020667705992
 0.003594817133231773
 0.001673040003466778
 0.004194468803961817
 0.0006090534316866897
 0
 0.05617429271251553
 4.333428430500432e-06
 0.004117685453906107
 0.0001186694943545538
 0.004194468803961817
 0.003639777763702758
 0.002263467560965676
 0.004194468803961817
 0.0006090534316866897
 0
 0.05617429271251553
 4.333428430500432e-06
 0.05617429271251553
 0.0001186694943545538
 0.004194468803961817
 0.003594817133231773
 0.005392541803763989
 0.004194468803961817
 0.002190116199817416
 0
 0.05617429271251553
 4.333428430500432e-06
 0.05617429271251553
 0.0001186694943545538
 0.004194468803961817
 0.003594817133231773
 0.005392541803763989
 0.004194468803961817
 0.002190116199817416
 0
 0.05617429271251553
 0.000824680320835311
 0.05617429271251553
 0.009066526796688113
 0.004194468803961817
 0.009066526796688113
 0.0084189694328033
 0
 0.002190116199817416
 0
 0.05617429271251553
 0.000824680320835311
 0.05617429271251553
 0.01442425594932392
 0.004194468803961817
 0.009066526796688113
 0.0084189694328033
 0
 0.002190116199817416
 0
 0
 0.003594817133231773
 0.05617429271251553
 0.01442425594932392
 0.004194468803961817
 0.009066526796688113
 0.0084189694328033
 0
 0.002190116199817416
 0
 0
 0.003594817133231773
 0.05617429271251553
 0.02221641231114777
 0.004194468803961817
 0.009066526796688113
 0.02221641231114777
 0
 0.002190116199817416
 0
 0
 0.003594817133231773
 0.05617429271251553
 0.01442425594932392
 0
 0.02221641231114777
 0.02221641231114777
 0
 0.002190116199817416
 0
 0
 0.003594817133231773
 0
 0.02221641231114777
 0
 0.02221641231114777
 0.02221641231114777
 0
 0
 0
 0
 0.003639777763702758
 0
 0.02221641231114777
 0
 0.05617429271251553
 0.05617429271251553
 0
 0
 0
 0
 0.004186360388922212
 0
 0.02221641231114777
 0
 0.05617429271251553
 0.05617429271251553
 0
 0
 0
 0
 0.004186360388922212
 0
 0.02221641231114777
 0
 0.05617429271251553
 0.05617429271251553
 0
 0
 0
 0
 0.004186360388922212
 0
 0.02221641231114777
 0
 0.05617429271251553
 0.05617429271251553
 0
 0
 0
 0
 0.004186360388922212
 0
 0.02221641231114777
 0
 0.05617429271251553
 0.05617429271251553
 0
 0
 0
 0
 0.004186360388922212
 0
 0.02221641231114777
 0
 0.05617429271251553
 0.05617429271251553
 0
 0
 0
 0
 0.004186360388922212
 0
 0
 0
 0.05617429271251553
 0.05617429271251553
 0
 0
 0
 0
 0.004186360388922212
 0
 0
 0
 0
 0
 0
 0
 0
 0
 0
 0
 0
 0
 0
 0
 0
 0
 0
 0
 0
 0
 0
 0
 0
 0
 0
 0
