# Created by Octave 3.2.4, Wed Feb 06 07:49:40 2013 EST <rbom@zaphod>
# name: small_First_Fit
# type: matrix
# ndims: 3
 1 10 30
 1.026364675189304e-09
 1.280503107696977e-10
 1.595924423335021e-08
 6.918666338716072e-12
 4.121895054965938e-10
 1.278889200270107e-08
 1.143849933217141e-08
 2.879386547654669e-09
 3.665017271433672e-09
 3.875044583554507e-13
 1.813513541094693e-08
 6.533222866678424e-08
 3.585185099396898e-07
 1.826429197921509e-09
 4.121895054965938e-10
 3.238664668192598e-07
 1.035646620353001e-07
 2.879386547654669e-09
 1.441655256788019e-07
 1.1507019630498e-08
 9.019892120071169e-08
 5.750736673705098e-06
 1.252436383131804e-06
 1.826429197921509e-09
 4.440056548583924e-08
 3.238664668192598e-07
 8.23278587666048e-05
 1.09317906385447e-07
 1.441655256788019e-07
 1.920989290842853e-05
 1.583899696462031e-06
 2.793704996463542e-05
 3.217972307629568e-06
 6.733073212790648e-08
 1.509277485461219e-06
 3.742360855285756e-05
 0.0005575755481001282
 6.034989073640206e-07
 4.106748475593852e-06
 1.920989290842853e-05
 3.384830095656557e-05
 2.793704996463542e-05
 2.739749896667901e-05
 8.218341276166425e-07
 1.276239957347895e-05
 5.369594394513317e-05
 0.0005575755481001282
 1.121551769313767e-06
 2.70735510487063e-05
 1.920989290842853e-05
 0.006948206536071658
 2.793704996463542e-05
 0.0001878239808051782
 5.974190137092549e-06
 0.0004192094144445558
 5.369594394513317e-05
 0.002175772944153046
 8.009660438406682e-06
 2.70735510487063e-05
 0.001087446382018787
 0.006948206536071658
 5.751606605674141e-05
 0.0008952357209918453
 5.974190137092549e-06
 0.001106191629864908
 0.0001318157789975109
 0.002175772944153046
 8.009660438406682e-06
 2.70735510487063e-05
 0.001087446382018787
 0.006948206536071658
 0.0002641743499879486
 0.0008952357209918453
 1.834492423626624e-05
 0.0004192094144445558
 0.0001318157789975109
 0.002175772944153046
 1.066408861199189e-05
 2.70735510487063e-05
 0.001714696411463035
 0.006948206536071658
 0.0002641743499879486
 0.0008952357209918453
 1.834492423626624e-05
 0.002262433613404902
 0.0001318157789975109
 0.002175772944153046
 3.660804968803873e-05
 2.70735510487063e-05
 0.001714696411463035
 0.006948206536071658
 0.0002641743499879486
 0.0008952357209918453
 7.72709803588042e-05
 0.002262433613404902
 0.0001319636596499983
 0.002175772944153046
 3.660804968803873e-05
 2.70735510487063e-05
 0.001714696411463035
 0.006948206536071658
 0.001736119022310605
 0.0008952357209918453
 7.72709803588042e-05
 0.002262433613404902
 0.0001319636596499983
 0.002175772944153046
 3.660804968803873e-05
 0.00175423374611049
 0.00122297533884073
 0.006948206536071658
 0.001736119022310605
 0.0008952357209918453
 0.0002111472542810961
 0.002262433613404902
 0.0001786472873487095
 0.002175772944153046
 0.0001643694610059498
 0.00175423374611049
 0.00122297533884073
 0
 0.001736119022310605
 0.001266493251822542
 0.0002111472542810961
 0.002262433613404902
 0.0001319636596499983
 0
 0.0005080432059074957
 0.00175423374611049
 0.001087446382018787
 0
 0.001736119022310605
 0.001266493251822542
 0.0002111472542810961
 0.002262433613404902
 0.003832027841314806
 0
 0.0005080432059074957
 0.005667055772266652
 0.001714696411463035
 0
 0.005009160434292209
 0.005667055772266652
 0.0002694395452210507
 0.002262433613404902
 0.007733360071167237
 0
 0.0005080432059074957
 0.005667055772266652
 0.001178726221340105
 0
 0.005009160434292209
 0.005667055772266652
 0.0004338853358122445
 0
 0.007733360071167237
 0
 0.001261511799173265
 0.005667055772266652
 0.001714696411463035
 0
 0.005009160434292209
 0.0071195020650871
 0.0004338853358122445
 0
 0.007733360071167237
 0
 0.001261511799173265
 0.005667055772266652
 0.001178726221340105
 0
 0.005009160434292209
 0.005667055772266652
 0.001106898299907474
 0
 0.007733360071167237
 0
 0.001261511799173265
 0.005667055772266652
 0.001714696411463035
 0
 0.005009160434292209
 0.005667055772266652
 0.001106898299907474
 0
 0.007733360071167237
 0
 0.001261511799173265
 0.005667055772266652
 0.001344241654498552
 0
 0.005009160434292209
 0.0071195020650871
 0.001266493251822542
 0
 0.007733360071167237
 0
 0.001261511799173265
 0.005667055772266652
 0.001714696411463035
 0
 0.005009160434292209
 0.005667055772266652
 0.001266493251822542
 0
 0.007733360071167237
 0
 0.003832027841314806
 0
 0.001714696411463035
 0
 0
 0.0071195020650871
 0.001266493251822542
 0
 0
 0
 0.001261511799173265
 0
 0.001714696411463035
 0
 0
 0.005667055772266652
 0.001266493251822542
 0
 0
 0
 0.001261511799173265
 0
 0.002880263601340721
 0
 0
 0.005667055772266652
 0.001266493251822542
 0
 0
 0
 0.001261511799173265
 0
 0.001344241654498552
 0
 0
 0.0071195020650871
 0.001955377569639734
 0
 0
 0
 0.001261511799173265
 0
 0.001344241654498552
 0
 0
 0.0071195020650871
 0.001955377569639734
 0
 0
 0
 0.001261511799173265
 0
 0.001344241654498552
 0
 0
 0.005667055772266652
 0.001955377569639734
 0
 0
 0
 0.001261511799173265
 0
 0.002880263601340721
 0
 0
 0.005667055772266652
 0.001955377569639734
 0
 0
 0
 0
 0
 0.002880263601340721
 0
 0
 0.005667055772266652
 0.005667055772266652
 0
 0
 0
 0
 0
 0.003676607127598594
 0
 0
 0.005667055772266652
 0.005667055772266652
 0
 0
 0
 0
 0
 0.002880263601340721
