# Created by Octave 3.2.4, Wed Feb 06 00:20:38 2013 EST <rbom@zaphod>
# name: small_First_Fit
# type: matrix
# ndims: 3
 1 10 30
 3.222619652699963e-11
 1.135262539585924e-13
 6.62997729490528e-13
 2.63663358167541e-11
 4.070891016095304e-15
 4.181042896963203e-17
 1.045040170492465e-11
 2.164906477459331e-10
 5.487228829579554e-13
 4.503656482042271e-16
 2.378144674889259e-07
 1.172165977225203e-10
 2.448361479984797e-11
 1.517016248654529e-09
 2.341197861826512e-13
 4.872400118734475e-12
 1.605267679717889e-10
 3.461955603642242e-08
 4.037431136393028e-11
 9.23649784139925e-12
 5.008670988844925e-06
 1.172165977225203e-10
 2.333039504932931e-09
 1.310043312829273e-07
 2.940106481883908e-10
 4.872400118734475e-12
 1.605267679717889e-10
 3.461955603642242e-08
 2.996994093799723e-09
 1.063938365642454e-11
 2.660320666270775e-05
 1.172165977225203e-10
 3.562712919238419e-08
 1.310043312829273e-07
 2.940106481883908e-10
 3.430598764849463e-10
 1.605267679717889e-10
 4.060337880207317e-07
 2.996994093799723e-09
 4.021286921735621e-10
 2.660320666270775e-05
 1.669480197903342e-09
 1.084113507126407e-07
 1.310043312829273e-07
 2.940106481883908e-10
 3.62616497096708e-10
 1.711311565806319e-10
 4.060337880207317e-07
 4.859369046453556e-08
 6.028183669598541e-10
 0.003157758453389843
 9.176145646716003e-09
 1.084113507126407e-07
 0.0001501183733956401
 1.522352187360713e-08
 3.430598764849463e-10
 1.790048936494937e-08
 1.539961368155197e-06
 1.622156991604712e-07
 2.552189387485185e-08
 0.006402804990232438
 2.883756905704648e-07
 1.084113507126407e-07
 0.003500145480129304
 2.874046957635617e-07
 3.430598764849463e-10
 1.790048936494937e-08
 1.539961368155197e-06
 2.34764755845769e-05
 3.659175070947254e-07
 0.006402804990232438
 1.943087372572166e-05
 5.929978304187812e-06
 0.003500145480129304
 2.001361773399341e-05
 1.304739519769535e-06
 5.461627300201147e-05
 6.236413480892643e-05
 0.0008212379277540647
 2.3109789859055e-05
 0.006402804990232438
 2.037999111466942e-05
 5.929978304187812e-06
 0.003500145480129304
 2.001361773399341e-05
 6.927905923518655e-05
 5.461627300201147e-05
 6.236413480892643e-05
 0.0008212379277540647
 7.46861139312083e-05
 0.006402804990232438
 2.037999111466942e-05
 5.929978304187812e-06
 0.003500145480129304
 3.002673186124998e-05
 6.927905923518655e-05
 5.461627300201147e-05
 6.236413480892643e-05
 0.0009409687499244833
 7.46861139312083e-05
 0.006402804990232438
 4.601482428115682e-05
 2.558521377064854e-05
 0.006402804990232438
 2.001361773399341e-05
 0.003500145480129304
 0.0005426124472454841
 0.0004462588822165633
 0.0009409687499244833
 7.46861139312083e-05
 0.006402804990232438
 1.943087372572166e-05
 2.558521377064854e-05
 0.006402804990232438
 0.001790080181431777
 0.003500145480129304
 0.0005426124472454841
 0.0004462588822165633
 0.0009409687499244833
 7.46861139312083e-05
 0.006402804990232438
 0.001251408724357576
 2.558521377064854e-05
 0.006402804990232438
 0.001790080181431777
 0.003500145480129304
 0.0005426124472454841
 0.006402804990232438
 0.0008212379277540647
 7.46861139312083e-05
 0
 0.001251408724357576
 2.558521377064854e-05
 0.006402804990232438
 0.001790080181431777
 0.006402804990232438
 0.003500145480129304
 0.006402804990232438
 0.0009409687499244833
 7.46861139312083e-05
 0
 0.001790080181431777
 0.003500145480129304
 0.006402804990232438
 0.01870673698048676
 0.006402804990232438
 0.003500145480129304
 0.006402804990232438
 0.0009409687499244833
 7.46861139312083e-05
 0
 0.001251408724357576
 0.003500145480129304
 0.006402804990232438
 0.01870673698048676
 0.006402804990232438
 0.003500145480129304
 0.006402804990232438
 0.0008212379277540647
 0
 0
 0.001450888032934988
 0.003500145480129304
 0.006402804990232438
 0.01870673698048676
 0.006402804990232438
 0.003500145480129304
 0.006402804990232438
 0.0008212379277540647
 0
 0
 0.001251408724357576
 0.003500145480129304
 0
 0.01870673698048676
 0.006402804990232438
 0.003500145480129304
 0.01870673698048676
 0.0008212379277540647
 0
 0
 0.001251408724357576
 0.003500145480129304
 0
 0.01870673698048676
 0.006402804990232438
 0.003500145480129304
 0.01870673698048676
 0.0008212379277540647
 0
 0
 0.001251408724357576
 0.006402804990232438
 0
 0.01870673698048676
 0.006402804990232438
 0.003500145480129304
 0.01870673698048676
 0.0009409687499244833
 0
 0
 0.001251408724357576
 0.006402804990232438
 0
 0.01870673698048676
 0
 0
 0.01870673698048676
 0.0009409687499244833
 0
 0
 0.001251408724357576
 0.006402804990232438
 0
 0
 0
 0
 0.01870673698048676
 0.0009409687499244833
 0
 0
 0.001251408724357576
 0.006402804990232438
 0
 0
 0
 0
 0.01870673698048676
 0.0009409687499244833
 0
 0
 0
 0.006402804990232438
 0
 0
 0
 0
 0.01870673698048676
 0.0009409687499244833
 0
 0
 0
 0.006402804990232438
 0
 0
 0
 0
 0
 0.0009409687499244833
 0
 0
 0
 0.006402804990232438
 0
 0
 0
 0
 0
 0.0009409687499244833
 0
 0
 0
 0
 0
 0
 0
 0
 0
 0
 0
 0
 0
 0
 0
 0
 0
 0
 0
 0
 0
 0
 0
 0
 0
 0
 0
 0
 0
 0
 0
 0
 0
 0
 0
 0
 0
 0
 0
 0
 0
