# Created by Octave 3.2.4, Mon Feb 04 19:31:23 2013 EST <rbom@zaphod>
# name: small_First_Fit
# type: matrix
# ndims: 3
 1 10 30
 5.440011967586583e-10
 5.52571151333091e-14
 7.195135180686647e-12
 8.624315788346027e-14
 1.512429690905385e-12
 2.046567559855057e-14
 4.791935251671216e-15
 2.994441815769653e-14
 1.232839581513862e-11
 7.665681582063533e-13
 1.576460085244704e-07
 2.242521878009816e-09
 9.418280181447247e-08
 3.738901820839126e-12
 1.297032200332846e-10
 7.191607418785475e-12
 9.166778629630905e-11
 7.158285846577071e-10
 1.064432717811315e-09
 1.619323946121947e-10
 7.368553937419199e-05
 1.877551965631493e-08
 5.201708808975553e-06
 1.223455810517777e-10
 4.79112230663207e-07
 5.403734842047915e-11
 9.166778629630905e-11
 7.57658767907488e-09
 1.407045433313068e-09
 5.038617297133325e-09
 7.368553937419199e-05
 1.877551965631493e-08
 5.201708808975553e-06
 7.449343350183472e-10
 2.585763306990875e-06
 5.403734842047915e-11
 1.102594911864036e-07
 3.334825583240605e-08
 1.212479286774176e-07
 5.038617297133325e-09
 7.368553937419199e-05
 1.877551965631493e-08
 6.032634987060058e-06
 7.449343350183472e-10
 1.926396126911207e-05
 1.381781102184502e-10
 1.102594911864036e-07
 3.334825583240605e-08
 0.0001033590365201645
 5.038617297133325e-09
 0.0004046405817155443
 1.877551965631493e-08
 0.0007250835822065299
 7.449343350183472e-10
 0.002266166191473924
 7.389038137708001e-08
 4.339700444418954e-06
 3.334825583240605e-08
 0.003183965806306793
 5.038617297133325e-09
 0.01649983574169632
 7.263084631147632e-07
 0.01649983574169632
 3.200673271395068e-06
 0.002266166191473924
 6.528081011602782e-06
 4.339700444418954e-06
 3.334825583240605e-08
 0.003183965806306793
 5.038617297133325e-09
 0.01649983574169632
 7.263084631147632e-07
 0.02247504149441268
 3.200673271395068e-06
 0.003513865928955094
 7.317421198609951e-06
 0.0005511029864334068
 3.951519278367263e-05
 0.008054851579444789
 1.779127609220477e-05
 0.01649983574169632
 7.15685999243382e-05
 0.02247504149441268
 7.17504634902103e-06
 0.003513865928955094
 0.0006309136459974119
 0.02247504149441268
 0.001334217980840781
 0.003183965806306793
 0.000306874550203539
 0.01649983574169632
 7.15685999243382e-05
 0.02247504149441268
 7.17504634902103e-06
 0.002266166191473924
 0.0008366867243133402
 0.02835207010411276
 0.001334217980840781
 0.02835207010411276
 0.000306874550203539
 0.01649983574169632
 7.15685999243382e-05
 0.02247504149441268
 3.807761093153595e-05
 0.002266166191473924
 0.0008366867243133402
 0.02835207010411276
 0.01463380480083689
 0.02835207010411276
 0.000306874550203539
 0.01649983574169632
 0.006758187391473316
 0.02247504149441268
 7.17504634902103e-06
 0.0109804841956812
 0.002080096318305768
 0.02835207010411276
 0.01463380480083689
 0.02835207010411276
 0.000306874550203539
 0.01649983574169632
 0.006758187391473316
 0.02247504149441268
 0.004005248529126489
 0.0109804841956812
 0.0008366867243133402
 0.02835207010411276
 0.01463380480083689
 0.02835207010411276
 0.000306874550203539
 0
 0.006758187391473316
 0.02247504149441268
 0.004005248529126489
 0.0109804841956812
 0.0008366867243133402
 0.02835207010411276
 0.01463380480083689
 0.02835207010411276
 0.000306874550203539
 0
 0.006758187391473316
 0
 0.004005248529126489
 0.0109804841956812
 0.004005248529126489
 0.02835207010411276
 0.01463380480083689
 0.02835207010411276
 0.000306874550203539
 0
 0.010888659495845
 0
 0.004005248529126489
 0.02247504149441268
 0.001336332582279617
 0.02835207010411276
 0.01463380480083689
 0.02835207010411276
 0
 0
 0.010888659495845
 0
 0.01649983574169632
 0.0109804841956812
 0.001336332582279617
 0
 0.01463380480083689
 0
 0
 0
 0.010888659495845
 0
 0.01649983574169632
 0.02247504149441268
 0.004005248529126489
 0
 0
 0
 0
 0
 0.010888659495845
 0
 0.004005248529126489
 0.02247504149441268
 0.004005248529126489
 0
 0
 0
 0
 0
 0.010888659495845
 0
 0.01649983574169632
 0.02247504149441268
 0.004005248529126489
 0
 0
 0
 0
 0
 0.010888659495845
 0
 0.01649983574169632
 0.02247504149441268
 0.007372717451522173
 0
 0
 0
 0
 0
 0.010888659495845
 0
 0.01649983574169632
 0.02247504149441268
 0.007372717451522173
 0
 0
 0
 0
 0
 0
 0
 0.02247504149441268
 0.02247504149441268
 0.007372717451522173
 0
 0
 0
 0
 0
 0
 0
 0.02247504149441268
 0.02835207010411276
 0.01649983574169632
 0
 0
 0
 0
 0
 0
 0
 0.02247504149441268
 0.02247504149441268
 0.010888659495845
 0
 0
 0
 0
 0
 0
 0
 0.02247504149441268
 0.02247504149441268
 0.010888659495845
 0
 0
 0
 0
 0
 0
 0
 0.02247504149441268
 0.02247504149441268
 0.010888659495845
 0
 0
 0
 0
 0
 0
 0
 0.02247504149441268
 0.02835207010411276
 0.010888659495845
 0
 0
 0
 0
 0
 0
 0
 0.02247504149441268
 0.02835207010411276
 0.010888659495845
 0
 0
 0
 0
 0
 0
 0
 0
 0.02835207010411276
 0.010888659495845
 0
 0
 0
 0
