# Created by Octave 3.2.4, Wed Feb 06 15:37:51 2013 EST <rbom@zaphod>
# name: small_First_Fit
# type: matrix
# ndims: 3
 1 10 30
 6.693841893910951e-14
 8.130976077473619e-14
 2.904377561566558e-12
 1.074402580958167e-13
 8.089250471976595e-17
 5.422297226137751e-14
 4.460061789165968e-15
 2.556307223767859e-11
 1.685757861843187e-12
 5.561415988093962e-12
 6.693841893910951e-14
 5.009729894127258e-12
 2.001712941020955e-07
 2.127261023737965e-11
 1.291685300161018e-12
 1.141798651964848e-08
 2.524299464291684e-12
 5.418979627459543e-08
 2.907499287790437e-10
 1.001980707200077e-09
 8.391027362757847e-12
 2.229633299913839e-10
 1.650839596424173e-05
 1.887537819229761e-10
 4.056089642808705e-10
 4.728882633242065e-07
 4.733947954070046e-10
 4.250066352976887e-06
 2.358163720339336e-08
 1.5852059278041e-08
 1.63590929637362e-10
 1.81564409333182e-09
 1.650839596424173e-05
 5.989458570855928e-10
 1.587789631627625e-08
 4.155371200271593e-07
 7.97630869465369e-08
 1.970753263569762e-05
 1.164711770329466e-06
 1.5852059278041e-08
 5.300780071979115e-10
 6.916555999467806e-09
 1.650839596424173e-05
 6.511318910826895e-08
 1.587789631627625e-08
 7.792319147685639e-06
 2.888988760073687e-06
 1.970753263569762e-05
 1.878643755795757e-05
 1.5852059278041e-08
 8.665141377579588e-09
 5.330549496636943e-08
 0.0002666738746867974
 1.151075403182515e-07
 3.79127010475744e-06
 0.0002183143263888489
 3.006329085225765e-05
 1.970753263569762e-05
 1.878643755795757e-05
 4.491120599864742e-06
 8.665141377579588e-09
 8.257570318175751e-06
 0.0002666738746867974
 1.151075403182515e-07
 5.209754567958907e-05
 0.0002183143263888489
 3.006329085225765e-05
 1.970753263569762e-05
 1.878643755795757e-05
 4.491120599864742e-06
 1.468810000655576e-08
 9.912533861678634e-05
 0.0002666738746867974
 4.561196848629393e-06
 0.0001035178691023956
 0.001386575066554202
 2.487051542768387e-05
 1.970753263569762e-05
 1.878643755795757e-05
 9.063012935726639e-06
 8.665141377579588e-09
 9.912533861678634e-05
 0.0002666738746867974
 0.0001140069147998546
 0.001346235293711176
 0.001386575066554202
 0.0004662945059512468
 6.217968833049757e-05
 1.878643755795757e-05
 9.063012935726639e-06
 2.561722292366565e-08
 0.004296588325217158
 0.004296588325217158
 0.0001140069147998546
 0.003677311651361725
 0.001386575066554202
 0.0004662945059512468
 6.217968833049757e-05
 1.878643755795757e-05
 9.063012935726639e-06
 2.561722292366565e-08
 0.004296588325217158
 0.004296588325217158
 0.0001140069147998546
 0.004296588325217158
 0.001386575066554202
 0.0004662945059512468
 8.266579379280768e-05
 1.878643755795757e-05
 4.491120599864742e-06
 3.801815541493118e-08
 0.004296588325217158
 0.004296588325217158
 0.001457829294690596
 0.004296588325217158
 0.001386575066554202
 0.0004662945059512468
 8.266579379280768e-05
 0
 4.491120599864742e-06
 3.801815541493118e-08
 0.004296588325217158
 0.004296588325217158
 0.001457829294690596
 0.004296588325217158
 0.001386575066554202
 0.0004662945059512468
 8.266579379280768e-05
 0
 0.0002782067416035602
 3.801815541493118e-08
 0.004296588325217158
 0.004296588325217158
 0.001457829294690596
 0.004296588325217158
 0.001386575066554202
 0.0004662945059512468
 0.0001518465859611384
 0
 0.0002782067416035602
 3.801815541493118e-08
 0.004296588325217158
 0.004296588325217158
 0.001457829294690596
 0.004296588325217158
 0
 0.0004662945059512468
 0.0001518465859611384
 0
 0.0002782067416035602
 3.801815541493118e-08
 0.004296588325217158
 0.004296588325217158
 0.001457829294690596
 0.004296588325217158
 0
 0
 0.0002716271012548024
 0
 0.0002782067416035602
 3.801815541493118e-08
 0
 0
 0.001457829294690596
 0.004296588325217158
 0
 0
 0.0002716271012548024
 0
 0.0002782067416035602
 5.788942727213555e-08
 0
 0
 0.001457829294690596
 0
 0
 0
 0.0002716271012548024
 0
 0.0002782067416035602
 5.788942727213555e-08
 0
 0
 0
 0
 0
 0
 0.0002716271012548024
 0
 0.0002782067416035602
 5.788942727213555e-08
 0
 0
 0
 0
 0
 0
 0.0002716271012548024
 0
 0
 5.788942727213555e-08
 0
 0
 0
 0
 0
 0
 0.0002716271012548024
 0
 0
 0.0002716271012548024
 0
 0
 0
 0
 0
 0
 0.0002716271012548024
 0
 0
 0.0002716271012548024
 0
 0
 0
 0
 0
 0
 0
 0
 0
 0.0002716271012548024
 0
 0
 0
 0
 0
 0
 0
 0
 0
 0.0002716271012548024
 0
 0
 0
 0
 0
 0
 0
 0
 0
 0.0005819329690057274
 0
 0
 0
 0
 0
 0
 0
 0
 0
 0.0005819329690057274
 0
 0
 0
 0
 0
 0
 0
 0
 0
 0.004296588325217158
 0
 0
 0
 0
 0
 0
 0
 0
 0
 0.004296588325217158
 0
 0
 0
 0
 0
 0
 0
 0
 0
 0.004296588325217158
 0
 0
 0
 0
 0
 0
 0
 0
 0
