# Created by Octave 3.2.4, Tue Feb 05 09:16:31 2013 EST <rbom@zaphod>
# name: small_First_Fit
# type: matrix
# ndims: 3
 1 10 30
 8.656384784078251e-12
 3.273817832733334e-12
 2.763932573218138e-15
 1.06283101217895e-13
 1.226971080625457e-16
 1.010317744792404e-15
 4.82896750799712e-16
 2.017069051467345e-13
 1.063817158408393e-15
 4.907195269631203e-19
 7.346408374951075e-10
 1.505077694841762e-10
 9.688745519890384e-15
 2.84815532013948e-11
 1.236050254933469e-10
 1.85867780362981e-12
 3.775321197057859e-11
 2.54863677427871e-12
 1.063817158408393e-15
 1.094788224930997e-12
 7.831897746086769e-09
 7.523649419623256e-10
 5.849483975697308e-10
 2.742981530555666e-10
 1.898259394846175e-08
 9.384660236211283e-10
 7.955631411651962e-09
 8.693625364093583e-10
 1.063817158408393e-15
 3.854072811174324e-11
 1.361764299431353e-07
 7.008773096761646e-08
 5.291522216824492e-08
 5.92651898842687e-09
 1.720039502979846e-06
 8.33544556695611e-08
 4.602863394995516e-07
 9.449111424547599e-09
 8.169414152542476e-12
 1.047258095286389e-08
 1.433032894219289e-06
 3.217873218763749e-06
 5.291522216824492e-08
 5.315252072783818e-08
 1.187944128227006e-05
 4.810580716991556e-06
 1.267923837896229e-05
 9.449111424547599e-09
 2.8462230164332e-10
 2.11032951859333e-06
 1.433032894219289e-06
 3.217873218763749e-06
 2.815163163701619e-06
 6.195027537637413e-07
 1.877184349361266e-05
 7.328123066522452e-05
 2.29388326247518e-05
 9.449111424547599e-09
 8.296955877907815e-09
 2.11032951859333e-06
 1.433032894219289e-06
 7.328123066522452e-05
 2.815163163701619e-06
 2.383940432081825e-06
 1.877184349361266e-05
 2.29388326247518e-05
 2.29388326247518e-05
 2.932044108540486e-07
 9.8737646722557e-08
 2.11032951859333e-06
 1.433032894219289e-06
 7.328123066522452e-05
 0.0001207119597456774
 2.383940432081825e-06
 2.292118852036396e-05
 7.328123066522452e-05
 2.29388326247518e-05
 3.680010710074715e-06
 9.8737646722557e-08
 5.396327357845067e-06
 0.0001216476896766809
 7.328123066522452e-05
 0.0001735844129281066
 3.974737090100239e-05
 2.292118852036396e-05
 2.567580817233144e-05
 1.56736227230083e-05
 0.0001082492198430961
 1.761961505664574e-07
 1.342557937246271e-05
 0.0001216476896766809
 7.328123066522452e-05
 0.0001735844129281066
 7.020630063003635e-05
 0.0006225259261051061
 2.29388326247518e-05
 1.56736227230083e-05
 0.0001082492198430961
 8.623911356551339e-06
 1.342557937246271e-05
 0.0001216476896766809
 0.000141445730992795
 0.0001735844129281066
 7.020630063003635e-05
 0.0006225259261051061
 2.29388326247518e-05
 0.0001949671282098853
 0.0001082492198430961
 0.0004006828770490838
 1.856793401014431e-05
 0.0001216476896766809
 0.000141445730992795
 0.002246672586526376
 7.020630063003635e-05
 0.001126003130811768
 2.29388326247518e-05
 0.0001949671282098853
 0.0001207119597456774
 0.0004006828770490838
 1.856793401014431e-05
 0.0001216476896766809
 7.328123066522452e-05
 0.00831091054392996
 0.00181883347768274
 0.001126003130811768
 2.29388326247518e-05
 0.0001949671282098853
 0.0001082492198430961
 0.0004006828770490838
 0.0006225259261051061
 0.0001216476896766809
 7.328123066522452e-05
 0.00831091054392996
 0.00181883347768274
 0.0006225259261051061
 2.567580817233144e-05
 0.0001949671282098853
 0.0001082492198430961
 0.0004006828770490838
 0.00411906326245453
 0.0001216476896766809
 7.328123066522452e-05
 0.006896665373709585
 0.00181883347768274
 0.0006225259261051061
 2.29388326247518e-05
 0.002246672586526376
 0.00411906326245453
 0.0005932067819533343
 0.00411906326245453
 0
 7.328123066522452e-05
 0.00831091054392996
 0.00181883347768274
 0.00411906326245453
 2.29388326247518e-05
 0.002246672586526376
 0.00411906326245453
 0.0004006828770490838
 0.00411906326245453
 0
 7.328123066522452e-05
 0.00831091054392996
 0.00181883347768274
 0.00411906326245453
 2.29388326247518e-05
 0.002246672586526376
 0.00411906326245453
 0.0004006828770490838
 0.00411906326245453
 0
 0
 0.00831091054392996
 0.00831091054392996
 0.00411906326245453
 2.29388326247518e-05
 0.006896665373709585
 0.00411906326245453
 0.0004006828770490838
 0.00411906326245453
 0
 0
 0.00831091054392996
 0.00831091054392996
 0.00411906326245453
 2.29388326247518e-05
 0.006896665373709585
 0.00411906326245453
 0.0004006828770490838
 0.00411906326245453
 0
 0
 0.00831091054392996
 0.00831091054392996
 0.00411906326245453
 2.29388326247518e-05
 0.006896665373709585
 0.00411906326245453
 0.0004006828770490838
 0.00411906326245453
 0
 0
 0.00831091054392996
 0.00831091054392996
 0.00411906326245453
 0
 0.00831091054392996
 0.00411906326245453
 0.001126003130811768
 0
 0
 0
 0.00831091054392996
 0.00831091054392996
 0.00411906326245453
 0
 0.006896665373709585
 0
 0.002246672586526376
 0
 0
 0
 0
 0.00831091054392996
 0
 0
 0.006896665373709585
 0
 0.002246672586526376
 0
 0
 0
 0
 0.00831091054392996
 0
 0
 0.006896665373709585
 0
 0.006896665373709585
 0
 0
 0
 0
 0
 0
 0
 0.006896665373709585
 0
 0.006896665373709585
 0
 0
 0
 0
 0
 0
 0
 0.00831091054392996
 0
 0.006896665373709585
 0
 0
 0
 0
 0
 0
 0
 0.006896665373709585
 0
 0.006896665373709585
 0
 0
 0
 0
 0
 0
 0
 0.006896665373709585
 0
 0.00831091054392996
 0
 0
 0
 0
 0
 0
 0
 0.00831091054392996
 0
 0.00831091054392996
 0
 0
 0
 0
 0
 0
 0
 0.00831091054392996
 0
 0.00831091054392996
 0
