# Created by Octave 3.2.4, Wed Feb 06 15:08:21 2013 EST <rbom@zaphod>
# name: small_First_Fit
# type: matrix
# ndims: 3
 1 10 30
 1.163422461954847e-14
 1.758256080872569e-14
 5.554565599913531e-15
 6.952645745191167e-18
 4.351183158931001e-14
 1.68183890584561e-19
 1.508964235442634e-13
 1.272984449150392e-19
 3.087350378502297e-12
 2.578746246429296e-18
 8.78014801052936e-12
 6.532071393567279e-12
 6.41765949075373e-11
 7.3876959262637e-14
 5.544523173897092e-13
 8.193675292672943e-16
 6.29387964895128e-11
 8.437502529622768e-15
 3.150300264361643e-08
 8.274039028564791e-16
 8.78014801052936e-12
 6.532071393567279e-12
 6.41765949075373e-11
 4.989774681725407e-11
 5.606108389360089e-10
 9.068211639739853e-14
 3.144558023212249e-09
 3.259152342553943e-11
 3.150300264361643e-08
 3.449954413076231e-14
 5.368979908752023e-09
 1.125079797269301e-08
 3.723049024012783e-09
 1.525118379663135e-08
 5.606108389360089e-10
 9.068211639739853e-14
 5.164574501407161e-07
 4.39641172563782e-08
 0.000494333476056473
 3.449954413076231e-14
 3.832884108298121e-05
 1.125079797269301e-08
 3.723049024012783e-09
 2.001793140212658e-07
 8.559706321769852e-10
 7.386858803516607e-11
 2.289198953675016e-05
 5.36381899743632e-07
 0.003319940070293377
 2.610506609070922e-11
 0.0006342692946649566
 6.672659509378966e-06
 4.813084487093561e-06
 3.533662212693646e-06
 8.001134642188699e-07
 2.918645662135913e-07
 0.0005990388028926978
 3.314899208985909e-06
 0.003319940070293377
 2.318014608033308e-07
 0.0006342692946649566
 4.458238397684471e-05
 0.0002628688429063926
 3.533662212693646e-06
 8.001134642188699e-07
 2.918645662135913e-07
 0.0005990388028926978
 2.629819264488471e-05
 0.003319940070293377
 2.318014608033308e-07
 0.0006342692946649566
 4.458238397684471e-05
 0.0002628688429063926
 3.533662212693646e-06
 0.001162818782904551
 2.591385540122142e-06
 0.0005990388028926978
 2.629819264488471e-05
 0.008481327801956973
 2.318014608033308e-07
 0.0006342692946649566
 0.000237783710081977
 0.0006342692946649566
 0.0006708107154334584
 0.001162818782904551
 2.591385540122142e-06
 0.008481327801956973
 0.001162818782904551
 0.003319940070293377
 2.318014608033308e-07
 0.0006342692946649566
 0.000237783710081977
 0.008481327801956973
 0.0006708107154334584
 0.001162818782904551
 3.935121706705594e-06
 0.008481327801956973
 0.001162818782904551
 0.003319940070293377
 2.318014608033308e-07
 0.0006342692946649566
 0.000237783710081977
 0.008481327801956973
 0.0006708107154334584
 0.001162818782904551
 3.935121706705594e-06
 0.008481327801956973
 0.001162818782904551
 0.008481327801956973
 5.384239332436988e-06
 0.0006342692946649566
 0.000237783710081977
 0.008481327801956973
 0.0006708107154334584
 0.001162818782904551
 3.935121706705594e-06
 0.008481327801956973
 0.001162818782904551
 0.008481327801956973
 7.5699327640393e-05
 0
 0.001577715642170146
 0.008481327801956973
 0.0006708107154334584
 0.001162818782904551
 6.873997266750338e-05
 0.008481327801956973
 0.001162818782904551
 0.008481327801956973
 0.001577715642170146
 0
 0.001577715642170146
 0.008481327801956973
 0.0006708107154334584
 0.001162818782904551
 6.873997266750338e-05
 0.008481327801956973
 0.001162818782904551
 0.008481327801956973
 0.001577715642170146
 0
 0.001577715642170146
 0.008481327801956973
 0.0006708107154334584
 0
 6.873997266750338e-05
 0.008481327801956973
 0.001162818782904551
 0.008481327801956973
 0.001577715642170146
 0
 0.001577715642170146
 0.008481327801956973
 0
 0
 6.873997266750338e-05
 0
 0
 0.008481327801956973
 0.001577715642170146
 0
 0.001577715642170146
 0
 0
 0
 6.873997266750338e-05
 0
 0
 0.008481327801956973
 0.001577715642170146
 0
 0.001577715642170146
 0
 0
 0
 6.873997266750338e-05
 0
 0
 0
 0.001577715642170146
 0
 0.001577715642170146
 0
 0
 0
 6.873997266750338e-05
 0
 0
 0
 0.001577715642170146
 0
 0
 0
 0
 0
 0
 0
 0
 0
 0
 0
 0
 0
 0
 0
 0
 0
 0
 0
 0
 0
 0
 0
 0
 0
 0
 0
 0
 0
 0
 0
 0
 0
 0
 0
 0
 0
 0
 0
 0
 0
 0
 0
 0
 0
 0
 0
 0
 0
 0
 0
 0
 0
 0
 0
 0
 0
 0
 0
 0
 0
 0
 0
 0
 0
 0
 0
 0
 0
 0
 0
 0
 0
 0
 0
 0
 0
 0
 0
 0
 0
 0
 0
 0
 0
 0
 0
 0
 0
 0
 0
 0
 0
 0
 0
 0
 0
 0
 0
 0
 0
 0
 0
 0
 0
 0
 0
 0
 0
 0
