# Created by Octave 3.2.4, Mon Feb 04 05:15:40 2013 EST <rbom@zaphod>
# name: small_First_Fit
# type: matrix
# ndims: 3
 1 10 30
 2.95594590347576e-14
 1.309422728325498e-13
 1.706543115373076e-13
 2.669306321808869e-13
 1.055914178225539e-16
 8.627699146162658e-15
 2.915626681018783e-13
 3.753600493497066e-15
 3.758787044212778e-17
 2.872693396329468e-19
 1.94979863467155e-13
 7.958963932744842e-12
 1.04481159489484e-11
 7.151944341365452e-12
 7.374966136063816e-14
 1.50158659914333e-11
 1.348784647004801e-11
 1.946050818633537e-08
 2.836976212575797e-14
 4.456665882070479e-15
 1.50075046175253e-12
 7.958963932744842e-12
 9.522952012239945e-09
 7.151944341365452e-12
 1.778476345623345e-09
 2.634646057728837e-10
 2.02673071331765e-11
 1.933242196612743e-06
 4.353182646755595e-12
 5.678670702765807e-12
 1.50075046175253e-12
 3.358186996594743e-10
 5.210960887610114e-07
 2.290532814173744e-10
 6.996924316882511e-08
 6.704884793956184e-09
 2.595516961176063e-09
 5.643559029455854e-05
 3.225390356742232e-10
 9.1129123188778e-10
 2.231337289888186e-10
 8.486883536032286e-09
 2.116803082510579e-06
 6.87229299941e-08
 6.996924316882511e-08
 2.186708314137894e-06
 1.64823071710714e-08
 5.643559029455854e-05
 1.368060067074892e-08
 4.493751776587344e-08
 1.371896778912228e-05
 8.486883536032286e-09
 2.116803082510579e-06
 6.87229299941e-08
 6.996924316882511e-08
 3.650956797216087e-05
 1.197425195072719e-06
 5.643559029455854e-05
 9.241994332675781e-07
 1.179535700688565e-06
 4.851822077786344e-05
 8.486883536032286e-09
 9.143869700254729e-06
 6.87229299941e-08
 1.146398841783744e-06
 0.004281643082241331
 1.197425195072719e-06
 5.643559029455854e-05
 9.241994332675781e-07
 1.179535700688565e-06
 1.371896778912228e-05
 2.503406163938646e-07
 3.71371075011314e-05
 6.87229299941e-08
 1.146398841783744e-06
 0.05976817791538781
 1.197425195072719e-06
 5.643559029455854e-05
 9.241994332675781e-07
 1.039675754138736e-05
 3.734063646890176e-05
 4.389901408175781e-06
 4.813995350323116e-05
 0.000182436575315856
 1.146398841783744e-06
 0.05976817791538781
 3.521959388727965e-06
 5.643559029455854e-05
 0.0001415191363706065
 1.039675754138736e-05
 0.01565272087496871
 4.389901408175781e-06
 3.71371075011314e-05
 0.000182436575315856
 1.146398841783744e-06
 0.05976817791538781
 3.521959388727965e-06
 5.643559029455854e-05
 0.003672276875084234
 1.039675754138736e-05
 0.01565272087496871
 2.012286137157918e-05
 0.002214075947330087
 0.000182436575315856
 1.146398841783744e-06
 0.05976817791538781
 3.521959388727965e-06
 5.643559029455854e-05
 0.02216052842158326
 4.348595980882162e-05
 0.03553294512497727
 0.0002670419838136556
 0.002214075947330087
 0.000182436575315856
 3.275938890545361e-05
 0.05976817791538781
 3.521959388727965e-06
 0.001137057790461764
 0.02216052842158326
 0.001189121012911184
 0.03553294512497727
 0.001189121012911184
 0.002214075947330087
 0.000182436575315856
 3.443168237961787e-05
 0.05976817791538781
 3.521959388727965e-06
 0.001137057790461764
 0.02216052842158326
 0.001189121012911184
 0.01565272087496871
 0.001189121012911184
 0.002214075947330087
 0.000182436575315856
 4.115368631628054e-05
 0.05976817791538781
 0.004281643082241331
 0.001971127185047669
 0.02216052842158326
 0.001189121012911184
 0.03553294512497727
 0.001189121012911184
 0.03553294512497727
 0.000182436575315856
 4.115368631628054e-05
 0.05976817791538781
 0.004281643082241331
 0.001971127185047669
 0.02216052842158326
 0.001189121012911184
 0.03553294512497727
 0.05976817791538781
 0.03553294512497727
 0.000182436575315856
 5.98665032146542e-05
 0.05976817791538781
 0.004281643082241331
 0.001971127185047669
 0.02216052842158326
 0.001189121012911184
 0.01565272087496871
 0.05976817791538781
 0.03553294512497727
 0.000182436575315856
 4.115368631628054e-05
 0.05976817791538781
 0.05976817791538781
 0.001971127185047669
 0.02216052842158326
 0.001189121012911184
 0.01799275150354547
 0.05976817791538781
 0.03553294512497727
 0.000182436575315856
 5.98665032146542e-05
 0.05976817791538781
 0.05976817791538781
 0.03553294512497727
 0.02216052842158326
 0.001189121012911184
 0.01565272087496871
 0.05976817791538781
 0.03553294512497727
 0.000182436575315856
 5.98665032146542e-05
 0.05976817791538781
 0.05976817791538781
 0.03553294512497727
 0.05976817791538781
 0.001189121012911184
 0.01799275150354547
 0.05976817791538781
 0.03553294512497727
 0.000182436575315856
 5.98665032146542e-05
 0.05976817791538781
 0.05976817791538781
 0.03553294512497727
 0.05976817791538781
 0.001189121012911184
 0.01799275150354547
 0.05976817791538781
 0.03553294512497727
 0.000182436575315856
 5.98665032146542e-05
 0.05976817791538781
 0.05976817791538781
 0.03553294512497727
 0.05976817791538781
 0.05976817791538781
 0.03553294512497727
 0.05976817791538781
 0.03553294512497727
 0.000182436575315856
 5.98665032146542e-05
 0.05976817791538781
 0.05976817791538781
 0.03553294512497727
 0.05976817791538781
 0.05976817791538781
 0.03553294512497727
 0.05976817791538781
 0.03553294512497727
 0.000182436575315856
 0.002853636610338839
 0.05976817791538781
 0.05976817791538781
 0.03553294512497727
 0.05976817791538781
 0.05976817791538781
 0.03553294512497727
 0.05976817791538781
 0.03553294512497727
 0.000182436575315856
 0.002853636610338839
 0.05976817791538781
 0.05976817791538781
 0.03553294512497727
 0.05976817791538781
 0.05976817791538781
 0.03553294512497727
 0.05976817791538781
 0.03553294512497727
 0.000182436575315856
 0.002853636610338839
 0.05976817791538781
 0.05976817791538781
 0.03553294512497727
 0.05976817791538781
 0.05976817791538781
 0.03553294512497727
 0.05976817791538781
 0.03553294512497727
 0.000182436575315856
 0.002853636610338839
 0.05976817791538781
 0.05976817791538781
 0.03553294512497727
 0.05976817791538781
 0.05976817791538781
 0.03553294512497727
 0.05976817791538781
 0.03553294512497727
 0.000182436575315856
 0.002853636610338839
 0.05976817791538781
 0.05976817791538781
 0.03553294512497727
 0.05976817791538781
 0.05976817791538781
 0.03553294512497727
 0.05976817791538781
 0.03553294512497727
 0.000182436575315856
 0.05976817791538781
 0.05976817791538781
 0.05976817791538781
 0.03553294512497727
 0.05976817791538781
 0.05976817791538781
 0.03553294512497727
 0.05976817791538781
 0.03553294512497727
 0.000182436575315856
 0.05976817791538781
 0.05976817791538781
 0.05976817791538781
 0.03553294512497727
 0.05976817791538781
 0.05976817791538781
 0.03553294512497727
 0.05976817791538781
 0.03553294512497727
 0.000182436575315856
 0.05976817791538781
 0.05976817791538781
 0.05976817791538781
 0.03553294512497727
 0.05976817791538781
 0.05976817791538781
