# Created by Octave 3.2.4, Tue Feb 05 17:44:53 2013 EST <rbom@zaphod>
# name: small_First_Fit
# type: matrix
# ndims: 3
 1 10 30
 1.946396720442683e-13
 2.311404705840785e-11
 3.750407470303229e-14
 6.734312934819101e-16
 1.752213818611964e-12
 1.507981668356023e-13
 3.148376904421377e-16
 2.839414048841539e-14
 3.451457375521243e-16
 6.945463153972401e-14
 2.034610818300467e-08
 2.311404705840785e-11
 3.750407470303229e-14
 4.252100876469788e-11
 3.487528337713455e-08
 2.229753153518219e-06
 2.901518549791724e-10
 1.082398005038361e-10
 7.220404141398189e-15
 2.904896470473073e-10
 3.492146166628598e-06
 2.311404705840785e-11
 2.704225766142638e-12
 4.252100876469788e-11
 4.970287725090911e-07
 2.229753153518219e-06
 3.587452817756832e-09
 2.933176720106089e-08
 3.571854863728158e-12
 3.708205124156797e-08
 3.492146166628598e-06
 2.311404705840785e-11
 2.064333980504889e-09
 3.883307423348927e-07
 0.0001167776667240434
 0.000105485545356068
 1.454310616430321e-08
 6.547228567773418e-07
 1.402287706162864e-10
 1.533207323261133e-06
 3.492146166628598e-06
 2.311404705840785e-11
 2.160004924209902e-07
 0.0002471108762060027
 0.0001167776667240434
 0.000105485545356068
 1.58739862350887e-07
 6.547228567773418e-07
 1.402287706162864e-10
 2.668800762604599e-05
 0.0001122344801934734
 2.311404705840785e-11
 2.160004924209902e-07
 0.0002471108762060027
 0.0001167776667240434
 0.000105485545356068
 1.514747389478087e-06
 1.64389912012064e-05
 2.801459554996935e-09
 2.668800762604599e-05
 0.0001122344801934734
 2.168162189842064e-08
 5.167123051081535e-06
 0.0003632583422435005
 0.0001167776667240434
 0.000105485545356068
 5.395732283707617e-06
 0.0006758538922023499
 1.170279488996035e-07
 2.668800762604599e-05
 0.0005076890534025022
 2.168162189842064e-08
 8.21184851394443e-06
 0.0002471108762060027
 0.0001167776667240434
 0.000105485545356068
 4.554899701958116e-05
 0.0006758538922023499
 1.772306309369715e-06
 2.668800762604599e-05
 0.0005076890534025022
 4.218423688813468e-07
 6.789449777037704e-05
 0.0002471108762060027
 0.0001167776667240434
 0.000105485545356068
 0.0001709080041594056
 0.0006758538922023499
 0.000105485545356068
 2.668800762604599e-05
 0.0005076890534025022
 6.559460001331386e-07
 6.789449777037704e-05
 0.0003632583422435005
 0.005295346965451562
 0.0004346940333259831
 0.0001709080041594056
 0.0006758538922023499
 0.0003458447484654095
 2.668800762604599e-05
 0.0005076890534025022
 6.559460001331386e-07
 0.001498805264132039
 0.0002471108762060027
 0.005295346965451562
 0.0004346940333259831
 0.0001709080041594056
 0.0006758538922023499
 0.0003458447484654095
 0.0008451406428127604
 0.0005076890534025022
 4.218423688813468e-07
 0.001498805264132039
 0.0002471108762060027
 0.006657899430183949
 0.0004346940333259831
 0.0001709080041594056
 0.0006758538922023499
 0.0003458447484654095
 0.0008451406428127604
 0.0005076890534025022
 5.123876408379338e-05
 0.01143650436585895
 0.0003632583422435005
 0.005295346965451562
 0.0004346940333259831
 0.004456124640379623
 0.0006758538922023499
 0.0003458447484654095
 0.0008451406428127604
 0.003106674544429046
 0.0004010292927222435
 0.01143650436585895
 0.0003632583422435005
 0.01143650436585895
 0.000105485545356068
 0.004456124640379623
 0
 0.0003458447484654095
 0.006657899430183949
 0.003106674544429046
 0.0004010292927222435
 0.01143650436585895
 0.0003632583422435005
 0.005295346965451562
 0.000105485545356068
 0.01143650436585895
 0
 0.0003458447484654095
 0.006657899430183949
 0.003106674544429046
 0.0004010292927222435
 0.01143650436585895
 0.0003632583422435005
 0.005295346965451562
 0.000105485545356068
 0.01143650436585895
 0
 0.0003458447484654095
 0.006657899430183949
 0.003106674544429046
 0.0004010292927222435
 0.01143650436585895
 0.0003632583422435005
 0.006657899430183949
 0
 0.01143650436585895
 0
 0
 0.006657899430183949
 0.003106674544429046
 0.0004010292927222435
 0.01143650436585895
 0.007780924057524078
 0.006657899430183949
 0
 0.01143650436585895
 0
 0
 0.006657899430183949
 0.003106674544429046
 0.0004010292927222435
 0.01143650436585895
 0.007780924057524078
 0.01143650436585895
 0
 0.01143650436585895
 0
 0
 0.006657899430183949
 0.003106674544429046
 0.001988334335221339
 0
 0.007780924057524078
 0.01143650436585895
 0
 0.01143650436585895
 0
 0
 0.006657899430183949
 0
 0.001988334335221339
 0
 0.007780924057524078
 0.006657899430183949
 0
 0.01143650436585895
 0
 0
 0
 0
 0.001988334335221339
 0
 0.01143650436585895
 0.006657899430183949
 0
 0
 0
 0
 0
 0
 0.001988334335221339
 0
 0.01143650436585895
 0.006657899430183949
 0
 0
 0
 0
 0
 0
 0.001988334335221339
 0
 0.01143650436585895
 0.005295346965451562
 0
 0
 0
 0
 0
 0
 0.01143650436585895
 0
 0.01143650436585895
 0.01143650436585895
 0
 0
 0
 0
 0
 0
 0.01143650436585895
 0
 0.01143650436585895
 0.01143650436585895
 0
 0
 0
 0
 0
 0
 0.01143650436585895
 0
 0.01143650436585895
 0.01143650436585895
 0
 0
 0
 0
 0
 0
 0.01143650436585895
 0
 0.01143650436585895
 0.01143650436585895
 0
 0
 0
 0
 0
 0
 0.01143650436585895
 0
 0
 0.01143650436585895
 0
 0
 0
 0
 0
 0
 0.01143650436585895
 0
 0
 0.01143650436585895
 0
 0
 0
 0
 0
