# Created by Octave 3.2.4, Mon Feb 04 08:27:37 2013 EST <rbom@zaphod>
# name: small_First_Fit
# type: matrix
# ndims: 3
 1 10 30
 7.039326359658775e-13
 2.89978101974356e-14
 4.585649094380861e-14
 1.765926471048013e-10
 5.39074653833814e-11
 1.790439899264786e-13
 6.116795267372603e-11
 2.521001160286794e-09
 8.190117006780911e-09
 1.230375453656703e-13
 1.768478874746357e-06
 4.45648992288001e-10
 1.215537420781567e-13
 1.612793004143505e-07
 5.39074653833814e-11
 6.631861816580437e-13
 2.419214825419878e-09
 1.408054062527252e-07
 8.190117006780911e-09
 1.058108693863682e-11
 1.768478874746357e-06
 7.422962767939909e-09
 7.193133080230368e-11
 3.697203711210093e-05
 1.092961921796162e-08
 1.866325148907536e-10
 8.714894313959349e-08
 2.891249763668675e-07
 2.807482633392781e-07
 2.39693743710019e-10
 0.00116327499863726
 5.915401547177646e-08
 7.193133080230368e-11
 0.001374681950587103
 5.213637731907068e-07
 2.569700996095201e-08
 3.013669331083647e-07
 8.943076690357683e-05
 4.104197505524528e-06
 1.982283521386672e-05
 0.00116327499863726
 5.915401547177646e-08
 2.092632065732561e-08
 0.001374681950587103
 5.213637731907068e-07
 3.054025959590772e-07
 9.031857211873689e-06
 8.943076690357683e-05
 0.0004172981240597234
 1.982283521386672e-05
 0.00116327499863726
 1.249860040110776e-05
 2.207130165716068e-06
 0.001374681950587103
 1.852151420468438e-05
 2.920709041858807e-05
 8.766342935525429e-05
 0.0001654491114506718
 0.0004172981240597234
 1.982283521386672e-05
 0.00116327499863726
 6.071099382077526e-05
 4.860756666838213e-05
 0.001374681950587103
 1.852151420468438e-05
 2.920709041858807e-05
 8.766342935525429e-05
 0.0001654491114506718
 0.0004172981240597234
 1.982283521386672e-05
 0.00116327499863726
 6.417077431844114e-05
 4.860756666838213e-05
 0.001374681950587103
 0.0001432977551402007
 0.002213222292012869
 0.0001267058970883735
 0.0001654491114506718
 0.0009557420845952823
 1.982283521386672e-05
 0.001357413959437217
 6.417077431844114e-05
 4.860756666838213e-05
 0.001374681950587103
 0.0001432977551402007
 0.002213222292012869
 0.0001267058970883735
 0.0001654491114506718
 0.0009557420845952823
 1.982283521386672e-05
 0.00116327499863726
 0.002162624161159712
 0.0008890497737915745
 0.007010498806428395
 0.0001432977551402007
 0.007010498806428395
 0.0001267058970883735
 0.0001654491114506718
 0.0009557420845952823
 1.982283521386672e-05
 0.00116327499863726
 0.002162624161159712
 0.0008890497737915745
 0.007010498806428395
 0.0001432977551402007
 0.007010498806428395
 0.0001267058970883735
 0.0008043097710447151
 0.0009557420845952823
 1.982283521386672e-05
 0.001357413959437217
 0.002162624161159712
 0.0008890497737915745
 0.007010498806428395
 0.0001432977551402007
 0.007010498806428395
 0.0001626436041761416
 0.0008043097710447151
 0.0009557420845952823
 1.982283521386672e-05
 0.001357413959437217
 0.002162624161159712
 0.0008890497737915745
 0.007010498806428395
 0.0001432977551402007
 0.007010498806428395
 0.0001626436041761416
 0.0008043097710447151
 0.0004172981240597234
 1.982283521386672e-05
 0.001357413959437217
 0.002162624161159712
 0.0008890497737915745
 0.007010498806428395
 0.0001432977551402007
 0.007010498806428395
 0.0003877489957536412
 0.0008043097710447151
 0.0004172981240597234
 9.22419778514861e-05
 0.001357413959437217
 0.009492481772989777
 0.0008890497737915745
 0.007010498806428395
 0.05786599210806826
 0.007010498806428395
 0.0003877489957536412
 0.0008043097710447151
 0.0004172981240597234
 9.22419778514861e-05
 0.001357413959437217
 0.009492481772989777
 0.0008890497737915745
 0.007010498806428395
 0.05786599210806826
 0.007010498806428395
 0.0003877489957536412
 0.0008043097710447151
 0.0004172981240597234
 0.0002426042609124874
 0.001357413959437217
 0.009492481772989777
 0.0008890497737915745
 0.007010498806428395
 0.05786599210806826
 0.007010498806428395
 0.01152693013481535
 0.0008924254889630368
 0.01066499754905536
 9.22419778514861e-05
 0.001357413959437217
 0.009492481772989777
 0.0008890497737915745
 0.007010498806428395
 0.05786599210806826
 0.007010498806428395
 0.02549112771418369
 0.0008043097710447151
 0.02549112771418369
 9.22419778514861e-05
 0.001357413959437217
 0.009492481772989777
 0.0008890497737915745
 0.007010498806428395
 0.05786599210806826
 0.007010498806428395
 0.02549112771418369
 0.0008043097710447151
 0.02549112771418369
 9.22419778514861e-05
 0.001357413959437217
 0.009492481772989777
 0.0008890497737915745
 0.007010498806428395
 0.05786599210806826
 0.007010498806428395
 0.02549112771418369
 0.0008043097710447151
 0.02549112771418369
 0.0001378316912737348
 0.001357413959437217
 0.009492481772989777
 0.0008890497737915745
 0.007010498806428395
 0.05786599210806826
 0.007010498806428395
 0.02549112771418369
 0.02256576471925151
 0.02549112771418369
 0.0001378316912737348
 0.001357413959437217
 0.009492481772989777
 0.0008890497737915745
 0.007010498806428395
 0.05786599210806826
 0.007010498806428395
 0.02549112771418369
 0.02256576471925151
 0.02549112771418369
 9.22419778514861e-05
 0.001357413959437217
 0.009492481772989777
 0.0008890497737915745
 0.007010498806428395
 0.05786599210806826
 0.007010498806428395
 0.02549112771418369
 0.02256576471925151
 0.02549112771418369
 9.22419778514861e-05
 0.001357413959437217
 0.009492481772989777
 0.0008890497737915745
 0.007010498806428395
 0.05786599210806826
 0.007010498806428395
 0.02549112771418369
 0.02256576471925151
 0.05786599210806826
 9.22419778514861e-05
 0.00116327499863726
 0.009492481772989777
 0.0008890497737915745
 0.007010498806428395
 0.05786599210806826
 0.007010498806428395
 0.02549112771418369
 0.02256576471925151
 0.05786599210806826
 9.22419778514861e-05
 0.00116327499863726
 0.009492481772989777
 0.0008890497737915745
 0.007010498806428395
 0.05786599210806826
 0.007010498806428395
 0.02549112771418369
 0.02256576471925151
 0.05786599210806826
 9.22419778514861e-05
 0.00116327499863726
 0.009492481772989777
 0.0008890497737915745
 0.007010498806428395
 0.05786599210806826
 0.007010498806428395
 0.05786599210806826
 0.02256576471925151
 0.05786599210806826
 9.22419778514861e-05
 0.00116327499863726
 0.009492481772989777
 0.0008890497737915745
 0.007010498806428395
 0.05786599210806826
 0.007010498806428395
 0.05786599210806826
 0.02256576471925151
 0.05786599210806826
 9.22419778514861e-05
 0.00116327499863726
 0.009492481772989777
 0.0008890497737915745
 0.007010498806428395
 0.05786599210806826
 0.007010498806428395
 0.05786599210806826
 0.02256576471925151
 0.05786599210806826
 9.22419778514861e-05
 0.00116327499863726
 0.009492481772989777
 0.0008890497737915745
 0.007010498806428395
 0.05786599210806826
 0.007010498806428395
 0.05786599210806826
 0.02256576471925151
 0.05786599210806826
 9.22419778514861e-05
