# Created by Octave 3.2.4, Tue Feb 05 04:57:04 2013 EST <rbom@zaphod>
# name: small_First_Fit
# type: matrix
# ndims: 3
 1 10 30
 1.177075907402283e-15
 5.067396772314634e-17
 4.91265202372025e-16
 8.043461580730306e-11
 1.180356080035914e-14
 7.819883579820439e-19
 2.205379634264941e-12
 1.874554433367854e-12
 2.552606137332751e-14
 2.534109208795933e-18
 4.339934036982308e-12
 3.245005916590487e-08
 1.830845921950041e-12
 4.607006609314196e-08
 1.249907114575191e-11
 9.168968443057381e-18
 2.205379634264941e-12
 9.170355958256443e-11
 5.338148953707783e-12
 1.243059539481967e-12
 8.000695907501632e-09
 3.245005916590487e-08
 3.856695349582838e-09
 4.607006609314196e-08
 8.027937021345755e-10
 2.078693240956541e-15
 2.205379634264941e-12
 3.668993205501639e-10
 2.669493588022527e-10
 1.906250971122034e-10
 3.607009062951901e-07
 3.245005916590487e-08
 3.856695349582838e-09
 6.058455044608757e-05
 8.027937021345755e-10
 3.168377406115072e-10
 2.826832530974734e-10
 3.668993205501639e-10
 2.669493588022527e-10
 2.794465672630283e-08
 1.257573534822554e-06
 3.245005916590487e-08
 3.856695349582838e-09
 6.058455044608757e-05
 2.575586271650968e-08
 1.315229922673004e-08
 1.768222610369509e-08
 9.58623922633992e-09
 6.987686421776768e-08
 1.458106560909613e-06
 4.601628565522583e-05
 3.245005916590487e-08
 1.891108233396548e-07
 6.058455044608757e-05
 2.575586271650968e-08
 1.315229922673004e-08
 1.768222610369509e-08
 6.151480616222029e-08
 1.213701367935203e-06
 5.703693109315311e-05
 5.501659205187435e-05
 3.245005916590487e-08
 1.891108233396548e-07
 0.0001865146009392597
 2.575586271650968e-08
 4.033900951035502e-05
 1.768222610369509e-08
 6.151480616222029e-08
 5.862150530203983e-06
 5.703693109315311e-05
 5.501659205187435e-05
 3.524702066917864e-06
 3.524702066917864e-06
 0.0001865146009392597
 2.575586271650968e-08
 4.033900951035502e-05
 1.075150084684485e-07
 6.151480616222029e-08
 5.862150530203983e-06
 5.703693109315311e-05
 5.501659205187435e-05
 3.524702066917864e-06
 3.524702066917864e-06
 0.0001865146009392597
 2.575586271650968e-08
 4.033900951035502e-05
 1.075150084684485e-07
 1.691739863710367e-05
 5.862150530203983e-06
 5.703693109315311e-05
 5.501659205187435e-05
 3.524702066917864e-06
 3.524702066917864e-06
 0.0001865146009392597
 2.575586271650968e-08
 4.033900951035502e-05
 1.075150084684485e-07
 1.691739863710367e-05
 5.862150530203983e-06
 5.703693109315311e-05
 5.501659205187435e-05
 3.524702066917864e-06
 3.524702066917864e-06
 0.0001865146009392597
 3.613906228843517e-05
 4.033900951035502e-05
 1.075150084684485e-07
 1.691739863710367e-05
 5.862150530203983e-06
 5.703693109315311e-05
 5.703693109315311e-05
 3.524702066917864e-06
 3.524702066917864e-06
 0.0001865146009392597
 3.613906228843517e-05
 4.033900951035502e-05
 1.075150084684485e-07
 1.691739863710367e-05
 5.862150530203983e-06
 5.703693109315311e-05
 5.703693109315311e-05
 3.524702066917864e-06
 3.524702066917864e-06
 0.0002220309141496939
 3.613906228843517e-05
 4.033900951035502e-05
 1.075150084684485e-07
 1.691739863710367e-05
 5.862150530203983e-06
 0
 5.501659205187435e-05
 3.524702066917864e-06
 3.524702066917864e-06
 0.0002220309141496939
 3.613906228843517e-05
 0
 1.075150084684485e-07
 1.691739863710367e-05
 0
 0
 5.501659205187435e-05
 0
 0
 0.0001865146009392597
 3.613906228843517e-05
 0
 0
 1.691739863710367e-05
 0
 0
 5.501659205187435e-05
 0
 0
 0.0002220309141496939
 3.613906228843517e-05
 0
 0
 0
 0
 0
 5.501659205187435e-05
 0
 0
 0.0002220309141496939
 3.613906228843517e-05
 0
 0
 0
 0
 0
 5.501659205187435e-05
 0
 0
 0.0001865146009392597
 0
 0
 0
 0
 0
 0
 0
 0
 0
 0.0001865146009392597
 0
 0
 0
 0
 0
 0
 0
 0
 0
 0.0001865146009392597
 0
 0
 0
 0
 0
 0
 0
 0
 0
 0.0001865146009392597
 0
 0
 0
 0
 0
 0
 0
 0
 0
 0.0001865146009392597
 0
 0
 0
 0
 0
 0
 0
 0
 0
 0
 0
 0
 0
 0
 0
 0
 0
 0
 0
 0
 0
 0
 0
 0
 0
 0
 0
 0
 0
 0
 0
 0
 0
 0
 0
 0
 0
 0
 0
 0
 0
 0
 0
 0
 0
 0
 0
 0
 0
 0
 0
 0
 0
 0
 0
 0
 0
 0
 0
 0
 0
 0
 0
 0
 0
 0
 0
 0
 0
 0
 0
 0
 0
 0
 0
 0
 0
 0
 0
 0
 0
 0
 0
 0
 0
 0
