# Created by Octave 3.2.4, Tue Feb 05 03:00:58 2013 EST <rbom@zaphod>
# name: small_First_Fit
# type: matrix
# ndims: 3
 1 10 30
 7.165687244316974e-18
 6.751315020112733e-14
 1.43890248747688e-10
 1.690718564300027e-15
 2.594701922018993e-16
 5.679286101841189e-18
 1.14675432112316e-18
 1.699379680765584e-10
 7.311354430116491e-14
 4.033736813295026e-14
 8.013665362619017e-08
 4.914828716409274e-12
 3.375979858924359e-08
 1.154972748758799e-13
 5.836182861979448e-15
 4.325041545335135e-16
 8.946316550015011e-11
 1.246274854900582e-08
 1.659237916195693e-11
 2.133422535375296e-11
 1.024219493975878e-05
 7.106699535465169e-11
 3.375979858924359e-08
 1.328103925298082e-12
 5.836182861979448e-15
 2.59053918775432e-14
 8.287971816151895e-09
 8.92346105842312e-07
 1.418086153876486e-09
 5.726427140888955e-09
 0.0002279686779703082
 4.897704608482265e-09
 6.862016439811616e-09
 2.977171820446665e-12
 3.159359311769146e-13
 3.984706599410238e-13
 6.891610938416759e-07
 3.284982023536586e-05
 1.927652011157193e-05
 5.726427140888955e-09
 0.0002279686779703082
 7.875665788971739e-08
 6.862016439811616e-09
 2.829919325117611e-10
 3.159359311769146e-13
 5.757342854876886e-13
 1.064524957121382e-05
 3.284982023536586e-05
 0.0002286644279608909
 5.726427140888955e-09
 0.0002279686779703082
 8.750939879412011e-07
 1.601577054876996e-06
 2.898763419995905e-09
 3.077748402905882e-10
 5.663069031067364e-11
 1.567813256505255e-05
 3.284982023536586e-05
 0.0002286644279608909
 2.291228285309534e-07
 0.0002279686779703082
 1.601678863266375e-06
 5.835907016488102e-05
 2.073189272433795e-07
 4.631809070620497e-09
 4.401345363439722e-09
 2.463939990801164e-05
 3.284982023536586e-05
 0.0002286644279608909
 4.751685096906452e-06
 0.0002279686779703082
 1.653544492395901e-05
 5.835907016488102e-05
 2.715721791932514e-06
 1.316087326887185e-08
 9.701822530836637e-07
 0.0001843464235720109
 0.0002567529990204439
 0.0002286644279608909
 4.751685096906452e-06
 0.0002279686779703082
 1.653544492395901e-05
 5.835907016488102e-05
 2.715721791932514e-06
 8.249048844841319e-06
 9.701822530836637e-07
 0.0001843464235720109
 0.0002567529990204439
 0.0002286644279608909
 4.751685096906452e-06
 0.0002279686779703082
 0.0001092889276458516
 5.835907016488102e-05
 2.715721791932514e-06
 8.249048844841319e-06
 2.555999823815215e-05
 0.0001843464235720109
 0.0002567529990204439
 0.0002286644279608909
 4.751685096906452e-06
 0
 1.653544492395901e-05
 5.835907016488102e-05
 0.0001092889276458516
 8.249048844841319e-06
 2.555999823815215e-05
 0.0001843464235720109
 0.0002567529990204439
 0.0002286644279608909
 4.751685096906452e-06
 0
 0.0001092889276458516
 5.835907016488102e-05
 0.0001092889276458516
 8.249048844841319e-06
 2.555999823815215e-05
 0.0001843464235720109
 0.0002567529990204439
 0
 4.751685096906452e-06
 0
 0.0001092889276458516
 5.835907016488102e-05
 0.0001092889276458516
 1.097689482488998e-05
 2.555999823815215e-05
 0.0001843464235720109
 0.0002567529990204439
 0
 4.751685096906452e-06
 0
 0.0001092889276458516
 0
 0.0001092889276458516
 8.249048844841319e-06
 2.555999823815215e-05
 0.0001843464235720109
 0.0002567529990204439
 0
 0
 0
 0.0001092889276458516
 0
 0.0002279686779703082
 0.0002567529990204439
 9.990021882310829e-05
 0
 0
 0
 0
 0
 0.0002279686779703082
 0
 0.0001092889276458516
 0.0002567529990204439
 2.555999823815215e-05
 0
 0
 0
 0
 0
 0.0002279686779703082
 0
 0.0001092889276458516
 0.0002567529990204439
 9.990021882310829e-05
 0
 0
 0
 0
 0
 0.0002279686779703082
 0
 0.0001092889276458516
 0.0002567529990204439
 0.00031130253184562
 0
 0
 0
 0
 0
 0.0002279686779703082
 0
 0.0002279686779703082
 0.0002567529990204439
 0.00031130253184562
 0
 0
 0
 0
 0
 0.0002279686779703082
 0
 0.0001092889276458516
 0.0002567529990204439
 0.00031130253184562
 0
 0
 0
 0
 0
 0.0002567529990204439
 0
 0.0001092889276458516
 0.0002567529990204439
 0.00031130253184562
 0
 0
 0
 0
 0
 0.0002279686779703082
 0
 0.0001092889276458516
 0
 0.00031130253184562
 0
 0
 0
 0
 0
 0.0002279686779703082
 0
 0.0001092889276458516
 0
 0.00031130253184562
 0
 0
 0
 0
 0
 0.0002279686779703082
 0
 0.0001092889276458516
 0
 0.00031130253184562
 0
 0
 0
 0
 0
 0.0002279686779703082
 0
 0.0002279686779703082
 0
 0
 0
 0
 0
 0
 0
 0.0002279686779703082
 0
 0.0002279686779703082
 0
 0
 0
 0
 0
 0
 0
 0.0002279686779703082
 0
 0.0002279686779703082
 0
 0
 0
 0
 0
 0
 0
 0
 0
 0.0002279686779703082
 0
 0
 0
 0
 0
 0
 0
 0
 0
 0.0002279686779703082
 0
 0
 0
 0
 0
 0
 0
 0
 0
 0.0002279686779703082
 0
 0
 0
 0
 0
 0
