# Created by Octave 3.2.4, Wed Feb 06 14:15:35 2013 EST <rbom@zaphod>
# name: small_First_Fit
# type: matrix
# ndims: 3
 1 10 30
 2.723667246370691e-17
 4.632657287198284e-07
 6.553406584295188e-15
 7.904504706070704e-11
 3.245266547807667e-14
 4.054964719422763e-12
 5.105967954515345e-16
 1.648388728919565e-10
 1.52689031548798e-13
 2.049046127704658e-14
 1.014996354929674e-15
 4.632657287198284e-07
 3.964203245569292e-10
 5.873508167155312e-09
 2.718416768287549e-08
 4.778958448170575e-10
 2.055482199432074e-12
 0.0001135575254847994
 3.970064995122465e-11
 5.736062193268354e-13
 5.334159954328899e-15
 4.632657287198284e-07
 9.000573370808139e-08
 8.657096377733337e-07
 4.68617541462839e-07
 4.893923277605987e-08
 1.556634289497324e-10
 0.0001135575254847994
 1.107234756999889e-06
 1.654644732009189e-11
 1.064803519017659e-12
 6.89387152795721e-05
 9.000573370808139e-08
 3.675663619514993e-05
 4.68617541462839e-07
 4.144527552052797e-06
 2.545688568388309e-11
 0.0001135575254847994
 1.107234756999889e-06
 6.915378090473233e-09
 1.068758578297372e-11
 6.89387152795721e-05
 9.000573370808139e-08
 8.736129460481405e-05
 4.68617541462839e-07
 4.144527552052797e-06
 2.521825497093067e-10
 0.0001135575254847994
 1.107234756999889e-06
 8.441024789097917e-07
 8.664018087736073e-11
 6.89387152795721e-05
 4.264469624887494e-06
 3.675663619514993e-05
 4.68617541462839e-07
 8.090104360418677e-05
 1.592874846498821e-08
 0.0001344124586723756
 7.357254534119624e-05
 8.848105530464384e-05
 2.209239504216091e-09
 6.89387152795721e-05
 4.264469624887494e-06
 3.675663619514993e-05
 4.68617541462839e-07
 8.090104360418677e-05
 1.592874846498821e-08
 0.0001344124586723756
 0.0003573680480390034
 8.848105530464384e-05
 1.555938470889921e-07
 6.89387152795721e-05
 4.264469624887494e-06
 3.675663619514993e-05
 4.68617541462839e-07
 8.090104360418677e-05
 6.208995684869408e-06
 0.0001135575254847994
 0.0003573680480390034
 8.848105530464384e-05
 1.555938470889921e-07
 6.89387152795721e-05
 4.264469624887494e-06
 3.675663619514993e-05
 4.68617541462839e-07
 0.0009024464239746809
 6.208995684869408e-06
 0.001848171916617897
 0.0003573680480390034
 8.848105530464384e-05
 1.555938470889921e-07
 6.89387152795721e-05
 0.0003083321823094166
 8.736129460481405e-05
 4.68617541462839e-07
 0.003673667719339366
 8.276226851775158e-06
 0.0001135575254847994
 0.0003573680480390034
 8.848105530464384e-05
 2.470552095052275e-05
 0
 0.00320157643270251
 3.675663619514993e-05
 0
 0.003673667719339366
 8.994707707633353e-05
 0.0001135575254847994
 0.0003573680480390034
 8.848105530464384e-05
 2.470552095052275e-05
 0
 0.00320157643270251
 3.675663619514993e-05
 0
 0.003673667719339366
 8.994707707633353e-05
 0.0001135575254847994
 0.001848171916617897
 0.006924947521162846
 2.470552095052275e-05
 0
 0.006924947521162846
 0.00320157643270251
 0
 0.003673667719339366
 8.994707707633353e-05
 0.0001135575254847994
 0.001848171916617897
 0.006924947521162846
 2.470552095052275e-05
 0
 0.006924947521162846
 0.00320157643270251
 0
 0.003673667719339366
 8.994707707633353e-05
 0.0001135575254847994
 0.001848171916617897
 0.006924947521162846
 0.00010958447542033
 0
 0.00320157643270251
 0.00320157643270251
 0
 0.003673667719339366
 0.0001041787118784477
 0.001848171916617897
 0.001848171916617897
 0.006924947521162846
 0.00010958447542033
 0
 0.00320157643270251
 0.00320157643270251
 0
 0.003673667719339366
 8.994707707633353e-05
 0.001848171916617897
 0.003673667719339366
 0.006924947521162846
 0.00010958447542033
 0
 0.00320157643270251
 0.00320157643270251
 0
 0
 8.994707707633353e-05
 0.001848171916617897
 0.003673667719339366
 0.006924947521162846
 0.00010958447542033
 0
 0.00320157643270251
 0.00320157643270251
 0
 0
 8.994707707633353e-05
 0.001848171916617897
 0.001848171916617897
 0.006924947521162846
 0.00010958447542033
 0
 0.006924947521162846
 0.006924947521162846
 0
 0
 8.994707707633353e-05
 0.001848171916617897
 0.003673667719339366
 0
 0.00010958447542033
 0
 0.006924947521162846
 0.00320157643270251
 0
 0
 8.994707707633353e-05
 0.002701289486237191
 0.006924947521162846
 0
 0.0003083321823094166
 0
 0.006924947521162846
 0.00320157643270251
 0
 0
 8.994707707633353e-05
 0.002701289486237191
 0.006924947521162846
 0
 0.00010958447542033
 0
 0.006924947521162846
 0.00320157643270251
 0
 0
 0
 0.002701289486237191
 0.006924947521162846
 0
 0.00010958447542033
 0
 0.006924947521162846
 0.00320157643270251
 0
 0
 0
 0.002701289486237191
 0.006924947521162846
 0
 0.00010958447542033
 0
 0.006924947521162846
 0.00320157643270251
 0
 0
 0
 0.002701289486237191
 0.006924947521162846
 0
 0.00010958447542033
 0
 0.006924947521162846
 0.00320157643270251
 0
 0
 0
 0.002701289486237191
 0.006924947521162846
 0
 0.0001334487670680786
 0
 0
 0
 0
 0
 0
 0.003673667719339366
 0.006924947521162846
 0
 0.00010958447542033
 0
 0
 0
 0
 0
 0
 0.003673667719339366
 0
 0
 0.0001334487670680786
 0
 0
 0
 0
 0
 0
 0.003673667719339366
 0
 0
 0.0001334487670680786
 0
 0
 0
 0
 0
 0
 0.003673667719339366
 0
 0
 0.0001334487670680786
 0
 0
 0
 0
 0
 0
 0.003673667719339366
 0
 0
