# Created by Octave 3.2.4, Thu Feb 07 08:40:41 2013 EST <rbom@zaphod>
# name: small_First_Fit
# type: matrix
# ndims: 3
 1 10 30
 6.251847783027529e-17
 1.462998452699807e-16
 1.189224858942151e-16
 1.555308967177494e-14
 1.139179839303468e-15
 1.055229754815048e-11
 2.983993627803895e-17
 1.877633863675598e-13
 1.894796563173746e-15
 1.624059691083201e-15
 2.061135726130831e-14
 2.499838420653239e-10
 4.186074024676722e-13
 1.555308967177494e-14
 6.175586110526615e-12
 1.6819688894767e-10
 1.961658439842998e-15
 1.877633863675598e-13
 5.81738791950979e-13
 1.027786444268865e-12
 5.822032636290078e-13
 2.499838420653239e-10
 4.497109495572879e-10
 7.486206748141715e-11
 9.868959510434921e-12
 1.6819688894767e-10
 4.014218392996694e-11
 4.781182741907104e-12
 4.271888751447875e-11
 1.20944154229342e-11
 4.072237115245385e-11
 1.524159334542381e-07
 4.514620441246341e-07
 7.486206748141715e-11
 1.457801939322812e-11
 1.6819688894767e-10
 4.245424151700462e-08
 1.149517446027964e-10
 9.270196257681929e-09
 2.439363783151099e-09
 3.040530844925951e-10
 1.524159334542381e-07
 3.410565348761734e-06
 3.159924731424735e-08
 1.457801939322812e-11
 2.624758887348676e-06
 4.245424151700462e-08
 1.21577662719081e-08
 6.99954832636185e-07
 2.439363783151099e-09
 2.630081019836378e-09
 1.524159334542381e-07
 3.410565348761734e-06
 7.065805982832286e-06
 4.557024752371608e-09
 2.624758887348676e-06
 0.0002080241189812899
 1.451916329349529e-07
 5.072346430068503e-05
 5.132099945062198e-08
 4.571524714274384e-08
 1.524159334542381e-07
 3.410565348761734e-06
 0.0001024847519587201
 4.557024752371608e-09
 2.624758887348676e-06
 0.0002080241189812899
 0.0001750347365529705
 5.072346430068503e-05
 5.132099945062198e-08
 1.301975208452631e-05
 4.081984067057167e-05
 3.410565348761734e-06
 0.001627544697036359
 4.557024752371608e-09
 2.624758887348676e-06
 0.0002080241189812899
 0.0001750347365529705
 5.072346430068503e-05
 9.940463018742092e-08
 0.0004122043058729564
 0.009338347173558272
 3.410565348761734e-06
 0.009338347173558272
 2.539290299569164e-07
 2.624758887348676e-06
 0.0002080241189812899
 0.009338347173558272
 5.072346430068503e-05
 5.132099945062198e-08
 0.0004122043058729564
 0.009338347173558272
 3.410565348761734e-06
 0.009338347173558272
 1.301975208452631e-05
 2.624758887348676e-06
 0.0002080241189812899
 0.009338347173558272
 5.072346430068503e-05
 3.897861922554803e-07
 0.0004122043058729564
 0.009338347173558272
 3.410565348761734e-06
 0.009338347173558272
 1.301975208452631e-05
 0.0004122043058729564
 0.0002080241189812899
 0.009338347173558272
 5.072346430068503e-05
 3.897861922554803e-07
 0.0004122043058729564
 0.009338347173558272
 0
 0.009338347173558272
 1.301975208452631e-05
 0.0004122043058729564
 0.0002080241189812899
 0.009338347173558272
 5.072346430068503e-05
 2.079616191491129e-05
 0.0004122043058729564
 0.009338347173558272
 0
 0.009338347173558272
 0.0004122043058729564
 0.0004122043058729564
 0
 0.009338347173558272
 0
 2.079616191491129e-05
 0.009338347173558272
 0.009338347173558272
 0
 0.009338347173558272
 0.0006583190346696305
 0.0004122043058729564
 0
 0.009338347173558272
 0
 2.079616191491129e-05
 0.009338347173558272
 0.009338347173558272
 0
 0.009338347173558272
 0.009338347173558272
 0.0004122043058729564
 0
 0.009338347173558272
 0
 2.079616191491129e-05
 0.009338347173558272
 0
 0
 0
 0.009338347173558272
 0.0004122043058729564
 0
 0
 0
 2.079616191491129e-05
 0.009338347173558272
 0
 0
 0
 0.009338347173558272
 0.0004122043058729564
 0
 0
 0
 2.079616191491129e-05
 0.009338347173558272
 0
 0
 0
 0.009338347173558272
 0
 0
 0
 0
 2.079616191491129e-05
 0.009338347173558272
 0
 0
 0
 0.009338347173558272
 0
 0
 0
 0
 0
 0.009338347173558272
 0
 0
 0
 0.009338347173558272
 0
 0
 0
 0
 0
 0
 0
 0
 0
 0.009338347173558272
 0
 0
 0
 0
 0
 0
 0
 0
 0
 0
 0
 0
 0
 0
 0
 0
 0
 0
 0
 0
 0
 0
 0
 0
 0
 0
 0
 0
 0
 0
 0
 0
 0
 0
 0
 0
 0
 0
 0
 0
 0
 0
 0
 0
 0
 0
 0
 0
 0
 0
 0
 0
 0
 0
 0
 0
 0
 0
 0
 0
 0
 0
 0
 0
 0
 0
 0
 0
 0
 0
 0
 0
 0
 0
 0
 0
 0
 0
 0
 0
 0
 0
 0
 0
 0
 0
 0
 0
 0
 0
 0
 0
 0
 0
 0
