# Created by Octave 3.2.4, Tue Feb 05 05:54:25 2013 EST <rbom@zaphod>
# name: small_First_Fit
# type: matrix
# ndims: 3
 1 10 30
 4.260799980194684e-13
 7.752807146471314e-14
 2.083680185215971e-13
 1.600543479762639e-13
 1.608916942670891e-17
 2.749375323041722e-14
 3.809855911169137e-13
 3.47363260417348e-16
 4.773542635120268e-15
 1.402674310286814e-09
 4.260799980194684e-13
 1.202288548758725e-09
 2.083680185215971e-13
 1.600543479762639e-13
 1.206196145416043e-15
 1.063783385737052e-10
 2.062184412697135e-11
 8.88133077821356e-13
 1.854780684064938e-11
 1.43928948548989e-07
 4.260799980194684e-13
 1.498246294547668e-07
 1.333407972515119e-11
 8.061962221777371e-12
 1.229136353812801e-12
 2.008221206447067e-08
 6.8464064399088e-11
 2.052840048464597e-11
 4.234924738292045e-10
 1.43928948548989e-07
 1.287873660211008e-09
 1.498246294547668e-07
 1.944000159262086e-10
 2.711008278797701e-11
 2.796451270378476e-09
 2.008221206447067e-08
 3.604234820248878e-09
 1.916604939110236e-10
 4.034603199348763e-08
 1.43928948548989e-07
 2.850581453531478e-07
 1.498246294547668e-07
 1.273743112061536e-08
 1.274530474932417e-09
 5.540313570161551e-08
 7.327263921835019e-07
 2.34730505906845e-07
 9.013704188854976e-09
 1.484570095149902e-06
 1.43928948548989e-07
 2.850581453531478e-07
 1.498246294547668e-07
 5.440832202876013e-07
 1.274530474932417e-09
 7.36332336005628e-08
 1.257313501880376e-05
 2.34730505906845e-07
 3.18748045696225e-07
 1.484570095149902e-06
 1.43928948548989e-07
 5.889866171649144e-06
 1.498246294547668e-07
 5.440832202876013e-07
 3.437254496063063e-06
 1.319839114300769e-06
 1.257313501880376e-05
 8.911830550082055e-05
 3.281342323479554e-06
 9.741192645630502e-05
 1.384467896567021e-06
 5.889866171649144e-06
 1.498246294547668e-07
 2.272081914565356e-06
 3.437254496063063e-06
 1.319839114300769e-06
 1.257313501880376e-05
 0.001436604387496549
 3.281342323479554e-06
 9.741192645630502e-05
 1.384467896567021e-06
 2.52861149515253e-05
 1.498246294547668e-07
 2.596111185149264e-06
 5.149120559886006e-06
 1.319839114300769e-06
 1.257313501880376e-05
 0.008320978615396905
 3.281342323479554e-06
 0.0001790210166119206
 1.384467896567021e-06
 8.434510599415602e-05
 1.498246294547668e-07
 2.272081914565356e-06
 3.437254496063063e-06
 1.319839114300769e-06
 1.257313501880376e-05
 0.008320978615396905
 3.281342323479554e-06
 0.0006163809164610442
 1.384467896567021e-06
 8.434510599415602e-05
 0
 2.972743592228163e-05
 2.52861149515253e-05
 0.0001094428918972699
 1.257313501880376e-05
 0.008320978615396905
 3.281342323479554e-06
 0.0006163809164610442
 1.384467896567021e-06
 2.52861149515253e-05
 0
 2.972743592228163e-05
 2.52861149515253e-05
 0.0001094428918972699
 1.257313501880376e-05
 0.008320978615396905
 3.281342323479554e-06
 0.0006163809164610442
 1.384467896567021e-06
 2.52861149515253e-05
 0
 2.972743592228163e-05
 2.52861149515253e-05
 0.0001094428918972699
 0
 0.008320978615396905
 3.281342323479554e-06
 0.0006163809164610442
 1.384467896567021e-06
 0.0001072567720896583
 0
 0.0007725309918897375
 2.52861149515253e-05
 0.0001094428918972699
 0
 0.008320978615396905
 0
 0.0006163809164610442
 0
 0.0001072567720896583
 0
 0.0007725309918897375
 2.52861149515253e-05
 0.0001094428918972699
 0
 0.008320978615396905
 0
 0.008320978615396905
 0
 0.0001072567720896583
 0
 0.0007725309918897375
 0.0001072567720896583
 0.0001094428918972699
 0
 0
 0
 0.008320978615396905
 0
 0.0001072567720896583
 0
 0.0007725309918897375
 0.0001072567720896583
 0.008320978615396905
 0
 0
 0
 0.008320978615396905
 0
 0.0001072567720896583
 0
 0.0007725309918897375
 0.0001072567720896583
 0.008320978615396905
 0
 0
 0
 0.008320978615396905
 0
 0.0001072567720896583
 0
 0.002170990967939049
 0.0001072567720896583
 0.008320978615396905
 0
 0
 0
 0.008320978615396905
 0
 0.0001072567720896583
 0
 0.002170990967939049
 0.0001072567720896583
 0.008320978615396905
 0
 0
 0
 0.008320978615396905
 0
 0
 0
 0.002170990967939049
 0.0001072567720896583
 0.008320978615396905
 0
 0
 0
 0.008320978615396905
 0
 0
 0
 0.002170990967939049
 0.0001072567720896583
 0.008320978615396905
 0
 0
 0
 0
 0
 0
 0
 0.002170990967939049
 0
 0.008320978615396905
 0
 0
 0
 0
 0
 0
 0
 0.002170990967939049
 0
 0
 0
 0
 0
 0
 0
 0
 0
 0.002170990967939049
 0
 0
 0
 0
 0
 0
 0
 0
 0
 0
 0
 0
 0
 0
 0
 0
 0
 0
 0
 0
 0
 0
 0
 0
 0
 0
 0
 0
 0
 0
 0
 0
 0
 0
 0
 0
 0
 0
 0
 0
 0
 0
 0
 0
 0
 0
 0
 0
 0
 0
 0
 0
 0
 0
 0
 0
 0
