# Created by Octave 3.2.4, Tue Feb 05 18:15:37 2013 EST <rbom@zaphod>
# name: small_First_Fit
# type: matrix
# ndims: 3
 1 10 30
 4.767330754809925e-14
 3.613396052538836e-09
 1.767933264925482e-16
 3.626920094629667e-18
 1.545165360349446e-09
 1.497542407780179e-14
 1.115135704291154e-14
 1.023150773220882e-17
 8.040361426083359e-10
 5.947637039509178e-18
 2.531502338322905e-11
 1.865304095684135e-07
 4.742579998569996e-15
 4.130163172252549e-11
 2.231722717828915e-09
 2.864750500417042e-09
 1.340125125561136e-13
 9.713545590887528e-15
 8.624844952982647e-09
 2.83061480942666e-12
 1.041158510766068e-09
 0.0001318918437874189
 1.931599091031509e-11
 4.293089662274304e-10
 9.359422671588476e-07
 9.829030901918003e-08
 1.340125125561136e-13
 4.999704868155257e-12
 7.455523265076367e-06
 1.086568002891025e-09
 5.015887317400473e-09
 0.0001980149222203673
 1.572208834963517e-08
 2.68231098870238e-07
 9.359422671588476e-07
 2.337077502864647e-07
 1.638990613500622e-10
 6.532851662419206e-09
 0.0003959801394246365
 1.269886438404812e-09
 4.330264931621564e-08
 0.0005272850202878355
 5.375522956780951e-07
 0.001632470697359716
 2.022045640288268e-06
 0.003662780213442978
 2.602690406667541e-08
 6.481446093317404e-08
 0.003662780213442978
 6.509116456602323e-08
 7.621874926048266e-07
 0.0005272850202878355
 5.375522956780951e-07
 0.002538314585529757
 2.022045640288268e-06
 0.003662780213442978
 3.190632975955003e-07
 6.481446093317404e-08
 0.003662780213442978
 6.509116456602323e-08
 2.748096282349451e-05
 0.0005272850202878355
 5.375522956780951e-07
 0.005608802484123355
 2.022045640288268e-06
 0.003662780213442978
 3.190632975955003e-07
 2.68231098870238e-07
 0.1172574001796145
 7.694579570848963e-08
 2.748096282349451e-05
 0.0005272850202878355
 5.375522956780951e-07
 0.005608802484123355
 2.022045640288268e-06
 0.003662780213442978
 1.308054815032302e-06
 2.68231098870238e-07
 0.1172574001796145
 7.694579570848963e-08
 5.833283379760618e-05
 0.0005272850202878355
 4.43877664291317e-06
 0.005608802484123355
 2.022045640288268e-06
 0.003662780213442978
 0.0001384236665045014
 2.68231098870238e-07
 0.1172574001796145
 7.694579570848963e-08
 2.748096282349451e-05
 0.0005272850202878355
 4.43877664291317e-06
 0.005608802484123355
 2.022045640288268e-06
 0.1172574001796145
 0.1172574001796145
 3.521722361769082e-05
 0.1172574001796145
 1.407104016768871e-07
 0.002098161164994465
 0.0005272850202878355
 8.086665653008905e-06
 0.005608802484123355
 0.0027514665373274
 0.003662780213442978
 0.1172574001796145
 0.001632470697359716
 0.1172574001796145
 1.407104016768871e-07
 0.002538314585529757
 0
 0.0001675541579712711
 0.05631549732278906
 0.0027514665373274
 0.003662780213442978
 0.1172574001796145
 0.002538314585529757
 0.1172574001796145
 3.298549056017242e-06
 0.004640150557128111
 0
 0.1172574001796145
 0.05631549732278906
 0.0027514665373274
 0.003662780213442978
 0.1172574001796145
 0.002538314585529757
 0.1172574001796145
 1.197041249261669e-05
 0.002538314585529757
 0
 0.1172574001796145
 0.05631549732278906
 0.0027514665373274
 0.003662780213442978
 0.1172574001796145
 0.002538314585529757
 0
 0.0001346590601721599
 0.002538314585529757
 0
 0.1172574001796145
 0.05631549732278906
 0.0027514665373274
 0.1172574001796145
 0.1172574001796145
 0.001632470697359716
 0
 0.0001346590601721599
 0.002538314585529757
 0
 0.1172574001796145
 0.05631549732278906
 0.0027514665373274
 0.1172574001796145
 0.1172574001796145
 0.001632470697359716
 0
 0.0001346590601721599
 0.004640150557128111
 0
 0.1172574001796145
 0.05631549732278906
 0.0027514665373274
 0.1172574001796145
 0
 0.001632470697359716
 0
 0.0001346590601721599
 0.002538314585529757
 0
 0.1172574001796145
 0.05631549732278906
 0
 0.1172574001796145
 0
 0.002538314585529757
 0
 0.0004953419142247285
 0.002538314585529757
 0
 0.1172574001796145
 0
 0
 0.1172574001796145
 0
 0.001632470697359716
 0
 0.0004953419142247285
 0.05631549732278906
 0
 0
 0
 0
 0.1172574001796145
 0
 0.001632470697359716
 0
 0.0004953419142247285
 0.1172574001796145
 0
 0
 0
 0
 0.1172574001796145
 0
 0.001632470697359716
 0
 0.0004953419142247285
 0.1172574001796145
 0
 0
 0
 0
 0
 0
 0.001632470697359716
 0
 0.0004953419142247285
 0.1172574001796145
 0
 0
 0
 0
 0
 0
 0.001632470697359716
 0
 0.0004953419142247285
 0.1172574001796145
 0
 0
 0
 0
 0
 0
 0.001632470697359716
 0
 0.1172574001796145
 0.1172574001796145
 0
 0
 0
 0
 0
 0
 0
 0
 0.1172574001796145
 0.1172574001796145
 0
 0
 0
 0
 0
 0
 0
 0
 0.1172574001796145
 0.1172574001796145
 0
 0
 0
 0
 0
 0
 0
 0
 0.1172574001796145
 0
 0
 0
 0
 0
 0
 0
 0
 0
 0.1172574001796145
 0
 0
 0
 0
 0
 0
 0
 0
 0
 0.1172574001796145
 0
 0
 0
 0
 0
 0
 0
 0
 0
 0.1172574001796145
