# Created by Octave 3.2.4, Wed Feb 06 05:19:34 2013 EST <rbom@zaphod>
# name: small_First_Fit
# type: matrix
# ndims: 3
 1 10 30
 1.353443380305586e-13
 1.443249491266837e-19
 1.979906914122502e-11
 1.390114057764845e-13
 1.123892150497828e-16
 2.033476445087742e-16
 6.286136911001817e-17
 7.94984048840798e-14
 2.006305794614237e-15
 1.039798026173518e-16
 3.31496062721826e-11
 1.904353178917886e-15
 3.162413408122144e-10
 1.390114057764845e-13
 1.873074569358613e-13
 2.283181661291153e-12
 6.410722042617984e-12
 2.057579540250168e-12
 1.061119926891934e-10
 1.908740848357779e-09
 3.31496062721826e-11
 2.933266712755563e-11
 4.341530519805775e-09
 2.70691793001132e-11
 1.216626082609531e-11
 2.647473321926028e-11
 6.410722042617984e-12
 8.349678824243886e-11
 2.306680825184597e-08
 8.500162133234881e-08
 3.31496062721826e-11
 1.317213184977542e-08
 2.502223746882694e-07
 2.70691793001132e-11
 1.216626082609531e-11
 2.19890479747382e-08
 4.378751557840095e-10
 2.134901988588792e-09
 4.033905310339046e-06
 8.500162133234881e-08
 2.319105421737982e-09
 8.307160401848893e-07
 6.78470510542475e-05
 2.70691793001132e-11
 6.066063772771297e-10
 8.901790805888075e-07
 1.044431848962969e-08
 1.652056176115691e-08
 2.503070807575309e-05
 5.086977290285233e-06
 9.355677495966217e-08
 0.0008513159515336194
 6.78470510542475e-05
 1.680427077556809e-09
 7.507001880645445e-10
 5.875105952745991e-05
 6.108300276282372e-07
 1.17075115553892e-07
 2.503070807575309e-05
 0.0002171807419284757
 9.355677495966217e-08
 0.0008513159515336194
 6.78470510542475e-05
 1.680427077556809e-09
 4.638024392852915e-09
 0.0006657118687911836
 2.263585000308957e-05
 1.17075115553892e-07
 2.503070807575309e-05
 0.0002171807419284757
 9.355677495966217e-08
 0.0008513159515336194
 6.78470510542475e-05
 1.680427077556809e-09
 4.638024392852915e-09
 0.0006657118687911836
 0.0001006843049515731
 5.959081341937551e-06
 0.001399457953787182
 0.0002171807419284757
 9.355677495966217e-08
 0.0008513159515336194
 6.78470510542475e-05
 1.680427077556809e-09
 4.154284331602015e-08
 0.001086504565917813
 2.263585000308957e-05
 5.959081341937551e-06
 0.001399457953787182
 0.002506358663542533
 9.355677495966217e-08
 0.0008513159515336194
 0.0001749581411614888
 1.407090140100161e-08
 2.849024386348947e-07
 0.001086504565917813
 0.0006569957519492652
 2.870778629850709e-05
 0.001399457953787182
 0.002506358663542533
 5.311880652918894e-07
 0.0008513159515336194
 0.0001749581411614888
 2.3250064783222e-06
 2.849024386348947e-07
 0.001086504565917813
 0.0006569957519492652
 0.001086504565917813
 0.001399457953787182
 0.002506358663542533
 9.355677495966217e-08
 0.0008513159515336194
 0.0001749581411614888
 2.606771054042647e-05
 8.387870259943025e-06
 0.01742519177129292
 0.0006569957519492652
 0.001086504565917813
 0.001399457953787182
 0.002506358663542533
 9.355677495966217e-08
 0
 0.0001749581411614888
 2.606771054042647e-05
 2.78036141650455e-05
 0.01742519177129292
 0.0006569957519492652
 0.001086504565917813
 0.001399457953787182
 0.002506358663542533
 5.311880652918894e-07
 0
 0.0001749581411614888
 2.606771054042647e-05
 2.78036141650455e-05
 0.01742519177129292
 0.0006569957519492652
 0.001086504565917813
 0.001399457953787182
 0.002506358663542533
 7.513334174675535e-05
 0
 0.0001749581411614888
 5.779216211003316e-05
 2.78036141650455e-05
 0.01742519177129292
 0.0006569957519492652
 0.001086504565917813
 0
 0.002506358663542533
 0.0003715846606014226
 0
 0.0001749581411614888
 5.779216211003316e-05
 2.78036141650455e-05
 0.01742519177129292
 0.001549975034213
 0.001086504565917813
 0
 0
 0.01742519177129292
 0
 0
 0.0006087705083249145
 2.78036141650455e-05
 0.01742519177129292
 0.001549975034213
 0.001086504565917813
 0
 0
 0.01742519177129292
 0
 0
 0.0006087705083249145
 2.78036141650455e-05
 0.01742519177129292
 0.001990969688200784
 0
 0
 0
 0.01742519177129292
 0
 0
 0.0006087705083249145
 2.78036141650455e-05
 0
 0.001990969688200784
 0
 0
 0
 0.01742519177129292
 0
 0
 0.0006087705083249145
 0
 0
 0.001549975034213
 0
 0
 0
 0.01742519177129292
 0
 0
 0.0006087705083249145
 0
 0
 0.001658423824311161
 0
 0
 0
 0.01742519177129292
 0
 0
 0.0006087705083249145
 0
 0
 0.001549975034213
 0
 0
 0
 0.01742519177129292
 0
 0
 0.0006087705083249145
 0
 0
 0.001549975034213
 0
 0
 0
 0
 0
 0
 0
 0
 0
 0.001990969688200784
 0
 0
 0
 0
 0
 0
 0
 0
 0
 0.001990969688200784
 0
 0
 0
 0
 0
 0
 0
 0
 0
 0.001990969688200784
 0
 0
 0
 0
 0
 0
 0
 0
 0
 0.001990969688200784
 0
 0
 0
 0
 0
 0
 0
 0
 0
 0.001990969688200784
 0
 0
 0
 0
 0
 0
 0
 0
 0
 0.001990969688200784
 0
 0
 0
 0
 0
 0
 0
 0
 0
 0.001990969688200784
 0
 0
 0
