# Created by Octave 3.2.4, Wed Feb 06 07:20:32 2013 EST <rbom@zaphod>
# name: small_First_Fit
# type: matrix
# ndims: 3
 1 10 30
 4.226428904452285e-08
 3.842749938189125e-10
 2.300518881678086e-10
 2.585093294504169e-09
 2.125130705335547e-08
 5.37978938842547e-06
 1.323331639812422e-10
 1.758078849128354e-10
 1.005429110306903e-07
 3.046955932481879e-10
 2.219620815232039e-06
 7.79738034399956e-05
 1.365836179805394e-07
 1.646861992435926e-05
 1.200633594834227e-07
 0.0001888985868499789
 3.783620456825224e-07
 6.862040847321404e-10
 9.475209536124301e-07
 7.56288700305167e-08
 2.219620815232039e-06
 0.000549844532184599
 6.647551690625715e-05
 0.0007127705297192334
 3.130544658074927e-07
 4.551333170385086e-05
 3.102483185019129e-05
 6.862040847321404e-10
 2.490727671395062e-06
 0.0002712930724849259
 1.827328977975767e-05
 0.000549844532184599
 0.0001051840616252931
 0.002737164571635739
 1.732935661704994e-06
 0.0001058022171639537
 0.0004638118140325571
 1.690425316680167e-09
 2.490727671395062e-06
 0.0002712930724849259
 5.00289597263547e-05
 0.001513382058398166
 0.0001745778997009498
 0.002737164571635739
 2.899110579407089e-06
 0.0001058022171639537
 0.0004638118140325571
 2.505630635927235e-07
 2.286746351977994e-05
 0.0002712930724849259
 5.00289597263547e-05
 0.001513382058398166
 0.0004451348754894208
 0.002737164571635739
 1.89059984935794e-05
 0.01221300006689722
 0.0004129071158782704
 2.505630635927235e-07
 0.0008494684836417516
 0.0002712930724849259
 6.342248697744692e-05
 0.003292484831383405
 0.001081589288253289
 0.002737164571635739
 4.379924443468862e-05
 0.01221300006689722
 0.0004129071158782704
 1.529776162119247e-06
 0.0008494684836417516
 0.004681501818907196
 0.0003582168400262238
 0.003292484831383405
 0.00216946828977154
 0.002737164571635739
 0.000169620391357879
 0.01221300006689722
 0.0004129071158782704
 1.529776162119247e-06
 0.0135294060839734
 0.004681501818907196
 0.0003645294113464391
 0.003292484831383405
 0.004268450890890304
 0.002737164571635739
 0.000169620391357879
 0.01221300006689722
 0.0004129071158782704
 1.065884776939582e-05
 0.0135294060839734
 0.004681501818907196
 0.0003645294113464391
 0.003292484831383405
 0.004268450890890304
 0.004301440861576274
 0.000169620391357879
 0.01221300006689722
 0.0004129071158782704
 1.065884776939582e-05
 0.0135294060839734
 0.004681501818907196
 0.001046358691799954
 0.003292484831383405
 0.002000823047426934
 0.002737164571635739
 0.000169620391357879
 0.0427534787620697
 0
 1.065884776939582e-05
 0.0135294060839734
 0.004681501818907196
 0.001046358691799954
 0.003292484831383405
 0.002000823047426934
 0.004301440861576274
 0.001134667689955033
 0.0427534787620697
 0
 1.065884776939582e-05
 0.0427534787620697
 0.004681501818907196
 0.001046358691799954
 0.003303875262549263
 0.00828672160576918
 0.004301440861576274
 0.001134667689955033
 0.0427534787620697
 0
 1.065884776939582e-05
 0.0427534787620697
 0.004681501818907196
 0.003469588856662002
 0.003303875262549263
 0.00828672160576918
 0.004301440861576274
 0.001134667689955033
 0.0427534787620697
 0
 1.065884776939582e-05
 0.0427534787620697
 0
 0.003469588856662002
 0.003303875262549263
 0.01726517243118311
 0.004301440861576274
 0.001134667689955033
 0.0427534787620697
 0
 1.065884776939582e-05
 0.0427534787620697
 0
 0.003469588856662002
 0.003303875262549263
 0.01726517243118311
 0.004301440861576274
 0.001134667689955033
 0.0427534787620697
 0
 0
 0.0427534787620697
 0
 0.003522703397078982
 0.003303875262549263
 0.01726517243118311
 0.004301440861576274
 0.001134667689955033
 0.0427534787620697
 0
 0
 0.0427534787620697
 0
 0.003469588856662002
 0.003303875262549263
 0.01726517243118311
 0.004301440861576274
 0.001134667689955033
 0
 0
 0
 0.0427534787620697
 0
 0.003469588856662002
 0.003303875262549263
 0.01726517243118311
 0
 0
 0
 0
 0
 0
 0
 0.003469588856662002
 0
 0.01726517243118311
 0
 0
 0
 0
 0
 0
 0
 0.003469588856662002
 0
 0.01726517243118311
 0
 0
 0
 0
 0
 0
 0
 0.003469588856662002
 0
 0
 0
 0
 0
 0
 0
 0
 0
 0.003469588856662002
 0
 0
 0
 0
 0
 0
 0
 0
 0
 0
 0
 0
 0
 0
 0
 0
 0
 0
 0
 0
 0
 0
 0
 0
 0
 0
 0
 0
 0
 0
 0
 0
 0
 0
 0
 0
 0
 0
 0
 0
 0
 0
 0
 0
 0
 0
 0
 0
 0
 0
 0
 0
 0
 0
 0
 0
 0
 0
 0
 0
 0
 0
 0
 0
 0
 0
 0
 0
 0
 0
 0
 0
 0
 0
 0
 0
 0
 0
 0
