# Created by Octave 3.2.4, Mon Feb 04 01:31:46 2013 EST <rbom@zaphod>
# name: small_First_Fit
# type: matrix
# ndims: 3
 1 10 30
 1.322034758543082e-17
 2.506147496809534e-20
 1.311820017472805e-18
 2.336881717363253e-19
 1.989655234124295e-22
 7.615979784413293e-16
 4.51474196093138e-21
 1.112577900818872e-13
 4.295988606489362e-18
 4.743429960056817e-10
 2.78828008469938e-13
 3.388760338800616e-16
 1.688769734819227e-09
 2.424006887636456e-16
 1.508697365854988e-18
 1.939688901268774e-12
 2.72782346754564e-19
 1.075168820880698e-10
 1.72816053400311e-10
 4.743429960056817e-10
 2.087010971020658e-09
 3.388760338800616e-16
 7.430184582328365e-07
 3.159766632890238e-12
 1.508697365854988e-18
 1.183538580052407e-08
 2.845121153677776e-16
 1.905187375348216e-07
 3.617300559043598e-06
 2.226092515790265e-06
 3.927055721979407e-06
 5.794549248172618e-13
 0.0001570742853744756
 4.676988845010442e-10
 1.100456549860188e-15
 1.26730741187253e-05
 5.75985114293803e-13
 0.0001071319267014941
 0.0001484777890119009
 1.64672282918529e-05
 3.927055721979407e-06
 8.388919954757e-10
 0.005330247126065099
 4.676988845010442e-10
 1.100456549860188e-15
 1.26730741187253e-05
 5.75985114293803e-13
 0.006581145687662192
 0.0001484777890119009
 1.64672282918529e-05
 0.0006304469103231348
 8.388919954757e-10
 0.005330247126065099
 2.820075946912335e-06
 2.231103328441215e-12
 1.26730741187253e-05
 1.216685652377031e-08
 0.006581145687662192
 0.0001484777890119009
 0.00182491247520149
 0.0006304469103231348
 7.830547238400462e-07
 0.005330247126065099
 2.820075946912335e-06
 2.92907844040887e-09
 1.26730741187253e-05
 1.216685652377031e-08
 0.006581145687662192
 0.0001484777890119009
 0.00182491247520149
 0.0006304469103231348
 4.931687151411341e-05
 0.005330247126065099
 6.803238595782531e-05
 9.244245562582117e-08
 1.26730741187253e-05
 9.977585225466805e-08
 0.006581145687662192
 0.0001484777890119009
 0.00182491247520149
 0.0006304469103231348
 0.0001071319267014941
 0.005330247126065099
 6.803238595782531e-05
 1.974431532561863e-07
 1.26730741187253e-05
 9.977585225466805e-08
 0.006581145687662192
 0.0001484777890119009
 0.00182491247520149
 0.005330247126065099
 0.006581145687662192
 0.005330247126065099
 0.0001824920096019668
 5.420666192648813e-06
 1.26730741187253e-05
 6.803238595782531e-05
 0.006581145687662192
 0.0001484777890119009
 0.00182491247520149
 0.005330247126065099
 0.006581145687662192
 0.005330247126065099
 0.0001824920096019668
 1.64672282918529e-05
 1.26730741187253e-05
 6.803238595782531e-05
 0.006581145687662192
 0.0001484777890119009
 0.00182491247520149
 0.005330247126065099
 0.006581145687662192
 0.005330247126065099
 0.0001824920096019668
 1.64672282918529e-05
 1.26730741187253e-05
 6.803238595782531e-05
 0.006581145687662192
 0.00182491247520149
 0.00182491247520149
 0.005330247126065099
 0.006581145687662192
 0.005330247126065099
 0.0001824920096019668
 1.64672282918529e-05
 1.26730741187253e-05
 6.803238595782531e-05
 0.006581145687662192
 0.00182491247520149
 0.00182491247520149
 0.005330247126065099
 0.006581145687662192
 0.005330247126065099
 0.0001824920096019668
 0.005330247126065099
 1.26730741187253e-05
 6.803238595782531e-05
 0.006581145687662192
 0.00182491247520149
 0.00182491247520149
 0.005330247126065099
 0.006581145687662192
 0.005330247126065099
 0.0001824920096019668
 0.005330247126065099
 1.26730741187253e-05
 6.803238595782531e-05
 0.006581145687662192
 0.00182491247520149
 0.00182491247520149
 0.005330247126065099
 0.006581145687662192
 0.005330247126065099
 0.0001824920096019668
 0.005330247126065099
 1.26730741187253e-05
 6.803238595782531e-05
 0.006581145687662192
 0.00182491247520149
 0.00182491247520149
 0.005330247126065099
 0.006581145687662192
 0.005330247126065099
 0.0001824920096019668
 0.005330247126065099
 1.26730741187253e-05
 6.803238595782531e-05
 0.006581145687662192
 0.00182491247520149
 0.00182491247520149
 0.005330247126065099
 0.006581145687662192
 0.005330247126065099
 0.002975337713959992
 0.005330247126065099
 1.26730741187253e-05
 6.803238595782531e-05
 0.006581145687662192
 0.00182491247520149
 0.00182491247520149
 0.005330247126065099
 0.006581145687662192
 0.005330247126065099
 0.002975337713959992
 0.005330247126065099
 1.26730741187253e-05
 0.0002948442404668748
 0.006581145687662192
 0.00182491247520149
 0.00182491247520149
 0.005330247126065099
 0.006581145687662192
 0.005330247126065099
 0.002975337713959992
 0.005330247126065099
 1.26730741187253e-05
 0.0002948442404668748
 0.006581145687662192
 0.00182491247520149
 0.00182491247520149
 0.005330247126065099
 0.006581145687662192
 0.005330247126065099
 0.002975337713959992
 0.005330247126065099
 1.26730741187253e-05
 0.0002948442404668748
 0.006581145687662192
 0.00182491247520149
 0.00182491247520149
 0.005330247126065099
 0.006581145687662192
 0.005330247126065099
 0.002975337713959992
 0.005330247126065099
 1.26730741187253e-05
 0.0002948442404668748
 0.006581145687662192
 0.00182491247520149
 0.00182491247520149
 0.005330247126065099
 0.006581145687662192
 0.005330247126065099
 0.002975337713959992
 0.005330247126065099
 1.26730741187253e-05
 0.0002948442404668748
 0.006581145687662192
 0.00182491247520149
 0.00182491247520149
 0.005330247126065099
 0.006581145687662192
 0.005330247126065099
 0.002975337713959992
 0.005330247126065099
 1.26730741187253e-05
 0.0002948442404668748
 0.006581145687662192
 0.00182491247520149
 0.00182491247520149
 0.005330247126065099
 0.006581145687662192
 0.005330247126065099
 0.002975337713959992
 0.005330247126065099
 1.26730741187253e-05
 0.0002948442404668748
 0.006581145687662192
 0.00182491247520149
 0.00182491247520149
 0.005330247126065099
 0.006581145687662192
 0.005330247126065099
 0.002975337713959992
 0.005330247126065099
 1.26730741187253e-05
 0.0002948442404668748
 0.006581145687662192
 0.00182491247520149
 0.00182491247520149
 0.005330247126065099
 0.006581145687662192
 0.005330247126065099
 0.002975337713959992
 0.005330247126065099
 1.26730741187253e-05
 0.0002948442404668748
 0.006581145687662192
 0.00182491247520149
 0.00182491247520149
 0.005330247126065099
 0.006581145687662192
 0.005330247126065099
 0.002975337713959992
 0.005330247126065099
 1.26730741187253e-05
 0.0002948442404668748
 0.006581145687662192
 0.00182491247520149
 0.00182491247520149
 0.005330247126065099
 0.006581145687662192
 0.005330247126065099
 0.002975337713959992
 0.005330247126065099
 1.26730741187253e-05
 0.0002948442404668748
 0.006581145687662192
 0.00182491247520149
 0.00182491247520149
 0.005330247126065099
 0.006581145687662192
 0.005330247126065099
 0.002975337713959992
 0.005330247126065099
 1.26730741187253e-05
 0.0002948442404668748
 0.006581145687662192
 0.00182491247520149
 0.00182491247520149
