# Created by Octave 3.2.4, Tue Feb 05 10:50:58 2013 EST <rbom@zaphod>
# name: small_First_Fit
# type: matrix
# ndims: 3
 1 10 30
 8.019866756970787e-08
 6.417478034983273e-13
 9.270989752270776e-14
 2.10645174207224e-11
 3.397901972914571e-12
 1.347286081504995e-12
 6.89318103199036e-10
 1.363289822707571e-11
 1.98625164230923e-07
 8.945925769219146e-11
 2.041778527635635e-05
 2.222447430782511e-09
 1.170067410851861e-08
 2.178666988670827e-09
 6.605885837839637e-11
 2.385840701602763e-08
 2.781993326590763e-06
 3.274155069133487e-09
 1.107310803672651e-06
 7.402164159898899e-09
 2.041778527635635e-05
 4.387732775759401e-07
 9.847722064122321e-05
 3.133896122544831e-06
 1.295716187399974e-07
 2.385840701602763e-08
 0.0007736521440309627
 5.817548986824887e-07
 1.107310803672651e-06
 7.402164159898899e-09
 2.041778527635635e-05
 2.891049871948259e-06
 0.0001456537690529213
 3.133896122544831e-06
 1.311132660793889e-06
 2.385840701602763e-08
 0.0007736521440309627
 1.790995448477436e-05
 8.468520612869418e-06
 3.909899777955004e-07
 2.041778527635635e-05
 2.891049871948259e-06
 0.001799714338382813
 3.133896122544831e-06
 1.311132660793889e-06
 5.069169028849352e-06
 0.00086481087411772
 1.790995448477436e-05
 0.0002213871763701172
 3.909899777955004e-07
 2.041778527635635e-05
 8.319466580106053e-06
 0.003018934519274393
 3.133896122544831e-06
 1.225881539631511e-05
 1.759710493682251e-05
 0.0009600651345536421
 1.790995448477436e-05
 0.0002213871763701172
 3.889679712073655e-05
 2.041778527635635e-05
 8.319466580106053e-06
 0.003018934519274393
 3.133896122544831e-06
 0.0001162795793770625
 6.464114202061117e-05
 0.0009600651345536421
 1.790995448477436e-05
 0.0006935812188720199
 3.889679712073655e-05
 2.041778527635635e-05
 8.319466580106053e-06
 0.003018934519274393
 3.133896122544831e-06
 0.0001162795793770625
 0.0001456537690529213
 0.0009600651345536421
 1.790995448477436e-05
 0.0006935812188720199
 6.216080331697837e-05
 2.041778527635635e-05
 0.0004529895940483248
 0.003018934519274393
 3.133896122544831e-06
 0.0001162795793770625
 0.0001456537690529213
 0.003926293966330782
 1.790995448477436e-05
 0.0007736521440309627
 0.003018934519274393
 2.041778527635635e-05
 0.0004529895940483248
 0.003018934519274393
 3.133896122544831e-06
 0.0002839467690544361
 0.001799714338382813
 0.003926293966330782
 1.790995448477436e-05
 0.00358352135170825
 0.003018934519274393
 0
 0.0004529895940483248
 0.003018934519274393
 0
 0.000547505400362534
 0.001799714338382813
 0.003926293966330782
 0
 0.00358352135170825
 0.003018934519274393
 0
 0.0004529895940483248
 0.003018934519274393
 0
 0.0001162795793770625
 0.003018934519274393
 0.003926293966330782
 0
 0.00358352135170825
 0.003018934519274393
 0
 0.0004529895940483248
 0
 0
 0.001110322722570726
 0.001799714338382813
 0.003926293966330782
 0
 0.003926293966330782
 0.003018934519274393
 0
 0.0006075638950548617
 0
 0
 0.001110322722570726
 0.001799714338382813
 0.003926293966330782
 0
 0.003926293966330782
 0.003018934519274393
 0
 0.0004529895940483248
 0
 0
 0.001110322722570726
 0.006095441167738613
 0.003926293966330782
 0
 0.00358352135170825
 0.003018934519274393
 0
 0.0004529895940483248
 0
 0
 0.0015655651326757
 0.006095441167738613
 0
 0
 0.00358352135170825
 0
 0
 0.0006075638950548617
 0
 0
 0.005166024715360497
 0.006095441167738613
 0
 0
 0.00358352135170825
 0
 0
 0.0006075638950548617
 0
 0
 0.005166024715360497
 0.003018934519274393
 0
 0
 0.00358352135170825
 0
 0
 0.0006075638950548617
 0
 0
 0.005166024715360497
 0.006095441167738613
 0
 0
 0.00358352135170825
 0
 0
 0.0015655651326757
 0
 0
 0.005166024715360497
 0.006095441167738613
 0
 0
 0
 0
 0
 0.0015655651326757
 0
 0
 0.005166024715360497
 0.006095441167738613
 0
 0
 0
 0
 0
 0.0015655651326757
 0
 0
 0.005166024715360497
 0.006095441167738613
 0
 0
 0
 0
 0
 0.0015655651326757
 0
 0
 0.005166024715360497
 0.006095441167738613
 0
 0
 0
 0
 0
 0.0015655651326757
 0
 0
 0
 0.006095441167738613
 0
 0
 0
 0
 0
 0.0015655651326757
 0
 0
 0
 0.006095441167738613
 0
 0
 0
 0
 0
 0.0015655651326757
 0
 0
 0
 0
 0
 0
 0
 0
 0
 0
 0
 0
 0
 0
 0
 0
 0
 0
 0
 0
 0
 0
 0
 0
 0
 0
 0
 0
 0
 0
 0
 0
 0
 0
 0
 0
 0
 0
 0
 0
 0
 0
 0
 0
 0
 0
 0
 0
