# Created by Octave 3.2.4, Tue Feb 05 20:28:07 2013 EST <rbom@zaphod>
# name: small_First_Fit
# type: matrix
# ndims: 3
 1 10 30
 4.383978771177619e-12
 2.841011221791841e-15
 3.825277235211099e-17
 5.219169631465917e-15
 1.245464141713323e-13
 3.413641187866959e-12
 3.367490741639283e-15
 4.623483438302933e-14
 1.945549862197372e-15
 1.626381180801783e-09
 7.217794683611241e-10
 4.662447844040377e-12
 4.246919119313403e-08
 2.379859167726453e-12
 9.823871432838721e-11
 1.50672335431774e-10
 4.706504648260228e-12
 2.612521293993286e-12
 1.980300133958e-12
 1.626381180801783e-09
 1.105830040648435e-08
 1.734625388385634e-09
 4.509088173242733e-06
 4.357421243153618e-11
 5.553483976924439e-09
 1.50672335431774e-10
 4.44829037510713e-10
 8.776549120141941e-11
 1.087796635150189e-08
 1.626381180801783e-09
 2.085498588046569e-05
 4.952379237273904e-09
 4.509088173242733e-06
 8.886776322750197e-09
 1.635260081059894e-07
 2.27544392356332e-07
 4.44829037510713e-10
 8.776549120141941e-11
 2.179025412447057e-08
 8.984136892004082e-07
 2.085498588046569e-05
 1.734625388385634e-09
 4.509088173242733e-06
 2.186901478811977e-07
 1.635260081059894e-07
 1.806491374456952e-05
 1.41352287940199e-08
 8.776549120141941e-11
 1.087796635150189e-08
 9.918018886508482e-05
 2.085498588046569e-05
 1.734625388385634e-09
 0.0002094638697724695
 3.786519386939023e-06
 1.635260081059894e-07
 1.806491374456952e-05
 1.860806401793382e-07
 8.776549120141941e-11
 2.179025412447057e-08
 9.918018886508482e-05
 2.085498588046569e-05
 1.734625388385634e-09
 0.0002094638697724695
 0.0001371676165112761
 1.635260081059894e-07
 0.0002574058098066079
 1.277458934745335e-06
 6.87138601117725e-09
 2.179025412447057e-08
 9.918018886508482e-05
 2.085498588046569e-05
 1.734625388385634e-09
 0.0002094638697724695
 0.0001371676165112761
 1.635260081059894e-07
 1.806491374456952e-05
 1.277458934745335e-06
 6.87138601117725e-09
 2.405905475194692e-06
 9.918018886508482e-05
 3.031283200214219e-05
 1.734625388385634e-09
 0.0002094638697724695
 0.0003837697331351608
 6.451479723959276e-07
 1.806491374456952e-05
 1.162667371862506e-05
 5.091379951780683e-07
 2.405905475194692e-06
 9.918018886508482e-05
 0.0002574058098066079
 1.709520636030004e-06
 0.0002094638697724695
 0.0001371676165112761
 1.635260081059894e-07
 1.806491374456952e-05
 1.162667371862506e-05
 8.191941862459499e-05
 2.405905475194692e-06
 9.918018886508482e-05
 0.0002574058098066079
 1.709520636030004e-06
 0.0002094638697724695
 0.0001371676165112761
 1.635260081059894e-07
 1.806491374456952e-05
 0.0008420605202878565
 0.00902084151784241
 3.134699971517118e-05
 0.00902084151784241
 0.00902084151784241
 7.283914110940962e-05
 0.00902084151784241
 0.0001371676165112761
 1.635260081059894e-07
 0.0008889711903909333
 0.0008420605202878565
 0.00902084151784241
 3.134699971517118e-05
 0.00902084151784241
 0.00902084151784241
 0.0007392421687040541
 0.00902084151784241
 0.0001371676165112761
 2.51353536022593e-06
 0.0008889711903909333
 0.0008420605202878565
 0.00902084151784241
 0.00902084151784241
 0.00902084151784241
 0.00902084151784241
 0.00902084151784241
 0.00902084151784241
 0.0001371676165112761
 2.51353536022593e-06
 0.00902084151784241
 0.0008420605202878565
 0.00902084151784241
 0.00902084151784241
 0.00902084151784241
 0.00902084151784241
 0.00902084151784241
 0.00902084151784241
 0.0001371676165112761
 2.51353536022593e-06
 0.00902084151784241
 0.0008420605202878565
 0.00902084151784241
 0.00902084151784241
 0.00902084151784241
 0.00902084151784241
 0.00902084151784241
 0.00902084151784241
 0
 2.51353536022593e-06
 0.00902084151784241
 0.0008420605202878565
 0.00902084151784241
 0.00902084151784241
 0.00902084151784241
 0.00902084151784241
 0.00902084151784241
 0.00902084151784241
 0
 2.51353536022593e-06
 0.00902084151784241
 0.0008420605202878565
 0.00902084151784241
 0.00902084151784241
 0.00902084151784241
 0.00902084151784241
 0.00902084151784241
 0.00902084151784241
 0
 2.51353536022593e-06
 0.00902084151784241
 0
 0
 0.00902084151784241
 0
 0
 0.00902084151784241
 0
 0
 2.51353536022593e-06
 0.00902084151784241
 0
 0
 0.00902084151784241
 0
 0
 0.00902084151784241
 0
 0
 0
 0.00902084151784241
 0
 0
 0
 0
 0
 0
 0
 0
 0
 0
 0
 0
 0
 0
 0
 0
 0
 0
 0
 0
 0
 0
 0
 0
 0
 0
 0
 0
 0
 0
 0
 0
 0
 0
 0
 0
 0
 0
 0
 0
 0
 0
 0
 0
 0
 0
 0
 0
 0
 0
 0
 0
 0
 0
 0
 0
 0
 0
 0
 0
 0
 0
 0
 0
 0
 0
 0
 0
 0
 0
 0
 0
 0
 0
 0
 0
 0
 0
 0
 0
 0
 0
 0
 0
 0
 0
 0
 0
 0
 0
 0
 0
 0
 0
 0
 0
 0
 0
 0
 0
 0
 0
 0
 0
