# Created by Octave 3.2.4, Tue Feb 05 06:59:14 2013 EST <rbom@zaphod>
# name: small_First_Fit
# type: matrix
# ndims: 3
 1 10 30
 1.617750227983772e-10
 7.704452780611307e-19
 1.300459336522863e-14
 3.322605346525248e-16
 1.155457091899655e-19
 1.206458789442694e-15
 6.564393461233807e-11
 4.352122506883191e-17
 1.415567306900766e-18
 4.127007347615969e-11
 1.515730943977952e-08
 4.633342314437526e-16
 2.230524540668862e-12
 4.827675533121169e-13
 1.671408031781259e-16
 1.206458789442694e-15
 7.839261936632353e-08
 1.155674960600926e-13
 4.085779482640205e-15
 1.160966712048109e-08
 1.515730943977952e-08
 6.611692823808921e-14
 2.230524540668862e-12
 1.618801012179454e-10
 1.076306643487327e-14
 1.811579007631531e-12
 7.839261936632353e-08
 1.764999444262117e-11
 7.021737112096002e-12
 5.852075871001188e-07
 3.422724815993552e-06
 6.611692823808921e-14
 4.807565696816593e-09
 1.149003197132953e-08
 8.11667831535439e-13
 5.87734801868192e-10
 7.839261936632353e-08
 2.451030655595693e-10
 7.021737112096002e-12
 6.726592310082352e-05
 3.422724815993552e-06
 3.883796558574183e-12
 1.876201627787639e-06
 4.201264115500055e-07
 7.682670823829722e-11
 5.87734801868192e-10
 7.839261936632353e-08
 5.013992451977476e-08
 9.246595380462813e-10
 6.726592310082352e-05
 3.422724815993552e-06
 3.121632408790609e-10
 0.0001529464892050063
 4.201264115500055e-07
 7.682670823829722e-11
 5.87734801868192e-10
 7.839261936632353e-08
 6.478464022979513e-05
 9.246595380462813e-10
 0.0001529464892050063
 3.422724815993552e-06
 3.873067122923038e-09
 0.0001529464892050063
 4.13708983165994e-05
 7.734849534547098e-08
 5.189814958189495e-08
 3.511035838010752e-06
 6.478464022979513e-05
 2.688302206499779e-08
 6.726592310082352e-05
 3.422724815993552e-06
 1.043238814803107e-06
 0.0001529464892050063
 4.13708983165994e-05
 7.734849534547098e-08
 6.682332729421688e-07
 3.511035838010752e-06
 6.478464022979513e-05
 2.688302206499779e-08
 6.726592310082352e-05
 3.422724815993552e-06
 1.881450288924755e-05
 0.0001529464892050063
 4.13708983165994e-05
 4.931540479710833e-06
 1.964439077207953e-06
 0.001801800221719647
 6.478464022979513e-05
 2.688302206499779e-08
 0.0001529464892050063
 0.001899280626585846
 6.841630133298377e-05
 0.0001529464892050063
 4.13708983165994e-05
 4.931540479710833e-06
 3.381566445342749e-05
 0.001801800221719647
 6.478464022979513e-05
 3.384271778314053e-05
 6.726592310082352e-05
 0.001899280626585846
 0.0003284536555694907
 0.0001529464892050063
 4.13708983165994e-05
 4.931540479710833e-06
 0.0007438660932623688
 0.001801800221719647
 6.478464022979513e-05
 3.384271778314053e-05
 6.726592310082352e-05
 0.001899280626585846
 0.0003428748971967182
 0.0001529464892050063
 4.13708983165994e-05
 1.750291507948956e-05
 0.0007438660932623688
 0.001801800221719647
 6.478464022979513e-05
 3.384271778314053e-05
 6.726592310082352e-05
 0.001899280626585846
 0.0003428748971967182
 0
 4.13708983165994e-05
 1.750291507948956e-05
 0.0007438660932623688
 0.001801800221719647
 0
 3.384271778314053e-05
 6.726592310082352e-05
 0.001899280626585846
 0.0003428748971967182
 0
 0
 4.13708983165994e-05
 0.0007438660932623688
 0.001801800221719647
 0
 3.384271778314053e-05
 0.0001529464892050063
 0.001899280626585846
 0.0003428748971967182
 0
 0
 4.13708983165994e-05
 0.0007438660932623688
 0.001801800221719647
 0
 3.384271778314053e-05
 0.0001529464892050063
 0.001899280626585846
 0.0003428748971967182
 0
 0
 4.13708983165994e-05
 0.0007438660932623688
 0
 0
 3.384271778314053e-05
 0.0001529464892050063
 0
 0.0003428748971967182
 0
 0
 4.13708983165994e-05
 0.0007438660932623688
 0
 0
 0
 0.0001529464892050063
 0
 0.0003428748971967182
 0
 0
 4.13708983165994e-05
 0
 0
 0
 0
 0.0001529464892050063
 0
 0
 0
 0
 4.13708983165994e-05
 0
 0
 0
 0
 0.0001529464892050063
 0
 0
 0
 0
 4.13708983165994e-05
 0
 0
 0
 0
 0.0001529464892050063
 0
 0
 0
 0
 0
 0
 0
 0
 0
 0
 0
 0
 0
 0
 0
 0
 0
 0
 0
 0
 0
 0
 0
 0
 0
 0
 0
 0
 0
 0
 0
 0
 0
 0
 0
 0
 0
 0
 0
 0
 0
 0
 0
 0
 0
 0
 0
 0
 0
 0
 0
 0
 0
 0
 0
 0
 0
 0
 0
 0
 0
 0
 0
 0
 0
 0
 0
 0
 0
 0
 0
 0
 0
 0
 0
 0
 0
 0
 0
 0
 0
 0
 0
 0
 0
 0
 0
 0
 0
 0
 0
 0
 0
 0
 0
 0
 0
 0
 0
 0
