# Created by Octave 3.2.4, Thu Feb 07 00:00:01 2013 EST <rbom@zaphod>
# name: small_First_Fit
# type: matrix
# ndims: 3
 1 10 30
 1.410573864773695e-13
 6.305718233669504e-15
 1.126763654037513e-12
 2.776308152804232e-14
 2.456847726727497e-16
 1.420463205689843e-08
 4.489621728838738e-09
 8.810713997335003e-14
 2.143258666727317e-11
 5.738777673256545e-12
 1.009434796681399e-12
 3.292046511734126e-12
 5.039976764874021e-11
 8.308230698607657e-08
 1.537292707902495e-12
 1.946844197585264e-07
 2.351921105952917e-07
 8.939620514415592e-12
 2.143258666727317e-11
 5.045860921839647e-09
 8.768634507230515e-11
 5.371789282244069e-10
 6.011480113792329e-09
 2.010374092155527e-06
 1.537292707902495e-12
 1.366182154309254e-06
 1.852461229132018e-06
 8.939620514415592e-12
 2.143258666727317e-11
 1.186728902199887e-07
 9.274115444825779e-09
 5.681403478471038e-08
 1.146035685395613e-06
 3.767611395039685e-06
 1.126000627072082e-10
 4.432587571575853e-05
 1.852461229132018e-06
 2.65688702991685e-07
 2.364008596646665e-07
 1.186728902199887e-07
 9.274115444825779e-09
 2.173084068281376e-06
 5.421048249277503e-05
 8.60153678993733e-05
 1.190912165477375e-08
 7.85558423891243e-05
 1.852461229132018e-06
 3.78760403234005e-05
 2.364008596646665e-07
 1.186728902199887e-07
 6.958955591768543e-06
 8.12238491902528e-05
 5.421048249277503e-05
 0.001492463852250825
 1.190912165477375e-08
 0.001089560295781563
 0.001332584760718304
 3.78760403234005e-05
 3.617934784275819e-07
 2.469120452195011e-06
 0.0008689318783610081
 0.001089560295781563
 5.421048249277503e-05
 0.001492463852250825
 1.597328860678777e-07
 0.001089560295781563
 0.001332584760718304
 3.78760403234005e-05
 2.364008596646665e-07
 6.740496636640515e-06
 0.0008689318783610081
 0.0004543617172108842
 5.421048249277503e-05
 0.001492463852250825
 2.32092652582332e-06
 0.001089560295781563
 0.001492463852250825
 3.78760403234005e-05
 1.629080336019098e-05
 3.995510097214934e-05
 0.0008689318783610081
 0.0004543617172108842
 5.421048249277503e-05
 0.001492463852250825
 3.102128248053878e-05
 0.001089560295781563
 0.001492463852250825
 3.78760403234005e-05
 1.629080336019098e-05
 3.995510097214934e-05
 0.0008689318783610081
 0.0004543617172108842
 5.997557684466784e-05
 0.001492463852250825
 0.0004970043951695678
 0.001089560295781563
 0.001492463852250825
 3.78760403234005e-05
 1.629080336019098e-05
 3.995510097214934e-05
 0.0008689318783610081
 0.0004543617172108842
 5.421048249277503e-05
 0.001492463852250825
 9.431533416146664e-05
 0.001089560295781563
 0.001347690433640097
 0.001999530977248803
 1.629080336019098e-05
 0.004225679870449032
 0.0008689318783610081
 0.0004543617172108842
 5.421048249277503e-05
 0.001492463852250825
 0.002476439212401606
 0.001089560295781563
 0.001332584760718304
 0.02588817990746387
 0.001332584760718304
 0.004225679870449032
 0.0008689318783610081
 0.0005744014391231665
 5.997557684466784e-05
 0
 0.004225679870449032
 0
 0.001332584760718304
 0.02588817990746387
 0.001332584760718304
 0.004225679870449032
 0
 0.0004543617172108842
 5.997557684466784e-05
 0
 0.002476439212401606
 0
 0.001332584760718304
 0.02588817990746387
 0.001492463852250825
 0.004225679870449032
 0
 0.0004543617172108842
 5.997557684466784e-05
 0
 0.02588817990746387
 0
 0
 0.02588817990746387
 0.001347690433640097
 0.004225679870449032
 0
 0.0004543617172108842
 5.997557684466784e-05
 0
 0.02588817990746387
 0
 0
 0.02588817990746387
 0.001347690433640097
 0.004225679870449032
 0
 0.0005744014391231665
 5.421048249277503e-05
 0
 0.02588817990746387
 0
 0
 0.02588817990746387
 0.001492463852250825
 0.004225679870449032
 0
 0.0005744014391231665
 5.421048249277503e-05
 0
 0.02588817990746387
 0
 0
 0.02588817990746387
 0.001492463852250825
 0
 0
 0.0005744014391231665
 5.421048249277503e-05
 0
 0.02588817990746387
 0
 0
 0
 0.004225679870449032
 0
 0
 0.0004543617172108842
 0
 0
 0.02588817990746387
 0
 0
 0
 0.004225679870449032
 0
 0
 0.0004543617172108842
 0
 0
 0.02588817990746387
 0
 0
 0
 0.004225679870449032
 0
 0
 0.0004543617172108842
 0
 0
 0
 0
 0
 0
 0.004225679870449032
 0
 0
 0.0004543617172108842
 0
 0
 0
 0
 0
 0
 0.004225679870449032
 0
 0
 0
 0
 0
 0
 0
 0
 0
 0.004225679870449032
 0
 0
 0
 0
 0
 0
 0
 0
 0
 0.004225679870449032
 0
 0
 0
 0
 0
 0
 0
 0
 0
 0
 0
 0
 0
 0
 0
 0
 0
 0
 0
 0
 0
 0
 0
 0
 0
 0
 0
 0
 0
 0
 0
 0
 0
 0
 0
 0
 0
 0
 0
 0
 0
 0
 0
 0
 0
 0
 0
 0
 0
 0
 0
