# Created by Octave 3.2.4, Wed Feb 06 03:24:03 2013 EST <rbom@zaphod>
# name: small_First_Fit
# type: matrix
# ndims: 3
 1 10 30
 3.951557820097153e-09
 9.093863387046363e-12
 7.103241198207008e-12
 2.191395560621002e-08
 3.877595790392863e-10
 4.897435422028399e-12
 1.832924580409327e-11
 1.037983256089347e-11
 3.377499592284125e-12
 2.399608236711698e-12
 3.951557820097153e-09
 4.449618778295874e-09
 1.607369627377628e-09
 5.826047143105576e-07
 3.877595790392863e-10
 4.04555655306115e-06
 6.158259861227416e-09
 6.224450395616458e-11
 4.598040038896213e-11
 4.250442665280009e-10
 9.01463978545154e-08
 1.441914423201755e-06
 3.276324665172343e-08
 5.826047143105576e-07
 5.53850031624487e-09
 0.0008218835597084606
 2.365008441550664e-07
 1.959439030968272e-08
 4.598040038896213e-11
 1.540044400926441e-08
 1.546708190965634e-05
 4.280854295486474e-05
 1.006455023348554e-07
 5.826047143105576e-07
 1.267426382389052e-07
 0.01064472606018128
 6.385620069679259e-06
 4.432052029750476e-06
 1.24110048174332e-08
 1.540044400926441e-08
 5.357753615510991e-05
 4.280854295486474e-05
 3.937106136702933e-06
 1.050964847333462e-05
 1.796723477008508e-06
 0.01064472606018128
 4.296753927748498e-05
 0.0003305389094484569
 3.766476581196877e-08
 5.179378965730871e-06
 5.357753615510991e-05
 0.0008218835597084606
 3.937106136702933e-06
 1.050964847333462e-05
 6.819781376926027e-05
 0.01064472606018128
 4.296753927748498e-05
 0.0003506824674124018
 6.700456398162351e-06
 5.76493146930904e-05
 0.001618418919376681
 0.0009554924870994147
 3.937106136702933e-06
 0.0001527634269068775
 6.819781376926027e-05
 0.01064472606018128
 6.800694766028957e-05
 0.001760435581104275
 3.914227589692289e-05
 5.76493146930904e-05
 0.001618418919376681
 0.0009554924870994147
 3.813218494233682e-05
 0.0001527634269068775
 0.00096770994535364
 0.01064472606018128
 0.000312602349226158
 0.0003506824674124018
 3.914227589692289e-05
 7.76713080241205e-05
 0.001618418919376681
 0.0008218835597084606
 7.236147098075566e-05
 0.001048485323066203
 0.003514524297499426
 0.02896721197339715
 0.00084718543338987
 0.0003506824674124018
 3.914227589692289e-05
 5.76493146930904e-05
 0.001618418919376681
 0.0009554924870994147
 7.236147098075566e-05
 0.001062199715679868
 0.003514524297499426
 0.02896721197339715
 0.00084718543338987
 0.0003506824674124018
 3.914227589692289e-05
 7.76713080241205e-05
 0.004840364240612704
 0.003047058796094455
 0.000700840275034913
 0.01064472606018128
 0.01064472606018128
 0.02896721197339715
 0.002966880700201925
 0.0003506824674124018
 3.914227589692289e-05
 5.76493146930904e-05
 0.004840364240612704
 0.003047058796094455
 0.000700840275034913
 0.01064472606018128
 0.01064472606018128
 0.02896721197339715
 0.002966880700201925
 0.0003506824674124018
 3.914227589692289e-05
 0.0006035276071454537
 0.004840364240612704
 0.01064472606018128
 0.0009397842782542684
 0.01064472606018128
 0.02896721197339715
 0.02896721197339715
 0.02896721197339715
 0.001760435581104275
 3.914227589692289e-05
 0.0006035276071454537
 0.004840364240612704
 0.01064472606018128
 0.0009397842782542684
 0.02896721197339715
 0.01064472606018128
 0.02896721197339715
 0.02896721197339715
 0.003047058796094455
 0
 0.0006035276071454537
 0.004840364240612704
 0.003047058796094455
 0.00591515728854678
 0.02896721197339715
 0.01064472606018128
 0.02896721197339715
 0.02896721197339715
 0.003047058796094455
 0
 0.001760435581104275
 0.004840364240612704
 0.003047058796094455
 0.008457933087782929
 0.02896721197339715
 0.01064472606018128
 0
 0.02896721197339715
 0.003047058796094455
 0
 0.001760435581104275
 0.004840364240612704
 0.003047058796094455
 0.008457933087782929
 0.02896721197339715
 0.02896721197339715
 0
 0.02896721197339715
 0.02896721197339715
 0
 0.003047058796094455
 0
 0.003047058796094455
 0.02896721197339715
 0.02896721197339715
 0.02896721197339715
 0
 0.02896721197339715
 0.02896721197339715
 0
 0.003047058796094455
 0
 0.003047058796094455
 0.02896721197339715
 0.02896721197339715
 0.02896721197339715
 0
 0.02896721197339715
 0.02896721197339715
 0
 0.003047058796094455
 0
 0
 0.02896721197339715
 0.02896721197339715
 0.02896721197339715
 0
 0
 0.02896721197339715
 0
 0.003047058796094455
 0
 0
 0.02896721197339715
 0
 0.02896721197339715
 0
 0
 0.02896721197339715
 0
 0.003047058796094455
 0
 0
 0.02896721197339715
 0
 0.02896721197339715
 0
 0
 0.02896721197339715
 0
 0.02896721197339715
 0
 0
 0.02896721197339715
 0
 0.02896721197339715
 0
 0
 0.02896721197339715
 0
 0.02896721197339715
 0
 0
 0.02896721197339715
 0
 0
 0
 0
 0
 0
 0.02896721197339715
 0
 0
 0
 0
 0
 0
 0
 0
 0
 0.02896721197339715
 0
 0
 0
 0
 0
 0
 0
 0
 0
 0.02896721197339715
 0
 0
 0
 0
 0
 0
 0
 0
 0
 0.02896721197339715
 0
 0
 0
 0
 0
 0
 0
 0
 0
 0.02896721197339715
 0
 0
 0
 0
 0
 0
 0
 0
 0
 0
 0
 0
 0
 0
 0
 0
 0
 0
 0
 0
