# Created by Octave 3.2.4, Thu Feb 07 07:42:59 2013 EST <rbom@zaphod>
# name: small_First_Fit
# type: matrix
# ndims: 3
 1 10 30
 5.224129197723953e-13
 7.066732920026456e-14
 7.98994360068874e-18
 3.005059060938555e-12
 1.282370691584882e-15
 9.330194275297021e-09
 2.571596944273492e-19
 1.023479923055154e-18
 2.543848802480294e-20
 4.029334890825772e-16
 1.514168047449055e-10
 9.661038743643611e-13
 9.521543440373199e-13
 1.654841163123817e-09
 7.361288116249113e-11
 1.803022805320826e-08
 4.524876948647047e-16
 1.102896171895996e-16
 8.2133683778686e-17
 9.213327545478648e-14
 5.268697292449316e-08
 9.661038743643611e-13
 4.405680172480089e-09
 1.457639303265038e-06
 5.732514779002865e-09
 1.906967453392875e-06
 2.067876928059538e-12
 1.68913559883195e-15
 1.979078742455292e-12
 1.215570357316081e-11
 5.571689114165062e-06
 3.971662211821855e-09
 4.405680172480089e-09
 0.001659488554837521
 1.083601414505634e-05
 0.01445712615689137
 4.323932756181342e-10
 1.68913559883195e-15
 3.20306854023401e-09
 1.011439905546863e-09
 5.571689114165062e-06
 3.971662211821855e-09
 3.687333687208021e-06
 0.001659488554837521
 0.0001338366985526862
 0.01445712615689137
 1.493360923713916e-06
 1.934809209920487e-11
 7.310542336541169e-07
 3.20306854023401e-09
 5.571689114165062e-06
 2.82559262100802e-07
 0.002574347380360013
 0.001659488554837521
 0.0001338366985526862
 0.01445712615689137
 1.493360923713916e-06
 1.28094567038285e-10
 3.10859417780339e-05
 1.893964126136897e-07
 5.571689114165062e-06
 2.82559262100802e-07
 0.002574347380360013
 0.001659488554837521
 0.001350375973125565
 0.01445712615689137
 1.493360923713916e-06
 1.28094567038285e-10
 0.0001571765553062705
 3.10859417780339e-05
 6.071979372256464e-06
 2.988469609466503e-05
 0.002574347380360013
 0.001659488554837521
 0.01445712615689137
 0.01445712615689137
 2.026641305902433e-05
 1.28094567038285e-10
 3.10859417780339e-05
 3.10859417780339e-05
 6.071979372256464e-06
 0.002574347380360013
 0.002574347380360013
 0.001659488554837521
 0.01445712615689137
 0.01445712615689137
 2.026641305902433e-05
 4.71781457837838e-08
 3.10859417780339e-05
 3.10859417780339e-05
 6.175279315628904e-06
 0.002574347380360013
 0.002574347380360013
 0.001659488554837521
 0.01445712615689137
 0.01445712615689137
 2.026641305902433e-05
 4.71781457837838e-08
 3.10859417780339e-05
 0.0001502506288115576
 6.175279315628904e-06
 0.002574347380360013
 0.002574347380360013
 0
 0.01445712615689137
 0
 2.026641305902433e-05
 4.71781457837838e-08
 3.10859417780339e-05
 3.10859417780339e-05
 6.175279315628904e-06
 0.002574347380360013
 0.002574347380360013
 0
 0.01445712615689137
 0
 2.026641305902433e-05
 4.71781457837838e-08
 3.10859417780339e-05
 0.0001502506288115576
 6.175279315628904e-06
 0.002574347380360013
 0
 0
 0.01445712615689137
 0
 2.026641305902433e-05
 4.71781457837838e-08
 0.0001502506288115576
 3.10859417780339e-05
 7.911471225640241e-05
 0.002574347380360013
 0
 0
 0.01445712615689137
 0
 2.026641305902433e-05
 4.71781457837838e-08
 0.0001502506288115576
 3.10859417780339e-05
 7.911471225640241e-05
 0.002574347380360013
 0
 0
 0
 0
 0
 0.0001338366985526862
 0.0001502506288115576
 3.10859417780339e-05
 7.911471225640241e-05
 0
 0
 0
 0
 0
 0
 0.0001338366985526862
 0.0001502506288115576
 3.10859417780339e-05
 7.911471225640241e-05
 0
 0
 0
 0
 0
 0
 0.0001338366985526862
 0.0001502506288115576
 0.0001502506288115576
 7.911471225640241e-05
 0
 0
 0
 0
 0
 0
 0.01445712615689137
 0.0001502506288115576
 0.0001502506288115576
 7.911471225640241e-05
 0
 0
 0
 0
 0
 0
 0.01445712615689137
 0.0001502506288115576
 0.0002162181289508549
 7.911471225640241e-05
 0
 0
 0
 0
 0
 0
 0.01445712615689137
 0
 0.0002162181289508549
 0
 0
 0
 0
 0
 0
 0
 0.01445712615689137
 0
 0.0001502506288115576
 0
 0
 0
 0
 0
 0
 0
 0.01445712615689137
 0
 0.0001502506288115576
 0
 0
 0
 0
 0
 0
 0
 0.01445712615689137
 0
 0.0001502506288115576
 0
 0
 0
 0
 0
 0
 0
 0.01445712615689137
 0
 0.0001502506288115576
 0
 0
 0
 0
 0
 0
 0
 0
 0
 0.0001502506288115576
 0
 0
 0
 0
 0
 0
 0
 0
 0
 0
 0
 0
 0
 0
 0
 0
 0
 0
 0
 0
 0
 0
 0
 0
 0
 0
 0
 0
 0
 0
 0
 0
 0
 0
 0
 0
 0
 0
 0
 0
 0
 0
 0
 0
 0
 0
 0
 0
 0
 0
