# Created by Octave 3.2.4, Wed Feb 06 01:36:26 2013 EST <rbom@zaphod>
# name: small_First_Fit
# type: matrix
# ndims: 3
 1 10 30
 1.36068694996891e-13
 7.763975779303493e-15
 6.111905361274835e-16
 7.804101676167324e-16
 4.363947858338068e-13
 2.96675650043166e-12
 2.712524311853428e-17
 2.791662705245019e-11
 4.712677937051998e-14
 1.139891794937683e-13
 1.448387081347314e-11
 2.163506783376614e-08
 2.148778630142067e-11
 4.861321659730477e-14
 2.345120312444968e-12
 1.163861531962223e-09
 6.776524768768151e-11
 7.785441168499547e-10
 2.459287865103178e-11
 9.535188395939554e-11
 2.21946115999541e-10
 2.163506783376614e-08
 1.074699384216591e-08
 3.743388246962315e-13
 1.121218132420825e-09
 1.163861531962223e-09
 4.653283762049495e-09
 2.359658185615671e-08
 7.53895944555594e-10
 4.283112783353558e-08
 2.21946115999541e-10
 2.703607359139845e-07
 2.531822464279502e-07
 3.743388246962315e-13
 1.121218132420825e-09
 7.992575532887451e-08
 2.410675120447788e-07
 1.07855307887428e-07
 1.136306475076832e-08
 5.780025547612931e-05
 8.121940254831283e-08
 2.703607359139845e-07
 5.085933640950992e-06
 1.123367613010112e-12
 1.121218132420825e-09
 7.992575532887451e-08
 2.410675120447788e-07
 1.07855307887428e-07
 1.136306475076832e-08
 0.0005018131471234767
 7.051749456100471e-06
 2.703607359139845e-07
 4.347866731673745e-05
 1.212583009555793e-09
 2.455943341835887e-08
 7.992575532887451e-08
 1.183784496657685e-05
 1.07855307887428e-07
 7.17197545442209e-07
 0.0005588105091540632
 7.051749456100471e-06
 1.938837409966197e-05
 0.0001593180595530184
 1.212583009555793e-09
 2.455943341835887e-08
 7.992575532887451e-08
 1.183784496657685e-05
 3.315236980198525e-07
 7.17197545442209e-07
 0.0005588105091540632
 7.051749456100471e-06
 1.938837409966197e-05
 0.0001593180595530184
 1.212583009555793e-09
 2.455943341835887e-08
 2.766039117291068e-06
 1.183784496657685e-05
 1.468685770846537e-06
 2.45476656831971e-05
 0.0005588105091540632
 7.051749456100471e-06
 1.938837409966197e-05
 0.0007767404454201993
 1.427417188495125e-08
 1.686563718432332e-06
 2.766039117291068e-06
 0.0007018435401399244
 1.468685770846537e-06
 2.45476656831971e-05
 0.002563200639875994
 9.741523461084022e-06
 1.938837409966197e-05
 0.0007767404454201993
 1.427417188495125e-08
 1.686563718432332e-06
 2.766039117291068e-06
 0.0007018435401399244
 1.468685770846537e-06
 2.45476656831971e-05
 0.002563200639875994
 9.741523461084022e-06
 0.0007367677371096442
 0.0007767404454201993
 4.299446356387926e-07
 1.686563718432332e-06
 2.766039117291068e-06
 0.0009126093548412021
 1.468685770846537e-06
 2.45476656831971e-05
 0.002563200639875994
 2.319856175705292e-05
 0.0007367677371096442
 0.0007767404454201993
 4.299446356387926e-07
 1.686563718432332e-06
 2.766039117291068e-06
 0.0009739615185980655
 1.468685770846537e-06
 2.45476656831971e-05
 0.002563200639875994
 0.0003123468362368728
 0.01635228015574001
 0.0007767404454201993
 5.457103790209357e-07
 1.686563718432332e-06
 2.766039117291068e-06
 0.0009739615185980655
 1.468685770846537e-06
 2.45476656831971e-05
 0.002563200639875994
 0.0003123468362368728
 0.01635228015574001
 0.0007767404454201993
 2.952544559992621e-05
 1.686563718432332e-06
 2.766039117291068e-06
 0.0009739615185980655
 1.468685770846537e-06
 5.396210793243442e-05
 0.002563200639875994
 0.005247733669543861
 0.01635228015574001
 0.0007767404454201993
 3.747460441705378e-05
 1.686563718432332e-06
 0
 0.0009739615185980655
 0
 5.396210793243442e-05
 0.01635228015574001
 0.005247733669543861
 0.01635228015574001
 0
 3.747460441705378e-05
 0
 0
 0.0009739615185980655
 0
 0.0003451565624279553
 0.01635228015574001
 0.01635228015574001
 0.01635228015574001
 0
 5.18515111536051e-05
 0
 0
 0.003050140040411099
 0
 5.396210793243442e-05
 0.01635228015574001
 0.01635228015574001
 0.01635228015574001
 0
 3.747460441705378e-05
 0
 0
 0.001518671980496766
 0
 5.396210793243442e-05
 0.01635228015574001
 0.01635228015574001
 0.01635228015574001
 0
 3.747460441705378e-05
 0
 0
 0.003050140040411099
 0
 5.396210793243442e-05
 0.01635228015574001
 0.01635228015574001
 0
 0
 3.747460441705378e-05
 0
 0
 0.00243814344859494
 0
 0.003157659478735404
 0.01635228015574001
 0.01635228015574001
 0
 0
 3.747460441705378e-05
 0
 0
 0.00243814344859494
 0
 0.003157659478735404
 0.01635228015574001
 0.01635228015574001
 0
 0
 3.747460441705378e-05
 0
 0
 0.00243814344859494
 0
 0.003157659478735404
 0
 0.01635228015574001
 0
 0
 3.747460441705378e-05
 0
 0
 0.00243814344859494
 0
 0.003157659478735404
 0
 0
 0
 0
 0
 0
 0
 0.00243814344859494
 0
 0.003157659478735404
 0
 0
 0
 0
 0
 0
 0
 0.00243814344859494
 0
 0.003157659478735404
 0
 0
 0
 0
 0
 0
 0
 0
 0
 0.003157659478735404
 0
 0
 0
 0
 0
 0
 0
 0
 0
 0
 0
 0
 0
 0
 0
 0
 0
 0
 0
 0
 0
 0
 0
 0
 0
 0
 0
 0
 0
 0
 0
 0
 0
 0
 0
 0
 0
 0
 0
 0
 0
