# Created by Octave 3.2.4, Mon Feb 04 03:46:43 2013 EST <rbom@zaphod>
# name: small_First_Fit
# type: matrix
# ndims: 3
 1 10 30
 1.450720275750576e-08
 8.70035824803435e-08
 1.283525451718678e-10
 4.494423977209333e-11
 1.119291209084708e-11
 3.732968471812027e-11
 1.033750557073691e-13
 1.982308575355627e-14
 5.627489673664687e-13
 3.700349372401392e-14
 1.324175964055453e-07
 8.130037414539454e-07
 2.452038218533069e-09
 3.357232655850201e-09
 5.304361328885256e-08
 2.35490056793251e-08
 2.410532758597767e-12
 2.215244748788987e-10
 2.740194264429399e-10
 3.140666155172351e-11
 1.324175964055453e-07
 8.130037414539454e-07
 2.601974240663457e-08
 8.958006829352437e-08
 3.391524635585666e-07
 3.373292593791799e-07
 2.410532758597767e-12
 1.193086482754218e-06
 3.810120283492371e-06
 5.060980489176634e-09
 8.008182304331942e-07
 8.130037414539454e-07
 1.301943956784814e-07
 8.958006829352437e-08
 2.134391555263494e-06
 3.368390156987849e-06
 4.626185756873778e-11
 4.487570626311129e-05
 3.810120283492371e-06
 5.282875239025021e-07
 8.008182304331942e-07
 8.130037414539454e-07
 9.720912531281809e-06
 1.72759960824625e-06
 5.601586040395719e-05
 0.0001339819841259157
 1.477329073924197e-09
 0.0004612643421387055
 3.074452070547841e-05
 3.76009954806955e-05
 8.008182304331942e-07
 8.130037414539454e-07
 1.360920413412645e-05
 3.197628227659867e-05
 5.601586040395719e-05
 0.0009810444994084358
 1.433200932289638e-07
 0.0009810444994084358
 7.364263732961929e-05
 0.0002759949607766564
 1.687226876863277e-06
 8.130037414539454e-07
 0.0002046611036996955
 3.197628227659867e-05
 0.0008700190764234728
 0.0009810444994084358
 1.433200932289638e-07
 0.0009810444994084358
 7.364263732961929e-05
 0.0002759949607766564
 0.0009687698132943303
 9.347162794454671e-07
 0.0002046611036996955
 0.0006963512581169985
 0.0008700190764234728
 0.0009810444994084358
 1.433200932289638e-07
 0.0009810444994084358
 0.0001761914929721062
 0.0002759949607766564
 0.02372139306716586
 8.130037414539454e-07
 0.0002046611036996955
 0.0006963512581169985
 0.004864750618314125
 0.0009810444994084358
 0.0003692704452797955
 0.0009810444994084358
 0.0001761914929721062
 0.0002759949607766564
 0.02372139306716586
 0.0008286079392276529
 0.0009810444994084358
 0.0006963512581169985
 0.004874124553610853
 0.0009810444994084358
 0.0003692704452797955
 0.0009810444994084358
 0.001838419884607418
 0.001153502462908944
 0.02372139306716586
 0.0008286079392276529
 0.0009810444994084358
 0.0006963512581169985
 0.004874124553610853
 0.0009810444994084358
 0.0003692704452797955
 0.0009810444994084358
 0.001838419884607418
 0.001153502462908944
 0.02372139306716586
 0.0008286079392276529
 0.0009810444994084358
 0.0006963512581169985
 0.004874124553610853
 0.0009810444994084358
 0.0003692704452797955
 0.0009810444994084358
 0.002081568216750403
 0.001153502462908944
 0.02372139306716586
 0.0008286079392276529
 0.0009810444994084358
 0.0006963512581169985
 0.004864750618314125
 0.0009810444994084358
 0.0003692704452797955
 0.0009810444994084358
 0.001838419884607418
 0.001153502462908944
 0.02372139306716586
 0.0008286079392276529
 0.0009810444994084358
 0.0006963512581169985
 0.004874124553610853
 0.0009810444994084358
 0.0003692704452797955
 0.007024537335341456
 0.002081568216750403
 0.001153502462908944
 0.02372139306716586
 0.0008286079392276529
 0.0009810444994084358
 0.0006963512581169985
 0.004874124553610853
 0.0009810444994084358
 0.0003692704452797955
 0.007024537335341456
 0.001838419884607418
 0.001153502462908944
 0.02372139306716586
 0.0008286079392276529
 0.0009810444994084358
 0.0006963512581169985
 0.004864750618314125
 0.0009810444994084358
 0.0003692704452797955
 0.007024537335341456
 0.001838419884607418
 0.0112187287531808
 0.02372139306716586
 0.0008286079392276529
 0.0009810444994084358
 0.0006963512581169985
 0.004864750618314125
 0.0009810444994084358
 0.0003692704452797955
 0.007024537335341456
 0.001838419884607418
 0.0112187287531808
 0.02372139306716586
 0.0008286079392276529
 0.0009810444994084358
 0.0006963512581169985
 0.004864750618314125
 0.0009810444994084358
 0.0003692704452797955
 0.007024537335341456
 0.001838419884607418
 0.0112187287531808
 0.02372139306716586
 0.0008286079392276529
 0.0009810444994084358
 0.0006963512581169985
 0.004864750618314125
 0.0009810444994084358
 0.0003692704452797955
 0.007024537335341456
 0.001838419884607418
 0.0112187287531808
 0.02372139306716586
 0.0008286079392276529
 0.0009810444994084358
 0.0006963512581169985
 0.004874124553610853
 0.0009810444994084358
 0.0003692704452797955
 0.007024537335341456
 0.002081568216750403
 0.0112187287531808
 0.02372139306716586
 0.0008286079392276529
 0.0009810444994084358
 0.0006963512581169985
 0.004864750618314125
 0.0009810444994084358
 0.0003692704452797955
 0.007024537335341456
 0.002081568216750403
 0.0112187287531808
 0.02372139306716586
 0.0008286079392276529
 0.0009810444994084358
 0.0006963512581169985
 0.004864750618314125
 0.0009810444994084358
 0.0003692704452797955
 0.007024537335341456
 0.001838419884607418
 0.0112187287531808
 0.02372139306716586
 0.0008286079392276529
 0.0009810444994084358
 0.0006963512581169985
 0.004864750618314125
 0.0009810444994084358
 0.0003692704452797955
 0.007024537335341456
 0.001838419884607418
 0.0112187287531808
 0.02372139306716586
 0.0008286079392276529
 0.0009810444994084358
 0.0006963512581169985
 0.004864750618314125
 0.0009810444994084358
 0.0003692704452797955
 0.007024537335341456
 0.001838419884607418
 0.0112187287531808
 0.02372139306716586
 0.0008286079392276529
 0.0009810444994084358
 0.0006963512581169985
 0.004864750618314125
 0.0009810444994084358
 0.0003692704452797955
 0.007024537335341456
 0.001838419884607418
 0.0112187287531808
 0.02372139306716586
 0.0008286079392276529
 0.0009810444994084358
 0.0006963512581169985
 0.004864750618314125
 0.0009810444994084358
 0.0003692704452797955
 0.007024537335341456
 0.001838419884607418
 0.0112187287531808
 0.02372139306716586
 0.0008286079392276529
 0.0009810444994084358
 0.0006963512581169985
 0.004864750618314125
 0.0009810444994084358
 0.0003692704452797955
 0.007024537335341456
 0.001838419884607418
 0.0112187287531808
 0.02372139306716586
 0.0008286079392276529
 0.0009810444994084358
 0.0006963512581169985
 0.004864750618314125
 0.0009810444994084358
 0.0003692704452797955
 0.007024537335341456
 0.001838419884607418
 0.0112187287531808
 0.02372139306716586
 0.0008286079392276529
 0.0009810444994084358
 0.0006963512581169985
 0.004864750618314125
 0.0009810444994084358
 0.0003692704452797955
 0.007024537335341456
 0.001838419884607418
 0.0112187287531808
 0.02372139306716586
 0.0008286079392276529
 0.0009810444994084358
 0.0006963512581169985
 0.004864750618314125
 0.0009810444994084358
 0.0003692704452797955
 0.007024537335341456
 0.002081568216750403
 0.0112187287531808
