# Created by Octave 3.2.4, Thu Feb 07 05:31:13 2013 EST <rbom@zaphod>
# name: small_First_Fit
# type: matrix
# ndims: 3
 1 10 30
 3.10570120451275e-12
 5.297509106617221e-13
 4.308152561862846e-15
 4.857630208045132e-13
 1.624233660319583e-12
 3.670114373779537e-12
 3.894019433668432e-10
 4.438578489582213e-10
 3.774375611554153e-12
 9.320794633765775e-11
 5.046711539351391e-11
 3.395500562318263e-08
 5.949148574927662e-09
 6.601552888405201e-11
 6.000495918115126e-10
 1.504872388278891e-10
 6.658358507940685e-08
 4.902734319817902e-07
 1.398092754083945e-10
 3.385190153487307e-09
 1.608762148062498e-09
 1.495537093359406e-05
 2.284338215864498e-06
 4.628575375401266e-09
 2.95631867343751e-08
 9.587010386214751e-09
 1.017399297112101e-05
 4.902734319817902e-07
 5.656273996893445e-10
 3.385190153487307e-09
 1.845310316877082e-08
 9.950433449306172e-05
 6.095806134491909e-05
 2.667906404142684e-08
 7.104273933624839e-07
 1.33705772546783e-06
 1.017399297112101e-05
 2.678019492601706e-05
 2.095176281136478e-08
 3.385190153487307e-09
 1.345397839321323e-08
 9.950433449306172e-05
 0.0003871791163769259
 2.370313312165427e-08
 7.104273933624839e-07
 4.969515092015213e-05
 3.044274349734026e-05
 2.678019492601706e-05
 3.322527395308593e-07
 2.301491631792238e-07
 1.140267074349134e-09
 9.950433449306172e-05
 0.0003871791163769259
 2.370313312165427e-08
 2.492791854437504e-06
 4.969515092015213e-05
 0.0001694191636614898
 2.678019492601706e-05
 0.0003871791163769259
 2.301491631792238e-07
 6.446235003651227e-08
 9.950433449306172e-05
 0.0003871791163769259
 2.667906404142684e-08
 5.673216621899685e-05
 4.969515092015213e-05
 0.0001694191636614898
 2.678019492601706e-05
 0.0003871791163769259
 1.114528592219275e-06
 7.051446291229433e-07
 0.0004965806099093735
 0.0003871791163769259
 2.667906404142684e-08
 0.0006285987983286988
 4.969515092015213e-05
 0.0004056840009687197
 0.002279280369319854
 0.0003871791163769259
 1.152389216302272e-05
 7.051446291229433e-07
 0.0004965806099093735
 0.0003871791163769259
 1.315718514835796e-06
 0.0006285987983286988
 4.969515092015213e-05
 0.0004056840009687197
 0.002279280369319854
 0.003696405448622371
 0.000105439997153586
 7.051446291229433e-07
 0.0004965806099093735
 0.0003871791163769259
 1.315718514835796e-06
 0.004376071487352487
 4.969515092015213e-05
 0.0004056840009687197
 0.002279280369319854
 0.003696405448622371
 0.000105439997153586
 2.893139530396188e-05
 0.001942412856252716
 0.0003871791163769259
 0.001061195837738133
 0.004376071487352487
 4.969515092015213e-05
 0.0004056840009687197
 0.002279280369319854
 0.003696405448622371
 0.000105439997153586
 2.893139530396188e-05
 0.0004997680737999066
 0
 0.001061195837738133
 0.004376071487352487
 0
 0.0004056840009687197
 0.002279280369319854
 0.003696405448622371
 0.0002277891281401578
 9.908585615240048e-06
 0.0007952937674097091
 0
 0.001061195837738133
 0.02949252689345189
 0
 0.0004056840009687197
 0.002279280369319854
 0.003696405448622371
 0.0002277891281401578
 9.908585615240048e-06
 0.001942412856252716
 0
 0.001061195837738133
 0.02949252689345189
 0
 0.0004056840009687197
 0.002279280369319854
 0.003696405448622371
 0.0002277891281401578
 9.886830724118919e-05
 0.0006549877644326308
 0
 0.001061195837738133
 0.02949252689345189
 0
 0
 0
 0.003696405448622371
 0.0002277891281401578
 9.886830724118919e-05
 0.001942412856252716
 0
 0.001061195837738133
 0.02949252689345189
 0
 0
 0
 0
 0.0002277891281401578
 9.886830724118919e-05
 0.005825980633492653
 0
 0.001061195837738133
 0.02949252689345189
 0
 0
 0
 0
 0.0002277891281401578
 0.0001556162717847777
 0.005825980633492653
 0
 0
 0.02949252689345189
 0
 0
 0
 0
 0.0002277891281401578
 0.0001556162717847777
 0.005825980633492653
 0
 0
 0.02949252689345189
 0
 0
 0
 0
 0
 0.0001556162717847777
 0.02949252689345189
 0
 0
 0
 0
 0
 0
 0
 0
 0.0001556162717847777
 0.02949252689345189
 0
 0
 0
 0
 0
 0
 0
 0
 0.0001556162717847777
 0.02949252689345189
 0
 0
 0
 0
 0
 0
 0
 0
 0.0001556162717847777
 0.02949252689345189
 0
 0
 0
 0
 0
 0
 0
 0
 0.0001556162717847777
 0.005825980633492653
 0
 0
 0
 0
 0
 0
 0
 0
 0
 0.02949252689345189
 0
 0
 0
 0
 0
 0
 0
 0
 0
 0.02949252689345189
 0
 0
 0
 0
 0
 0
 0
 0
 0
 0.02949252689345189
 0
 0
 0
 0
 0
 0
 0
 0
 0
 0.02949252689345189
 0
 0
 0
 0
 0
 0
 0
 0
 0
 0.02949252689345189
 0
 0
 0
 0
 0
 0
 0
 0
 0
 0.02949252689345189
 0
 0
 0
 0
 0
 0
 0
 0
