# Created by Octave 3.2.4, Tue Feb 05 13:41:33 2013 EST <rbom@zaphod>
# name: small_First_Fit
# type: matrix
# ndims: 3
 1 10 30
 1.702463618319606e-10
 2.333740540634402e-20
 1.625932130551225e-17
 2.637360337738939e-21
 2.080933219758321e-19
 1.657194617784214e-13
 5.860069429055901e-19
 2.937172582472017e-19
 5.651480525577165e-17
 1.409532870602062e-15
 6.511555846622976e-09
 7.120949982164035e-16
 8.673065776558933e-15
 2.51934059692422e-12
 8.829755163228453e-12
 2.1316036524419e-10
 5.222038673974905e-18
 3.778623455735884e-16
 2.260633124699879e-13
 8.007332022112341e-13
 6.511555846622976e-09
 1.873220737196476e-14
 2.453118771181202e-11
 5.190799996646543e-11
 8.829755163228453e-12
 3.152273031391321e-08
 1.357155100297109e-16
 2.088760990128311e-13
 6.077446606037021e-11
 7.260990489152003e-12
 3.587296539132682e-06
 8.140496830765216e-13
 2.453118771181202e-11
 2.058932247327612e-10
 1.230027288933181e-08
 3.152273031391321e-08
 2.159662164396437e-13
 1.021907141005857e-11
 8.620468804967265e-09
 7.260990489152003e-12
 3.587296539132682e-06
 9.595182432463984e-07
 2.01019746621839e-09
 5.212609986411912e-08
 4.079812468976736e-07
 3.152273031391321e-08
 1.214739173251144e-10
 1.021907141005857e-11
 3.399091973363803e-08
 7.260990489152003e-12
 3.587296539132682e-06
 9.595182432463984e-07
 4.864027241876122e-08
 3.768720810320904e-06
 6.018804273543366e-07
 1.136848406254899e-06
 1.214739173251144e-10
 9.250926915282306e-10
 8.620468804967265e-09
 6.708456138612614e-11
 0.0003435404426428834
 3.234596731886367e-06
 8.247866881623614e-06
 0.0002349128769020595
 9.928514281261875e-05
 0.001752378186280612
 1.214739173251144e-10
 5.940894067070913e-08
 4.6393365339453e-06
 2.167395649107915e-08
 0.02860956962815972
 3.234596731886367e-06
 8.247866881623614e-06
 0.0002349128769020595
 9.928514281261875e-05
 0.001752378186280612
 1.214739173251144e-10
 5.940894067070913e-08
 0.0008094920984435552
 1.226053539731148e-05
 0.0828600294943493
 9.595182432463984e-07
 8.247866881623614e-06
 0.0002349128769020595
 9.928514281261875e-05
 0.001752378186280612
 5.244445335848926e-10
 5.940894067070913e-08
 0.0008094920984435552
 0.001023444050966873
 0.0828600294943493
 9.595182432463984e-07
 8.247866881623614e-06
 0.0002349128769020595
 0.001776236123864225
 0.001752378186280612
 5.244445335848926e-10
 5.940894067070913e-08
 0.0008094920984435552
 0.02860956962815972
 0.0828600294943493
 3.234596731886367e-06
 0.007292450010515703
 0.0002349128769020595
 0.001776236123864225
 0.0828600294943493
 1.062754412965635e-09
 8.731941551955921e-06
 0.0008094920984435552
 0.0828600294943493
 0.0828600294943493
 9.595182432463984e-07
 0.007292450010515703
 0.0002349128769020595
 0.001776236123864225
 0.0828600294943493
 3.077898205684891e-05
 2.556743802414488e-05
 0.001776236123864225
 0.0828600294943493
 0.0828600294943493
 3.234596731886367e-06
 0.007292450010515703
 0.0002349128769020595
 0.001776236123864225
 0.0828600294943493
 0.0828600294943493
 0.004273950881757216
 0.001776236123864225
 0.0828600294943493
 0.0828600294943493
 0.02860956962815972
 0.007292450010515703
 0
 0.001776236123864225
 0.0828600294943493
 0.0828600294943493
 0.007292450010515703
 0.001776236123864225
 0.0828600294943493
 0.0828600294943493
 0.0828600294943493
 0.007292450010515703
 0
 0.001776236123864225
 0.0828600294943493
 0.0828600294943493
 0.007292450010515703
 0.001776236123864225
 0.0828600294943493
 0
 0.0828600294943493
 0.007292450010515703
 0
 0.001776236123864225
 0.0828600294943493
 0.0828600294943493
 0.007292450010515703
 0.001776236123864225
 0.0828600294943493
 0
 0.0828600294943493
 0.007292450010515703
 0
 0
 0.0828600294943493
 0.0828600294943493
 0.007292450010515703
 0.001776236123864225
 0.0828600294943493
 0
 0.0828600294943493
 0
 0
 0
 0
 0.0828600294943493
 0.007292450010515703
 0.001776236123864225
 0
 0
 0.0828600294943493
 0
 0
 0
 0
 0.0828600294943493
 0.007292450010515703
 0
 0
 0
 0.0828600294943493
 0
 0
 0
 0
 0
 0.007292450010515703
 0
 0
 0
 0.0828600294943493
 0
 0
 0
 0
 0
 0
 0
 0
 0
 0
 0
 0
 0
 0
 0
 0
 0
 0
 0
 0
 0
 0
 0
 0
 0
 0
 0
 0
 0
 0
 0
 0
 0
 0
 0
 0
 0
 0
 0
 0
 0
 0
 0
 0
 0
 0
 0
 0
 0
 0
 0
 0
 0
 0
 0
 0
 0
 0
 0
 0
 0
 0
 0
 0
 0
 0
 0
 0
 0
 0
 0
 0
 0
 0
 0
 0
 0
 0
 0
 0
 0
 0
 0
 0
 0
 0
 0
 0
 0
 0
 0
 0
 0
 0
 0
 0
 0
 0
