# Created by Octave 3.2.4, Wed Feb 06 23:01:03 2013 EST <rbom@zaphod>
# name: small_First_Fit
# type: matrix
# ndims: 3
 1 10 30
 1.673736607752228e-13
 1.046575793330934e-14
 2.048243780782097e-17
 7.881205238252579e-18
 6.105920757783947e-14
 4.96506490457257e-16
 5.03435979891972e-17
 2.340871896802376e-17
 1.824184019107851e-16
 1.608485458619832e-15
 9.364273067828466e-12
 5.582975238522147e-13
 9.645873430151123e-13
 9.550321047737957e-14
 4.888379726372007e-09
 6.383314039794911e-11
 1.404807733606157e-13
 7.05120310131195e-14
 1.428676869933041e-11
 4.413169219575328e-13
 9.364273067828466e-12
 4.985829973428476e-10
 3.019488860091301e-09
 5.018151470782038e-12
 7.363720472363267e-07
 6.383314039794911e-11
 5.030251442288957e-11
 7.05120310131195e-14
 1.428676869933041e-11
 1.123630783705603e-07
 2.847715789419318e-10
 1.335298409982998e-07
 3.896722025064529e-07
 1.403370970063399e-09
 1.818139317893773e-05
 6.383314039794911e-11
 1.952915521597628e-07
 5.269398655346086e-12
 7.142086139865713e-10
 1.123630783705603e-07
 5.732750780571482e-08
 1.335298409982998e-07
 3.896722025064529e-07
 9.000400391890836e-07
 0.000614842484809124
 6.383314039794911e-11
 1.952915521597628e-07
 6.548736209265564e-10
 7.142086139865713e-10
 3.32634722858285e-05
 2.821009830096702e-07
 1.335298409982998e-07
 1.971727557178719e-05
 9.420598858275389e-06
 0.02233240805294101
 6.383314039794911e-11
 2.671532885140895e-06
 4.814318257928112e-08
 1.444529339080558e-08
 0.001895611527789007
 5.413740596901839e-06
 7.388764701232037e-05
 0.0003754982220524578
 0.0005506725073409102
 0.02233240805294101
 2.165952272875161e-08
 2.671532885140895e-06
 7.899015088687974e-08
 1.339543706825067e-06
 0.001895611527789007
 5.413740596901839e-06
 7.388764701232037e-05
 0.0003754982220524578
 0.0005506725073409102
 0.02233240805294101
 5.9027447852095e-05
 3.338134518032609e-05
 2.705105243064185e-06
 1.339543706825067e-06
 0.001895611527789007
 0.0001211286409579334
 7.388764701232037e-05
 0.0003754982220524578
 0.0005506725073409102
 0.02233240805294101
 0.000321637272347333
 3.338134518032609e-05
 2.705105243064185e-06
 1.339543706825067e-06
 0.001895611527789007
 0.0001211286409579334
 0.000321637272347333
 0.009282727573487852
 0.0005506725073409102
 0.02233240805294101
 0.000321637272347333
 3.338134518032609e-05
 2.705105243064185e-06
 1.339543706825067e-06
 0.001895611527789007
 0.0001211286409579334
 0.000321637272347333
 0.009282727573487852
 0.0005506725073409102
 0.02233240805294101
 0.000321637272347333
 3.338134518032609e-05
 2.705105243064185e-06
 1.339543706825067e-06
 0.001895611527789007
 0.0001211286409579334
 0.000321637272347333
 0.009282727573487852
 0.0005506725073409102
 0.02233240805294101
 0.000321637272347333
 0.001710590218579096
 0.0003249652387157389
 0.0001519166614858003
 0.001895611527789007
 0.0001211286409579334
 0.000321637272347333
 0.009282727573487852
 0.0005506725073409102
 0
 0.000321637272347333
 0.001710590218579096
 0.0003249652387157389
 0.0001519166614858003
 0
 0.0001211286409579334
 0.000321637272347333
 0.009282727573487852
 0
 0
 0.000321637272347333
 0.001710590218579096
 0.0003249652387157389
 0.0001519166614858003
 0
 0.0001211286409579334
 0.000321637272347333
 0.009282727573487852
 0
 0
 0.000321637272347333
 0.001710590218579096
 0.002497158019244712
 0.0001519166614858003
 0
 0
 0.000321637272347333
 0.009282727573487852
 0
 0
 0
 0.001710590218579096
 0.002497158019244712
 0.0001519166614858003
 0
 0
 0
 0
 0
 0
 0
 0.001710590218579096
 0.002497158019244712
 0.0001519166614858003
 0
 0
 0
 0
 0
 0
 0
 0.001710590218579096
 0.002497158019244712
 0.0001519166614858003
 0
 0
 0
 0
 0
 0
 0
 0
 0.002497158019244712
 0
 0
 0
 0
 0
 0
 0
 0
 0
 0.002497158019244712
 0
 0
 0
 0
 0
 0
 0
 0
 0
 0.002497158019244712
 0
 0
 0
 0
 0
 0
 0
 0
 0
 0
 0
 0
 0
 0
 0
 0
 0
 0
 0
 0
 0
 0
 0
 0
 0
 0
 0
 0
 0
 0
 0
 0
 0
 0
 0
 0
 0
 0
 0
 0
 0
 0
 0
 0
 0
 0
 0
 0
 0
 0
 0
 0
 0
 0
 0
 0
 0
 0
 0
 0
 0
 0
 0
 0
 0
 0
 0
 0
 0
 0
 0
 0
 0
 0
 0
 0
 0
 0
 0
 0
 0
 0
 0
 0
 0
 0
 0
 0
 0
 0
 0
 0
