# Created by Octave 3.2.4, Mon Feb 04 15:18:43 2013 EST <rbom@zaphod>
# name: small_First_Fit
# type: matrix
# ndims: 3
 1 10 30
 1.083353469912387e-14
 4.08379678428815e-21
 1.290977749506528e-19
 2.511139615229273e-19
 3.588862061200787e-18
 1.139699513766502e-15
 2.543299694281392e-25
 2.327525859698271e-20
 4.124669715878328e-20
 3.691963694276165e-18
 1.083353469912387e-14
 1.479569985815674e-17
 4.78072036691007e-17
 2.080722774443664e-15
 1.675029799754031e-16
 4.36191682587124e-12
 4.137885827591362e-22
 1.311400301093076e-15
 1.99399371977814e-16
 3.89008959796558e-15
 3.183405855476737e-11
 7.987062200888607e-16
 4.78072036691007e-17
 3.137565781520283e-13
 1.675029799754031e-16
 1.710501983166096e-10
 4.380766319350042e-19
 1.311400301093076e-15
 6.346135676054952e-12
 3.89008959796558e-15
 3.183405855476737e-11
 1.277416990063153e-12
 4.78072036691007e-17
 3.137565781520283e-13
 6.857200828277003e-14
 1.580680267780884e-09
 3.85352832115236e-16
 1.311400301093076e-15
 4.277803454549869e-09
 1.878989622215513e-13
 3.183405855476737e-11
 3.823263628878487e-10
 3.389500079291454e-14
 1.456530082112481e-10
 6.857200828277003e-14
 1.580680267780884e-09
 8.348992081250953e-12
 2.734005743181162e-11
 9.306795749996467e-07
 6.261682180842059e-11
 3.183405855476737e-11
 3.823263628878487e-10
 8.855578017655379e-11
 1.456530082112481e-10
 4.361862165359992e-09
 1.580680267780884e-09
 8.348992081250953e-12
 1.544377959733584e-08
 3.899920552728663e-05
 4.30026496618707e-09
 1.414855163678074e-09
 2.913527607838524e-06
 8.855578017655379e-11
 5.240188517559958e-09
 6.637031241116046e-06
 8.460371352069811e-08
 8.348992081250953e-12
 2.408579627417049e-06
 3.899920552728663e-05
 1.117839354326425e-07
 1.414855163678074e-09
 2.913527607838524e-06
 4.600678143410162e-09
 1.000004999711667e-08
 6.637031241116046e-06
 8.460371352069811e-08
 5.615666233818838e-09
 2.408579627417049e-06
 3.899920552728663e-05
 0.0003495801744576597
 1.414855163678074e-09
 0.001851885457419689
 3.41909181389992e-08
 3.5977190229349e-07
 6.637031241116046e-06
 8.460371352069811e-08
 5.615666233818838e-09
 2.408579627417049e-06
 3.899920552728663e-05
 0.0003495801744576597
 1.414855163678074e-09
 0.001851885457419689
 1.019451624365335e-07
 3.5977190229349e-07
 6.637031241116046e-06
 8.460371352069811e-08
 1.86684902240268e-05
 2.408579627417049e-06
 3.899920552728663e-05
 0.0003495801744576597
 1.414855163678074e-09
 0.001851885457419689
 2.906016793270592e-07
 3.5977190229349e-07
 6.637031241116046e-06
 8.460371352069811e-08
 1.86684902240268e-05
 2.408579627417049e-06
 3.899920552728663e-05
 0.0003495801744576597
 1.414855163678074e-09
 0.001851885457419689
 2.906016793270592e-07
 3.5977190229349e-07
 0.0004557892591680911
 1.869305580619662e-06
 1.86684902240268e-05
 2.408579627417049e-06
 3.899920552728663e-05
 0.0003495801744576597
 1.414855163678074e-09
 0.001851885457419689
 2.906016793270592e-07
 3.5977190229349e-07
 0.0004557892591680911
 1.869305580619662e-06
 0.0002231556983337902
 2.408579627417049e-06
 0
 0.0003495801744576597
 0
 0.001851885457419689
 5.090421656657316e-06
 3.5977190229349e-07
 0.0004557892591680911
 1.869305580619662e-06
 0.0002231556983337902
 0
 0
 0.0003495801744576597
 0
 0.001851885457419689
 1.995727833692211e-05
 3.5977190229349e-07
 0.0004557892591680911
 0.0001283712124712418
 0.0002231556983337902
 0
 0
 0
 0
 0
 0.0003495801744576597
 0
 0.0004557892591680911
 0.0001283712124712418
 0.0002231556983337902
 0
 0
 0
 0
 0
 0.0003495801744576597
 0
 0.0004557892591680911
 0.0001283712124712418
 0.0002231556983337902
 0
 0
 0
 0
 0
 0.0003495801744576597
 0
 0.0004557892591680911
 0.0001283712124712418
 0.0002231556983337902
 0
 0
 0
 0
 0
 0.0003495801744576597
 0
 0
 0.0001283712124712418
 0.0002231556983337902
 0
 0
 0
 0
 0
 0.0003495801744576597
 0
 0
 0.0001283712124712418
 0
 0
 0
 0
 0
 0
 0.0003495801744576597
 0
 0
 0.0001283712124712418
 0
 0
 0
 0
 0
 0
 0.0003495801744576597
 0
 0
 0
 0
 0
 0
 0
 0
 0
 0
 0
 0
 0
 0
 0
 0
 0
 0
 0
 0
 0
 0
 0
 0
 0
 0
 0
 0
 0
 0
 0
 0
 0
 0
 0
 0
 0
 0
 0
 0
 0
 0
 0
 0
 0
 0
 0
 0
 0
 0
 0
 0
 0
 0
 0
 0
 0
 0
 0
 0
 0
 0
 0
 0
 0
 0
 0
 0
 0
 0
 0
 0
 0
 0
 0
 0
 0
 0
 0
 0
 0
 0
 0
 0
 0
 0
 0
