# Created by Octave 3.2.4, Thu Feb 07 06:55:18 2013 EST <rbom@zaphod>
# name: small_First_Fit
# type: matrix
# ndims: 3
 1 10 30
 1.236915705600269e-10
 1.357635812075968e-08
 3.307523937649443e-06
 9.984272922443302e-11
 1.282785574528486e-10
 2.651999061245521e-07
 1.56213941018374e-09
 2.51677530362406e-08
 1.755400590634578e-11
 4.671606053166432e-11
 7.945616181811624e-08
 5.413016533174151e-07
 8.726987225843804e-06
 1.704461049504899e-08
 9.054568257853039e-10
 0.0005166114820265792
 7.690418357927103e-09
 8.520266296402627e-07
 9.244789200801902e-07
 1.287909013340707e-07
 9.944016853238176e-07
 5.413016533174151e-07
 3.307523937649443e-06
 5.765244673366223e-07
 1.736246630534601e-07
 0.001709156087749831
 7.690418357927103e-09
 8.520266296402627e-07
 9.244789200801902e-07
 1.075120161245136e-05
 5.267948795190696e-06
 5.413016533174151e-07
 3.307523937649443e-06
 4.015193833456702e-06
 2.539015574943829e-06
 0.0009344988482743673
 7.965252305747957e-06
 8.520266296402627e-07
 3.504103268847311e-06
 1.075120161245136e-05
 5.267948795190696e-06
 6.726872608991692e-07
 8.726987225843804e-06
 5.074644367735087e-05
 0.0002040544238574441
 0.004669130206290084
 7.965252305747957e-06
 1.066879714755385e-05
 0.000101255493148035
 8.277196993904057e-05
 9.801561455640291e-06
 6.726872608991692e-07
 8.726987225843804e-06
 0.0004615451727869378
 0.002813300844955951
 0.004669130206290084
 7.965252305747957e-06
 1.066879714755385e-05
 0.000101255493148035
 8.277196993904057e-05
 4.35977588154214e-05
 8.864326863036098e-07
 3.307523937649443e-06
 0.02310032456148731
 0.01427520214440644
 0.004669130206290084
 7.965252305747957e-06
 1.066879714755385e-05
 0.0003795893603122814
 0.000101255493148035
 4.35977588154214e-05
 2.876353168637705e-06
 3.307523937649443e-06
 0.02310032456148731
 0.01427520214440644
 0.004669130206290084
 3.17189292788873e-05
 0.0001555341465082643
 0.0003795893603122814
 0.000116942059174087
 7.162366522288588e-05
 2.876353168637705e-06
 3.307523937649443e-06
 0.03822317837303257
 0.01427520214440644
 0.007063186910944313
 0.0002500388153933246
 0.001867098069431041
 0.00388926082356709
 0.003554064926396924
 0.0002781148758572331
 6.565063495384868e-05
 5.516958158319956e-06
 0.03822317837303257
 0.01427520214440644
 0.007229907233344372
 0.0008872919799142152
 0.008973595781993417
 0.01444899051294491
 0.00388926082356709
 0.0002781148758572331
 0.003798996421472049
 8.726987225843804e-06
 0.03822317837303257
 0.01512318184631379
 0.007229907233344372
 0.003556450096960977
 0.008973595781993417
 0.01444899051294491
 0.00388926082356709
 0.0004452368038745163
 0.003798996421472049
 8.726987225843804e-06
 0.03822317837303257
 0.01512318184631379
 0.007229907233344372
 0.004311355141629527
 0.01773305020503567
 0.01444899051294491
 0.01246903144857447
 0.0004452368038745163
 0.003798996421472049
 8.726987225843804e-06
 0.03822317837303257
 0.01427520214440644
 0.007229907233344372
 0.004311355141629527
 0.01773305020503567
 0.01773305020503567
 0.01773305020503567
 0.0004452368038745163
 0.003798996421472049
 0.00563931280427479
 0.02310032456148731
 0.01512318184631379
 0.007229907233344372
 0.004311355141629527
 0.01773305020503567
 0.01444899051294491
 0.01773305020503567
 0.0004452368038745163
 0.004143278284300743
 0.00563931280427479
 0.03822317837303257
 0.01819589794081933
 0.007229907233344372
 0.004311355141629527
 0.01773305020503567
 0.01444899051294491
 0.03018750678037743
 0.0004452368038745163
 0.004143278284300743
 0.00563931280427479
 0.03822317837303257
 0.01819589794081933
 0.007229907233344372
 0.03822317837303257
 0.01793952391402308
 0.01444899051294491
 0.03018750678037743
 0.0004452368038745163
 0.006345090746916995
 0.00563931280427479
 0.02310032456148731
 0.01819589794081933
 0
 0.03822317837303257
 0.01793952391402308
 0.01444899051294491
 0.03018750678037743
 0.0004452368038745163
 0.006345090746916995
 0.00563931280427479
 0.02310032456148731
 0.01819589794081933
 0
 0.03822317837303257
 0.01793952391402308
 0.01444899051294491
 0.05018134413539344
 0
 0.006345090746916995
 0.008782793429398547
 0.02310032456148731
 0.01819589794081933
 0
 0.03822317837303257
 0.01793952391402308
 0.01444899051294491
 0.05018134413539344
 0
 0.01830513964623924
 0.008782793429398547
 0.03822317837303257
 0.01819589794081933
 0
 0.03822317837303257
 0.01793952391402308
 0
 0.05018134413539344
 0
 0.01830513964623924
 0.008782793429398547
 0.03822317837303257
 0.01819589794081933
 0
 0.03822317837303257
 0.01793952391402308
 0
 0.05018134413539344
 0
 0.01830513964623924
 0.00563931280427479
 0.03822317837303257
 0
 0
 0.03822317837303257
 0.03018750678037743
 0
 0.05018134413539344
 0
 0.01830513964623924
 0.00563931280427479
 0.03822317837303257
 0
 0
 0
 0.01793952391402308
 0
 0.05018134413539344
 0
 0.02833449677330905
 0.008782793429398547
 0.03822317837303257
 0
 0
 0
 0.01793952391402308
 0
 0.05018134413539344
 0
 0.02833449677330905
 0.00563931280427479
 0.03822317837303257
 0
 0
 0
 0.01793952391402308
 0
 0
 0
 0.02833449677330905
 0.00563931280427479
 0.03822317837303257
 0
 0
 0
 0.01793952391402308
 0
 0
 0
 0.02833449677330905
 0.00563931280427479
 0
 0
 0
 0
 0.01793952391402308
 0
 0
 0
 0.02833449677330905
 0.00563931280427479
 0
 0
 0
 0
 0.01773305020503567
 0
 0
 0
 0.02833449677330905
 0.008782793429398547
 0
 0
 0
 0
 0
 0
 0
 0
 0.02833449677330905
 0.00563931280427479
 0
 0
 0
 0
 0
 0
 0
