# Created by Octave 3.2.4, Wed Feb 06 17:48:35 2013 EST <rbom@zaphod>
# name: small_First_Fit
# type: matrix
# ndims: 3
 1 10 30
 7.410375415713939e-14
 1.111605347300838e-14
 2.256339986411175e-14
 7.425061138171006e-12
 1.833232698643144e-13
 4.582016690635179e-13
 1.100695741399528e-10
 1.404861174361321e-14
 5.699485490018163e-13
 3.84993666256353e-16
 8.570603834919104e-12
 2.338775950649963e-12
 5.014479978621822e-13
 2.241780612533209e-08
 3.979721265407221e-12
 4.585566404554713e-08
 1.237081151085476e-08
 1.404861174361321e-14
 3.945496169499734e-09
 8.975510193990401e-15
 2.927926954147293e-10
 1.56980912409089e-08
 2.578374495677829e-12
 2.241780612533209e-08
 3.836043919069925e-10
 7.402651246391883e-06
 5.64950770430576e-07
 3.784101018970837e-09
 3.644112570849203e-07
 1.488026593293867e-14
 2.927926954147293e-10
 1.420291579583336e-06
 5.669330941490642e-11
 4.058088653840873e-08
 3.836043919069925e-10
 7.402651246391883e-06
 3.465327795423049e-06
 1.563482545327171e-08
 4.079461746231408e-05
 1.488026593293867e-14
 2.688968572505182e-09
 2.317388728476585e-05
 3.188034488346696e-09
 3.790524592923578e-05
 1.905159251100132e-07
 7.402651246391883e-06
 3.465327795423049e-06
 1.563482545327171e-08
 4.079461746231408e-05
 1.643255970925381e-11
 1.644572865706069e-07
 2.317388728476585e-05
 4.783155841377186e-06
 0.0001628074730651619
 2.099141300057021e-05
 0.0001891171203882307
 3.465327795423049e-06
 1.235214335642601e-06
 4.079461746231408e-05
 2.654384738622324e-09
 3.542803749659853e-06
 2.317388728476585e-05
 4.783155841377186e-06
 0.0001628074730651619
 0.0003403529130264895
 0.001262092067850575
 3.465327795423049e-06
 1.235214335642601e-06
 4.079461746231408e-05
 2.654384738622324e-09
 2.024914613171901e-05
 2.317388728476585e-05
 4.783155841377186e-06
 0.005180794566511031
 0.007761841679121738
 0.001262092067850575
 8.577727406617419e-05
 1.235214335642601e-06
 4.079461746231408e-05
 1.061134721977259e-06
 2.024914613171901e-05
 2.317388728476585e-05
 0.0005594945113039217
 0.007761841679121738
 0.007761841679121738
 0.001262092067850575
 8.577727406617419e-05
 1.235214335642601e-06
 0.001262092067850575
 8.131164999638553e-05
 2.589267823954993e-05
 2.317388728476585e-05
 0.0005594945113039217
 0.007761841679121738
 0.007761841679121738
 0.001262092067850575
 8.577727406617419e-05
 1.759517027974499e-06
 0.001262092067850575
 8.131164999638553e-05
 0.003295856122137542
 2.317388728476585e-05
 0.0005594945113039217
 0.007761841679121738
 0.007761841679121738
 0.001262092067850575
 8.577727406617419e-05
 1.235214335642601e-06
 0.001262092067850575
 0.0001132285845665104
 0.003295856122137542
 0
 0.0005594945113039217
 0.007761841679121738
 0.007761841679121738
 0.001262092067850575
 8.577727406617419e-05
 0.0003403529130264895
 0.001262092067850575
 0.0001132285845665104
 0.003295856122137542
 0
 0.0005594945113039217
 0.007761841679121738
 0.007761841679121738
 0.001262092067850575
 8.577727406617419e-05
 0.0003403529130264895
 0.001262092067850575
 0.0001132285845665104
 0.003295856122137542
 0
 0.0005594945113039217
 0.007761841679121738
 0.007761841679121738
 0
 8.577727406617419e-05
 0.007761841679121738
 0.001262092067850575
 0.0005594945113039217
 0.003295856122137542
 0
 0.0005594945113039217
 0.007761841679121738
 0
 0
 0
 0.007761841679121738
 0.001262092067850575
 0.0005594945113039217
 0.003295856122137542
 0
 0
 0
 0
 0
 0
 0.007761841679121738
 0
 0.0005594945113039217
 0.003295856122137542
 0
 0
 0
 0
 0
 0
 0.007761841679121738
 0
 0.0005594945113039217
 0
 0
 0
 0
 0
 0
 0
 0.007761841679121738
 0
 0.0005594945113039217
 0
 0
 0
 0
 0
 0
 0
 0.007761841679121738
 0
 0.0005594945113039217
 0
 0
 0
 0
 0
 0
 0
 0.007761841679121738
 0
 0.0005594945113039217
 0
 0
 0
 0
 0
 0
 0
 0
 0
 0
 0
 0
 0
 0
 0
 0
 0
 0
 0
 0
 0
 0
 0
 0
 0
 0
 0
 0
 0
 0
 0
 0
 0
 0
 0
 0
 0
 0
 0
 0
 0
 0
 0
 0
 0
 0
 0
 0
 0
 0
 0
 0
 0
 0
 0
 0
 0
 0
 0
 0
 0
 0
 0
 0
 0
 0
 0
 0
 0
 0
 0
 0
 0
 0
 0
 0
 0
 0
 0
 0
 0
 0
 0
 0
 0
 0
 0
 0
 0
 0
 0
 0
 0
 0
 0
 0
 0
 0
 0
 0
