# Created by Octave 3.2.4, Wed Feb 06 13:08:02 2013 EST <rbom@zaphod>
# name: small_First_Fit
# type: matrix
# ndims: 3
 1 10 30
 2.107366125959307e-06
 0.002873855668515353
 0.0005936319007631728
 7.872750059987395e-06
 3.314173810406612e-05
 1.919627202824672e-06
 1.601876064307585e-05
 0.001069810789198828
 0.0001951252685809124
 0.000616235228961963
 0.00014273258388481
 0.006537572521120863
 0.00568750668386966
 0.001379387596677837
 0.00114827909587505
 0.006795404894001075
 0.0003052239466752378
 0.01045976538630778
 0.0005860223917889536
 0.005114186130944273
 0.00224711079029066
 0.02622981349543798
 0.00568750668386966
 0.001379387596677837
 0.05927384280088586
 0.04943051154282786
 0.01152203529179686
 0.06163575938328143
 0.001710938878845211
 0.002201235349282846
 0.00369368544949805
 0.02622981349543798
 0.01721669676162035
 0.003388120573894847
 0.05927384280088586
 0.04943051154282786
 0.0170066516853354
 0.07187692520216513
 0.0005860223917889536
 0.02893745432170012
 0.02021494373899323
 0.0647915836058939
 0.01721669676162035
 0.003388120573894847
 0.143279218584923
 0.1085733370203007
 0.0170066516853354
 0.07187692520216513
 0.0008768980495449366
 0.03221601119399393
 0.04056830301459573
 0.0647915836058939
 0.0333562178848907
 0.003388120573894847
 0.143279218584923
 0.1085733370203007
 0.03374180988732677
 0.07187692520216513
 0.0008768980495449366
 0.1350873650377267
 0.04056830301459573
 0.05337165966294023
 0.0333562178848907
 0.009881324440184905
 0.143279218584923
 0.1085733370203007
 0.04934597919740025
 0.06860558157515312
 0.0008768980495449366
 0.1350873650377267
 0.1373660355950418
 0.05337165966294023
 0.0333562178848907
 0.02419706297372818
 0.143279218584923
 0.181031062110035
 0.1297008242095265
 0.1068098981610743
 0.001408791803078322
 0.1628973001450545
 0.1373660355950418
 0.05337165966294023
 0.03812286661936531
 0.02419706297372818
 0.2018232877356217
 0.264961195850599
 0.3671661974619597
 0.07187692520216513
 0.004824147977665762
 0.2013849584390676
 0.1373660355950418
 0.05337165966294023
 0.03812286661936531
 0.07146023183233909
 0.320064067548193
 0.182061625646736
 0.3671661974619597
 0.182061625646736
 0.009771930918040746
 0.2013849584390676
 0.1373660355950418
 0.07092938262891349
 0.07372941010993633
 0.03482305705875673
 0.2018232877356217
 0.264961195850599
 0.3671661974619597
 0.1068098981610743
 0.03338362180217275
 0.2231307443500304
 0.18384531809464
 0.07092938262891349
 0.07372941010993633
 0.03516172986551486
 0.2018232877356217
 0.3671661974619597
 0.3671661974619597
 0.1068098981610743
 0.03338362180217275
 0.264961195850599
 0.2013849584390676
 0.07092938262891349
 0.07372941010993633
 0.09880084880914426
 0.2018232877356217
 0.3671661974619597
 0.3671661974619597
 0.07818901042061173
 0.08798599164149862
 0.3671661974619597
 0.2013849584390676
 0.07092938262891349
 0.1473803522530401
 0.09880084880914426
 0.2018232877356217
 0.264961195850599
 0.3671661974619597
 0.1068098981610743
 0.03911493750005082
 0.3671661974619597
 0.3079210629772184
 0.07092938262891349
 0.1473803522530401
 0.1326526790400057
 0.2599224748641755
 0.264961195850599
 0.4779494585375713
 0.1068098981610743
 0.04800010909062971
 0.3671661974619597
 0.3079210629772184
 0.06049646132604439
 0.1473803522530401
 0.2620949045613606
 0.2599224748641755
 0.264961195850599
 0.4779494585375713
 0.1068098981610743
 0.03911493750005082
 0.3671661974619597
 0.3079210629772184
 0.0647915836058939
 0.1473803522530401
 0.2620949045613606
 0.4876387808882912
 0.264961195850599
 0.4779494585375713
 0.07818901042061173
 0.08798599164149862
 0.3671661974619597
 0.3079210629772184
 0.0647915836058939
 0.1950862879794792
 0.2620949045613606
 0.2599224748641755
 0.4141490637598197
 0.4779494585375713
 0.07372941010993633
 0.08798599164149862
 0.3671661974619597
 0.3671661974619597
 0.0647915836058939
 0.2534342178310893
 0.2620949045613606
 0.4876387808882912
 0.264961195850599
 0.4779494585375713
 0.2325220690072181
 0.08798599164149862
 0.3671661974619597
 0.3079210629772184
 0.0647915836058939
 0.2534342178310893
 0.2620949045613606
 0.320064067548193
 0.4141490637598197
 0.5497772906909789
 0.1068098981610743
 0.143279218584923
 0
 0.3079210629772184
 0.07092938262891349
 0.4779494585375713
 0.2620949045613606
 0.2599224748641755
 0.4141490637598197
 0.5497772906909789
 0.1068098981610743
 0.143279218584923
 0
 0.3671661974619597
 0.07092938262891349
 0.4779494585375713
 0.271572093065951
 0.2599224748641755
 0.4141490637598197
 0.5497772906909789
 0.1068098981610743
 0.143279218584923
 0
 0.3671661974619597
 0.1877623074482178
 0.4779494585375713
 0.2620949045613606
 0.2113290333528725
 0.4141490637598197
 0.4779494585375713
 0.1321312819435401
 0.143279218584923
 0
 0.3671661974619597
 0.1404100317094833
 0.4779494585375713
 0.2620949045613606
 0.2113290333528725
 0.4779494585375713
 0.4876387808882912
 0.1068098981610743
 0.1615666968819878
 0
 0.3671661974619597
 0.1404100317094833
 0.4779494585375713
 0.271572093065951
 0.2113290333528725
 0.4141490637598197
 0.4876387808882912
 0.1321312819435401
 0.143279218584923
 0
 0.3671661974619597
 0.1877623074482178
 0.5497772906909789
 0.271572093065951
 0
 0.4141490637598197
 0.4876387808882912
 0.2325220690072181
 0.1615666968819878
 0
 0.3671661974619597
 0.1877623074482178
 0.5497772906909789
 0.2620949045613606
 0
 0.4141490637598197
 0.5497772906909789
 0.2325220690072181
 0.1615666968819878
 0
 0.3671661974619597
 0.1904688259150963
 0.5497772906909789
 0.2620949045613606
 0
 0.4779494585375713
 0.5497772906909789
 0.4141490637598197
 0.143279218584923
 0
 0
 0.2423256316332479
 0.5497772906909789
 0.2620949045613606
 0
 0.4141490637598197
 0.4876387808882912
 0.4141490637598197
 0.143279218584923
 0
 0
 0.2423256316332479
 0.4876387808882912
 0.271572093065951
 0
 0.4141490637598197
 0.4876387808882912
 0.4141490637598197
 0.2018232877356217
 0
