# Created by Octave 3.2.4, Wed Feb 06 16:15:42 2013 EST <rbom@zaphod>
# name: small_First_Fit
# type: matrix
# ndims: 3
 1 10 30
 8.37531221965717e-13
 6.111394213380353e-14
 1.001914761895774e-10
 5.261845498620257e-11
 2.50826540545011e-11
 1.660261314177803e-11
 1.21371950322511e-11
 4.602048708306832e-10
 3.267148913685749e-08
 9.621671534730697e-11
 4.67743773204373e-09
 6.009381412129645e-09
 1.256122561639451e-08
 1.843328541565281e-06
 2.880723763430256e-09
 3.244582360731067e-09
 1.658145769860073e-11
 4.929976056051183e-09
 1.620104007689486e-06
 5.488760465612192e-09
 3.402979822606713e-08
 1.205474307798046e-07
 8.89545127411794e-07
 5.324807280864513e-06
 8.827796835272634e-08
 7.202340969949622e-07
 1.378244841843491e-09
 4.929976056051183e-09
 1.620104007689486e-06
 5.488760465612192e-09
 5.20695277380612e-08
 4.82178023944318e-06
 7.365849498931626e-05
 5.324807280864513e-06
 6.312458015219503e-07
 7.68833810492194e-06
 7.516899212857253e-08
 4.929976056051183e-09
 1.620104007689486e-06
 2.171238605931147e-06
 1.08478393343063e-05
 4.703055626178233e-05
 7.365849498931626e-05
 3.194951456660219e-05
 4.841132704597225e-05
 4.822285252830479e-05
 1.006055837448779e-07
 1.803305288599088e-07
 1.620104007689486e-06
 2.171238605931147e-06
 7.58380141375034e-05
 4.703055626178233e-05
 7.365849498931626e-05
 3.194951456660219e-05
 4.841132704597225e-05
 4.822285252830479e-05
 5.858789995896973e-06
 9.5006203768433e-06
 1.081272981173524e-05
 6.093986628979366e-05
 7.58380141375034e-05
 4.703055626178233e-05
 7.365849498931626e-05
 0.0005036675109974739
 4.841132704597225e-05
 4.822285252830479e-05
 0.0002922907195148039
 0.0004222646682584919
 4.465251279783973e-05
 6.093986628979366e-05
 7.58380141375034e-05
 4.703055626178233e-05
 7.365849498931626e-05
 0.00116582686453264
 0.0004923598708934471
 4.822285252830479e-05
 0.0002922907195148039
 0.0007636719861811717
 0.0001234865814758399
 0.000151800777626411
 0.0002511575085186027
 4.703055626178233e-05
 7.365849498931626e-05
 0.00116582686453264
 0.001050691887214922
 4.822285252830479e-05
 0.0002922907195148039
 0.0008816106632614924
 0.0005555422587682093
 6.093986628979366e-05
 0.0002511575085186027
 4.703055626178233e-05
 7.365849498931626e-05
 0.00116582686453264
 0.005819883999566652
 4.822285252830479e-05
 0.0002922907195148039
 0.0008816106632614924
 0.0006017345069016776
 0.000151800777626411
 0.0002511575085186027
 4.703055626178233e-05
 0
 0.00116582686453264
 0.005819883999566652
 4.822285252830479e-05
 0.009750212757597545
 0.0008816106632614924
 0.0006017345069016776
 0.000151800777626411
 0.0002511575085186027
 0
 0
 0.00116582686453264
 0.005819883999566652
 0
 0.009750212757597545
 0.0008816106632614924
 0.0006017345069016776
 0.000151800777626411
 0.002172095790638557
 0
 0
 0.00116582686453264
 0.005819883999566652
 0
 0.009750212757597545
 0.0008816106632614924
 0.0006017345069016776
 0.000151800777626411
 0.003236485716485508
 0
 0
 0.00116582686453264
 0.009750212757597545
 0
 0.009750212757597545
 0.0008816106632614924
 0.005819883999566652
 0.000151800777626411
 0.003236485716485508
 0
 0
 0
 0.005819883999566652
 0
 0.009750212757597545
 0.003236485716485508
 0.0006017345069016776
 0.000151800777626411
 0.003236485716485508
 0
 0
 0
 0.005819883999566652
 0
 0.009750212757597545
 0.003236485716485508
 0.0006017345069016776
 0.000151800777626411
 0.003236485716485508
 0
 0
 0
 0.005819883999566652
 0
 0.009750212757597545
 0.0008816106632614924
 0.005819883999566652
 0
 0.003236485716485508
 0
 0
 0
 0.009750212757597545
 0
 0
 0.003236485716485508
 0.009750212757597545
 0
 0.003236485716485508
 0
 0
 0
 0.009750212757597545
 0
 0
 0.0008816106632614924
 0.009750212757597545
 0
 0.003236485716485508
 0
 0
 0
 0.009750212757597545
 0
 0
 0.003236485716485508
 0.009750212757597545
 0
 0
 0
 0
 0
 0.009750212757597545
 0
 0
 0.0008816106632614924
 0.009750212757597545
 0
 0
 0
 0
 0
 0.009750212757597545
 0
 0
 0.0008816106632614924
 0.009750212757597545
 0
 0
 0
 0
 0
 0.009750212757597545
 0
 0
 0.0008816106632614924
 0.009750212757597545
 0
 0
 0
 0
 0
 0.009750212757597545
 0
 0
 0.0008816106632614924
 0.009750212757597545
 0
 0
 0
 0
 0
 0
 0
 0
 0.0008816106632614924
 0
 0
 0
 0
 0
 0
 0
 0
 0
 0.0008816106632614924
 0
 0
 0
 0
 0
 0
 0
 0
 0
 0
 0
 0
 0
 0
 0
 0
 0
 0
 0
 0
 0
 0
 0
 0
 0
 0
 0
 0
 0
 0
 0
 0
 0
 0
 0
 0
 0
 0
 0
 0
 0
 0
