# Created by Octave 3.2.4, Mon Feb 04 22:33:01 2013 EST <rbom@zaphod>
# name: small_First_Fit
# type: matrix
# ndims: 3
 1 10 30
 2.920295921432541e-11
 1.182658308321576e-17
 1.260517864127673e-20
 2.143709772849281e-15
 2.495725655834993e-18
 6.226290331879718e-14
 5.786438415786645e-18
 8.038991053654148e-17
 6.439664437980961e-18
 2.843343035730819e-17
 2.920295921432541e-11
 8.668397761083998e-14
 2.393432019480908e-13
 2.143709772849281e-15
 2.455726685074511e-16
 6.317690608231003e-11
 6.239839802997944e-15
 8.588607372145093e-14
 3.582365774275561e-16
 9.32253980861211e-13
 2.920295921432541e-11
 4.137539361166814e-11
 1.513124422827207e-10
 3.732354973280196e-13
 3.933722611627743e-15
 1.52220302771713e-07
 1.745344454602727e-12
 6.620762451912461e-12
 4.941062215476426e-14
 3.423653267885072e-07
 2.920295921432541e-11
 4.405197754995927e-09
 4.115976079433047e-07
 2.083768516921524e-10
 3.735624589919892e-13
 0.0003888968291142413
 1.039314425407355e-09
 6.620762451912461e-12
 4.725122136067537e-12
 7.954651919475296e-06
 2.920295921432541e-11
 2.564026870744554e-07
 1.536182708174715e-05
 1.956509249123239e-07
 1.489752285133557e-11
 0.0003888968291142413
 1.232921665908971e-08
 2.636904317004635e-10
 2.612482414938623e-10
 7.954651919475296e-06
 2.920295921432541e-11
 2.564026870744554e-07
 4.115976079433047e-07
 1.956509249123239e-07
 3.16884433574822e-09
 0.0003888968291142413
 1.618076481873645e-07
 2.636904317004635e-10
 4.696159560559428e-07
 0.02668193827469762
 2.920295921432541e-11
 7.192027455676515e-06
 1.536182708174715e-05
 1.956509249123239e-07
 5.408001527715869e-07
 0.0003888968291142413
 3.090537598565299e-06
 3.302929580327492e-09
 4.696159560559428e-07
 0.02668193827469762
 2.537409367753866e-09
 7.192027455676515e-06
 1.536182708174715e-05
 1.956509249123239e-07
 5.408001527715869e-07
 0.0003888968291142413
 3.090537598565299e-06
 2.530626580823264e-08
 1.920372542458361e-06
 0.02668193827469762
 4.953295883562482e-06
 7.192027455676515e-06
 0.0005654437079446394
 0.0006534010309252495
 1.822738431797121e-05
 0.0003888968291142413
 3.982554351966191e-05
 2.423353834902634e-07
 3.822018335267213e-06
 0.02668193827469762
 4.953295883562482e-06
 8.860427681133444e-05
 0.0005654437079446394
 0.001892369420907371
 1.822738431797121e-05
 0.0003888968291142413
 3.982554351966191e-05
 0.0002295124513655338
 0.0001469143719570349
 0.02668193827469762
 0.02668193827469762
 0.0006769259889699888
 0.0005654437079446394
 0.001892369420907371
 1.822738431797121e-05
 0
 3.982554351966191e-05
 0.0002295124513655338
 0.008829316066928572
 0.02668193827469762
 0.02668193827469762
 0.007818983840751876
 0.0005654437079446394
 0.001892369420907371
 1.822738431797121e-05
 0
 3.982554351966191e-05
 0.0004184831426190755
 0.008829316066928572
 0.02668193827469762
 0.02668193827469762
 0.007818983840751876
 0.0005654437079446394
 0.001892369420907371
 1.822738431797121e-05
 0
 3.982554351966191e-05
 0.0004184831426190755
 0.008829316066928572
 0
 0.02668193827469762
 0.007818983840751876
 0.0005654437079446394
 0.001892369420907371
 1.822738431797121e-05
 0
 0.003004136941729118
 0.0004184831426190755
 0.008829316066928572
 0
 0.02668193827469762
 0.007818983840751876
 0.0005654437079446394
 0.001892369420907371
 1.822738431797121e-05
 0
 0.003004136941729118
 0.0004184831426190755
 0.008829316066928572
 0
 0.02668193827469762
 0.007818983840751876
 0
 0.001892369420907371
 0
 0
 0.003004136941729118
 0.0004184831426190755
 0.02668193827469762
 0
 0.02668193827469762
 0.007818983840751876
 0
 0
 0
 0
 0.003004136941729118
 0.0004184831426190755
 0.02668193827469762
 0
 0
 0.007818983840751876
 0
 0
 0
 0
 0.003004136941729118
 0.0004184831426190755
 0.02668193827469762
 0
 0
 0
 0
 0
 0
 0
 0.003004136941729118
 0
 0.02668193827469762
 0
 0
 0
 0
 0
 0
 0
 0.003004136941729118
 0
 0.02668193827469762
 0
 0
 0
 0
 0
 0
 0
 0
 0
 0.02668193827469762
 0
 0
 0
 0
 0
 0
 0
 0
 0
 0.02668193827469762
 0
 0
 0
 0
 0
 0
 0
 0
 0
 0
 0
 0
 0
 0
 0
 0
 0
 0
 0
 0
 0
 0
 0
 0
 0
 0
 0
 0
 0
 0
 0
 0
 0
 0
 0
 0
 0
 0
 0
 0
 0
 0
 0
 0
 0
 0
 0
 0
 0
 0
 0
 0
 0
 0
 0
 0
 0
 0
 0
 0
 0
 0
 0
 0
 0
 0
 0
 0
 0
 0
 0
 0
 0
 0
 0
 0
 0
 0
 0
 0
 0
