# Created by Octave 3.2.4, Mon Feb 04 01:08:59 2013 EST <rbom@zaphod>
# name: small_First_Fit
# type: matrix
# ndims: 3
 1 10 30
 5.372364798415661e-18
 1.249024618188966e-20
 9.035985559388667e-13
 4.210074114641732e-15
 9.754004474796506e-19
 2.16055464577504e-17
 1.196408205956383e-16
 1.966452227236304e-19
 1.020633221272525e-22
 1.713216236041992e-21
 7.846694255125244e-14
 3.222344929261607e-14
 2.974531111555882e-10
 7.244907713995095e-12
 9.705303665228066e-17
 7.891603130843423e-15
 1.196408205956383e-16
 7.182607517762557e-17
 2.690437887967589e-14
 1.230406799958994e-16
 9.153054921262985e-11
 2.656049224788017e-12
 5.947682347379375e-08
 9.266355183191813e-09
 9.705303665228066e-17
 1.417894432384502e-11
 1.196408205956383e-16
 1.304861619883257e-12
 2.690437887967589e-14
 2.997457853750979e-14
 1.335272331899148e-08
 5.627657303976069e-09
 5.947682347379375e-08
 1.033974396608341e-06
 9.705303665228066e-17
 5.900601502265867e-10
 6.771313619785903e-13
 2.392917092112469e-11
 2.690437887967589e-14
 2.997457853750979e-14
 1.064098757054956e-06
 5.627657303976069e-09
 0.001360380492761997
 1.033974396608341e-06
 3.66312446537142e-13
 8.936888753742758e-08
 6.771313619785903e-13
 3.467377269850359e-09
 2.690437887967589e-14
 1.094841014177942e-11
 1.064098757054956e-06
 5.627657303976069e-09
 0.001360380492761997
 3.859914778026994e-05
 1.337985549029173e-10
 1.952303550101597e-07
 1.729384036891128e-09
 3.467377269850359e-09
 1.123788929642086e-12
 8.321673027964584e-10
 0.003626563429118535
 5.833120409154564e-06
 0.001360380492761997
 0.0001448570689443171
 3.677469194722621e-08
 1.952303550101597e-07
 4.237208415399951e-05
 4.853284226294385e-06
 5.217251775701837e-12
 2.371694878074332e-08
 0.003626563429118535
 5.833120409154564e-06
 0.001360380492761997
 0.0001448570689443171
 1.504235270021667e-06
 0.0001015105362923057
 4.237208415399951e-05
 0.001772694609916742
 3.383445883587869e-09
 2.371694878074332e-08
 0.003626563429118535
 5.833120409154564e-06
 0.001360380492761997
 0.0001448570689443171
 0.001772694609916742
 0.1446590917791101
 4.237208415399951e-05
 0.001772694609916742
 5.136262601519509e-06
 2.371694878074332e-08
 0.003626563429118535
 0.000187474381287905
 0.001360380492761997
 0.003626563429118535
 0.1446590917791101
 0.1446590917791101
 0.0002025563117619299
 0.001772694609916742
 0.1446590917791101
 2.371694878074332e-08
 0.003626563429118535
 0.000187474381287905
 0.001360380492761997
 0.003626563429118535
 0.1446590917791101
 0.1446590917791101
 0.01547666399168079
 0.1446590917791101
 0.1446590917791101
 2.371694878074332e-08
 0.003626563429118535
 0.000187474381287905
 0.001360380492761997
 0.003626563429118535
 0.1446590917791101
 0.1446590917791101
 0.01547666399168079
 0.1446590917791101
 0.1446590917791101
 9.558223574024954e-05
 0.003626563429118535
 0.000187474381287905
 0.001360380492761997
 0.003626563429118535
 0.1446590917791101
 0.1446590917791101
 0.01547666399168079
 0.1446590917791101
 0.1446590917791101
 9.558223574024954e-05
 0.003626563429118535
 0.000187474381287905
 0.001360380492761997
 0.003626563429118535
 0.1446590917791101
 0.1446590917791101
 0.01547666399168079
 0.1446590917791101
 0.1446590917791101
 9.558223574024954e-05
 0.003626563429118535
 0.000187474381287905
 0.001360380492761997
 0.003626563429118535
 0.1446590917791101
 0.1446590917791101
 0.01547666399168079
 0.1446590917791101
 0.1446590917791101
 9.558223574024954e-05
 0.003626563429118535
 0.000187474381287905
 0.001360380492761997
 0.003626563429118535
 0.1446590917791101
 0.1446590917791101
 0.01547666399168079
 0.1446590917791101
 0.1446590917791101
 9.558223574024954e-05
 0.003626563429118535
 0.000187474381287905
 0.001360380492761997
 0.003626563429118535
 0.1446590917791101
 0.1446590917791101
 0.01547666399168079
 0.1446590917791101
 0.1446590917791101
 9.558223574024954e-05
 0.003626563429118535
 0.000187474381287905
 0.001360380492761997
 0.003626563429118535
 0.1446590917791101
 0.1446590917791101
 0.01547666399168079
 0.1446590917791101
 0.1446590917791101
 9.558223574024954e-05
 0.003626563429118535
 0.000187474381287905
 0.001360380492761997
 0.003626563429118535
 0.1446590917791101
 0.1446590917791101
 0.01547666399168079
 0.1446590917791101
 0.1446590917791101
 9.558223574024954e-05
 0.003626563429118535
 0.000187474381287905
 0.001360380492761997
 0.003626563429118535
 0.1446590917791101
 0.1446590917791101
 0.01547666399168079
 0.1446590917791101
 0.1446590917791101
 9.558223574024954e-05
 0.003626563429118535
 0.000187474381287905
 0.001360380492761997
 0.003626563429118535
 0.1446590917791101
 0.1446590917791101
 0.01547666399168079
 0.1446590917791101
 0.1446590917791101
 9.558223574024954e-05
 0.003626563429118535
 0.000187474381287905
 0.001360380492761997
 0.003626563429118535
 0.1446590917791101
 0.1446590917791101
 0.01547666399168079
 0.1446590917791101
 0.1446590917791101
 9.558223574024954e-05
 0.003626563429118535
 0.000187474381287905
 0.001360380492761997
 0.003626563429118535
 0.1446590917791101
 0.1446590917791101
 0.01547666399168079
 0.1446590917791101
 0.1446590917791101
 9.558223574024954e-05
 0.003626563429118535
 0.000187474381287905
 0.001360380492761997
 0.003626563429118535
 0.1446590917791101
 0.1446590917791101
 0.01547666399168079
 0.1446590917791101
 0.1446590917791101
 9.558223574024954e-05
 0.003626563429118535
 0.000187474381287905
 0.001360380492761997
 0.003626563429118535
 0.1446590917791101
 0.1446590917791101
 0.01547666399168079
 0.1446590917791101
 0.1446590917791101
 9.558223574024954e-05
 0.003626563429118535
 0.000187474381287905
 0.001360380492761997
 0.003626563429118535
 0.1446590917791101
 0.1446590917791101
 0.01547666399168079
 0.1446590917791101
 0.1446590917791101
 9.558223574024954e-05
 0.003626563429118535
 0.000187474381287905
 0.001360380492761997
 0.003626563429118535
 0.1446590917791101
 0.1446590917791101
 0.01547666399168079
 0.1446590917791101
 0.1446590917791101
 9.558223574024954e-05
 0.003626563429118535
 0.000187474381287905
 0.001360380492761997
 0.003626563429118535
 0.1446590917791101
 0.1446590917791101
 0.01547666399168079
 0.1446590917791101
 0.1446590917791101
 9.558223574024954e-05
 0.003626563429118535
 0.000187474381287905
 0.001360380492761997
 0.003626563429118535
 0.1446590917791101
 0.1446590917791101
 0.01547666399168079
 0.1446590917791101
 0.1446590917791101
 9.558223574024954e-05
 0.003626563429118535
 0.000187474381287905
 0.001360380492761997
 0.003626563429118535
 0.1446590917791101
 0.1446590917791101
 0.01547666399168079
 0.1446590917791101
 0.1446590917791101
 9.558223574024954e-05
