# Created by Octave 3.2.4, Mon Feb 04 22:12:48 2013 EST <rbom@zaphod>
# name: small_First_Fit
# type: matrix
# ndims: 3
 1 10 30
 1.88421599015241e-21
 2.748909907319154e-16
 9.390272620179459e-22
 9.934567857359397e-22
 5.154472561261835e-15
 2.691340800262131e-15
 1.852689488124461e-21
 1.071761750954934e-20
 4.817872826317399e-18
 6.087783812181339e-20
 5.801442163406141e-13
 2.241658856508929e-12
 6.509475223730846e-18
 4.047763830845342e-16
 1.578266657046392e-11
 4.944476581460077e-12
 1.263229095599797e-16
 4.743016051800833e-17
 4.817872826317399e-18
 6.087783812181339e-20
 1.080535020982441e-09
 1.631518983980934e-10
 2.03939813730488e-12
 7.46747415175037e-13
 1.361145326111567e-08
 5.183024941214539e-09
 2.381325809423489e-15
 4.743016051800833e-17
 2.019876710505482e-16
 2.626147194125529e-18
 1.829131372519028e-07
 1.888000162367925e-07
 5.034118087288898e-11
 1.326879133014871e-11
 2.619248991996109e-06
 1.770242419573243e-06
 2.846309959988708e-14
 4.743016051800833e-17
 6.047641567158484e-13
 6.710279760757354e-17
 0.0001434873432613929
 1.888000162367925e-07
 3.608680538593047e-09
 1.326879133014871e-11
 2.619248991996109e-06
 1.770242419573243e-06
 1.833684685889555e-11
 1.069634885410199e-14
 5.663132368433393e-10
 6.710279760757354e-17
 0.004229912129097665
 1.888000162367925e-07
 2.444072200737717e-06
 7.93169327660199e-08
 0.001403667406948886
 0.0001562170530476802
 5.890730239350146e-09
 2.179181719008795e-10
 5.663132368433393e-10
 2.894173290761791e-15
 0.0001434873432613929
 0.001032615855223197
 0.000529556510795871
 7.93169327660199e-08
 0.001403667406948886
 0.0001562170530476802
 5.890730239350146e-09
 2.179181719008795e-10
 4.017962030790901e-08
 4.64402817947178e-13
 0.0001434873432613929
 0.001032615855223197
 0.000529556510795871
 7.93169327660199e-08
 0.001403667406948886
 0.004229912129097665
 5.890730239350146e-09
 2.179181719008795e-10
 4.017962030790901e-08
 1.3808732203196e-09
 0.0001434873432613929
 0.001032615855223197
 0.004229912129097665
 6.423466919339455e-05
 0.001403667406948886
 0.004229912129097665
 1.285929026268452e-06
 6.956529442003189e-07
 4.017962030790901e-08
 1.3808732203196e-09
 0.004229912129097665
 0.001032615855223197
 0.004229912129097665
 0.001032615855223197
 0.001403667406948886
 0.004229912129097665
 1.285929026268452e-06
 1.134195115540322e-05
 4.773428126983468e-06
 1.3808732203196e-09
 0.004229912129097665
 0.001032615855223197
 0.004229912129097665
 0.00295951451441536
 0.001403667406948886
 0.004229912129097665
 1.285929026268452e-06
 6.956529442003189e-07
 4.773428126983468e-06
 0.0002382515663566335
 0.004229912129097665
 0.001032615855223197
 0.004229912129097665
 0.00295951451441536
 0.001403667406948886
 0.004229912129097665
 1.285929026268452e-06
 1.134195115540322e-05
 4.773428126983468e-06
 0.0002382515663566335
 0.004229912129097665
 0.001032615855223197
 0.004229912129097665
 0.00295951451441536
 0
 0.004229912129097665
 1.285929026268452e-06
 0.0001103298457623497
 4.773428126983468e-06
 0.001032615855223197
 0.004229912129097665
 0
 0.004229912129097665
 0.00295951451441536
 0
 0.004229912129097665
 1.285929026268452e-06
 0.0001103298457623497
 0.000353433959391907
 0.001032615855223197
 0.004229912129097665
 0
 0.004229912129097665
 0.00295951451441536
 0
 0
 1.294582170918813e-05
 0.0001103298457623497
 0.000353433959391907
 0.001032615855223197
 0.004229912129097665
 0
 0
 0.00295951451441536
 0
 0
 1.294582170918813e-05
 0.0001103298457623497
 0.000353433959391907
 0.001032615855223197
 0
 0
 0
 0.00295951451441536
 0
 0
 1.294582170918813e-05
 0.0001103298457623497
 0.000353433959391907
 0.001032615855223197
 0
 0
 0
 0
 0
 0
 1.294582170918813e-05
 0.0001103298457623497
 0.000353433959391907
 0.001032615855223197
 0
 0
 0
 0
 0
 0
 1.294582170918813e-05
 0.0001103298457623497
 0.000353433959391907
 0.001032615855223197
 0
 0
 0
 0
 0
 0
 1.294582170918813e-05
 0
 0.000353433959391907
 0
 0
 0
 0
 0
 0
 0
 1.294582170918813e-05
 0
 0
 0
 0
 0
 0
 0
 0
 0
 0
 0
 0
 0
 0
 0
 0
 0
 0
 0
 0
 0
 0
 0
 0
 0
 0
 0
 0
 0
 0
 0
 0
 0
 0
 0
 0
 0
 0
 0
 0
 0
 0
 0
 0
 0
 0
 0
 0
 0
 0
 0
 0
 0
 0
 0
 0
 0
 0
 0
 0
 0
 0
 0
 0
 0
 0
 0
 0
 0
 0
 0
 0
 0
 0
 0
 0
 0
 0
 0
 0
 0
 0
 0
 0
 0
 0
 0
 0
 0
 0
 0
 0
 0
