# Created by Octave 3.2.4, Thu Feb 07 00:59:26 2013 EST <rbom@zaphod>
# name: small_First_Fit
# type: matrix
# ndims: 3
 1 10 30
 1.083088587092814e-13
 5.051384607030711e-14
 3.858857118523364e-12
 2.632150572619915e-12
 3.770519003280461e-16
 3.297070352431173e-15
 1.798794356528647e-13
 3.653259132293226e-17
 3.82452817794411e-13
 6.444399097666418e-18
 2.928040069639982e-11
 5.051384607030711e-14
 2.98145583425626e-10
 1.364380541474983e-09
 4.473799457789914e-12
 1.899163141101529e-12
 2.009531668860617e-10
 2.883781480328638e-11
 2.009266578541515e-09
 1.38356564754154e-11
 2.848580364254355e-05
 6.977438848411305e-11
 2.98145583425626e-10
 2.78623228252637e-05
 4.953454605440728e-08
 7.888674918174817e-11
 6.382481229421359e-09
 2.41651500351513e-09
 7.950051577563567e-08
 2.534635760145999e-06
 2.848580364254355e-05
 1.158515994886489e-08
 1.220920008764087e-08
 0.0004960620089398453
 6.254759488915029e-05
 4.281014731058528e-10
 2.966914501533537e-08
 2.697807591519381e-06
 4.531478957935072e-07
 2.534635760145999e-06
 0.000305761339044226
 2.814316545869017e-07
 2.498428039755991e-08
 0.0004960620089398453
 0.002299010100977268
 1.743076448151501e-08
 9.098176440636491e-07
 0.0003949763560205058
 1.484424785853358e-05
 2.534635760145999e-06
 0.000305761339044226
 2.814316545869017e-07
 1.021962185727529e-06
 0.0004960620089398453
 0.002299010100977268
 2.510763115940186e-06
 2.485467139818663e-06
 0.0003949763560205058
 0.00057380096212397
 2.534635760145999e-06
 0.000305761339044226
 3.543390596436496e-06
 3.272986355366368e-06
 0.0004960620089398453
 0.04047882659270312
 0.002887428819562073
 7.525774782702177e-05
 0.004876886602434788
 0.009800561614082732
 0.01236588215159893
 0.000305761339044226
 5.365485115531595e-06
 1.614590454543209e-05
 0.0004960620089398453
 0.04047882659270312
 0.005199396686526338
 7.525774782702177e-05
 0.01515741835035714
 0.009800561614082732
 0.01236588215159893
 0.000305761339044226
 5.365485115531595e-06
 0.00057380096212397
 0.0004960620089398453
 0.04047882659270312
 0.005199396686526338
 7.525774782702177e-05
 0.04047882659270312
 0.009800561614082732
 0.01236588215159893
 0.000305761339044226
 5.365485115531595e-06
 0.001855668769811803
 0.0004960620089398453
 0.04047882659270312
 0.01975803183298352
 7.525774782702177e-05
 0.04047882659270312
 0.04047882659270312
 0.01236588215159893
 0.000305761339044226
 3.543390596436496e-06
 0.009800561614082732
 0
 0.04047882659270312
 0.01975803183298352
 7.525774782702177e-05
 0.04047882659270312
 0.009800561614082732
 0.01236588215159893
 0
 3.543390596436496e-06
 0.009800561614082732
 0
 0.04047882659270312
 0.01975803183298352
 0.01236588215159893
 0.04047882659270312
 0.009800561614082732
 0.01236588215159893
 0
 0.000106215593842787
 0.009800561614082732
 0
 0.04047882659270312
 0.01975803183298352
 0.01236588215159893
 0.04047882659270312
 0.009800561614082732
 0.01236588215159893
 0
 0.000106215593842787
 0.01975803183298352
 0
 0
 0.01975803183298352
 0.01236588215159893
 0.04047882659270312
 0.009800561614082732
 0
 0
 0.000106215593842787
 0.01975803183298352
 0
 0
 0.01975803183298352
 0.01236588215159893
 0.04047882659270312
 0.009800561614082732
 0
 0
 0.000106215593842787
 0.01975803183298352
 0
 0
 0.01975803183298352
 0.01236588215159893
 0
 0.01975803183298352
 0
 0
 0.000106215593842787
 0.01975803183298352
 0
 0
 0
 0.01236588215159893
 0
 0.04047882659270312
 0
 0
 0.000106215593842787
 0.04047882659270312
 0
 0
 0
 0.01236588215159893
 0
 0.04047882659270312
 0
 0
 0.000106215593842787
 0.01975803183298352
 0
 0
 0
 0
 0
 0.04047882659270312
 0
 0
 0
 0.01975803183298352
 0
 0
 0
 0
 0
 0.04047882659270312
 0
 0
 0
 0.04047882659270312
 0
 0
 0
 0
 0
 0.04047882659270312
 0
 0
 0
 0.01975803183298352
 0
 0
 0
 0
 0
 0.04047882659270312
 0
 0
 0
 0.01975803183298352
 0
 0
 0
 0
 0
 0.04047882659270312
 0
 0
 0
 0.01975803183298352
 0
 0
 0
 0
 0
 0
 0
 0
 0
 0.01975803183298352
 0
 0
 0
 0
 0
 0
 0
 0
 0
 0.01975803183298352
 0
 0
 0
 0
 0
 0
 0
 0
 0
 0.01975803183298352
 0
 0
 0
 0
 0
 0
 0
 0
 0
 0
 0
 0
 0
 0
 0
 0
 0
 0
 0
 0
 0
 0
 0
 0
 0
 0
 0
 0
 0
 0
 0
 0
 0
 0
 0
 0
 0
