# Created by Octave 3.2.4, Tue Feb 05 05:41:10 2013 EST <rbom@zaphod>
# name: small_First_Fit
# type: matrix
# ndims: 3
 1 10 30
 3.011406667630762e-12
 7.201835893339033e-18
 7.917626154470893e-18
 4.136139975527868e-17
 1.873538246907891e-19
 1.247531482645086e-13
 7.843117041794514e-18
 3.323431438608528e-17
 3.310113985018667e-12
 1.689070343970655e-16
 2.005189141213664e-10
 4.113574036643911e-12
 8.840199409882716e-16
 3.122014279561132e-15
 6.24063616477828e-16
 8.068222873949834e-10
 1.714939890599076e-13
 1.234117478837356e-13
 1.367355678978361e-10
 4.136471501548975e-12
 2.629805984956343e-08
 2.264803032640367e-09
 8.33117977547844e-15
 3.122014279561132e-15
 1.911652163213095e-13
 2.450455267527321e-07
 1.751802012643456e-11
 1.022455197153767e-11
 1.367355678978361e-10
 2.649417491942965e-10
 1.592706162476022e-06
 2.264803032640367e-09
 9.186892828916415e-13
 6.779921939648128e-14
 2.230262731202223e-10
 1.013345908431231e-05
 1.896725898976793e-09
 4.276450060393805e-10
 2.420168898732458e-07
 2.649417491942965e-10
 1.99535263777424e-05
 2.264803032640367e-09
 1.965306435079295e-08
 6.779921939648128e-14
 2.288124326052888e-08
 1.013345908431231e-05
 1.896725898976793e-09
 6.327820588466196e-10
 2.420168898732458e-07
 2.649417491942965e-10
 0.0003413709593070916
 2.264803032640367e-09
 1.965306435079295e-08
 4.025543376997911e-11
 2.288124326052888e-08
 1.013345908431231e-05
 1.896725898976793e-09
 2.155701879129611e-08
 2.420168898732458e-07
 2.445361941319489e-09
 0.00324361206098648
 2.264803032640367e-09
 4.471778367724311e-06
 2.581500885039363e-09
 1.655555779061204e-06
 1.013345908431231e-05
 1.352049766797629e-05
 2.155701879129611e-08
 2.420168898732458e-07
 5.601804575821681e-08
 0.00324361206098648
 2.264803032640367e-09
 4.815759170464229e-05
 3.050338059646539e-07
 1.655555779061204e-06
 1.013345908431231e-05
 1.352049766797629e-05
 2.155701879129611e-08
 7.479531695831421e-05
 5.601804575821681e-08
 0.00324361206098648
 1.056421578626238e-07
 5.9639245690014e-05
 3.050338059646539e-07
 1.655555779061204e-06
 7.471757196048968e-05
 0.00324361206098648
 2.155701879129611e-08
 0.00324361206098648
 1.634023666649477e-06
 0.00324361206098648
 5.286487189823122e-07
 5.9639245690014e-05
 8.632708332287476e-07
 1.655555779061204e-06
 7.471757196048968e-05
 0.00324361206098648
 2.155701879129611e-08
 0.00324361206098648
 1.634023666649477e-06
 0.00324361206098648
 5.286487189823122e-07
 4.815759170464229e-05
 1.303614731020962e-05
 1.655555779061204e-06
 7.471757196048968e-05
 0.00324361206098648
 1.044881683175979e-06
 0.00324361206098648
 1.634023666649477e-06
 0.00324361206098648
 5.286487189823122e-07
 4.815759170464229e-05
 8.646979210773809e-05
 7.471757196048968e-05
 7.471757196048968e-05
 0.00324361206098648
 1.044881683175979e-06
 0.00324361206098648
 1.634023666649477e-06
 0.00324361206098648
 5.286487189823122e-07
 4.815759170464229e-05
 0.00324361206098648
 7.471757196048968e-05
 7.471757196048968e-05
 0.00324361206098648
 1.044881683175979e-06
 0.00324361206098648
 1.634023666649477e-06
 0
 1.161088751736813e-06
 4.815759170464229e-05
 0.00324361206098648
 7.471757196048968e-05
 7.471757196048968e-05
 0.00324361206098648
 1.044881683175979e-06
 0.00324361206098648
 1.634023666649477e-06
 0
 2.428033709419686e-05
 4.815759170464229e-05
 0.00324361206098648
 7.471757196048968e-05
 7.471757196048968e-05
 0.00324361206098648
 1.044881683175979e-06
 0.00324361206098648
 1.634023666649477e-06
 0
 2.428033709419686e-05
 0
 0.00324361206098648
 7.471757196048968e-05
 0
 0
 1.044881683175979e-06
 0
 0
 0
 2.428033709419686e-05
 0
 0.00324361206098648
 7.790031786518824e-05
 0
 0
 1.044881683175979e-06
 0
 0
 0
 2.428033709419686e-05
 0
 0.00324361206098648
 7.471757196048968e-05
 0
 0
 0
 0
 0
 0
 2.428033709419686e-05
 0
 0.00324361206098648
 7.790031786518824e-05
 0
 0
 0
 0
 0
 0
 5.19107741890468e-05
 0
 0
 7.471757196048968e-05
 0
 0
 0
 0
 0
 0
 5.19107741890468e-05
 0
 0
 7.471757196048968e-05
 0
 0
 0
 0
 0
 0
 2.428033709419686e-05
 0
 0
 7.471757196048968e-05
 0
 0
 0
 0
 0
 0
 2.428033709419686e-05
 0
 0
 7.471757196048968e-05
 0
 0
 0
 0
 0
 0
 2.428033709419686e-05
 0
 0
 7.471757196048968e-05
 0
 0
 0
 0
 0
 0
 5.19107741890468e-05
 0
 0
 7.471757196048968e-05
 0
 0
 0
 0
 0
 0
 2.428033709419686e-05
 0
 0
 0
 0
 0
 0
 0
 0
 0
 2.428033709419686e-05
 0
 0
 0
 0
 0
 0
 0
 0
 0
 2.428033709419686e-05
 0
 0
 0
 0
 0
 0
 0
 0
 0
 2.428033709419686e-05
 0
 0
 0
 0
 0
 0
 0
 0
 0
 2.428033709419686e-05
 0
 0
 0
 0
 0
 0
 0
 0
