# Created by Octave 3.2.4, Thu Feb 07 02:36:59 2013 EST <rbom@zaphod>
# name: small_First_Fit
# type: matrix
# ndims: 3
 1 10 30
 4.41654600487103e-10
 7.249105771168208e-12
 8.424126306410841e-13
 3.956469197036878e-10
 4.45173653970094e-14
 6.008201159428343e-12
 5.97939902058773e-13
 1.339460852976755e-14
 1.28954256598056e-09
 1.152815725669797e-11
 2.28193180893787e-08
 1.307299724457854e-05
 1.512138643820055e-11
 4.459285415448619e-08
 9.882717394904965e-10
 8.658499274309446e-10
 1.290155954664429e-07
 7.801657623006662e-12
 5.184192619707466e-05
 5.112826335386698e-10
 2.28193180893787e-08
 6.792078585793783e-05
 3.222098944087595e-10
 2.036906191032372e-05
 1.625219562536123e-08
 6.042047641146907e-09
 3.655988888226347e-07
 7.139636526690408e-10
 0.0002909884924299449
 1.400157183230358e-08
 3.998597229977609e-07
 6.792078585793783e-05
 3.713768115288643e-09
 2.036906191032372e-05
 1.625219562536123e-08
 4.794876133095517e-08
 0.0005055151366976275
 3.063852261415073e-08
 0.0002909884924299449
 4.911256217153774e-07
 3.998597229977609e-07
 0.0001252936735994832
 2.836325676849408e-08
 2.036906191032372e-05
 1.625219562536123e-08
 1.966044080605512e-06
 0.0005055151366976275
 1.257809781728434e-06
 0.0006948008112792039
 4.911256217153774e-07
 7.139208867505293e-05
 0.0001252936735994832
 3.249224894430081e-07
 0.0001428607022022655
 1.625219562536123e-08
 2.621150363111794e-06
 0.0005055151366976275
 5.513016385208728e-06
 0.0006948008112792039
 4.15061444178207e-06
 0.0005781465982806387
 0.0001252936735994832
 1.161815085951074e-05
 0.000222625657708929
 8.166740304667398e-08
 1.111080235524482e-05
 0.0005055151366976275
 3.496400052885227e-05
 0.0006948008112792039
 7.17518959040976e-05
 0.0007418042527624145
 0.0007418042527624145
 7.387056754469923e-05
 0.000222625657708929
 8.166740304667398e-08
 1.111080235524482e-05
 0.0005055151366976275
 3.496400052885227e-05
 0.003343488405604889
 0.0002423873930902779
 0.0007418042527624145
 0.0007418042527624145
 0.0005055151366976275
 0.000222625657708929
 8.166740304667398e-08
 1.111080235524482e-05
 0.0005055151366976275
 3.496400052885227e-05
 0.003343488405604889
 0.0002423873930902779
 0.0007418042527624145
 0.005125965926516976
 0.0005055151366976275
 0.001500818433521029
 6.104675024685309e-07
 1.111080235524482e-05
 0.0005055151366976275
 0.0001502184449616197
 0.003343488405604889
 0.000363069576929295
 0.005125965926516976
 0.005125965926516976
 0.0005055151366976275
 0.001500818433521029
 1.740729034674268e-06
 1.111080235524482e-05
 0
 0.0001502184449616197
 0.01607619869100669
 0.004805673823491508
 0.005125965926516976
 0.005125965926516976
 0.0005055151366976275
 0.001500818433521029
 5.489533313812013e-05
 1.111080235524482e-05
 0
 0.007916035033123957
 0.01607619869100669
 0.004805673823491508
 0.005125965926516976
 0.005125965926516976
 0.0005055151366976275
 0.001500818433521029
 0.0006091735118948148
 1.111080235524482e-05
 0
 0.007916035033123957
 0.01607619869100669
 0.004805673823491508
 0.005125965926516976
 0.005125965926516976
 0.0005055151366976275
 0.001500818433521029
 0.0006091735118948148
 0
 0
 0.007916035033123957
 0.02629646725629695
 0.004805673823491508
 0.005125965926516976
 0.005125965926516976
 0.0005055151366976275
 0.001500818433521029
 0.0006091735118948148
 0
 0
 0.007916035033123957
 0.01607619869100669
 0.01607619869100669
 0.005125965926516976
 0.005125965926516976
 0
 0.001500818433521029
 0.0006091735118948148
 0
 0
 0.007916035033123957
 0.02629646725629695
 0.01607619869100669
 0.005125965926516976
 0
 0
 0
 0.0006091735118948148
 0
 0
 0.01607619869100669
 0.01607619869100669
 0.01607619869100669
 0
 0
 0
 0
 0.0006091735118948148
 0
 0
 0.007916035033123957
 0.01607619869100669
 0.01607619869100669
 0
 0
 0
 0
 0.0006091735118948148
 0
 0
 0.01607619869100669
 0.02629646725629695
 0.01607619869100669
 0
 0
 0
 0
 0
 0
 0
 0.01607619869100669
 0.02629646725629695
 0.01607619869100669
 0
 0
 0
 0
 0
 0
 0
 0.01607619869100669
 0.02629646725629695
 0.01607619869100669
 0
 0
 0
 0
 0
 0
 0
 0.01607619869100669
 0.02629646725629695
 0
 0
 0
 0
 0
 0
 0
 0
 0.01607619869100669
 0.02629646725629695
 0
 0
 0
 0
 0
 0
 0
 0
 0.02629646725629695
 0.02629646725629695
 0
 0
 0
 0
 0
 0
 0
 0
 0.02629646725629695
 0.02629646725629695
 0
 0
 0
 0
 0
 0
 0
 0
 0.02629646725629695
 0
 0
 0
 0
 0
 0
 0
 0
 0
 0.02629646725629695
 0
 0
 0
 0
 0
 0
 0
 0
 0
 0.02629646725629695
 0
 0
 0
 0
 0
 0
 0
 0
 0
 0.02629646725629695
 0
 0
 0
 0
 0
 0
 0
 0
 0
 0.01607619869100669
 0
 0
