# Created by Octave 3.2.4, Tue Feb 05 14:35:12 2013 EST <rbom@zaphod>
# name: small_First_Fit
# type: matrix
# ndims: 3
 1 10 30
 5.469717847643977e-10
 1.844503325576102e-14
 6.538641012921946e-15
 2.677865718388556e-13
 3.374165469646362e-16
 2.491432093266937e-13
 6.768766268472769e-14
 3.666431070915503e-15
 1.513773836917315e-18
 6.634504995920297e-17
 5.368336383128584e-08
 6.165812820545334e-10
 2.987545911204594e-12
 7.492579299126633e-11
 2.148161166938804e-13
 3.402436898521604e-10
 6.587447916681783e-11
 7.249980311632425e-14
 5.544341122908973e-12
 4.24960421192077e-14
 2.122737837456483e-05
 4.309864900405733e-08
 1.901026161871366e-09
 7.492579299126633e-11
 5.698192289378539e-11
 5.995099428173279e-08
 4.633987623901813e-09
 7.249980311632425e-14
 1.058331534107397e-09
 2.875438215195801e-11
 2.122737837456483e-05
 4.309864900405733e-08
 8.945663833025762e-09
 2.766356020630153e-08
 4.77499090853028e-09
 2.276272223332251e-06
 1.927719073756068e-07
 4.942961328995661e-13
 2.165209113657135e-07
 1.983078017881911e-09
 2.122737837456483e-05
 7.827411056560244e-07
 9.401107504880435e-07
 3.131541591549608e-06
 2.174211986580369e-08
 4.112742826104636e-06
 2.676242336829877e-06
 1.72143260325882e-11
 3.318757357232917e-05
 7.838825253947597e-09
 0.003880081369094273
 1.931866638472238e-05
 9.390863967004353e-06
 2.728590451842262e-05
 9.547280380175141e-06
 0.0001785743380021515
 2.676242336829877e-06
 3.639052408762023e-11
 3.318757357232917e-05
 5.284122392721336e-07
 0.003880081369094273
 0.000172190530585433
 1.255405132598378e-05
 2.728590451842262e-05
 9.547280380175141e-06
 0.0001785743380021515
 0.001045229082747909
 1.674832292984722e-09
 3.833389242132388e-05
 2.832221624805685e-06
 0.003880081369094273
 0.000172190530585433
 0.002566628641605001
 2.728590451842262e-05
 0.0001576759544025387
 0.0002763542805798592
 0.002895596797925057
 1.674832292984722e-09
 3.318757357232917e-05
 2.864988020921575e-06
 0.003880081369094273
 0.000172190530585433
 0.002566628641605001
 2.728590451842262e-05
 0.0006191258524814221
 0.0002763542805798592
 0.002895596797925057
 1.378545016070858e-06
 3.318757357232917e-05
 2.864988020921575e-06
 0.003880081369094273
 0.000172190530585433
 0.002566628641605001
 0.00701244937166633
 0.007940393691733544
 0.0001785743380021515
 0.001045229082747909
 5.21686571106091e-05
 0.002566628641605001
 2.864988020921575e-06
 0.008729258156842674
 0.000172190530585433
 0.002566628641605001
 0.00701244937166633
 0.008729258156842674
 0.0001785743380021515
 0.002895596797925057
 5.21686571106091e-05
 0.002566628641605001
 2.864988020921575e-06
 0.008729258156842674
 0.00677256232031347
 0.002566628641605001
 0.00701244937166633
 0.007940393691733544
 0.0001785743380021515
 0.001045229082747909
 5.21686571106091e-05
 0.002566628641605001
 2.864988020921575e-06
 0.003880081369094273
 0.00677256232031347
 0.002566628641605001
 0.00701244937166633
 0.007940393691733544
 0.0002763542805798592
 0.00701244937166633
 5.21686571106091e-05
 0.002566628641605001
 2.864988020921575e-06
 0.008729258156842674
 0.00677256232031347
 0.002566628641605001
 0.00701244937166633
 0.007940393691733544
 0.0001785743380021515
 0.00701244937166633
 0.008729258156842674
 0.002566628641605001
 2.864988020921575e-06
 0.008729258156842674
 0.00677256232031347
 0
 0.00701244937166633
 0.007940393691733544
 0.0001785743380021515
 0.00701244937166633
 0.008729258156842674
 0.002566628641605001
 0
 0.003880081369094273
 0.00677256232031347
 0
 0.00701244937166633
 0.007940393691733544
 0.0001785743380021515
 0.00701244937166633
 0.008729258156842674
 0.002566628641605001
 0
 0.003880081369094273
 0.00677256232031347
 0
 0
 0.007940393691733544
 0.0002763542805798592
 0.00701244937166633
 0.008729258156842674
 0
 0
 0.008729258156842674
 0.00677256232031347
 0
 0
 0
 0.0002763542805798592
 0.00701244937166633
 0.008729258156842674
 0
 0
 0.008729258156842674
 0
 0
 0
 0
 0.0002763542805798592
 0.00701244937166633
 0.008729258156842674
 0
 0
 0.008729258156842674
 0
 0
 0
 0
 0.0002763542805798592
 0
 0.008729258156842674
 0
 0
 0.008729258156842674
 0
 0
 0
 0
 0.0001785743380021515
 0
 0
 0
 0
 0.008729258156842674
 0
 0
 0
 0
 0.0001785743380021515
 0
 0
 0
 0
 0.008729258156842674
 0
 0
 0
 0
 0.0001785743380021515
 0
 0
 0
 0
 0.008729258156842674
 0
 0
 0
 0
 0
 0
 0
 0
 0
 0
 0
 0
 0
 0
 0
 0
 0
 0
 0
 0
 0
 0
 0
 0
 0
 0
 0
 0
 0
 0
 0
 0
 0
 0
 0
 0
 0
 0
 0
 0
 0
 0
 0
 0
 0
 0
 0
 0
 0
 0
 0
 0
 0
 0
 0
 0
 0
 0
 0
 0
 0
 0
 0
 0
 0
 0
 0
 0
 0
