# Created by Octave 3.2.4, Thu Feb 07 06:29:30 2013 EST <rbom@zaphod>
# name: small_First_Fit
# type: matrix
# ndims: 3
 1 10 30
 1.329335647636318e-15
 1.785794748531502e-11
 6.199660859229044e-14
 1.442370643420071e-16
 2.769597110425863e-14
 5.202614118908641e-15
 5.250415783132398e-17
 8.481797730516857e-14
 8.87712434162661e-16
 3.298765126132719e-09
 1.329335647636318e-15
 1.103310951733007e-08
 2.028825898316729e-10
 4.701754501255088e-15
 1.859227037065501e-11
 2.094857336946083e-12
 7.69273029429479e-15
 3.269851784739861e-08
 3.669451526333574e-14
 1.141451853344274e-06
 7.587461897921983e-13
 1.103310951733007e-08
 6.56953460204724e-09
 2.440582751534989e-13
 1.324357900878449e-10
 1.189076165305217e-10
 7.69273029429479e-15
 3.269851784739861e-08
 1.025024577167741e-11
 8.727739328298482e-06
 1.551399599012271e-08
 3.657889227105111e-06
 4.402963095962544e-08
 1.070056179362404e-11
 5.335238325433229e-10
 3.914904415571025e-09
 1.945178235713635e-12
 1.482991347204812e-05
 1.025024577167741e-11
 3.50163267352293e-05
 1.551399599012271e-08
 0.0001154201981362041
 2.136512717460955e-06
 2.985651502519894e-09
 3.449437441203364e-07
 1.254971280600901e-06
 8.520055658027557e-11
 0.003517480336695941
 7.040349218372699e-09
 0.0002897586196442236
 5.031495419762164e-07
 0.002356927357689204
 0.002337712039008223
 2.186050513439752e-08
 3.449437441203364e-07
 0.0004722832940027763
 2.790547656624493e-09
 0.01341569612689963
 1.746193975241545e-06
 0.0008815398940932442
 5.031495419762164e-07
 0.002356927357689204
 0.002337712039008223
 2.186050513439752e-08
 1.482991347204812e-05
 0.0004722832940027763
 1.014546557077188e-06
 0.01341569612689963
 4.11323326001851e-05
 0.003894557891685636
 5.031495419762164e-07
 0.002615518247527816
 0.005970504829112461
 6.065453276382553e-07
 1.482991347204812e-05
 0.0008815398940932442
 1.014546557077188e-06
 0.01341569612689963
 4.11323326001851e-05
 0.003894557891685636
 5.031495419762164e-07
 0.002615518247527816
 0.005970504829112461
 8.71583478442986e-07
 3.673580263528369e-05
 0.003517480336695941
 1.822028206923762e-05
 0.01341569612689963
 0.0007103334920915105
 0.003894557891685636
 5.031495419762164e-07
 0.002615518247527816
 0.0153010190159653
 2.293379848437633e-05
 0.0003160518512375336
 0.003517480336695941
 1.822028206923762e-05
 0.01341569612689963
 0.0008268930403385263
 0.003894557891685636
 5.031495419762164e-07
 0.002615518247527816
 0.0153010190159653
 2.293379848437633e-05
 0.0003160518512375336
 0.003517480336695941
 1.822028206923762e-05
 0.003517480336695941
 0.0008268930403385263
 0.003894557891685636
 9.795821498405998e-06
 0.002615518247527816
 0.0153010190159653
 2.293379848437633e-05
 0.0003160518512375336
 0.003517480336695941
 0.0001054084691849428
 0.003894557891685636
 0.0008268930403385263
 0.003894557891685636
 9.795821498405998e-06
 0.002615518247527816
 0.0153010190159653
 2.293379848437633e-05
 0.0003160518512375336
 0.01341569612689963
 0.0001054084691849428
 0.003517480336695941
 0.005970504829112461
 0.003894557891685636
 0.0001074757325658181
 0.002615518247527816
 0.0153010190159653
 3.069247563393547e-05
 0.0003160518512375336
 0.01341569612689963
 0.0001054084691849428
 0.01341569612689963
 0.005970504829112461
 0
 0.0001074757325658181
 0
 0.0153010190159653
 2.293379848437633e-05
 0.0003160518512375336
 0.01341569612689963
 0.0001054084691849428
 0.01341569612689963
 0.005970504829112461
 0
 0.0001074757325658181
 0
 0.0153010190159653
 2.293379848437633e-05
 0.0003160518512375336
 0.01341569612689963
 0.002615518247527816
 0.01341569612689963
 0.005970504829112461
 0
 0.0001074757325658181
 0
 0
 2.293379848437633e-05
 0
 0.01341569612689963
 0.002615518247527816
 0.01341569612689963
 0.005970504829112461
 0
 0.0001074757325658181
 0
 0
 2.293379848437633e-05
 0
 0.01341569612689963
 0.002615518247527816
 0.0153010190159653
 0.005970504829112461
 0
 0.0001074757325658181
 0
 0
 2.293379848437633e-05
 0
 0.01341569612689963
 0.002615518247527816
 0.01341569612689963
 0.01341569612689963
 0
 0.0001074757325658181
 0
 0
 2.293379848437633e-05
 0
 0
 0.002615518247527816
 0.01341569612689963
 0.01341569612689963
 0
 0
 0
 0
 0
 0
 0
 0.002615518247527816
 0.01341569612689963
 0.005970504829112461
 0
 0
 0
 0
 0
 0
 0
 0.002615518247527816
 0.01341569612689963
 0.005970504829112461
 0
 0
 0
 0
 0
 0
 0
 0
 0.01341569612689963
 0.005970504829112461
 0
 0
 0
 0
 0
 0
 0
 0
 0.01341569612689963
 0.005970504829112461
 0
 0
 0
 0
 0
 0
 0
 0
 0
 0.005970504829112461
 0
 0
 0
 0
 0
 0
 0
 0
 0
 0
 0
 0
 0
 0
 0
 0
 0
 0
 0
 0
 0
 0
 0
 0
 0
 0
 0
 0
 0
 0
 0
 0
 0
 0
 0
 0
 0
 0
 0
 0
 0
 0
 0
 0
 0
 0
 0
 0
 0
 0
 0
