# Created by Octave 3.2.4, Tue Feb 05 23:26:49 2013 EST <rbom@zaphod>
# name: small_First_Fit
# type: matrix
# ndims: 3
 1 10 30
 2.096429563824724e-10
 1.662885092722986e-11
 7.010684835705675e-09
 6.665638083217114e-12
 1.060931996116444e-08
 2.350304257348278e-10
 1.160631987344636e-09
 9.366911614611385e-09
 6.949353015114702e-11
 1.485456675518216e-09
 9.484841340004578e-09
 8.999511404420956e-07
 9.267182096198634e-07
 1.236089068323028e-07
 1.338172067441723e-06
 6.469558963267477e-09
 5.085358090084516e-07
 9.366911614611385e-09
 2.625914609321333e-09
 9.76307968377923e-09
 4.184222092482809e-07
 8.999511404420956e-07
 9.267182096198634e-07
 2.836148374992558e-06
 1.421765252904985e-05
 3.591873006178567e-07
 9.815662272962837e-07
 5.293302376814065e-07
 4.516631153725564e-08
 7.833029696032476e-08
 4.184222092482809e-07
 8.999511404420956e-07
 6.868921333484746e-05
 2.836148374992558e-06
 1.708740868536854e-05
 3.591873006178567e-07
 9.815662272962837e-07
 9.380908108562109e-06
 6.646929143597045e-08
 1.62034070322501e-07
 4.852277788364306e-05
 8.999511404420956e-07
 6.868921333484746e-05
 3.229145200376463e-06
 6.253111377088529e-05
 3.591873006178567e-07
 1.474775302142452e-05
 9.162905417453182e-05
 1.553451662241726e-07
 1.944783125644775e-05
 0.000491825119014823
 8.999511404420956e-07
 0.0005780061675482644
 2.836148374992558e-06
 0.0005115885781484429
 4.754919567166029e-06
 4.432730319416423e-05
 0.001685771480875801
 1.553451662241726e-07
 1.944783125644775e-05
 0.000491825119014823
 8.999511404420956e-07
 0.0005780061675482644
 2.836148374992558e-06
 0.001814145837810221
 5.39088826740901e-06
 4.432730319416423e-05
 0.001685771480875801
 5.711776561943483e-07
 0.001710802315329747
 0.0003835073557242982
 8.999511404420956e-07
 0.0005780061675482644
 3.229145200376463e-06
 0.004239320500590869
 5.39088826740901e-06
 6.844132774228531e-05
 0.001685771480875801
 5.711776561943483e-07
 0.00437327041293888
 0.0003835073557242982
 8.999511404420956e-07
 0.0005780061675482644
 2.836148374992558e-06
 0.009546217119787493
 1.322160718899633e-05
 0.0001118581438259297
 0.02446128547483558
 1.618474083742429e-07
 0.00437327041293888
 0.0003835073557242982
 0.000264114414282964
 0.0005780061675482644
 2.836148374992558e-06
 0.009546217119787493
 0.001426698796564269
 0.0002778398979660593
 0.02446128547483558
 7.244351270524295e-06
 0.00437327041293888
 0.004263735128128394
 0.00268373055437734
 0.0005780061675482644
 2.836148374992558e-06
 0.009546217119787493
 0.003258207823897118
 0.0002778398979660593
 0.05274526728215985
 0.0001143719493970269
 0.001710802315329747
 0.004263735128128394
 0.02272512769340431
 0.002432010235318747
 2.836148374992558e-06
 0.02446128547483558
 0.003258207823897118
 0.0002778398979660593
 0.05274526728215985
 0.0001143719493970269
 0.00437327041293888
 0.004263735128128394
 0.033486200653787
 0.05274526728215985
 2.836148374992558e-06
 0.02446128547483558
 0.003258207823897118
 0.0002778398979660593
 0.05274526728215985
 0.0001143719493970269
 0.00437327041293888
 0.004263735128128394
 0.02272512769340431
 0.05274526728215985
 5.407154658269815e-06
 0.02446128547483558
 0.003258207823897118
 0.001035851457046089
 0.05274526728215985
 0.0001402246426021998
 0.00437327041293888
 0.004263735128128394
 0.02272512769340431
 0.05274526728215985
 3.229145200376463e-06
 0.02446128547483558
 0.003258207823897118
 0.0005540245268312655
 0.05274526728215985
 0.0005964782001720672
 0.00437327041293888
 0.00651365533250489
 0.02272512769340431
 0.05274526728215985
 2.836148374992558e-06
 0.02446128547483558
 0.003258207823897118
 0.0005540245268312655
 0.05274526728215985
 0.0005964782001720672
 0.00437327041293888
 0.004263735128128394
 0.02272512769340431
 0.05274526728215985
 2.836148374992558e-06
 0.02446128547483558
 0.003258207823897118
 0.0005540245268312655
 0.05274526728215985
 0.0007468314123288528
 0.007271908859202203
 0.004263735128128394
 0.02272512769340431
 0.05274526728215985
 2.836148374992558e-06
 0.05274526728215985
 0
 0.001035851457046089
 0
 0.001710802315329747
 0.007271908859202203
 0.004263735128128394
 0.02272512769340431
 0.05274526728215985
 2.836148374992558e-06
 0.05274526728215985
 0
 0.001035851457046089
 0
 0.00189644532596346
 0.007271908859202203
 0.004263735128128394
 0
 0
 3.229145200376463e-06
 0.02446128547483558
 0
 0.00480168639581861
 0
 0.00189644532596346
 0.007271908859202203
 0.004263735128128394
 0
 0
 5.407154658269815e-06
 0.02446128547483558
 0
 0.009969742373385855
 0
 0.00189644532596346
 0.009546217119787493
 0.00651365533250489
 0
 0
 2.836148374992558e-06
 0.02446128547483558
 0
 0.009969742373385855
 0
 0.00189644532596346
 0.02871177137496604
 0.00651365533250489
 0
 0
 2.836148374992558e-06
 0.02446128547483558
 0
 0.009969742373385855
 0
 0.003102129608292727
 0.02871177137496604
 0.00651365533250489
 0
 0
 5.407154658269815e-06
 0.02446128547483558
 0
 0.009969742373385855
 0
 0.00437327041293888
 0.05274526728215985
 0.00651365533250489
 0
 0
 2.836148374992558e-06
 0
 0
 0.009969742373385855
 0
 0.00437327041293888
 0.05274526728215985
 0.00651365533250489
 0
 0
 2.836148374992558e-06
 0
 0
 0.02272512769340431
 0
 0.00437327041293888
 0.05274526728215985
 0.00651365533250489
 0
 0
 5.407154658269815e-06
 0
 0
 0.02272512769340431
 0
 0.02871177137496604
 0.05274526728215985
 0.00651365533250489
 0
 0
 3.229145200376463e-06
 0
 0
 0.02272512769340431
 0
 0.05274526728215985
 0.05274526728215985
 0
 0
 0
 5.407154658269815e-06
 0
 0
 0.02272512769340431
 0
 0.05274526728215985
 0.05274526728215985
 0
 0
 0
 2.836148374992558e-06
 0
 0
 0.02272512769340431
 0
 0.05274526728215985
 0.05274526728215985
