# Created by Octave 3.2.4, Mon Feb 04 22:22:51 2013 EST <rbom@zaphod>
# name: small_First_Fit
# type: matrix
# ndims: 3
 1 10 30
 3.259809920980184e-17
 4.083283887834791e-17
 5.690783189311581e-17
 2.138112277260151e-18
 1.085321020425333e-16
 5.526170387543335e-14
 7.092110206272071e-15
 3.578514517243293e-12
 6.508639602020459e-13
 1.399003809939715e-17
 1.901649272298589e-15
 3.772651564258518e-13
 5.01261499027471e-15
 1.256582048507387e-13
 5.434163000764873e-13
 6.702251717652001e-12
 2.063896233285061e-12
 3.578514517243293e-12
 1.503505376876571e-10
 3.013190195124031e-13
 2.947651762863067e-15
 2.369337736718368e-10
 5.215625028090385e-12
 1.99058090143325e-10
 6.303555864833935e-11
 6.702251717652001e-12
 2.703489724400185e-10
 3.292696011040923e-10
 1.503505376876571e-10
 4.140822091299899e-11
 5.503335929339262e-14
 5.22632682023065e-08
 9.174831912326783e-10
 2.176686287802214e-08
 6.642791403819085e-09
 6.702251717652001e-12
 4.968906061367649e-09
 2.258666727762109e-09
 4.706160151799542e-08
 3.060944788790807e-08
 2.783753712396691e-13
 5.22632682023065e-08
 5.394670710303782e-08
 2.176686287802214e-08
 6.642791403819085e-09
 6.021705982580423e-08
 4.968906061367649e-09
 2.258666727762109e-09
 3.014522560357086e-05
 3.060944788790807e-08
 5.060066243279021e-12
 1.305618660227593e-06
 5.394670710303782e-08
 8.402569076243216e-07
 9.6116170392375e-06
 2.502415226219874e-05
 6.951055042269239e-09
 2.993827466061849e-08
 3.014522560357086e-05
 3.060944788790807e-08
 3.250510168866534e-11
 1.305618660227593e-06
 1.569569541143016e-06
 4.424988557310896e-05
 0.0004549541343111027
 2.502415226219874e-05
 4.968906061367649e-09
 1.967605436519542e-07
 3.014522560357086e-05
 3.060944788790807e-08
 5.755992114476755e-10
 1.305618660227593e-06
 4.557538980164563e-06
 4.424988557310896e-05
 0.0004549541343111027
 2.502415226219874e-05
 1.04910192385012e-07
 2.434846979721574e-05
 3.014522560357086e-05
 1.080520124480504e-05
 5.755992114476755e-10
 1.305618660227593e-06
 0.0001174553965009607
 4.424988557310896e-05
 0.0004549541343111027
 2.502415226219874e-05
 7.98593102311074e-07
 2.434846979721574e-05
 0.0001307578434928347
 1.080520124480504e-05
 2.437934134514489e-09
 5.689765540243931e-05
 0.0001174553965009607
 4.424988557310896e-05
 0.01231869454299666
 2.835766881205986e-05
 1.400740210869849e-05
 0.001533694646578672
 0.0001307578434928347
 1.080520124480504e-05
 2.683623249615466e-06
 5.689765540243931e-05
 0.0001174553965009607
 4.424988557310896e-05
 0.01231869454299666
 2.502415226219874e-05
 1.400740210869849e-05
 0.001533694646578672
 0.0001307578434928347
 1.080520124480504e-05
 2.683623249615466e-06
 5.689765540243931e-05
 0.0001174553965009607
 4.424988557310896e-05
 0.01231869454299666
 2.502415226219874e-05
 1.400740210869849e-05
 0.001533694646578672
 0.0001307578434928347
 1.080520124480504e-05
 2.683623249615466e-06
 5.689765540243931e-05
 0.0001174553965009607
 4.424988557310896e-05
 0.01231869454299666
 2.502415226219874e-05
 1.400740210869849e-05
 0.001533694646578672
 0.0001307578434928347
 1.080520124480504e-05
 2.683623249615466e-06
 5.689765540243931e-05
 0.001085239027135254
 0
 0.01231869454299666
 2.502415226219874e-05
 1.400740210869849e-05
 0.001533694646578672
 0.0001307578434928347
 1.080520124480504e-05
 2.683623249615466e-06
 5.689765540243931e-05
 0.001085239027135254
 0
 0.01231869454299666
 2.502415226219874e-05
 1.400740210869849e-05
 0.001533694646578672
 0.0001307578434928347
 0
 2.683623249615466e-06
 5.689765540243931e-05
 0.001085239027135254
 0
 0.01231869454299666
 2.502415226219874e-05
 1.400740210869849e-05
 0.001533694646578672
 0
 0
 2.683623249615466e-06
 0
 0.001085239027135254
 0
 0
 0
 0
 0
 0
 0
 0
 0
 0.001085239027135254
 0
 0
 0
 0
 0
 0
 0
 0
 0
 0.001085239027135254
 0
 0
 0
 0
 0
 0
 0
 0
 0
 0.001085239027135254
 0
 0
 0
 0
 0
 0
 0
 0
 0
 0
 0
 0
 0
 0
 0
 0
 0
 0
 0
 0
 0
 0
 0
 0
 0
 0
 0
 0
 0
 0
 0
 0
 0
 0
 0
 0
 0
 0
 0
 0
 0
 0
 0
 0
 0
 0
 0
 0
 0
 0
 0
 0
 0
 0
 0
 0
 0
 0
 0
 0
 0
 0
 0
 0
 0
 0
 0
 0
 0
 0
 0
 0
 0
 0
 0
 0
 0
 0
 0
 0
 0
 0
 0
 0
 0
 0
 0
 0
 0
 0
 0
 0
 0
 0
 0
 0
 0
 0
 0
 0
 0
 0
 0
 0
 0
 0
 0
