# Created by Octave 3.2.4, Mon Feb 04 23:02:04 2013 EST <rbom@zaphod>
# name: small_First_Fit
# type: matrix
# ndims: 3
 1 10 30
 2.466669978721024e-11
 2.199695577126798e-19
 4.073185719680355e-13
 6.488721182581627e-13
 7.052379320435927e-18
 4.553404500432114e-13
 8.213460040888e-12
 3.808175439018097e-14
 5.149930153669814e-15
 6.3688226642192e-17
 1.537928610459289e-08
 1.747877167015378e-12
 1.589362302763908e-08
 1.173732279262376e-10
 4.622254246933665e-15
 6.092284059623482e-11
 8.213460040888e-12
 2.00599190817193e-12
 2.649266965174418e-12
 3.168709627310297e-15
 7.67809796059007e-07
 1.618131688621762e-09
 1.129737552744853e-05
 8.9805250328642e-10
 2.159729803188966e-12
 4.254445415397923e-08
 1.774884729844839e-10
 6.019655770958376e-10
 3.444828302940725e-10
 2.4930668292562e-12
 7.67809796059007e-07
 2.944445120783085e-07
 5.233720661971355e-05
 9.618815593875974e-09
 8.135028396464584e-10
 3.445136284433136e-06
 5.318813188075896e-09
 1.679494842206156e-08
 9.382202581123791e-09
 3.374871711384054e-10
 7.67809796059007e-07
 1.587359395042776e-05
 5.233720661971355e-05
 8.404274203437179e-06
 1.442789731566131e-08
 2.180873877887099e-05
 1.999560097000053e-06
 3.187207004406035e-06
 1.129737552744853e-05
 3.735064121652132e-08
 7.67809796059007e-07
 7.02694037790369e-05
 0.0004149950646964017
 8.404274203437179e-06
 1.773587974113118e-07
 2.180873877887099e-05
 1.999560097000053e-06
 1.89706649816084e-05
 0.001300253000840841
 3.791086100530613e-06
 7.67809796059007e-07
 0.0001950946850201497
 0.001300253000840841
 0.0001453932802449566
 5.693379978216327e-05
 2.486075036252272e-05
 4.13225634743805e-05
 1.89706649816084e-05
 0.001300253000840841
 7.300388497661344e-05
 8.429549251244595e-05
 0.0001950946850201497
 0.001300253000840841
 0.0001453932802449566
 5.693379978216327e-05
 0.0007195119205415305
 4.13225634743805e-05
 1.89706649816084e-05
 0.001300253000840841
 7.300388497661344e-05
 0.0001453150695070999
 0.0001950946850201497
 0.001300253000840841
 0.0001453932802449566
 5.693379978216327e-05
 0.007243382308540349
 4.13225634743805e-05
 0.0002277306791881656
 0.001300253000840841
 7.300388497661344e-05
 0.007243382308540349
 0.0001950946850201497
 0.001300253000840841
 0.0009321755767428271
 5.693379978216327e-05
 0.007243382308540349
 4.13225634743805e-05
 0.0002277306791881656
 0.001300253000840841
 7.676076811508083e-05
 0.007243382308540349
 0.001052494506147689
 0.001300253000840841
 0.0009321755767428271
 5.693379978216327e-05
 0.007243382308540349
 4.13225634743805e-05
 5.413442846628348e-05
 0.001300253000840841
 0.0006511716097002153
 0.007243382308540349
 0.001052494506147689
 0.001300253000840841
 0.001139519870634247
 0.0009883366447462846
 0.007243382308540349
 0.0004149950646964017
 0.0002277306791881656
 0.001300253000840841
 0.0006511716097002153
 0.007243382308540349
 0.001052494506147689
 0.001300253000840841
 0.001139519870634247
 0.0009883366447462846
 0.007243382308540349
 0.0004149950646964017
 0.0002277306791881656
 0
 0.0009883366447462846
 0.007243382308540349
 0.001052494506147689
 0
 0.001139519870634247
 0.0009883366447462846
 0.007243382308540349
 0.0004383122661930171
 0.007243382308540349
 0
 0.0009883366447462846
 0.007243382308540349
 0.001052494506147689
 0
 0.001139519870634247
 0.0009883366447462846
 0.007243382308540349
 0.001300253000840841
 0.007243382308540349
 0
 0.0006511716097002153
 0.007243382308540349
 0.001052494506147689
 0
 0.001139519870634247
 0.0009883366447462846
 0
 0.001300253000840841
 0.007243382308540349
 0
 0.0006511716097002153
 0
 0.001052494506147689
 0
 0.001139519870634247
 0.0009883366447462846
 0
 0.001300253000840841
 0.007243382308540349
 0
 0.0006511716097002153
 0
 0
 0
 0.001139519870634247
 0.0009883366447462846
 0
 0.001300253000840841
 0.007243382308540349
 0
 0.0006511716097002153
 0
 0
 0
 0
 0
 0
 0.001300253000840841
 0.007243382308540349
 0
 0.0006511716097002153
 0
 0
 0
 0
 0
 0
 0.001300253000840841
 0.007243382308540349
 0
 0
 0
 0
 0
 0
 0
 0
 0.001300253000840841
 0
 0
 0
 0
 0
 0
 0
 0
 0
 0
 0
 0
 0
 0
 0
 0
 0
 0
 0
 0
 0
 0
 0
 0
 0
 0
 0
 0
 0
 0
 0
 0
 0
 0
 0
 0
 0
 0
 0
 0
 0
 0
 0
 0
 0
 0
 0
 0
 0
 0
 0
 0
 0
 0
 0
 0
 0
 0
 0
 0
 0
 0
 0
 0
 0
 0
 0
 0
 0
 0
 0
 0
 0
 0
 0
 0
 0
 0
 0
 0
 0
 0
 0
 0
 0
 0
 0
 0
 0
 0
 0
 0
 0
