# Created by Octave 3.2.4, Thu Feb 07 00:43:02 2013 EST <rbom@zaphod>
# name: small_First_Fit
# type: matrix
# ndims: 3
 1 10 30
 8.139502941022614e-19
 2.981792498013764e-20
 8.849205326343027e-20
 6.40469237122405e-18
 4.575807019003779e-19
 1.713283032342249e-18
 1.16793836199122e-24
 1.01936453276066e-16
 3.57833855171665e-20
 1.334352386763303e-18
 2.872047351007159e-14
 5.002519424097383e-11
 3.055392296975742e-12
 1.27487144656481e-14
 3.921973613744887e-16
 2.711214949244148e-10
 1.785756303824388e-20
 1.01936453276066e-16
 3.94572503225773e-17
 4.269303923564176e-16
 3.47605534216606e-09
 5.002519424097383e-11
 6.474207893666131e-11
 5.284855322324212e-13
 2.056679323384622e-12
 3.934953682430748e-07
 3.29346588220676e-15
 1.908161312721918e-13
 6.735018209550682e-15
 6.354476989324193e-13
 7.481056565658593e-07
 5.002519424097383e-11
 2.190476640798684e-09
 1.72533410456628e-11
 4.130672129695781e-10
 3.934953682430748e-07
 6.177443603104943e-12
 1.908161312721918e-13
 1.516521141262402e-12
 1.539906204016422e-10
 0.0001599969875789325
 5.002519424097383e-11
 2.190476640798684e-09
 1.930336891115599e-10
 4.130672129695781e-10
 2.733115649468051e-05
 1.585440676329726e-08
 3.532047730482042e-10
 2.195709068119041e-07
 1.735752796884684e-07
 0.01305598061084989
 5.002519424097383e-11
 8.000876610544519e-07
 3.485362934596457e-10
 4.130672129695781e-10
 2.733115649468051e-05
 3.517951097800133e-05
 3.532047730482042e-10
 2.195709068119041e-07
 7.060197255962775e-06
 0.01305598061084989
 2.591036465941826e-07
 4.069909068382481e-05
 3.485362934596457e-10
 1.465501524006312e-07
 0.009785627801485512
 0.01305598061084989
 6.000012736854661e-06
 4.912910128753215e-06
 6.339960007242475e-05
 0.01305598061084989
 2.591036465941826e-07
 4.069909068382481e-05
 6.696585823379657e-07
 1.465501524006312e-07
 0.009785627801485512
 0.01305598061084989
 6.000012736854661e-06
 6.844930306250025e-06
 0.002578661499141128
 0.01305598061084989
 2.591036465941826e-07
 4.069909068382481e-05
 6.696585823379657e-07
 1.465501524006312e-07
 0.009785627801485512
 0.01305598061084989
 6.000012736854661e-06
 9.4636736067637e-05
 0.002578661499141128
 0.01305598061084989
 2.591036465941826e-07
 0.002578661499141128
 6.696585823379657e-07
 0.0002723288736652021
 0.009785627801485512
 0.01305598061084989
 6.000012736854661e-06
 9.4636736067637e-05
 0.002578661499141128
 0.01305598061084989
 9.4636736067637e-05
 0.002578661499141128
 6.696585823379657e-07
 0.02268746028136825
 0.009785627801485512
 0.01305598061084989
 0.002191526769306947
 9.4636736067637e-05
 0.002578661499141128
 0.01305598061084989
 9.4636736067637e-05
 0.002578661499141128
 6.000012736854661e-06
 0.02268746028136825
 0.009785627801485512
 0.01305598061084989
 0.002191526769306947
 9.4636736067637e-05
 0.002578661499141128
 0
 9.4636736067637e-05
 0.002578661499141128
 3.574584322238345e-05
 0.02268746028136825
 0.01328082104977106
 0.01305598061084989
 0.002191526769306947
 9.4636736067637e-05
 0.002578661499141128
 0
 9.4636736067637e-05
 0.002578661499141128
 3.574584322238345e-05
 0.02268746028136825
 0.01328082104977106
 0
 0.002191526769306947
 9.4636736067637e-05
 0.002578661499141128
 0
 9.4636736067637e-05
 0.002578661499141128
 3.574584322238345e-05
 0.02268746028136825
 0.01328082104977106
 0
 0.002191526769306947
 9.4636736067637e-05
 0
 0
 9.4636736067637e-05
 0.002578661499141128
 3.574584322238345e-05
 0.02268746028136825
 0.009785627801485512
 0
 0.002191526769306947
 0
 0
 0
 9.4636736067637e-05
 0
 3.574584322238345e-05
 0.02268746028136825
 0.009785627801485512
 0
 0.002191526769306947
 0
 0
 0
 0
 0
 0.01305598061084989
 0
 0.009785627801485512
 0
 0
 0
 0
 0
 0
 0
 0.01305598061084989
 0
 0.009785627801485512
 0
 0
 0
 0
 0
 0
 0
 0.01305598061084989
 0
 0
 0
 0
 0
 0
 0
 0
 0
 0.01305598061084989
 0
 0
 0
 0
 0
 0
 0
 0
 0
 0.01305598061084989
 0
 0
 0
 0
 0
 0
 0
 0
 0
 0.01305598061084989
 0
 0
 0
 0
 0
 0
 0
 0
 0
 0.01305598061084989
 0
 0
 0
 0
 0
 0
 0
 0
 0
 0
 0
 0
 0
 0
 0
 0
 0
 0
 0
 0
 0
 0
 0
 0
 0
 0
 0
 0
 0
 0
 0
 0
 0
 0
 0
 0
 0
 0
 0
 0
 0
 0
 0
 0
 0
 0
 0
 0
 0
 0
 0
 0
 0
 0
 0
 0
 0
 0
 0
 0
 0
 0
 0
 0
 0
 0
