# Created by Octave 3.2.4, Tue Feb 05 10:14:13 2013 EST <rbom@zaphod>
# name: small_First_Fit
# type: matrix
# ndims: 3
 1 10 30
 6.78611784387023e-14
 1.325447220684351e-15
 1.242910831225986e-10
 1.263905334284491e-18
 2.541619732197684e-14
 1.127514923901853e-12
 4.619066521063392e-14
 3.249148069139123e-15
 1.044718277527222e-12
 1.657514754397171e-10
 6.803472000714384e-12
 5.232777336469427e-08
 1.112572420003517e-08
 1.185655005441403e-14
 2.213388619048018e-12
 8.635543298730499e-11
 3.219325086901385e-12
 2.551691911960493e-11
 2.729782054993607e-09
 4.147302401601863e-09
 3.852885530845483e-10
 1.390240758624755e-06
 1.112572420003517e-08
 1.231284354152787e-13
 7.130269152409318e-11
 3.187268281206466e-11
 6.264780460310523e-12
 6.301237215349434e-08
 4.993903970502677e-08
 4.278827180786559e-09
 1.9214058936383e-08
 1.390240758624755e-06
 2.062781927739902e-07
 2.339246152604101e-10
 5.87868429358022e-09
 9.769124630686335e-11
 1.531898292906381e-10
 7.533341975864703e-06
 1.367700285231994e-07
 1.00117430669813e-07
 8.756588987516003e-06
 3.007513869153294e-05
 2.062781927739902e-07
 6.572116600900667e-09
 1.299783611688696e-07
 3.238784692739413e-09
 4.111231361622329e-10
 7.571065441236113e-05
 1.367700285231994e-07
 1.091795688315541e-07
 8.756588987516003e-06
 3.007513869153294e-05
 5.401757601830116e-06
 3.361434696682647e-07
 4.154660803602476e-07
 8.277875229008041e-08
 1.279923263934316e-08
 7.571065441236113e-05
 1.367700285231994e-07
 1.117837049516847e-07
 8.756588987516003e-06
 3.007513869153294e-05
 5.401757601830116e-06
 5.453335168486448e-06
 4.154660803602476e-07
 1.516379673233412e-07
 1.279923263934316e-08
 0.000162594963739016
 2.915150217069957e-06
 1.117837049516847e-07
 0.0001108452436215606
 3.007513869153294e-05
 5.401757601830116e-06
 3.413291821583335e-05
 4.353812526200405e-06
 8.116266523268228e-07
 3.912968231982334e-07
 0.000162594963739016
 2.915150217069957e-06
 1.021740974814353e-07
 0.0001108452436215606
 3.007513869153294e-05
 3.881334906349656e-05
 3.413291821583335e-05
 4.353812526200405e-06
 8.116266523268228e-07
 3.912968231982334e-07
 0.000162594963739016
 2.528980100325265e-05
 1.117837049516847e-07
 0.0001108452436215606
 3.007513869153294e-05
 3.881334906349656e-05
 3.413291821583335e-05
 4.353812526200405e-06
 8.116266523268228e-07
 1.457196796628887e-06
 0.0003370133381387507
 2.528980100325265e-05
 1.117837049516847e-07
 0.0001108452436215606
 3.007513869153294e-05
 3.881334906349656e-05
 3.413291821583335e-05
 7.571065441236113e-05
 9.644315907401854e-06
 3.270782606087961e-06
 0.0003370133381387507
 2.528980100325265e-05
 1.117837049516847e-07
 0.0001108452436215606
 0
 3.881334906349656e-05
 3.413291821583335e-05
 0.0001185678132277242
 9.644315907401854e-06
 3.969205245103743e-06
 0.0003370133381387507
 2.528980100325265e-05
 1.260359806239451e-05
 0.0001108452436215606
 0
 3.881334906349656e-05
 3.413291821583335e-05
 0.000162594963739016
 2.528980100325265e-05
 7.893671516853235e-05
 0.0003370133381387507
 2.528980100325265e-05
 1.260359806239451e-05
 0.0001108452436215606
 0
 3.881334906349656e-05
 3.413291821583335e-05
 0.000162594963739016
 5.671905368777293e-05
 7.893671516853235e-05
 0.0003370133381387507
 2.528980100325265e-05
 1.260359806239451e-05
 0
 0
 3.881334906349656e-05
 0
 0.000162594963739016
 5.671905368777293e-05
 7.893671516853235e-05
 0.0003370133381387507
 2.528980100325265e-05
 1.260359806239451e-05
 0
 0
 0
 0
 0.000162594963739016
 5.671905368777293e-05
 7.893671516853235e-05
 0.0003370133381387507
 0
 1.260359806239451e-05
 0
 0
 0
 0
 0.0003370133381387507
 5.671905368777293e-05
 7.893671516853235e-05
 0
 0
 1.260359806239451e-05
 0
 0
 0
 0
 0.0003370133381387507
 5.671905368777293e-05
 0.0001112813009485117
 0
 0
 1.260359806239451e-05
 0
 0
 0
 0
 0.0003370133381387507
 5.671905368777293e-05
 0.0001112813009485117
 0
 0
 0
 0
 0
 0
 0
 0.0003370133381387507
 5.671905368777293e-05
 0.0001112813009485117
 0
 0
 0
 0
 0
 0
 0
 0.0003370133381387507
 0
 0.0001112813009485117
 0
 0
 0
 0
 0
 0
 0
 0.0003370133381387507
 0
 0.0001112813009485117
 0
 0
 0
 0
 0
 0
 0
 0.0003370133381387507
 0
 0.0001112813009485117
 0
 0
 0
 0
 0
 0
 0
 0
 0
 0.0001112813009485117
 0
 0
 0
 0
 0
 0
 0
 0
 0
 0
 0
 0
 0
 0
 0
 0
 0
 0
 0
 0
 0
 0
 0
 0
 0
 0
 0
 0
 0
 0
 0
 0
 0
 0
 0
 0
 0
 0
 0
 0
 0
 0
 0
 0
 0
 0
 0
 0
 0
 0
 0
 0
 0
 0
 0
 0
 0
 0
 0
 0
 0
 0
 0
