# Created by Octave 3.2.4, Wed Feb 06 15:45:02 2013 EST <rbom@zaphod>
# name: small_First_Fit
# type: matrix
# ndims: 3
 1 10 30
 5.453445057149403e-13
 1.355343266310828e-08
 1.453167622293481e-09
 3.930631325043443e-10
 2.071011239151035e-11
 2.760801828186101e-10
 6.791612355873652e-09
 6.437929248984972e-09
 3.666832951993479e-10
 3.315863810229051e-09
 6.056794497500241e-11
 1.254834099431962e-06
 2.391032391508312e-05
 1.334439634197074e-08
 2.931557656857305e-07
 7.428978494437326e-09
 2.792136065356969e-08
 1.548353628988523e-06
 4.9514201104806e-09
 1.491968501959241e-07
 6.056794497500241e-11
 1.254834099431962e-06
 2.391032391508312e-05
 1.334439634197074e-08
 0.0001276596582790346
 1.005611356086574e-08
 2.792136065356969e-08
 2.359153524980458e-05
 1.622099126103989e-08
 2.238857164817503e-05
 1.056278402167404e-08
 1.254834099431962e-06
 0.0008146739396627349
 1.334439634197074e-08
 0.001859591727567551
 1.174853334813114e-07
 2.085450417271971e-07
 2.359153524980458e-05
 3.34931890912725e-07
 2.238857164817503e-05
 5.312856968141885e-08
 5.396443743468869e-05
 0.0008146739396627349
 1.334439634197074e-08
 0.001859591727567551
 2.411171200622949e-07
 7.782353877679878e-07
 1.091345295400915e-05
 3.34931890912725e-07
 2.238857164817503e-05
 5.486030313888862e-07
 5.396443743468869e-05
 0.0008146739396627349
 1.334439634197074e-08
 0.001859591727567551
 5.575703545725188e-06
 6.344038720934158e-05
 1.091345295400915e-05
 3.721295839285696e-06
 3.699518357802817e-05
 9.775799486893082e-06
 0.007251597205514689
 0.0008146739396627349
 6.696357164518999e-07
 0.003262673283588657
 5.575703545725188e-06
 6.344038720934158e-05
 0.0001649609194815335
 7.727969983479143e-06
 2.238857164817503e-05
 9.775799486893082e-06
 0.007251597205514689
 0.0008146739396627349
 0.000174718577325098
 0.003262673283588657
 8.159392438541868e-05
 0.0001661703022892847
 0.0001649609194815335
 0.0001037966090378949
 2.238857164817503e-05
 2.719063620816587e-05
 0.007251597205514689
 0.0008146739396627349
 0.000174718577325098
 0.003262673283588657
 0.000586651742080329
 0.0001661703022892847
 0.009491678299052311
 0.001414700747908774
 2.238857164817503e-05
 0.0004222647438128281
 0.007251597205514689
 0.003751903282382957
 0.000174718577325098
 0.003262673283588657
 0.000559849998829855
 0.0001661703022892847
 0.009491678299052311
 0.001414700747908774
 0.000672167395383018
 0.0004222647438128281
 0.007251597205514689
 0.0008358545887238383
 0.000174718577325098
 0.003262673283588657
 0.000559849998829855
 0.0001661703022892847
 0.009491678299052311
 0.003262673283588657
 0.000672167395383018
 0.001048324783782835
 0.007251597205514689
 0.0008358545887238383
 0.00227215428200277
 0.003262673283588657
 0.000559849998829855
 0.0001661703022892847
 0.009491678299052311
 0.003262673283588657
 0.000672167395383018
 0.0004222647438128281
 0.007251597205514689
 0.0008358545887238383
 0.00227215428200277
 0.003262673283588657
 0.003529143361830182
 0.0001661703022892847
 0.009491678299052311
 0.003262673283588657
 0.000672167395383018
 0.001078522397991679
 0
 0.003751903282382957
 0.00227215428200277
 0
 0.003529143361830182
 0.0001661703022892847
 0.009491678299052311
 0.003262673283588657
 0.000672167395383018
 0.001078522397991679
 0
 0.003751903282382957
 0.00227215428200277
 0
 0.009491678299052311
 0
 0.009491678299052311
 0.003262673283588657
 0.000672167395383018
 0.001078522397991679
 0
 0.003751903282382957
 0.003751903282382957
 0
 0.003529143361830182
 0
 0
 0.003262673283588657
 0.000672167395383018
 0.001078522397991679
 0
 0.003751903282382957
 0.003751903282382957
 0
 0.003529143361830182
 0
 0
 0.003262673283588657
 0
 0.001078522397991679
 0
 0.003751903282382957
 0.007251597205514689
 0
 0.003529143361830182
 0
 0
 0
 0
 0.001078522397991679
 0
 0.003751903282382957
 0.003751903282382957
 0
 0.003529143361830182
 0
 0
 0
 0
 0.001078522397991679
 0
 0.003751903282382957
 0.00227215428200277
 0
 0.003529143361830182
 0
 0
 0
 0
 0
 0
 0
 0.00227215428200277
 0
 0.003529143361830182
 0
 0
 0
 0
 0
 0
 0
 0.007251597205514689
 0
 0
 0
 0
 0
 0
 0
 0
 0
 0.007251597205514689
 0
 0
 0
 0
 0
 0
 0
 0
 0
 0.00227215428200277
 0
 0
 0
 0
 0
 0
 0
 0
 0
 0.00227215428200277
 0
 0
 0
 0
 0
 0
 0
 0
 0
 0.00227215428200277
 0
 0
 0
 0
 0
 0
 0
 0
 0
 0.00227215428200277
 0
 0
 0
 0
 0
 0
 0
 0
 0
 0.00227215428200277
 0
 0
 0
 0
 0
 0
 0
 0
 0
 0
 0
 0
 0
 0
 0
 0
 0
 0
 0
 0
 0
 0
 0
 0
 0
 0
