# Created by Octave 3.2.4, Tue Feb 05 06:18:54 2013 EST <rbom@zaphod>
# name: small_First_Fit
# type: matrix
# ndims: 3
 1 10 30
 1.831963331497014e-18
 6.092609339281774e-18
 1.343243923063807e-17
 8.484230302276424e-20
 7.392160091064632e-13
 8.556511367829655e-15
 6.24841796544635e-12
 3.872948591148477e-15
 2.386654634758142e-17
 4.428782774222607e-17
 4.182220692338464e-10
 4.65465579794466e-14
 2.32967690887082e-11
 6.488685111348335e-14
 3.275456686805318e-09
 6.469872278851851e-11
 1.620599743471655e-10
 8.611926063342387e-13
 1.231462067809623e-11
 2.600828354276895e-15
 6.312087627696142e-09
 1.911950898888823e-11
 4.663400462374232e-09
 6.488685111348335e-14
 3.725603548617456e-07
 1.726724051502166e-08
 2.73044273556617e-08
 8.611926063342387e-13
 7.460363499505615e-10
 2.600828354276895e-15
 9.455831415091575e-07
 9.460117715972063e-11
 4.663400462374232e-09
 2.878656482995734e-11
 3.725603548617456e-07
 1.726724051502166e-08
 1.86977100346429e-06
 1.268162394618554e-12
 4.721178653472853e-09
 3.79022438403551e-12
 9.455831415091575e-07
 6.909988812268823e-10
 8.4560679539769e-06
 7.846119469527306e-09
 0.0001300951220914869
 1.727397904022728e-07
 9.254012547122404e-06
 8.611926063342387e-13
 1.895919280074477e-07
 5.004544741435815e-09
 9.455831415091575e-07
 1.970768089310658e-08
 0.004470635530256693
 4.519103545405958e-07
 0.0003864539733169456
 1.727397904022728e-07
 9.254012547122404e-06
 2.148003418441265e-09
 8.031452194788868e-06
 2.415420853421357e-07
 9.455831415091575e-07
 2.789333222153365e-07
 0.004470635530256693
 4.519103545405958e-07
 0.0005809321182127648
 0.0001227167524175716
 9.254012547122404e-06
 9.340153559924316e-08
 4.211801536794251e-05
 0.001415809456328939
 9.455831415091575e-07
 2.789333222153365e-07
 0.004470635530256693
 1.194876221751035e-05
 0.0005809321182127648
 0.0001227167524175716
 9.254012547122404e-06
 6.016879962547167e-07
 4.299773366864248e-05
 0.001415809456328939
 1.86977100346429e-06
 1.349738334886326e-05
 0.004470635530256693
 2.448613114006195e-05
 0.004470635530256693
 0.0001227167524175716
 9.254012547122404e-06
 6.08183557978286e-07
 4.211801536794251e-05
 0.001415809456328939
 1.86977100346429e-06
 1.349738334886326e-05
 0.004470635530256693
 0.0005879447325142244
 0.004470635530256693
 0.0001227167524175716
 9.254012547122404e-06
 6.08183557978286e-07
 4.211801536794251e-05
 0.001415809456328939
 1.86977100346429e-06
 1.349738334886326e-05
 0.004470635530256693
 0.0005879447325142244
 0.004470635530256693
 0.0001227167524175716
 0.007573782391833046
 0.0001472034003287897
 4.211801536794251e-05
 0.001415809456328939
 1.86977100346429e-06
 1.349738334886326e-05
 0.004470635530256693
 0.0005879447325142244
 0.004470635530256693
 0.0001227167524175716
 0.007573782391833046
 0.004389264819609807
 0.004470635530256693
 0.001415809456328939
 1.86977100346429e-06
 1.349738334886326e-05
 0
 0.0005879447325142244
 0.004470635530256693
 0.0001227167524175716
 0.007573782391833046
 0.004389264819609807
 0.004470635530256693
 0.001415809456328939
 1.86977100346429e-06
 1.349738334886326e-05
 0
 0.0005879447325142244
 0.004470635530256693
 0
 0.007573782391833046
 0.004389264819609807
 0.004470635530256693
 0
 1.748112233411907e-05
 1.349738334886326e-05
 0
 0.0005879447325142244
 0.004470635530256693
 0
 0.007573782391833046
 0.004389264819609807
 0.004470635530256693
 0
 1.748112233411907e-05
 0
 0
 0.0005879447325142244
 0
 0
 0.007573782391833046
 0.007573782391833046
 0.004470635530256693
 0
 1.748112233411907e-05
 0
 0
 0
 0
 0
 0.007573782391833046
 0.004389264819609807
 0.004470635530256693
 0
 1.748112233411907e-05
 0
 0
 0
 0
 0
 0
 0.004389264819609807
 0.004470635530256693
 0
 1.748112233411907e-05
 0
 0
 0
 0
 0
 0
 0.004389264819609807
 0
 0
 1.748112233411907e-05
 0
 0
 0
 0
 0
 0
 0.004389264819609807
 0
 0
 1.748112233411907e-05
 0
 0
 0
 0
 0
 0
 0.004389264819609807
 0
 0
 0
 0
 0
 0
 0
 0
 0
 0.004389264819609807
 0
 0
 0
 0
 0
 0
 0
 0
 0
 0
 0
 0
 0
 0
 0
 0
 0
 0
 0
 0
 0
 0
 0
 0
 0
 0
 0
 0
 0
 0
 0
 0
 0
 0
 0
 0
 0
 0
 0
 0
 0
 0
 0
 0
 0
 0
 0
 0
 0
 0
 0
 0
 0
 0
 0
 0
 0
 0
 0
 0
 0
 0
 0
 0
 0
 0
 0
 0
 0
 0
 0
 0
 0
 0
 0
 0
 0
 0
 0
 0
 0
 0
