# Created by Octave 3.2.4, Mon Feb 04 17:09:59 2013 EST <rbom@zaphod>
# name: small_First_Fit
# type: matrix
# ndims: 3
 1 10 30
 4.863595488417828e-13
 7.114491399166117e-15
 3.981234587880909e-14
 4.108449527300824e-14
 3.503784515785849e-16
 4.366622235148874e-19
 9.710930039384841e-13
 6.502741399908249e-13
 1.918206610731033e-14
 4.11046030220438e-14
 2.648846262026439e-10
 1.122015073510897e-09
 1.526189011421622e-12
 1.180012941772486e-12
 2.179751476648509e-13
 9.946117937525575e-11
 1.682777097062724e-11
 2.377943459484429e-09
 1.439241478199263e-09
 1.790119821538678e-08
 2.648846262026439e-10
 4.014779420770013e-09
 1.526189011421622e-12
 1.180012941772486e-12
 3.119912628667626e-10
 9.946117937525575e-11
 6.447537764531782e-10
 3.306418990826463e-06
 1.439241478199263e-09
 1.790119821538678e-08
 1.873964637771505e-08
 4.014779420770013e-09
 1.203621788049536e-10
 9.454430386098639e-11
 2.954779379524095e-09
 3.073890185395863e-08
 5.645842774224961e-08
 1.741958328645629e-05
 8.426187638537711e-08
 8.370060607730895e-07
 3.184717503051427e-08
 1.148659163085018e-06
 3.092507697873871e-10
 3.76621738751066e-09
 2.954779379524095e-09
 1.164001738701317e-06
 5.645842774224961e-08
 1.741958328645629e-05
 8.426187638537711e-08
 0.0009381187827437582
 1.455104324845379e-05
 1.148659163085018e-06
 9.467963404822938e-09
 1.85267399275864e-08
 2.392316426433193e-07
 1.164001738701317e-06
 5.645842774224961e-08
 0.0002910952375747073
 5.481688129887768e-06
 0.0009381187827437582
 0.000702943020992725
 1.148659163085018e-06
 5.541622872232444e-08
 1.408105809062836e-06
 4.511855649371609e-06
 1.164001738701317e-06
 5.645842774224961e-08
 0.002740294484487025
 5.481688129887768e-06
 0.0009381187827437582
 0.000702943020992725
 9.279546529183945e-05
 7.343855773505402e-07
 1.408105809062836e-06
 3.01764991481196e-05
 9.254108195606423e-05
 4.294594277257785e-06
 0.002740294484487025
 5.481688129887768e-06
 0.0009381187827437582
 0.000702943020992725
 0.0009381187827437582
 7.343855773505402e-07
 1.408105809062836e-06
 3.01764991481196e-05
 0.0005239987051433176
 4.294594277257785e-06
 0.002740294484487025
 5.481688129887768e-06
 0.0009381187827437582
 0.000702943020992725
 0.0009381187827437582
 7.343855773505402e-07
 3.433308848995432e-06
 3.01764991481196e-05
 0.0005239987051433176
 9.48553824012248e-06
 0.002740294484487025
 0.0001680980181918162
 0.0009381187827437582
 0.000702943020992725
 0.0009381187827437582
 7.343855773505402e-07
 3.433308848995432e-06
 3.108309935896206e-05
 0.0005239987051433176
 9.48553824012248e-06
 0.002740294484487025
 0.0001680980181918162
 0.0009381187827437582
 0.000702943020992725
 0.0009381187827437582
 1.607603572565979e-06
 5.543245738303152e-06
 3.108309935896206e-05
 0.0005239987051433176
 9.48553824012248e-06
 0.002740294484487025
 0.002740294484487025
 0
 0.000702943020992725
 0.0009381187827437582
 0.0002194197478295255
 5.543245738303152e-06
 3.108309935896206e-05
 0.0008105015998718561
 9.48553824012248e-06
 0.002740294484487025
 0.002740294484487025
 0
 0
 0.0009381187827437582
 0.0002194197478295255
 5.543245738303152e-06
 4.437857604447075e-05
 0.0005239987051433176
 9.48553824012248e-06
 0
 0.002740294484487025
 0
 0
 0.0009381187827437582
 0.0002194197478295255
 5.543245738303152e-06
 5.45390131482664e-05
 0.0005239987051433176
 9.48553824012248e-06
 0
 0.002740294484487025
 0
 0
 0
 0.0002194197478295255
 3.149618158208282e-05
 3.108309935896206e-05
 0.0008105015998718561
 9.48553824012248e-06
 0
 0.002740294484487025
 0
 0
 0
 0.0002194197478295255
 3.149618158208282e-05
 3.108309935896206e-05
 0.0005239987051433176
 0
 0
 0.002740294484487025
 0
 0
 0
 0.0005258764987220707
 3.149618158208282e-05
 3.108309935896206e-05
 0.0005239987051433176
 0
 0
 0.002740294484487025
 0
 0
 0
 0.0005258764987220707
 3.149618158208282e-05
 3.108309935896206e-05
 0.0008105015998718561
 0
 0
 0
 0
 0
 0
 0.0005258764987220707
 3.149618158208282e-05
 3.108309935896206e-05
 0.0008105015998718561
 0
 0
 0
 0
 0
 0
 0.0005258764987220707
 3.149618158208282e-05
 3.108309935896206e-05
 0.0008105015998718561
 0
 0
 0
 0
 0
 0
 0.01641411850980586
 3.149618158208282e-05
 0
 0.0005239987051433176
 0
 0
 0
 0
 0
 0
 0.01641411850980586
 0
 0
 0.0005239987051433176
 0
 0
 0
 0
 0
 0
 0.01641411850980586
 0
 0
 0.0008105015998718561
 0
 0
 0
 0
 0
 0
 0.01641411850980586
 0
 0
 0.0008105015998718561
 0
 0
 0
 0
 0
 0
 0.01641411850980586
 0
 0
 0.0008105015998718561
 0
 0
 0
 0
 0
 0
 0.01641411850980586
 0
 0
 0.0008105015998718561
 0
 0
 0
 0
 0
 0
 0.01641411850980586
 0
 0
 0.0008105015998718561
 0
 0
 0
 0
 0
 0
 0
 0
 0
 0.0008105015998718561
 0
 0
 0
 0
 0
 0
 0
 0
 0
 0.0008105015998718561
 0
 0
 0
 0
