# Created by Octave 3.2.4, Thu Feb 07 06:36:51 2013 EST <rbom@zaphod>
# name: small_First_Fit
# type: matrix
# ndims: 3
 1 10 30
 5.492258154274173e-13
 1.319759496582211e-10
 5.351005715416293e-15
 9.131541690476546e-14
 2.227890730950326e-12
 4.202320471265239e-16
 2.048483562098664e-11
 1.328512363280239e-12
 8.022236551406983e-11
 1.164288540514382e-09
 8.599581604909021e-10
 1.934356102067835e-09
 1.003574344494378e-09
 3.778682366082697e-08
 1.593040004644198e-06
 2.261220802236663e-13
 2.002982463310059e-08
 1.472907374262527e-11
 5.792106723340754e-10
 1.164288540514382e-09
 7.601914155105639e-08
 1.934356102067835e-09
 7.946834613104583e-09
 3.094825181350433e-07
 3.026685086700238e-05
 7.616925012687871e-11
 4.67549435036847e-06
 4.150871140677725e-10
 1.295674827893647e-08
 5.117710699217594e-08
 7.601914155105639e-08
 1.934356102067835e-09
 7.946834613104583e-09
 3.094825181350433e-07
 3.026685086700238e-05
 2.911726208538994e-09
 8.481416515698147e-05
 5.303118244727004e-10
 3.484674117819698e-08
 5.117710699217594e-08
 2.839986755620644e-06
 6.212130756815634e-08
 1.316649318601484e-05
 6.158830780380003e-06
 0.0006748660937062874
 7.616925012687871e-11
 8.481416515698147e-05
 6.246008244727035e-09
 1.508285758683088e-05
 4.677280807668263e-06
 2.839986755620644e-06
 4.347417965769762e-07
 0.000140440523274318
 6.158830780380003e-06
 0.003371397528589503
 2.848842681763392e-08
 8.481416515698147e-05
 2.479347780821533e-05
 1.508285758683088e-05
 4.677280807668263e-06
 2.839986755620644e-06
 3.540170080124197e-06
 0.000140440523274318
 6.158830780380003e-06
 0.0227283074104366
 1.123238235991464e-06
 8.481416515698147e-05
 0.0001329853097435207
 9.519265197352864e-05
 3.707612269037964e-05
 0.0005793137983848357
 1.160982502615216e-05
 0.0004149455592021777
 6.158830780380003e-06
 0.0227283074104366
 1.123238235991464e-06
 8.481416515698147e-05
 0.0001329853097435207
 9.519265197352864e-05
 5.73612546072751e-05
 0.0005793137983848357
 9.446942626803257e-06
 0.0004149455592021777
 6.158830780380003e-06
 0.0227283074104366
 4.150520559839859e-05
 8.481416515698147e-05
 0.0003652838342150021
 0.0001371984069999508
 8.388189403808241e-05
 0.0005793137983848357
 0.0004149455592021777
 0.003287542482368323
 6.158830780380003e-06
 0.0227283074104366
 4.150520559839859e-05
 8.481416515698147e-05
 0.0003652838342150021
 0.0001371984069999508
 0.0006213495059471094
 0.0005793137983848357
 0.0004149455592021777
 0.003287542482368323
 0.00150241415256023
 0.0227283074104366
 4.150520559839859e-05
 0
 0.0003652838342150021
 0.0001371984069999508
 0.0006712262921566578
 0.0005793137983848357
 0.0005369167067013845
 0.003287542482368323
 0.00150241415256023
 0.0227283074104366
 4.150520559839859e-05
 0
 0.002333314494819939
 0.0001371984069999508
 0.004161213424336151
 0.0005793137983848357
 0.0004149455592021777
 0.003287542482368323
 0.00150241415256023
 0.0227283074104366
 4.150520559839859e-05
 0
 0.002333314494819939
 9.519265197352864e-05
 0.01021303894996142
 0.0005793137983848357
 0.0004149455592021777
 0.003287542482368323
 0.002014846319270599
 0
 4.150520559839859e-05
 0
 0.002333314494819939
 0.0001371984069999508
 0.01021303894996142
 0
 0.0004149455592021777
 0.003287542482368323
 0.00150241415256023
 0
 4.150520559839859e-05
 0
 0.002333314494819939
 9.519265197352864e-05
 0.0227283074104366
 0
 0.0004149455592021777
 0.003287542482368323
 0.00150241415256023
 0
 0
 0
 0.002333314494819939
 0.0001371984069999508
 0.0227283074104366
 0
 0.001375995159151005
 0
 0.00150241415256023
 0
 0
 0
 0.002333314494819939
 0.0001371984069999508
 0.0227283074104366
 0
 0.001375995159151005
 0
 0.002014846319270599
 0
 0
 0
 0.002333314494819939
 0.0009856040607654768
 0.0227283074104366
 0
 0.001375995159151005
 0
 0.002014846319270599
 0
 0
 0
 0
 0.0009856040607654768
 0.0227283074104366
 0
 0.001375995159151005
 0
 0.002014846319270599
 0
 0
 0
 0
 0.0009856040607654768
 0.0227283074104366
 0
 0.002333314494819939
 0
 0.002014846319270599
 0
 0
 0
 0
 0.0009856040607654768
 0.0227283074104366
 0
 0.002333314494819939
 0
 0.002014846319270599
 0
 0
 0
 0
 0.0009856040607654768
 0
 0
 0.001727872642135686
 0
 0.002014846319270599
 0
 0
 0
 0
 0.0009856040607654768
 0
 0
 0.001815742374065066
 0
 0.00150241415256023
 0
 0
 0
 0
 0.0009856040607654768
 0
 0
 0.001727872642135686
 0
 0
 0
 0
 0
 0
 0
 0
 0
 0.01021303894996142
 0
 0
 0
 0
 0
 0
 0
 0
 0
 0.01021303894996142
 0
 0
 0
 0
 0
 0
 0
 0
 0
 0.01021303894996142
 0
 0
 0
 0
 0
 0
 0
 0
 0
 0.01021303894996142
 0
 0
 0
 0
 0
 0
 0
 0
 0
 0.01021303894996142
 0
 0
 0
 0
 0
 0
 0
 0
