# Created by Octave 3.2.4, Mon Feb 04 17:36:38 2013 EST <rbom@zaphod>
# name: small_First_Fit
# type: matrix
# ndims: 3
 1 10 30
 8.047056341511833e-18
 4.339046442176769e-13
 6.808115386788673e-16
 1.503792423273652e-15
 3.937336720577174e-17
 9.571688655456087e-19
 2.675410973061894e-18
 1.916531050299034e-17
 1.378966441588656e-15
 1.176203984640888e-14
 5.631083175540474e-13
 4.339046442176769e-13
 2.632667746334641e-11
 1.503792423273652e-15
 2.183819017916968e-14
 3.685127605355904e-13
 2.528331034428845e-15
 1.477197044730636e-14
 3.669162745099446e-13
 1.176203984640888e-14
 9.604900686430309e-09
 4.339046442176769e-13
 1.485233872808283e-08
 1.503792423273652e-15
 2.183819017916968e-14
 8.368949561444269e-08
 1.623562734568579e-11
 3.479522651159355e-10
 1.595370065097609e-08
 1.176203984640888e-14
 6.072048057981942e-08
 2.058788255949923e-10
 6.498355801717433e-07
 1.431857808503547e-13
 1.009498826040783e-09
 6.221561016886589e-06
 1.623562734568579e-11
 2.704774399943206e-09
 1.595370065097609e-08
 4.726430241809179e-12
 6.072048057981942e-08
 7.878317308417821e-09
 6.498355801717433e-07
 1.431857808503547e-13
 7.778132548063343e-06
 6.221561016886589e-06
 2.127396519544968e-10
 3.479522651159355e-10
 1.595370065097609e-08
 1.683595861709928e-08
 6.261422190751703e-06
 1.977990692654375e-06
 3.318919503745922e-05
 4.558179189245372e-10
 7.778132548063343e-06
 6.221561016886589e-06
 2.983168318363323e-08
 2.565610245489285e-06
 1.045320117255103e-07
 8.146911982334287e-08
 0.0002191120878404239
 1.830949796873412e-05
 3.318919503745922e-05
 1.05737163850826e-07
 0.0006888852302234289
 6.221561016886589e-06
 2.983168318363323e-08
 2.565610245489285e-06
 3.024762048610573e-06
 9.693059092804724e-07
 0.0002191120878404239
 1.830949796873412e-05
 3.318919503745922e-05
 4.734415524273527e-06
 0.0006888852302234289
 6.221561016886589e-06
 1.305325385837234e-06
 2.565610245489285e-06
 3.024762048610573e-06
 9.693059092804724e-07
 0.0002191120878404239
 1.830949796873412e-05
 3.318919503745922e-05
 2.11063583633431e-05
 0.0006888852302234289
 0.01029033923512301
 1.305325385837234e-06
 2.565610245489285e-06
 3.024762048610573e-06
 0.0005067886395394498
 0.0002191120878404239
 1.830949796873412e-05
 3.318919503745922e-05
 2.11063583633431e-05
 0.0008715091409568106
 0.01029033923512301
 2.063479104740359e-05
 2.565610245489285e-06
 2.94295281301257e-05
 0.0005067886395394498
 0.01029033923512301
 1.830949796873412e-05
 3.318919503745922e-05
 2.11063583633431e-05
 0.0008715091409568106
 0.01029033923512301
 0.01029033923512301
 2.565610245489285e-06
 0.0002299851920301827
 0.0005764375471823758
 0.01029033923512301
 1.830949796873412e-05
 3.318919503745922e-05
 2.11063583633431e-05
 0.0006888852302234289
 0.01029033923512301
 0.01029033923512301
 2.565610245489285e-06
 0.0006888852302234289
 0.0005764375471823758
 0.01029033923512301
 1.830949796873412e-05
 0
 2.11063583633431e-05
 0.0006888852302234289
 0.01029033923512301
 0.01029033923512301
 0
 0.0006888852302234289
 0.0005067886395394498
 0.01029033923512301
 0
 0
 2.11063583633431e-05
 0.0008715091409568106
 0.01029033923512301
 0.01029033923512301
 0
 0.0006888852302234289
 0.0005764375471823758
 0.01029033923512301
 0
 0
 2.11063583633431e-05
 0.0006888852302234289
 0.01029033923512301
 0.01029033923512301
 0
 0.0006888852302234289
 0.0005764375471823758
 0.01029033923512301
 0
 0
 0
 0.0008715091409568106
 0
 0.01029033923512301
 0
 0.0006888852302234289
 0.0005764375471823758
 0.01029033923512301
 0
 0
 0
 0.0008715091409568106
 0
 0.01029033923512301
 0
 0.0006888852302234289
 0.0005764375471823758
 0
 0
 0
 0
 0.0008715091409568106
 0
 0
 0
 0.0006888852302234289
 0.0005764375471823758
 0
 0
 0
 0
 0.0008715091409568106
 0
 0
 0
 0
 0.0005764375471823758
 0
 0
 0
 0
 0.0006888852302234289
 0
 0
 0
 0
 0.0005764375471823758
 0
 0
 0
 0
 0.0006888852302234289
 0
 0
 0
 0
 0
 0
 0
 0
 0
 0.0006888852302234289
 0
 0
 0
 0
 0
 0
 0
 0
 0
 0
 0
 0
 0
 0
 0
 0
 0
 0
 0
 0
 0
 0
 0
 0
 0
 0
 0
 0
 0
 0
 0
 0
 0
 0
 0
 0
 0
 0
 0
 0
 0
 0
 0
 0
 0
 0
 0
 0
 0
 0
 0
 0
 0
 0
 0
 0
 0
 0
 0
 0
 0
 0
 0
 0
 0
 0
 0
 0
 0
 0
 0
 0
 0
 0
 0
 0
 0
 0
 0
 0
 0
 0
 0
 0
 0
