# Created by Octave 3.2.4, Thu Feb 07 09:57:44 2013 EST <rbom@zaphod>
# name: small_First_Fit
# type: matrix
# ndims: 3
 1 10 30
 3.498694759846709e-14
 1.02779354258683e-09
 5.940855336093636e-14
 1.515673427953853e-15
 4.831796676354356e-08
 2.229251409194266e-13
 1.024764612151647e-07
 1.801290438329476e-14
 7.093876907403259e-10
 9.018462133354473e-13
 7.949061274968783e-08
 7.144369392380187e-08
 1.286059012793814e-07
 1.121685161284663e-10
 5.579052712797452e-07
 3.462678843783136e-10
 8.312119693126031e-06
 2.196164232234254e-11
 5.24152689328586e-08
 1.687469200308478e-11
 6.312528937133732e-06
 7.144369392380187e-08
 4.033587292407105e-05
 7.246888862144927e-09
 1.45609696407862e-06
 2.416208337058144e-08
 8.312119693126031e-06
 2.235102077997328e-08
 5.867353547989458e-07
 6.829029151326589e-10
 6.312528937133732e-06
 4.037028999000181e-07
 0.0001488486676355127
 7.246888862144927e-09
 1.426374197268443e-05
 1.972308055293255e-07
 8.312119693126031e-06
 0.0001201006682396161
 1.651223810737038e-06
 8.223596712152352e-09
 0.0002150956323384128
 4.037028999000181e-07
 0.0001488486676355127
 1.627698011323353e-06
 0.001103617166162573
 1.831012795047116e-06
 0.0001142254235584917
 0.0001201006682396161
 1.651223810737038e-06
 1.263603658229602e-08
 0.0002150956323384128
 4.037028999000181e-07
 0.0001488486676355127
 3.540412405141394e-05
 0.001103617166162573
 0.0001214288528865534
 0.0001142254235584917
 0.0001201006682396161
 1.651223810737038e-06
 4.54760942785357e-07
 0.0002150956323384128
 4.037028999000181e-07
 0.0001488486676355127
 5.142030270211392e-05
 0.001103617166162573
 0.0001214288528865534
 0.0001142254235584917
 0.0001201006682396161
 1.651223810737038e-06
 8.206210617114156e-06
 0.0002150956323384128
 2.695019666442026e-05
 0.0001488486676355127
 5.142030270211392e-05
 0.001103617166162573
 0.001116976209724137
 0.000869213471367896
 0.0001201006682396161
 4.988638584792648e-06
 8.206210617114156e-06
 0.0002150956323384128
 2.695019666442026e-05
 0.001024214068708643
 0.0001774341609543597
 0.001103617166162573
 0.001116976209724137
 0.000869213471367896
 0.002206382599554348
 4.988638584792648e-06
 8.484451580144547e-06
 0.0003431884699040748
 2.695019666442026e-05
 0.001024214068708643
 0.0001774341609543597
 0.001103617166162573
 0.001116976209724137
 0.000869213471367896
 0.002206382599554348
 4.988638584792648e-06
 0.0002693589073498303
 0.000588730363320406
 0.0007069004940818186
 0.001024214068708643
 0.0003059458816306688
 0.001103617166162573
 0.008464941106487498
 0.05437166768076133
 0.002206382599554348
 5.483999527610657e-05
 0.0002693589073498303
 0.000588730363320406
 0.008464941106487498
 0.001024214068708643
 0.0003059458816306688
 0
 0.008464941106487498
 0.05437166768076133
 0.002206382599554348
 5.483999527610657e-05
 0.004425668336277169
 0.008464941106487498
 0.008464941106487498
 0.001024214068708643
 0.0003059458816306688
 0
 0.008464941106487498
 0.05437166768076133
 0.05437166768076133
 0.01036673470888841
 0.05437166768076133
 0.008464941106487498
 0.008464941106487498
 0.05437166768076133
 0.00368702102428984
 0
 0.05437166768076133
 0.05437166768076133
 0.05437166768076133
 0.05437166768076133
 0.05437166768076133
 0.05437166768076133
 0.008464941106487498
 0.05437166768076133
 0.00368702102428984
 0
 0.05437166768076133
 0.05437166768076133
 0.05437166768076133
 0.05437166768076133
 0.05437166768076133
 0.05437166768076133
 0.05437166768076133
 0.05437166768076133
 0.00368702102428984
 0
 0.05437166768076133
 0.05437166768076133
 0.05437166768076133
 0.05437166768076133
 0.05437166768076133
 0.05437166768076133
 0.05437166768076133
 0.05437166768076133
 0.00368702102428984
 0
 0.05437166768076133
 0.05437166768076133
 0.05437166768076133
 0.05437166768076133
 0.05437166768076133
 0.05437166768076133
 0.05437166768076133
 0.05437166768076133
 0.00368702102428984
 0
 0.05437166768076133
 0
 0.05437166768076133
 0.05437166768076133
 0.05437166768076133
 0.05437166768076133
 0.05437166768076133
 0.05437166768076133
 0.05437166768076133
 0
 0.05437166768076133
 0
 0.05437166768076133
 0.05437166768076133
 0.05437166768076133
 0.05437166768076133
 0.05437166768076133
 0.05437166768076133
 0.05437166768076133
 0
 0.05437166768076133
 0
 0
 0.05437166768076133
 0
 0.05437166768076133
 0.05437166768076133
 0
 0.05437166768076133
 0
 0
 0
 0
 0
 0
 0
 0.05437166768076133
 0
 0.05437166768076133
 0
 0
 0
 0
 0
 0
 0
 0
 0
 0.05437166768076133
 0
 0
 0
 0
 0
 0
 0
 0
 0
 0.05437166768076133
 0
 0
 0
 0
 0
 0
 0
 0
 0
 0.05437166768076133
 0
 0
 0
 0
 0
 0
 0
 0
 0
 0
 0
 0
 0
 0
 0
 0
 0
 0
 0
 0
 0
 0
 0
 0
 0
 0
 0
 0
 0
 0
 0
 0
 0
 0
 0
 0
 0
 0
 0
 0
 0
 0
 0
 0
 0
 0
 0
 0
 0
 0
 0
 0
 0
 0
 0
 0
