# Created by Octave 3.2.4, Tue Feb 05 18:23:21 2013 EST <rbom@zaphod>
# name: small_First_Fit
# type: matrix
# ndims: 3
 1 10 30
 1.864583398868714e-11
 1.909922846256496e-13
 3.751762540421893e-11
 3.639424585665463e-15
 1.613243246780976e-12
 1.193314161408782e-10
 1.121959160803479e-12
 1.593410709797801e-09
 2.051139780016061e-05
 1.970142770688255e-11
 2.749256467778719e-10
 1.803539639995864e-10
 6.046357443243896e-11
 1.610937118818703e-13
 1.613243246780976e-12
 8.887916974437542e-08
 9.107196216225247e-09
 3.324310090595856e-07
 0.0002476935487910751
 2.20565648274003e-05
 9.630543867830473e-10
 4.468560023051783e-10
 4.59519498923401e-10
 6.962921460670133e-11
 4.609076951325813e-11
 5.226687637079146e-06
 1.127382401546461e-07
 3.324310090595856e-07
 0.0002476935487910751
 2.20565648274003e-05
 6.632117819332588e-07
 4.468560023051783e-10
 1.654123847099762e-09
 1.434882622934024e-10
 1.142652858660654e-09
 5.226687637079146e-06
 1.127382401546461e-07
 1.432216788680111e-05
 0.001420358104245101
 2.20565648274003e-05
 9.572578758719644e-06
 4.468560023051783e-10
 1.175168746853947e-07
 1.101008645101688e-07
 5.306351287577186e-09
 5.226687637079146e-06
 1.127382401546461e-07
 1.432216788680111e-05
 0.001420358104245101
 0.001763382338385388
 0.0004206342158112847
 1.766606501892789e-08
 1.394212210195392e-06
 1.154324926176363e-06
 2.314228444815178e-07
 5.226687637079146e-06
 1.127382401546461e-07
 1.432216788680111e-05
 0.001420358104245101
 0.001763382338385388
 0.01024144230123153
 5.587239318502278e-08
 1.394212210195392e-06
 3.008914732706197e-06
 0.0001126839675927411
 0.001665584195331894
 4.252805714656332e-05
 1.432216788680111e-05
 0.001420358104245101
 0.002589751196311265
 0.01024144230123153
 2.933499092644929e-07
 0.000555001332907419
 3.008914732706197e-06
 0.0001126839675927411
 0.005722686337119694
 4.252805714656332e-05
 0.00142592074084011
 0.001420358104245101
 0.003598258942990062
 0.05745781682011075
 3.851557907154014e-06
 0.000555001332907419
 3.153016101934509e-05
 0.0001126839675927411
 0.005722686337119694
 4.252805714656332e-05
 0.00207494078582264
 0.001420358104245101
 0.001763382338385388
 0.05745781682011075
 1.952025174725021e-05
 0.000555001332907419
 3.818321259288181e-05
 0.0001126839675927411
 0.005722686337119694
 0.0004615880041105091
 0.00207494078582264
 0.001420358104245101
 0.003598258942990062
 0.05745781682011075
 0.0001232393880222181
 0.000555001332907419
 3.818321259288181e-05
 0.0001126839675927411
 0.005722686337119694
 0.0004615880041105091
 0.00142592074084011
 0
 0.003598258942990062
 0.05745781682011075
 0.0005717808246439755
 0.000555001332907419
 0.00036296507014622
 0.0001126839675927411
 0.005722686337119694
 0.0004615880041105091
 0.00142592074084011
 0
 0.001763382338385388
 0.05745781682011075
 0.0005717808246439755
 0.000555001332907419
 0.00036296507014622
 0.0001126839675927411
 0.05745781682011075
 0.0004615880041105091
 0.00142592074084011
 0
 0.002589751196311265
 0.05745781682011075
 0.002162804783087473
 0.000555001332907419
 0.0006646183694697402
 0
 0.05745781682011075
 0.0004615880041105091
 0.00207494078582264
 0
 0.002589751196311265
 0.05745781682011075
 0.002162804783087473
 0
 0.00036296507014622
 0
 0.05745781682011075
 0.0004615880041105091
 0.00207494078582264
 0
 0.002589751196311265
 0
 0.002162804783087473
 0
 0.006753422308564607
 0
 0.05745781682011075
 0.0004615880041105091
 0.00207494078582264
 0
 0.002589751196311265
 0
 0.002162804783087473
 0
 0.006753422308564607
 0
 0.05745781682011075
 0
 0.00207494078582264
 0
 0.001763382338385388
 0
 0.002162804783087473
 0
 0.006753422308564607
 0
 0.05745781682011075
 0
 0.05745781682011075
 0
 0.001763382338385388
 0
 0.002162804783087473
 0
 0.006753422308564607
 0
 0.05745781682011075
 0
 0.05745781682011075
 0
 0.001763382338385388
 0
 0.002162804783087473
 0
 0.006753422308564607
 0
 0
 0
 0.05745781682011075
 0
 0
 0
 0
 0
 0.006753422308564607
 0
 0
 0
 0.05745781682011075
 0
 0
 0
 0
 0
 0.006753422308564607
 0
 0
 0
 0.05745781682011075
 0
 0
 0
 0
 0
 0
 0
 0
 0
 0.05745781682011075
 0
 0
 0
 0
 0
 0
 0
 0
 0
 0.05745781682011075
 0
 0
 0
 0
 0
 0
 0
 0
 0
 0
 0
 0
 0
 0
 0
 0
 0
 0
 0
 0
 0
 0
 0
 0
 0
 0
 0
 0
 0
 0
 0
 0
 0
 0
 0
 0
 0
 0
 0
 0
 0
 0
 0
 0
 0
 0
 0
 0
 0
 0
 0
 0
 0
 0
 0
 0
 0
 0
 0
 0
 0
 0
