# Created by Octave 3.2.4, Tue Feb 05 16:38:13 2013 EST <rbom@zaphod>
# name: small_First_Fit
# type: matrix
# ndims: 3
 1 10 30
 5.475087625029461e-13
 2.54144820528263e-11
 3.467716540906273e-14
 9.677747564575096e-14
 9.492391866935991e-13
 1.225339781958566e-14
 7.567214847875711e-14
 7.760283786273991e-12
 4.476658668282098e-15
 2.587295433784244e-12
 7.482721351276897e-10
 9.768854389894743e-10
 5.912865477345172e-10
 4.759712506045753e-12
 1.659619112789888e-11
 5.360397230653096e-12
 1.158313664218354e-11
 2.813419452278755e-08
 2.391515707975917e-08
 1.596487353631652e-10
 1.579702302409083e-09
 1.121426903239739e-07
 3.210455747003172e-08
 1.60870263899751e-11
 1.760776824989562e-10
 7.403508886197991e-11
 7.224185047455837e-11
 2.813419452278755e-08
 1.150509823506916e-06
 2.13955173273644e-09
 4.162855158895784e-08
 2.658949076182515e-06
 1.440566598380201e-06
 3.808842122741206e-11
 7.713037348607764e-10
 7.403508886197991e-11
 3.90648031999013e-09
 2.813419452278755e-08
 1.588263388932697e-05
 2.13955173273644e-09
 3.154490210235142e-07
 5.578121335554176e-05
 1.786190362133273e-05
 1.209564231093271e-08
 7.713037348607764e-10
 7.403508886197991e-11
 2.013485653392372e-07
 1.035953868222144e-07
 1.588263388932697e-05
 7.805028943975067e-09
 1.044081652561689e-06
 0.0001225378355541889
 0.0005176833715982504
 3.339316351244067e-07
 1.029592690664355e-08
 5.006164158024417e-10
 6.170945674119481e-06
 2.464157304089427e-06
 0.0009553752371911384
 1.023817589909669e-07
 3.154490210235142e-07
 0.0001225378355541889
 0.0005176833715982504
 3.720811595383913e-05
 1.476560990907832e-08
 6.851655497630385e-08
 8.761088987908236e-05
 2.464157304089427e-06
 0.0009553752371911384
 7.295504980552604e-06
 3.924266161163856e-06
 0.0001225378355541889
 0.0005176833715982504
 3.720811595383913e-05
 9.291227574911095e-07
 1.086186240263651e-05
 8.761088987908236e-05
 2.464157304089427e-06
 0.0009553752371911384
 8.63583808556576e-05
 3.924266161163856e-06
 0.0001225378355541889
 0.003776679645877766
 0.003218409864190775
 2.003008318925854e-05
 0.002902201737291507
 8.761088987908236e-05
 4.051438990494927e-06
 0.00137403167818605
 8.63583808556576e-05
 5.320231799125767e-05
 0.0005255675481179612
 0.0006261048899271736
 0.003218409864190775
 0.0004171915748288542
 0.002902201737291507
 8.761088987908236e-05
 1.10672577664192e-05
 0.0009553752371911384
 0.0003066193297291808
 5.320231799125767e-05
 0.0005255675481179612
 0.0006261048899271736
 0.003218409864190775
 0.0004171915748288542
 0.002902201737291507
 8.761088987908236e-05
 0.0009553752371911384
 0.0009553752371911384
 0.001460043428600719
 0.0008938727555296002
 0.00149993895421984
 0.0006261048899271736
 0.003218409864190775
 0.0004171915748288542
 0.002902201737291507
 8.761088987908236e-05
 0.0009553752371911384
 0.00137403167818605
 0.001460043428600719
 0.0008938727555296002
 0.00149993895421984
 0.0006261048899271736
 0.003218409864190775
 0.0004171915748288542
 0.002902201737291507
 8.761088987908236e-05
 0.0009553752371911384
 0.0009553752371911384
 0.001460043428600719
 0.0008938727555296002
 0.00149993895421984
 0.0006261048899271736
 0.003218409864190775
 0.0004171915748288542
 0.002902201737291507
 0
 0.00137403167818605
 0.00137403167818605
 0.01063986034766182
 0.0008938727555296002
 0.00149993895421984
 0.003776679645877766
 0.003218409864190775
 0.0004171915748288542
 0.002902201737291507
 0
 0.0009553752371911384
 0.0009553752371911384
 0.001460043428600719
 0.0008938727555296002
 0.00149993895421984
 0.003776679645877766
 0
 0.0004171915748288542
 0
 0
 0.00137403167818605
 0.0009553752371911384
 0.01063986034766182
 0.0008938727555296002
 0.002880295453800771
 0.003776679645877766
 0
 0
 0
 0
 0.0009553752371911384
 0.0009553752371911384
 0.01063986034766182
 0.0008938727555296002
 0.00149993895421984
 0.003776679645877766
 0
 0
 0
 0
 0.0009553752371911384
 0.0009553752371911384
 0.01063986034766182
 0
 0.00149993895421984
 0.003776679645877766
 0
 0
 0
 0
 0.0009553752371911384
 0.0009553752371911384
 0.01063986034766182
 0
 0.00149993895421984
 0.003776679645877766
 0
 0
 0
 0
 0.0009553752371911384
 0.0009553752371911384
 0.01063986034766182
 0
 0.00149993895421984
 0.003776679645877766
 0
 0
 0
 0
 0.0009553752371911384
 0
 0.01063986034766182
 0
 0.00149993895421984
 0
 0
 0
 0
 0
 0.00137403167818605
 0
 0.01063986034766182
 0
 0.00149993895421984
 0
 0
 0
 0
 0
 0.00137403167818605
 0
 0
 0
 0
 0
 0
 0
 0
 0
 0.00137403167818605
 0
 0
 0
 0
 0
 0
 0
 0
 0
 0.0009553752371911384
 0
 0
 0
 0
 0
 0
 0
 0
 0
 0.0009553752371911384
 0
 0
 0
 0
 0
 0
 0
 0
 0
 0.0009553752371911384
 0
 0
 0
 0
 0
 0
 0
 0
 0
 0.0009553752371911384
 0
 0
 0
 0
 0
 0
 0
 0
 0
 0
 0
 0
 0
 0
 0
 0
 0
 0
 0
 0
 0
 0
