# Created by Octave 3.2.4, Thu Feb 07 09:50:26 2013 EST <rbom@zaphod>
# name: small_First_Fit
# type: matrix
# ndims: 3
 1 10 30
 1.910014554763016e-13
 5.947946965348996e-12
 1.973760840966819e-11
 4.319427424706284e-12
 2.282010599365619e-15
 1.904565399680977e-13
 7.991004240967366e-14
 1.523511455068453e-12
 2.322400323904956e-17
 2.278860188177958e-15
 1.459322775270326e-10
 7.885181734572551e-10
 4.203348398635252e-09
 5.460733028615714e-09
 8.15159056952105e-14
 1.405156037304946e-11
 7.991004240967366e-14
 3.429938906147538e-09
 1.732426207216782e-15
 2.582008583964616e-11
 1.561745568569496e-08
 1.953819628029212e-06
 4.850710528237486e-07
 1.539602134053535e-05
 7.334901046406937e-11
 1.647516173400288e-09
 5.83922448880022e-11
 1.360525254800415e-06
 5.106319040209789e-10
 3.683078337708552e-09
 1.561745568569496e-08
 6.25347271051491e-05
 3.600331469993203e-05
 0.0009506250416030204
 3.140358985227185e-08
 8.075959054460633e-07
 3.210388598336053e-09
 3.5790371037754e-05
 1.855250244449053e-07
 1.619029307562683e-06
 8.064648765130042e-07
 6.25347271051491e-05
 0.001509053128381167
 0.0009506250416030204
 1.320633531158485e-05
 8.075959054460633e-07
 3.210388598336053e-09
 3.5790371037754e-05
 1.855250244449053e-07
 1.014105193738001e-05
 2.926820439318221e-05
 6.25347271051491e-05
 0.001509053128381167
 0.00103929097199193
 5.864682480937307e-05
 8.768541574221469e-05
 3.542575344288696e-08
 0.001108133398071664
 1.552324766832084e-05
 4.323668065613256e-05
 2.926820439318221e-05
 0.001905438398819865
 0.001509053128381167
 0.0009506250416030204
 5.864682480937307e-05
 8.768541574221469e-05
 1.337209261357441e-06
 0.009993801594498053
 1.552324766832084e-05
 0.0004213476490272699
 7.875815069576052e-05
 0.001905438398819865
 0.001509053128381167
 0.00103929097199193
 5.864682480937307e-05
 8.768541574221469e-05
 1.385391766255172e-05
 0.009993801594498053
 0.0004017743877708981
 0.0004213476490272699
 0.0009506250416030204
 0.001905438398819865
 0.001509053128381167
 0.0009506250416030204
 5.864682480937307e-05
 8.768541574221469e-05
 1.385391766255172e-05
 0.009993801594498053
 0.0004017743877708981
 0.009993801594498053
 0.00103929097199193
 0.009993801594498053
 0.001509053128381167
 0.0009506250416030204
 5.864682480937307e-05
 8.768541574221469e-05
 4.152676014480968e-05
 0.009993801594498053
 0.0004017743877708981
 0.009993801594498053
 0.001347569157045637
 0.009993801594498053
 0.009993801594498053
 0.0009506250416030204
 5.864682480937307e-05
 8.768541574221469e-05
 0.0004083877693539893
 0.009993801594498053
 0.001347569157045637
 0.009993801594498053
 0.0009506250416030204
 0.009993801594498053
 0.009993801594498053
 0.00103929097199193
 5.864682480937307e-05
 8.768541574221469e-05
 0.0004083877693539893
 0.009993801594498053
 0.001347569157045637
 0.009993801594498053
 0.00103929097199193
 0.009993801594498053
 0.009993801594498053
 0.00103929097199193
 0
 0
 0.0004083877693539893
 0.009993801594498053
 0.001347569157045637
 0.009993801594498053
 0.00103929097199193
 0.009993801594498053
 0.009993801594498053
 0.00103929097199193
 0
 0
 0.0004083877693539893
 0
 0.001347569157045637
 0.009993801594498053
 0.00103929097199193
 0.009993801594498053
 0.009993801594498053
 0.00103929097199193
 0
 0
 0.0004083877693539893
 0
 0.001347569157045637
 0.009993801594498053
 0.00103929097199193
 0.009993801594498053
 0.009993801594498053
 0.001347569157045637
 0
 0
 0.0004083877693539893
 0
 0.001347569157045637
 0
 0.0009506250416030204
 0
 0.009993801594498053
 0.001347569157045637
 0
 0
 0.0004083877693539893
 0
 0.001347569157045637
 0
 0.00103929097199193
 0
 0
 0.001347569157045637
 0
 0
 0
 0
 0
 0
 0.001347569157045637
 0
 0
 0.001347569157045637
 0
 0
 0
 0
 0
 0
 0.001347569157045637
 0
 0
 0.001347569157045637
 0
 0
 0
 0
 0
 0
 0.001347569157045637
 0
 0
 0.001509053128381167
 0
 0
 0
 0
 0
 0
 0.001347569157045637
 0
 0
 0.001509053128381167
 0
 0
 0
 0
 0
 0
 0.001347569157045637
 0
 0
 0.001509053128381167
 0
 0
 0
 0
 0
 0
 0.001347569157045637
 0
 0
 0.001509053128381167
 0
 0
 0
 0
 0
 0
 0.001347569157045637
 0
 0
 0.001509053128381167
 0
 0
 0
 0
 0
 0
 0
 0
 0
 0.009993801594498053
 0
 0
 0
 0
 0
 0
 0
 0
 0
 0.001509053128381167
 0
 0
 0
 0
 0
 0
 0
 0
 0
 0.009993801594498053
 0
 0
 0
 0
 0
 0
 0
 0
 0
 0.001509053128381167
 0
 0
 0
 0
 0
 0
 0
 0
 0
 0.001509053128381167
 0
 0
 0
 0
 0
 0
