# Created by Octave 3.2.4, Tue Feb 05 15:02:15 2013 EST <rbom@zaphod>
# name: small_First_Fit
# type: matrix
# ndims: 3
 1 10 30
 1.813397794009108e-11
 1.923375645963794e-15
 1.981988487226973e-12
 1.51130443719378e-11
 1.154619086468223e-06
 3.371786419230661e-13
 5.359015112025037e-13
 4.159430865474975e-15
 9.789438173972968e-14
 3.869873963871948e-12
 1.287785970090473e-09
 1.284824678809004e-09
 4.282869095680272e-11
 9.264372970213387e-09
 1.154619086468223e-06
 2.662074256067792e-06
 2.430994508275276e-10
 1.779024295216839e-10
 1.434192141868767e-09
 3.080891163955647e-11
 2.981883833211582e-07
 4.663904912314932e-08
 7.483303194061862e-10
 6.603230853695458e-07
 1.154619086468223e-06
 2.662074256067792e-06
 1.673327172716126e-07
 1.097832186896932e-08
 9.367511460885972e-09
 8.157565362506951e-11
 5.348376468291991e-06
 4.663904912314932e-08
 1.528724820497242e-08
 6.603230853695458e-07
 6.689052280260877e-05
 2.662074256067792e-06
 5.646650519530694e-07
 1.097832186896932e-08
 9.784633128221864e-09
 2.422026745946269e-09
 1.110441338101784e-05
 0.0001175760706983614
 3.529900304178153e-08
 5.628149264002356e-06
 7.259190203441552e-05
 0.0001064964086471427
 5.646650519530694e-07
 1.436625694011406e-07
 9.784633128221864e-09
 8.234131650567557e-07
 0.001277619181765553
 0.0001175760706983614
 5.136039827026706e-08
 5.628149264002356e-06
 0.0002463957376976422
 0.0001853890796760652
 9.726769528330539e-05
 3.076750610071611e-07
 6.148680549536958e-08
 8.234131650567557e-07
 0.001685544804708456
 0.0001175760706983614
 6.60901625284759e-07
 2.696760759402973e-05
 7.259190203441552e-05
 0.0001853890796760652
 0.001580750382631411
 1.071039551897057e-06
 6.148680549536958e-08
 0.000757320606304327
 0.001685544804708456
 0.008491372986999092
 6.15653422468309e-06
 2.696760759402973e-05
 0.0001853890796760652
 0.0001853890796760652
 0.001580750382631411
 7.396693584743897e-06
 0.0001589739774388677
 0.002267471776815245
 0.001685544804708456
 0.008491372986999092
 4.667131061134176e-05
 2.696760759402973e-05
 0.0001853890796760652
 0.0001853890796760652
 0.001580750382631411
 0.0002678555333597938
 0.04424508933998307
 0.002267471776815245
 0.001685544804708456
 0.01289076984716409
 0.0003791246688447055
 6.578015323071384e-05
 0.0001853890796760652
 0.002007050042728243
 0.001580750382631411
 0.0007556492470177931
 0.04424508933998307
 0.002267471776815245
 0.001685544804708456
 0.01289076984716409
 0.0003791246688447055
 0.001185336905540821
 0.0001853890796760652
 0.002007050042728243
 0.001580750382631411
 0.0002678555333597938
 0.04424508933998307
 0.002267471776815245
 0.001685544804708456
 0.01289076984716409
 0.01125846328122855
 0.001185336905540821
 0.0001853890796760652
 0.002007050042728243
 0.001580750382631411
 0.0002678555333597938
 0.04424508933998307
 0.002267471776815245
 0.001685544804708456
 0.01289076984716409
 0.01125846328122855
 0.001185336905540821
 0.0001853890796760652
 0.002007050042728243
 0.002356325539720777
 0.0002678555333597938
 0.04424508933998307
 0.002267471776815245
 0
 0.01289076984716409
 0.01125846328122855
 0.001185336905540821
 0.0001853890796760652
 0.002007050042728243
 0.001580750382631411
 0.0002678555333597938
 0.04424508933998307
 0.002267471776815245
 0
 0.01289076984716409
 0.01125846328122855
 0.004721445132002408
 0
 0.002007050042728243
 0.001580750382631411
 0.0002678555333597938
 0.04424508933998307
 0
 0
 0.01289076984716409
 0.01125846328122855
 0.004721445132002408
 0
 0.002007050042728243
 0.002356325539720777
 0.0002678555333597938
 0
 0
 0
 0
 0.01125846328122855
 0.004721445132002408
 0
 0
 0.002356325539720777
 0
 0
 0
 0
 0
 0.01125846328122855
 0.004721445132002408
 0
 0
 0.002356325539720777
 0
 0
 0
 0
 0
 0
 0.004721445132002408
 0
 0
 0.001580750382631411
 0
 0
 0
 0
 0
 0
 0.004721445132002408
 0
 0
 0.001580750382631411
 0
 0
 0
 0
 0
 0
 0.004721445132002408
 0
 0
 0.001580750382631411
 0
 0
 0
 0
 0
 0
 0
 0
 0
 0.001580750382631411
 0
 0
 0
 0
 0
 0
 0
 0
 0
 0
 0
 0
 0
 0
 0
 0
 0
 0
 0
 0
 0
 0
 0
 0
 0
 0
 0
 0
 0
 0
 0
 0
 0
 0
 0
 0
 0
 0
 0
 0
 0
 0
 0
 0
 0
 0
 0
 0
 0
 0
 0
 0
 0
 0
 0
 0
 0
 0
 0
 0
 0
 0
 0
 0
 0
 0
 0
 0
 0
 0
 0
 0
 0
 0
 0
 0
 0
 0
 0
 0
 0
 0
 0
