# Created by Octave 3.2.4, Wed Feb 06 19:05:04 2013 EST <rbom@zaphod>
# name: small_First_Fit
# type: matrix
# ndims: 3
 1 10 30
 1.72095250870578e-13
 8.599943619153459e-11
 1.256580234655867e-12
 3.783666740264585e-10
 4.293042697895893e-10
 2.570931162012666e-11
 5.909909744640899e-12
 2.594695782052611e-10
 7.584772578207286e-11
 1.896295948757643e-13
 7.548139830067486e-10
 4.958478478108898e-09
 1.87789621561877e-08
 2.759116991609077e-08
 4.344693548660135e-09
 6.188913564576569e-11
 1.459644269155646e-07
 4.269527650927783e-08
 1.148087786337197e-05
 1.246319701814075e-11
 9.33304048939138e-07
 2.904120383680522e-07
 2.108969985147932e-05
 2.759116991609077e-08
 1.206729709448814e-07
 6.188913564576569e-11
 1.170345625348063e-05
 1.15384077950328e-06
 1.148087786337197e-05
 3.455705183176512e-11
 9.33304048939138e-07
 1.345773655406871e-05
 2.545156382112238e-05
 2.759116991609077e-08
 7.056357963708914e-06
 4.166920301516654e-07
 2.999382331215527e-05
 1.949477454732311e-06
 0.001147107588763967
 5.464949802869271e-11
 9.33304048939138e-07
 1.428753367995253e-05
 8.343406682229749e-05
 2.759116991609077e-08
 2.448641400494946e-05
 5.90115138821828e-06
 2.999382331215527e-05
 2.202977070640392e-05
 0.01020292703872738
 2.51497421007435e-09
 0.0001190310773332317
 0.0005767456929930449
 8.343406682229749e-05
 2.759116991609077e-08
 0.0005437869598062442
 3.930641302230098e-05
 2.999382331215527e-05
 0.0004111479397910214
 0.01020292703872738
 1.19565252216771e-05
 0.005195336628088298
 0.0005767456929930449
 0.00023052761970252
 2.759116991609077e-08
 0.0008885065328083834
 0.0003007941241861114
 0.0005437869598062442
 0.0004111479397910214
 0.01020292703872738
 1.773480873668408e-05
 0.005195336628088298
 0.002685368800716328
 0.0009813257858400292
 4.532542415835963e-07
 0.0008885065328083834
 0.0003007941241861114
 0.001393370573346873
 0.0008965199684573727
 0.01020292703872738
 0.0005767456929930449
 0.005195336628088298
 0.002685368800716328
 0.0009813257858400292
 4.532542415835963e-07
 0.0005437869598062442
 0.0003007941241861114
 0.001393370573346873
 0.0008965199684573727
 0.01020292703872738
 0.0005767456929930449
 0.005195336628088298
 0.002685368800716328
 0.001478421454004619
 4.965713384833021e-07
 0.001393370573346873
 0.0003007941241861114
 0.001393370573346873
 0.0008965199684573727
 0.02468985815313394
 0.0005767456929930449
 0.005195336628088298
 0.002685368800716328
 0.001478421454004619
 4.965713384833021e-07
 0.001393370573346873
 0.0003007941241861114
 0.001990741644836326
 0.002087796106226056
 0.01865906290135063
 0.0005767456929930449
 0.009017609371447223
 0.002685368800716328
 0.001478421454004619
 2.012068596394815e-06
 0.001393370573346873
 0.0008573897000924913
 0.001393370573346873
 0.002087796106226056
 0.01865906290135063
 0.0005767456929930449
 0.005195336628088298
 0.002685368800716328
 0.003778412464373546
 2.012068596394815e-06
 0.01210264426711909
 0.0008573897000924913
 0.02813392581774079
 0.002087796106226056
 0.02468985815313394
 0.0005767456929930449
 0.005195336628088298
 0.002685368800716328
 0.003778412464373546
 2.062168714568017e-05
 0.01612039211887678
 0.0006928273208333427
 0.02813392581774079
 0.06171051658493149
 0.01865906290135063
 0.002685368800716328
 0.009017609371447223
 0
 0.03092626780228091
 9.003413051222642e-05
 0.01612039211887678
 0.0006928273208333427
 0.02813392581774079
 0.06171051658493149
 0.01865906290135063
 0.002685368800716328
 0.005195336628088298
 0
 0.06171051658493149
 9.003413051222642e-05
 0.01612039211887678
 0.0006928273208333427
 0.02813392581774079
 0.06171051658493149
 0.01865906290135063
 0.002685368800716328
 0.005195336628088298
 0
 0.06171051658493149
 0.0009641324002232377
 0.01210264426711909
 0.0006928273208333427
 0.03092626780228091
 0.06171051658493149
 0.01865906290135063
 0.002685368800716328
 0.009017609371447223
 0
 0.06171051658493149
 0.0009641324002232377
 0.02813392581774079
 0.01612039211887678
 0.03092626780228091
 0.06171051658493149
 0.01865906290135063
 0.008267659395996161
 0.009017609371447223
 0
 0.06171051658493149
 0.0009641324002232377
 0.01210264426711909
 0.01612039211887678
 0.02813392581774079
 0.06171051658493149
 0.01865906290135063
 0.002685368800716328
 0.009017609371447223
 0
 0.06171051658493149
 0.01020292703872738
 0.01210264426711909
 0.01612039211887678
 0.02838436511475415
 0.06171051658493149
 0
 0.002685368800716328
 0.06171051658493149
 0
 0.06171051658493149
 0.01020292703872738
 0.01210264426711909
 0.01612039211887678
 0.02838436511475415
 0
 0
 0.002685368800716328
 0.06171051658493149
 0
 0.06171051658493149
 0.01020292703872738
 0.02813392581774079
 0.02838436511475415
 0.02838436511475415
 0
 0
 0.002685368800716328
 0.06171051658493149
 0
 0
 0.01020292703872738
 0.02813392581774079
 0.02838436511475415
 0.02813392581774079
 0
 0
 0.008267659395996161
 0.06171051658493149
 0
 0
 0.01865906290135063
 0.02813392581774079
 0.02838436511475415
 0.02838436511475415
 0
 0
 0.002685368800716328
 0.06171051658493149
 0
 0
 0.01865906290135063
 0.03092626780228091
 0.02838436511475415
 0.06171051658493149
 0
 0
 0.002685368800716328
 0.06171051658493149
 0
 0
 0.01865906290135063
 0.03092626780228091
 0.02838436511475415
 0.06171051658493149
 0
 0
 0.002685368800716328
 0.06171051658493149
 0
 0
 0.01865906290135063
 0.06171051658493149
 0.06171051658493149
 0.06171051658493149
 0
 0
 0.002685368800716328
 0
 0
 0
 0.01865906290135063
 0.06171051658493149
 0.06171051658493149
 0.06171051658493149
 0
 0
 0.002685368800716328
 0
 0
 0
 0.01865906290135063
 0.06171051658493149
 0.06171051658493149
 0.06171051658493149
 0
 0
 0.008267659395996161
 0
 0
 0
 0.01865906290135063
 0.06171051658493149
 0.06171051658493149
 0.06171051658493149
 0
 0
 0.008267659395996161
