# Created by Octave 3.2.4, Thu Feb 07 06:44:35 2013 EST <rbom@zaphod>
# name: small_First_Fit
# type: matrix
# ndims: 3
 1 10 30
 5.569367206331238e-14
 1.349093295620116e-11
 5.509398116565207e-12
 2.837220371638035e-12
 2.063795579324074e-15
 2.235516870991075e-13
 6.707513773877642e-10
 3.231458172925111e-11
 9.007407007704824e-12
 6.317651952453307e-10
 7.840830052090751e-12
 2.819249348040298e-09
 5.509398116565207e-12
 4.175364414157863e-06
 1.455286829520026e-09
 1.956191143675678e-11
 9.928399940119788e-08
 6.190173607044607e-09
 1.318186455820959e-09
 3.353842032519647e-07
 7.840830052090751e-12
 0.0001593893667498481
 2.409643162766736e-10
 4.175364414157863e-06
 0.0001808069666772022
 6.342329365536035e-10
 1.226973990063258e-05
 2.347792471756215e-05
 4.310050172847587e-06
 3.362030932435704e-05
 2.100514882571498e-09
 0.0002222305355906923
 4.17463132461971e-09
 4.175364414157863e-06
 0.02577974107546296
 1.016337387735251e-08
 0.001094241358679238
 2.556450978091608e-05
 2.124068569972291e-05
 5.585128852584531e-05
 2.926265931992821e-07
 0.004473569227082131
 1.357874517015862e-07
 0.0003868196163025698
 0.02577974107546296
 8.579552007743372e-07
 0.005314549396531284
 2.556450978091608e-05
 2.124068569972291e-05
 0.001693465536519218
 2.926265931992821e-07
 0.004473569227082131
 1.357874517015862e-07
 0.0003868196163025698
 0.02577974107546296
 8.579552007743372e-07
 0.005314549396531284
 0.0001652063930412192
 0.0001579054586323782
 0.001693465536519218
 7.355586354191012e-07
 0.004473569227082131
 1.357874517015862e-07
 0.0003868196163025698
 0.02577974107546296
 8.579552007743372e-07
 0.005314549396531284
 0.0009527918729099483
 0.000750696589733358
 0.03695220697239422
 3.067936824716404e-05
 0.004473569227082131
 7.162203159923381e-07
 0.0003868196163025698
 0.02577974107546296
 0.0001055131555331981
 0.005314549396531284
 0.001008273369340638
 0.001242160292810712
 0.03695220697239422
 3.067936824716404e-05
 0.02577974107546296
 7.162203159923381e-07
 0.0003868196163025698
 0.02577974107546296
 0.0001055131555331981
 0.005314549396531284
 0.002151693002977312
 0.001242160292810712
 0.03695220697239422
 3.067936824716404e-05
 0.004473569227082131
 8.150590658693913e-06
 0.0003868196163025698
 0.02577974107546296
 0.0001299252656979512
 0.005314549396531284
 0.002151693002977312
 0.001242160292810712
 0.03695220697239422
 0.0001600797621535118
 0.02577974107546296
 8.150590658693913e-06
 0.0003868196163025698
 0
 0.0004796178533323036
 0.005314549396531284
 0.002151693002977312
 0.03695220697239422
 0.03695220697239422
 0.0005195660200291296
 0.02577974107546296
 9.445879926320115e-05
 0
 0
 0.0004796178533323036
 0
 0.002151693002977312
 0.03695220697239422
 0.03695220697239422
 0.0005195660200291296
 0.02577974107546296
 0.0002600685917195391
 0
 0
 0.0004796178533323036
 0
 0.002151693002977312
 0.03695220697239422
 0.03695220697239422
 0.0005195660200291296
 0.02577974107546296
 0.0003350277205465324
 0
 0
 0.0004796178533323036
 0
 0.002151693002977312
 0.03695220697239422
 0
 0.002320532170590637
 0.02577974107546296
 0.0003350277205465324
 0
 0
 0.0004796178533323036
 0
 0.002151693002977312
 0.03695220697239422
 0
 0.01097114888485762
 0.02577974107546296
 0.0003350277205465324
 0
 0
 0.05825002215944769
 0
 0
 0.03695220697239422
 0
 0.01097114888485762
 0.02577974107546296
 0.01244239083090043
 0
 0
 0.05825002215944769
 0
 0
 0.03695220697239422
 0
 0.0351119593321949
 0
 0.01244239083090043
 0
 0
 0.05825002215944769
 0
 0
 0
 0
 0.0351119593321949
 0
 0.01244239083090043
 0
 0
 0.05825002215944769
 0
 0
 0
 0
 0.0351119593321949
 0
 0.01244239083090043
 0
 0
 0.05825002215944769
 0
 0
 0
 0
 0.0351119593321949
 0
 0.01244239083090043
 0
 0
 0.05825002215944769
 0
 0
 0
 0
 0.05825002215944769
 0
 0.01484122156799564
 0
 0
 0.05825002215944769
 0
 0
 0
 0
 0.05825002215944769
 0
 0.02339798145268141
 0
 0
 0
 0
 0
 0
 0
 0.03532172424117926
 0
 0.01244239083090043
 0
 0
 0
 0
 0
 0
 0
 0.0351119593321949
 0
 0.02339798145268141
 0
 0
 0
 0
 0
 0
 0
 0.03532172424117926
 0
 0.02339798145268141
 0
 0
 0
 0
 0
 0
 0
 0.03532172424117926
 0
 0.02577974107546296
 0
 0
 0
 0
 0
 0
 0
 0.03532172424117926
 0
 0.02339798145268141
 0
 0
 0
 0
 0
 0
 0
 0.0351119593321949
 0
 0.02339798145268141
 0
 0
 0
 0
 0
 0
 0
 0.0351119593321949
 0
 0.02339798145268141
 0
 0
 0
 0
 0
 0
 0
