# Created by Octave 3.2.4, Mon Feb 04 22:03:18 2013 EST <rbom@zaphod>
# name: small_First_Fit
# type: matrix
# ndims: 3
 1 10 30
 2.200277549454443e-14
 3.442964285504893e-09
 6.936280092700781e-11
 6.258553783413231e-14
 4.381300247291535e-14
 9.352127712920223e-10
 7.301414342185812e-13
 8.17740137966355e-15
 3.147444505693079e-13
 1.214834263606234e-13
 1.680701727030024e-12
 1.125587809384148e-06
 9.990893026263107e-10
 1.433095573720842e-10
 1.331761023304862e-11
 6.061271284040939e-08
 6.131376617704371e-12
 3.131560094671657e-13
 2.234652142570026e-08
 9.701266180870926e-09
 1.680701727030024e-12
 3.861221131500085e-06
 2.920861019315706e-09
 4.669000785166218e-08
 3.989597249125142e-09
 6.061271284040939e-08
 2.479732233933532e-10
 3.392802544023986e-12
 8.412385196838632e-07
 6.256414154620838e-07
 1.962958990646628e-11
 2.020203025344958e-05
 3.384256234097365e-08
 1.358177596983578e-05
 1.032758657526666e-08
 3.265459247824578e-06
 5.468218882339127e-09
 1.23486342539797e-10
 8.412385196838632e-07
 6.256414154620838e-07
 1.962958990646628e-11
 0.0003278063955242746
 2.204230880335376e-06
 4.149158951777948e-05
 2.309999518133499e-08
 7.793118164328032e-05
 5.211782506532895e-07
 1.23486342539797e-10
 1.259165539738944e-05
 2.35114665249596e-05
 9.870782291020153e-09
 0.007076720008538652
 2.600830312266171e-05
 4.149158951777948e-05
 1.522079462561851e-07
 7.793118164328032e-05
 0.0001164865381510476
 6.611097825785809e-10
 1.259165539738944e-05
 2.35114665249596e-05
 1.084275345832579e-06
 0.007076720008538652
 2.600830312266171e-05
 0.0001572278825615543
 2.838929338321227e-07
 8.990624738279406e-05
 0.0001164865381510476
 6.611097825785809e-10
 0.0001571659973501855
 0.0003297713244551525
 1.237786658704501e-06
 0.007076720008538652
 2.600830312266171e-05
 0.0001572278825615543
 2.838929338321227e-07
 7.793118164328032e-05
 0.0001164865381510476
 6.611097825785809e-10
 0.0001571659973501855
 0.0003297713244551525
 2.990336899982058e-06
 0.007076720008538652
 0.0001596696609232267
 0.005852248985269106
 2.838929338321227e-07
 0.001745045382584268
 0.0001164865381510476
 6.611097825785809e-10
 0.001199030468088707
 0.0003297713244551525
 2.990336899982058e-06
 0.007076720008538652
 0.0001596696609232267
 0.005852248985269106
 2.838929338321227e-07
 0.001745045382584268
 0.001199030468088707
 6.611097825785809e-10
 0.0001867650364577386
 0.0003297713244551525
 2.990336899982058e-06
 0.007076720008538652
 0.0001596696609232267
 0.005852248985269106
 2.838929338321227e-07
 0.001745045382584268
 0.001199030468088707
 6.611097825785809e-10
 0.0001867650364577386
 0.003460470149865699
 0.0001365715817121774
 0.007076720008538652
 0.0003975151650673477
 0.007076720008538652
 2.838929338321227e-07
 0.001745045382584268
 0.001199030468088707
 1.137304669578623e-05
 0.0001867650364577386
 0.003460470149865699
 0.001174785193174534
 0
 0.0003975151650673477
 0.005852248985269106
 0.003460470149865699
 0.001745045382584268
 0.001199030468088707
 1.137304669578623e-05
 0.0002989538811223935
 0.003460470149865699
 0.001174785193174534
 0
 0.0007901934288095342
 0.005852248985269106
 0.007076720008538652
 0.001745045382584268
 0.001199030468088707
 1.137304669578623e-05
 0.0001571659973501855
 0.003460470149865699
 0.001174785193174534
 0
 0.007076720008538652
 0.005852248985269106
 0.007076720008538652
 0.001745045382584268
 0.001199030468088707
 1.137304669578623e-05
 0.0001571659973501855
 0.007076720008538652
 0.001691994086246166
 0
 0.007076720008538652
 0.005852248985269106
 0.007076720008538652
 0
 0.001199030468088707
 1.137304669578623e-05
 0.0001571659973501855
 0.003460470149865699
 0.001691994086246166
 0
 0.007076720008538652
 0.005852248985269106
 0.007076720008538652
 0
 0
 1.137304669578623e-05
 0.0002989538811223935
 0.007076720008538652
 0.001691994086246166
 0
 0.007076720008538652
 0.005852248985269106
 0.007076720008538652
 0
 0
 0.0005899641713234646
 0.0001867650364577386
 0.007076720008538652
 0.007076720008538652
 0
 0.007076720008538652
 0
 0.007076720008538652
 0
 0
 0.0005899641713234646
 0.0001571659973501855
 0.007076720008538652
 0.007076720008538652
 0
 0.007076720008538652
 0
 0.007076720008538652
 0
 0
 0.0007881699633281653
 0.0002989538811223935
 0.007076720008538652
 0.007076720008538652
 0
 0.007076720008538652
 0
 0
 0
 0
 0.0007881699633281653
 0.001199030468088707
 0.007076720008538652
 0.007076720008538652
 0
 0
 0
 0
 0
 0
 0.0007881699633281653
 0.001199030468088707
 0.007076720008538652
 0.007076720008538652
 0
 0
 0
 0
 0
 0
 0.0007881699633281653
 0.001199030468088707
 0.007076720008538652
 0.007076720008538652
 0
 0
 0
 0
 0
 0
 0.0005899641713234646
 0.001199030468088707
 0
 0.007076720008538652
 0
 0
 0
 0
 0
 0
 0.0005899641713234646
 0.001199030468088707
 0
 0
 0
 0
 0
 0
 0
 0
 0.0005899641713234646
 0.001199030468088707
 0
 0
 0
 0
 0
 0
 0
 0
 0
 0.001199030468088707
 0
 0
 0
 0
 0
 0
 0
 0
 0
 0
 0
 0
 0
 0
 0
 0
 0
 0
 0
 0
 0
 0
 0
 0
 0
 0
 0
 0
 0
 0
 0
