# Created by Octave 3.2.4, Mon Feb 04 17:02:55 2013 EST <rbom@zaphod>
# name: small_First_Fit
# type: matrix
# ndims: 3
 1 10 30
 1.917616039700452e-19
 3.907563981380722e-18
 2.676676318280483e-22
 2.33994355502011e-12
 1.210508800999165e-19
 1.884147183426513e-14
 3.929575113355833e-16
 2.004875400793938e-21
 8.820189039202729e-18
 1.019582939891325e-17
 1.001393915732635e-13
 1.142781018860777e-13
 8.86038796609269e-14
 3.19496776065951e-09
 1.980238547684447e-14
 1.873420577555115e-12
 1.732129541214325e-12
 1.047504273930981e-15
 7.750818967091963e-15
 5.089940781267072e-16
 2.591571674562586e-11
 5.054679212658735e-12
 7.660899637837548e-12
 3.19496776065951e-09
 1.766156903244319e-11
 7.87419301363645e-11
 2.258528499536539e-10
 1.169314772118713e-13
 3.585535197631294e-11
 2.953305684112288e-11
 2.591571674562586e-11
 5.536025984246031e-12
 7.660899637837548e-12
 2.773378308407317e-07
 3.593109842921542e-09
 4.343050215396917e-09
 2.258528499536539e-10
 1.470482380073845e-12
 3.585535197631294e-11
 2.387200668870268e-07
 2.645955613952549e-08
 1.188414785231154e-09
 1.046895568554312e-08
 6.045005934463502e-05
 3.593109842921542e-09
 2.414391524939564e-07
 2.258528499536539e-10
 1.567852273419401e-10
 2.33731925108555e-09
 6.045005934463502e-05
 4.174089438606154e-06
 1.287992182729005e-07
 1.046895568554312e-08
 0.0001618640492783467
 1.485550603844614e-07
 2.414391524939564e-07
 2.128513626179862e-08
 3.54221894933098e-08
 4.68924438241359e-08
 6.045005934463502e-05
 0.0002855549952553626
 1.287992182729005e-07
 6.944529621311006e-07
 0.0001618640492783467
 1.014093895578663e-05
 2.414391524939564e-07
 3.628833101233792e-07
 3.54221894933098e-08
 4.68924438241359e-08
 0.0001618640492783467
 0.0002855549952553626
 5.610586345743749e-06
 6.944529621311006e-07
 0.004135460394776039
 1.014093895578663e-05
 2.495353112949819e-07
 2.39304557647189e-06
 3.648142108214089e-08
 8.687138800178524e-08
 0.004135460394776039
 0.01107165864776015
 5.610586345743749e-06
 6.944529621311006e-07
 0.004135460394776039
 1.014093895578663e-05
 2.414391524939564e-07
 2.39304557647189e-06
 8.07122478381259e-08
 8.687138800178524e-08
 0.01107165864776015
 0.0002855549952553626
 0.0002450063311225381
 2.027886153467364e-06
 0.01107165864776015
 1.014093895578663e-05
 2.495353112949819e-07
 2.39304557647189e-06
 1.138158191125088e-05
 8.687138800178524e-08
 0.01107165864776015
 0.0002855549952553626
 0.0002450063311225381
 2.027886153467364e-06
 0.01107165864776015
 1.014093895578663e-05
 2.495353112949819e-07
 2.39304557647189e-06
 0.00091946803275639
 2.551674951499843e-06
 0.01107165864776015
 0.0002855549952553626
 0.0002450063311225381
 2.027886153467364e-06
 0.01107165864776015
 1.014093895578663e-05
 2.414391524939564e-07
 2.39304557647189e-06
 0.00091946803275639
 0.0002855549952553626
 0.01107165864776015
 0.0002855549952553626
 0.0002450063311225381
 2.027886153467364e-06
 0.01107165864776015
 1.014093895578663e-05
 2.414391524939564e-07
 2.39304557647189e-06
 0.00091946803275639
 0.01107165864776015
 0.01107165864776015
 0.0002855549952553626
 0.0002450063311225381
 2.027886153467364e-06
 0.01107165864776015
 0
 2.414391524939564e-07
 2.39304557647189e-06
 0.01107165864776015
 0.01107165864776015
 0.01107165864776015
 0.0002855549952553626
 0.0002450063311225381
 2.027886153467364e-06
 0.01107165864776015
 0
 2.414391524939564e-07
 0
 0.01107165864776015
 0.01107165864776015
 0.01107165864776015
 0
 0.0002450063311225381
 2.027886153467364e-06
 0.01107165864776015
 0
 2.495353112949819e-07
 0
 0.01107165864776015
 0.01107165864776015
 0
 0
 0
 0
 0
 0
 2.414391524939564e-07
 0
 0.01107165864776015
 0.01107165864776015
 0
 0
 0
 0
 0
 0
 2.414391524939564e-07
 0
 0.01107165864776015
 0.01107165864776015
 0
 0
 0
 0
 0
 0
 2.414391524939564e-07
 0
 0.01107165864776015
 0.01107165864776015
 0
 0
 0
 0
 0
 0
 2.414391524939564e-07
 0
 0.01107165864776015
 0
 0
 0
 0
 0
 0
 0
 2.414391524939564e-07
 0
 0
 0
 0
 0
 0
 0
 0
 0
 2.414391524939564e-07
 0
 0
 0
 0
 0
 0
 0
 0
 0
 0
 0
 0
 0
 0
 0
 0
 0
 0
 0
 0
 0
 0
 0
 0
 0
 0
 0
 0
 0
 0
 0
 0
 0
 0
 0
 0
 0
 0
 0
 0
 0
 0
 0
 0
 0
 0
 0
 0
 0
 0
 0
 0
 0
 0
 0
 0
 0
 0
 0
 0
 0
 0
 0
 0
 0
 0
 0
 0
 0
 0
 0
 0
 0
 0
 0
 0
 0
 0
 0
 0
 0
 0
 0
 0
