# Created by Octave 3.2.4, Tue Feb 05 05:34:22 2013 EST <rbom@zaphod>
# name: small_First_Fit
# type: matrix
# ndims: 3
 1 10 30
 5.274767579711503e-14
 3.507187446579454e-18
 4.235990574678747e-17
 2.211475637248148e-11
 3.431571980718157e-12
 8.359808398514105e-15
 3.409470158028473e-12
 9.04230073729782e-16
 2.924968418985262e-12
 4.422450022024922e-14
 9.335695207481472e-13
 9.098079224017823e-09
 1.122945679272207e-14
 2.211475637248148e-11
 1.006604060648488e-10
 1.374333571073986e-12
 2.714812269238646e-09
 1.246963353128825e-13
 6.118989777931615e-09
 2.271361913236675e-09
 6.303834438933897e-11
 9.098079224017823e-09
 1.890323862582814e-12
 2.369779164998856e-09
 1.006604060648488e-10
 1.226573470784357e-10
 6.944655875591336e-06
 3.069783941617664e-10
 1.366745336946275e-07
 2.271361913236675e-09
 6.213899125714827e-10
 9.098079224017823e-09
 1.354845205503966e-10
 2.648830787165217e-06
 1.746217267981808e-09
 1.771418909431418e-10
 6.944655875591336e-06
 2.075079664878319e-08
 1.366745336946275e-07
 2.972711287788371e-07
 1.7940702314072e-08
 9.098079224017823e-09
 3.381058020694254e-09
 0.0001083805675250376
 1.746217267981808e-09
 1.771418909431418e-10
 6.944655875591336e-06
 1.985027910992988e-07
 1.718055313889361e-06
 3.472208872251998e-05
 1.779446963814763e-07
 9.098079224017823e-09
 8.037578349281785e-09
 0.0001083805675250376
 1.266568662060424e-08
 1.771418909431418e-10
 0.0009413224401295767
 1.636543543837232e-06
 1.718055313889361e-06
 3.472208872251998e-05
 2.72366098502254e-06
 2.25718610911445e-07
 5.552960316925004e-06
 0.01145070137561203
 1.339021602608684e-07
 1.771418909431418e-10
 0.01145070137561203
 5.142016851208283e-05
 1.718055313889361e-06
 0.0002159683439636442
 3.981025458888307e-06
 2.25718610911445e-07
 0.0001161232412874616
 0.01145070137561203
 1.42866534237376e-06
 3.254560883039725e-09
 0.01145070137561203
 5.142016851208283e-05
 1.718055313889361e-06
 0.0002159683439636442
 5.86221075201801e-05
 2.25718610911445e-07
 0.0001161232412874616
 0.01145070137561203
 1.42866534237376e-06
 3.254560883039725e-09
 0.01145070137561203
 5.142016851208283e-05
 2.758445719103495e-06
 0.0002159683439636442
 5.86221075201801e-05
 2.25718610911445e-07
 0.0001161232412874616
 0.01145070137561203
 9.225519909247805e-05
 3.254560883039725e-09
 0.01145070137561203
 5.142016851208283e-05
 2.758445719103495e-06
 0.0002159683439636442
 5.86221075201801e-05
 1.514944538591183e-06
 0.0001161232412874616
 0.01145070137561203
 9.225519909247805e-05
 3.254560883039725e-09
 0.01145070137561203
 5.142016851208283e-05
 1.718055313889361e-06
 0.0002159683439636442
 0.0006852689302821103
 1.514944538591183e-06
 0.0001161232412874616
 0.01145070137561203
 9.225519909247805e-05
 0.0001307524713691719
 0.01145070137561203
 5.142016851208283e-05
 1.718055313889361e-06
 0.0002159683439636442
 0.0006852689302821103
 1.514944538591183e-06
 0.0001161232412874616
 0.01145070137561203
 9.225519909247805e-05
 0.0001307524713691719
 0.01145070137561203
 0.0003604627924377143
 1.718055313889361e-06
 0.0002159683439636442
 0.0006852689302821103
 9.115604941682432e-05
 0.0001161232412874616
 0
 9.225519909247805e-05
 0.0001307524713691719
 0
 0.0003604627924377143
 1.718055313889361e-06
 0
 0.0006852689302821103
 0.001619816187506236
 0
 0
 9.225519909247805e-05
 0.0001307524713691719
 0
 0.000504407190109639
 1.718055313889361e-06
 0
 0.0006852689302821103
 0.001619816187506236
 0
 0
 9.225519909247805e-05
 0.0001307524713691719
 0
 0.000504407190109639
 0
 0
 0.0006852689302821103
 0.001619816187506236
 0
 0
 0
 0.0001307524713691719
 0
 0.001677575388250337
 0
 0
 0.0006852689302821103
 0.001619816187506236
 0
 0
 0
 0.0003604627924377143
 0
 0.01145070137561203
 0
 0
 0
 0.001619816187506236
 0
 0
 0
 0.0003604627924377143
 0
 0.01145070137561203
 0
 0
 0
 0.001619816187506236
 0
 0
 0
 0.0001307524713691719
 0
 0.01145070137561203
 0
 0
 0
 0.002275380941674376
 0
 0
 0
 0.0003604627924377143
 0
 0.01145070137561203
 0
 0
 0
 0.001619816187506236
 0
 0
 0
 0.0003604627924377143
 0
 0.01145070137561203
 0
 0
 0
 0.002275380941674376
 0
 0
 0
 0.0003604627924377143
 0
 0.01145070137561203
 0
 0
 0
 0.002275380941674376
 0
 0
 0
 0.0003604627924377143
 0
 0.01145070137561203
 0
 0
 0
 0.002275380941674376
 0
 0
 0
 0.0003604627924377143
 0
 0
 0
 0
 0
 0.002275380941674376
 0
 0
 0
 0.0003604627924377143
 0
 0
 0
 0
 0
 0.002275380941674376
 0
 0
 0
 0.0003604627924377143
 0
 0
 0
 0
 0
 0.001619816187506236
 0
 0
 0
 0
 0
 0
 0
 0
 0
 0.001619816187506236
 0
 0
 0
 0
 0
 0
 0
 0
 0
 0
 0
 0
 0
 0
 0
 0
 0
 0
