# Created by Octave 3.2.4, Tue Feb 05 02:47:26 2013 EST <rbom@zaphod>
# name: small_First_Fit
# type: matrix
# ndims: 3
 1 10 30
 3.198630919854071e-14
 3.072696385886387e-12
 1.384612691511583e-06
 7.019043289317176e-13
 3.555623243709494e-18
 1.800098734790366e-11
 5.113505574202855e-15
 8.103947276184719e-16
 3.135030946234234e-16
 2.10213109860407e-15
 8.397623404454332e-09
 1.735224713354964e-09
 0.0002171169981980671
 1.17636391948257e-10
 1.622687037306206e-12
 3.778110466296532e-08
 3.634046191437768e-12
 2.514952072217936e-14
 2.1707259449935e-08
 3.856726311444196e-09
 1.405898743510158e-06
 4.052089878629766e-07
 0.0002171169981980671
 9.926912901203636e-08
 2.560585215300722e-09
 2.440701874148985e-05
 3.634046191437768e-12
 1.010682172334312e-10
 1.323659511262757e-06
 1.550717235102482e-08
 0.000190870067709399
 9.368097027252561e-05
 0.0002171169981980671
 5.260560345789118e-06
 8.980417488534313e-07
 2.440701874148985e-05
 3.634046191437768e-12
 2.510960089453763e-07
 1.323659511262757e-06
 2.107603918381224e-06
 0.000190870067709399
 0.001353492547320773
 0.0002171169981980671
 0.0001428993369554921
 0.0002645550948940056
 4.086768529249807e-05
 1.460210374588267e-08
 7.545058550530746e-06
 3.365453735110695e-06
 3.000218661107074e-06
 0.000190870067709399
 0.001353492547320773
 0.0002171169981980671
 0.001166083628492111
 0.0002645550948940056
 7.540076817001809e-05
 3.047590165675425e-06
 7.545058550530746e-06
 7.658261328408147e-05
 0.0007152346825974868
 0.0007133402419709408
 0.001353492547320773
 0.0002171169981980671
 0.001166083628492111
 0.0002645550948940056
 0.0009669398159256949
 3.047590165675425e-06
 7.545058550530746e-06
 7.658261328408147e-05
 0.0007152346825974868
 0.0007133402419709408
 0.001353492547320773
 0.0003756178194154739
 0.001166083628492111
 0.0002645550948940056
 0.0009669398159256949
 0.000161362442899394
 0.0001332735939441825
 7.658261328408147e-05
 0.0007152346825974868
 0.003689713917021871
 0.001353492547320773
 0.0002171169981980671
 0.001166083628492111
 0.0002645550948940056
 0.001046560056794322
 0.000161362442899394
 0.0001332735939441825
 7.658261328408147e-05
 0.0007152346825974868
 0.003689713917021871
 0.001353492547320773
 0.0002171169981980671
 0.001166083628492111
 0.0002645550948940056
 0.001046560056794322
 0.001748313598331118
 0.0001332735939441825
 7.658261328408147e-05
 0.0007152346825974868
 0.003689713917021871
 0.001353492547320773
 0.0003648431232537387
 0.001166083628492111
 0.0002645550948940056
 0.0009669398159256949
 0.001748313598331118
 0.0001332735939441825
 7.658261328408147e-05
 0.0007152346825974868
 0.003689713917021871
 0
 0.0003648431232537387
 0.001166083628492111
 0
 0.0009669398159256949
 0.003559745792257317
 0.0001332735939441825
 7.658261328408147e-05
 0.007842650500827678
 0.008163023231564925
 0
 0.0003756178194154739
 0
 0
 0.0009669398159256949
 0.02361324744386361
 0.0001332735939441825
 0
 0.0007152346825974868
 0.008163023231564925
 0
 0.0002171169981980671
 0
 0
 0.0009669398159256949
 0.05354882157156215
 0.0001332735939441825
 0
 0.0007152346825974868
 0.008163023231564925
 0
 0.0002171169981980671
 0
 0
 0.0009669398159256949
 0.05354882157156215
 0
 0
 0.007842650500827678
 0.008163023231564925
 0
 0.0003756178194154739
 0
 0
 0
 0.05354882157156215
 0
 0
 0.007842650500827678
 0.008163023231564925
 0
 0.0002171169981980671
 0
 0
 0
 0.05354882157156215
 0
 0
 0.007842650500827678
 0.008163023231564925
 0
 0.0002171169981980671
 0
 0
 0
 0.05354882157156215
 0
 0
 0.007842650500827678
 0.008163023231564925
 0
 0.0002171169981980671
 0
 0
 0
 0.05354882157156215
 0
 0
 0.007842650500827678
 0
 0
 0.0002171169981980671
 0
 0
 0
 0.05354882157156215
 0
 0
 0.009604484106670131
 0
 0
 0.0003648431232537387
 0
 0
 0
 0
 0
 0
 0.007842650500827678
 0
 0
 0.0003648431232537387
 0
 0
 0
 0
 0
 0
 0.009604484106670131
 0
 0
 0.0002171169981980671
 0
 0
 0
 0
 0
 0
 0.009604484106670131
 0
 0
 0.0002171169981980671
 0
 0
 0
 0
 0
 0
 0.009604484106670131
 0
 0
 0.0003756178194154739
 0
 0
 0
 0
 0
 0
 0.009604484106670131
 0
 0
 0.0003648431232537387
 0
 0
 0
 0
 0
 0
 0.009604484106670131
 0
 0
 0.0002171169981980671
 0
 0
 0
 0
 0
 0
 0.009604484106670131
 0
 0
 0.0003756178194154739
 0
 0
 0
 0
 0
 0
 0.009604484106670131
 0
 0
 0.0003756178194154739
 0
 0
 0
 0
 0
 0
 0
 0
 0
 0.0003756178194154739
 0
 0
 0
 0
 0
 0
 0
