# Created by Octave 3.2.4, Mon Feb 04 03:56:42 2013 EST <rbom@zaphod>
# name: small_First_Fit
# type: matrix
# ndims: 3
 1 10 30
 7.560601214224147e-20
 1.101909233653808e-24
 3.08835301058764e-22
 1.574815419325245e-16
 1.193620163410331e-22
 1.921322102870757e-17
 2.887161171795525e-22
 2.820429990556475e-18
 9.31087108962409e-26
 2.372571606056063e-24
 4.053667838690261e-18
 1.619560469500437e-21
 1.784868318962858e-18
 4.60439350438898e-13
 7.954252958809779e-17
 1.135812012065579e-12
 2.932623061148661e-09
 3.852630548491168e-14
 7.679191848773621e-22
 3.267844949199184e-19
 4.053667838690261e-18
 2.230689809958436e-16
 5.301349968698103e-15
 2.965410884764446e-08
 6.50302568267748e-13
 2.245049812545431e-10
 2.338076794535283e-05
 2.009826545376342e-12
 9.612824115429462e-19
 2.117417484037923e-14
 3.878651613196435e-15
 2.086972789093262e-13
 1.073735334816107e-12
 0.0004402470534544584
 2.966371896175566e-10
 9.853237161894138e-06
 2.338076794535283e-05
 2.009826545376342e-12
 5.750024335150714e-14
 8.217042261265607e-12
 1.328673185588102e-12
 1.805242619147455e-10
 1.073735334816107e-12
 0.0004402470534544584
 8.646184478569036e-07
 9.853237161894138e-06
 2.338076794535283e-05
 4.718478130380367e-10
 5.835455559177127e-09
 1.481609975452904e-08
 2.444423455193615e-08
 0.0001203009169067519
 1.073735334816107e-12
 0.0004402470534544584
 0.0003229168540151652
 0.001928834985826112
 0.001605715645132208
 4.718478130380367e-10
 5.835455559177127e-09
 3.541491989363964e-05
 0.001343366580918154
 0.0001203009169067519
 7.374102869551309e-11
 0.0004402470534544584
 0.0003229168540151652
 0.001928834985826112
 0.001605715645132208
 4.718478130380367e-10
 0.0001203009169067519
 0.001605715645132208
 0.001343366580918154
 0.0001203009169067519
 1.333438426409701e-09
 0.0004402470534544584
 0.0003229168540151652
 0.001928834985826112
 0.001605715645132208
 4.718478130380367e-10
 0.0001203009169067519
 0.001605715645132208
 0.001343366580918154
 0.0001203009169067519
 9.157665995867837e-08
 0.0004402470534544584
 0.0003229168540151652
 0.001928834985826112
 0.001605715645132208
 0.0003144351236628666
 0.0001203009169067519
 0.001605715645132208
 0.001343366580918154
 0.0001203009169067519
 9.157665995867837e-08
 0.0004402470534544584
 0.0003229168540151652
 0.001928834985826112
 0.001605715645132208
 0.0003144351236628666
 0.0001203009169067519
 0.001605715645132208
 0.001343366580918154
 0.01579780183560691
 4.215995974196575e-05
 0.0004402470534544584
 0.0003229168540151652
 0.001928834985826112
 0.001605715645132208
 0.0003144351236628666
 0.0001203009169067519
 0.001605715645132208
 0.001343366580918154
 0.01579780183560691
 4.215995974196575e-05
 0.0004402470534544584
 0.0003229168540151652
 0.001928834985826112
 0.001605715645132208
 0.0003144351236628666
 0.0001203009169067519
 0.001605715645132208
 0.001343366580918154
 0.01579780183560691
 0.01579780183560691
 0.0004402470534544584
 0.0003229168540151652
 0.001928834985826112
 0.001605715645132208
 0.0003144351236628666
 0.0001203009169067519
 0.001605715645132208
 0.001343366580918154
 0.01579780183560691
 0.01579780183560691
 0.0004402470534544584
 0.0003229168540151652
 0.001928834985826112
 0.001605715645132208
 0.0003144351236628666
 0.0001203009169067519
 0.001605715645132208
 0.001343366580918154
 0.01579780183560691
 0.01579780183560691
 0.0004402470534544584
 0.0003229168540151652
 0.001928834985826112
 0.001605715645132208
 0.0003144351236628666
 0.0001203009169067519
 0.001605715645132208
 0.001343366580918154
 0.01579780183560691
 0.01579780183560691
 0.0004402470534544584
 0.0003229168540151652
 0.001928834985826112
 0.001605715645132208
 0.0003144351236628666
 0.001343366580918154
 0.001605715645132208
 0.001343366580918154
 0.01579780183560691
 0.01579780183560691
 0.0004402470534544584
 0.0003229168540151652
 0.001928834985826112
 0.001605715645132208
 0.0003144351236628666
 0.001343366580918154
 0.001605715645132208
 0.001343366580918154
 0.01579780183560691
 0.01579780183560691
 0.0004402470534544584
 0.0003229168540151652
 0.001928834985826112
 0.001605715645132208
 0.0003144351236628666
 0.001343366580918154
 0.001605715645132208
 0.001343366580918154
 0.01579780183560691
 0.01579780183560691
 0.0004402470534544584
 0.0003229168540151652
 0.001928834985826112
 0.001605715645132208
 0.0003144351236628666
 0.001343366580918154
 0.001605715645132208
 0.001343366580918154
 0.01579780183560691
 0.01579780183560691
 0.0004402470534544584
 0.0003229168540151652
 0.001928834985826112
 0.001605715645132208
 0.0003144351236628666
 0.001343366580918154
 0.001605715645132208
 0.001343366580918154
 0.01579780183560691
 0.01579780183560691
 0.0004402470534544584
 0.0003229168540151652
 0.001928834985826112
 0.001605715645132208
 0.0003144351236628666
 0.001343366580918154
 0.001605715645132208
 0.001343366580918154
 0.01579780183560691
 0.01579780183560691
 0.0004402470534544584
 0.0003229168540151652
 0.001928834985826112
 0.001605715645132208
 0.0003144351236628666
 0.001343366580918154
 0.001605715645132208
 0.001343366580918154
 0.01579780183560691
 0.01579780183560691
 0.0004402470534544584
 0.0003229168540151652
 0.001928834985826112
 0.001605715645132208
 0.0003144351236628666
 0.001343366580918154
 0.001605715645132208
 0.001343366580918154
 0.01579780183560691
 0.01579780183560691
 0.0004402470534544584
 0.0003229168540151652
 0.001928834985826112
 0.001605715645132208
 0.0003144351236628666
 0.001343366580918154
 0.001605715645132208
 0.001343366580918154
 0.01579780183560691
 0.01579780183560691
 0.0004402470534544584
 0.0003229168540151652
 0.001928834985826112
 0.001605715645132208
 0.0003144351236628666
 0.001343366580918154
 0.001605715645132208
 0.001343366580918154
 0.01579780183560691
 0.01579780183560691
 0.0004402470534544584
 0.0003229168540151652
 0.001928834985826112
 0.001605715645132208
 0.0003144351236628666
 0.001343366580918154
 0.001605715645132208
 0.001343366580918154
 0.01579780183560691
 0.01579780183560691
 0.0004402470534544584
 0.0003229168540151652
 0.001928834985826112
 0.001605715645132208
 0.0003144351236628666
 0.001343366580918154
 0.001605715645132208
 0.001343366580918154
 0.01579780183560691
 0.01579780183560691
 0.0004402470534544584
 0.0003229168540151652
 0.001928834985826112
 0.001605715645132208
 0.0003144351236628666
 0.001343366580918154
 0.001605715645132208
 0.001343366580918154
 0.01579780183560691
 0.01579780183560691
 0.0004402470534544584
 0.0003229168540151652
 0.001928834985826112
 0.001605715645132208
 0.0003144351236628666
 0.001343366580918154
 0.001605715645132208
 0.001343366580918154
 0.01579780183560691
 0.01579780183560691
 0.0004402470534544584
 0.0003229168540151652
 0.001928834985826112
 0.001605715645132208
 0.0003144351236628666
 0.001343366580918154
 0.001605715645132208
