# Created by Octave 3.2.4, Tue Feb 05 02:05:57 2013 EST <rbom@zaphod>
# name: small_First_Fit
# type: matrix
# ndims: 3
 1 10 30
 1.959319401173802e-13
 5.238553821993811e-10
 1.080964182494377e-17
 1.140373465872083e-14
 8.61383549105755e-16
 2.462492012491092e-14
 1.055737211538916e-12
 2.151727970533239e-16
 2.025902252464083e-18
 2.913556964087081e-19
 1.959319401173802e-13
 4.510669925635669e-07
 2.678686101357795e-14
 6.768549625195742e-14
 9.96872552944845e-12
 3.327205821310636e-12
 1.552578380457789e-10
 1.078366173931013e-13
 1.295598082662177e-13
 7.651329026641991e-15
 2.06442408453435e-11
 3.254325815093047e-05
 2.129437524622899e-10
 6.768549625195742e-14
 2.817569570318521e-08
 3.47249272143903e-10
 9.903364831857312e-07
 9.808359975810452e-12
 1.295598082662177e-13
 5.067456448815804e-13
 2.06442408453435e-11
 0.0001602921730627328
 6.239651791572275e-08
 1.178641160377902e-12
 2.817569570318521e-08
 1.624869709955972e-08
 1.493571044626725e-06
 6.317444379027443e-10
 7.376511721097468e-12
 2.070889094279156e-10
 1.395245179220102e-10
 0.0001602921730627328
 7.128645935627427e-07
 1.975120380937805e-12
 2.817569570318521e-08
 1.153178936268611e-06
 9.903364831857312e-07
 1.853779178771884e-07
 3.889054625924987e-11
 7.133495173547093e-09
 1.893853797272419e-10
 0.0001602921730627328
 7.128645935627427e-07
 3.21669501595683e-10
 2.817569570318521e-08
 1.153178936268611e-06
 9.903364831857312e-07
 5.711583092076221e-06
 3.889054625924987e-11
 4.353017865987465e-08
 2.587722996461218e-07
 0.0001602921730627328
 4.614449699874982e-07
 5.257255820971309e-10
 2.817569570318521e-08
 0.0002953045141081505
 9.903364831857312e-07
 2.244528634792962e-05
 1.528692442953627e-10
 1.769731915902081e-06
 2.587722996461218e-07
 0.0001602921730627328
 3.319121402098354e-06
 3.221219850275548e-08
 1.016517574214624e-05
 0.0002953045141081505
 9.903364831857312e-07
 0.001469661081089147
 9.395502112809068e-08
 8.958494632971387e-06
 2.613012158998934e-05
 0.015425388294094
 3.319121402098354e-06
 8.97728805568992e-07
 1.016517574214624e-05
 0.015425388294094
 9.903364831857312e-07
 0.001469661081089147
 9.395502112809068e-08
 0.0006178430912792469
 0.001946902252957239
 0.015425388294094
 3.319121402098354e-06
 8.97728805568992e-07
 1.016517574214624e-05
 0.015425388294094
 9.903364831857312e-07
 0.001469661081089147
 3.168037701381086e-05
 0.0006178430912792469
 0.001946902252957239
 0.015425388294094
 5.610408606428622e-06
 8.97728805568992e-07
 1.016517574214624e-05
 0.015425388294094
 0
 0.001469661081089147
 0.0001602921730627328
 0.0006178430912792469
 0.001946902252957239
 0.015425388294094
 5.768391011268912e-06
 0.015425388294094
 1.016517574214624e-05
 0.015425388294094
 0
 0.001469661081089147
 0.0001602921730627328
 0.0006178430912792469
 0.001946902252957239
 0.015425388294094
 5.768391011268912e-06
 0.015425388294094
 1.016517574214624e-05
 0.015425388294094
 0
 0.001469661081089147
 0.0001602921730627328
 0.0006178430912792469
 0.001946902252957239
 0.015425388294094
 1.077850744094183e-05
 0.015425388294094
 1.016517574214624e-05
 0.015425388294094
 0
 0.001469661081089147
 0.0001602921730627328
 0.0006178430912792469
 0.001946902252957239
 0.015425388294094
 0.0001425865281208589
 0.015425388294094
 0
 0.015425388294094
 0
 0
 0.0001602921730627328
 0.0006178430912792469
 0.001946902252957239
 0
 0.0001425865281208589
 0.015425388294094
 0
 0
 0
 0
 0.015425388294094
 0
 0
 0
 0.0002630017261022858
 0.015425388294094
 0
 0
 0
 0
 0.015425388294094
 0
 0
 0
 0.0001425865281208589
 0.015425388294094
 0
 0
 0
 0
 0.015425388294094
 0
 0
 0
 0.0001425865281208589
 0
 0
 0
 0
 0
 0.015425388294094
 0
 0
 0
 0.0002630017261022858
 0
 0
 0
 0
 0
 0.015425388294094
 0
 0
 0
 0.0002630017261022858
 0
 0
 0
 0
 0
 0.015425388294094
 0
 0
 0
 0.0002478037147474037
 0
 0
 0
 0
 0
 0.015425388294094
 0
 0
 0
 0.0002478037147474037
 0
 0
 0
 0
 0
 0
 0
 0
 0
 0.0002478037147474037
 0
 0
 0
 0
 0
 0
 0
 0
 0
 0.0002478037147474037
 0
 0
 0
 0
 0
 0
 0
 0
 0
 0.0002478037147474037
 0
 0
 0
 0
 0
 0
 0
 0
 0
 0
 0
 0
 0
 0
 0
 0
 0
 0
 0
 0
 0
 0
 0
 0
 0
 0
 0
 0
 0
 0
 0
 0
 0
 0
 0
 0
 0
 0
 0
 0
 0
 0
 0
 0
 0
 0
 0
