# Created by Octave 3.2.4, Tue Feb 05 22:22:25 2013 EST <rbom@zaphod>
# name: small_First_Fit
# type: matrix
# ndims: 3
 1 10 30
 7.047616632681754e-19
 4.442890966076983e-15
 2.63824751415984e-13
 2.90323048984269e-19
 6.805663225194212e-16
 3.986269972907137e-10
 2.724254264381883e-14
 8.959021939825103e-12
 1.548612768127234e-14
 7.003590797208713e-17
 2.392976642619626e-14
 6.661885305184327e-12
 1.309463685376793e-10
 6.862758953012538e-17
 1.099992502808642e-12
 5.133194004692485e-07
 1.979870360644536e-05
 1.576116278655942e-09
 7.382268240094974e-08
 1.121738193667808e-15
 4.556872099090048e-11
 6.661885305184327e-12
 1.731547122481812e-10
 3.304000342231545e-14
 7.116140981376551e-10
 5.133194004692485e-07
 0.0002744598893510565
 1.878299877200964e-06
 7.801752304365798e-07
 7.839510509876803e-14
 1.14954970808058e-08
 6.661885305184327e-12
 8.44051706702147e-08
 1.129948992749414e-11
 3.58594959476027e-05
 5.133194004692485e-07
 0.0002744598893510565
 2.66098770480196e-05
 5.062901897361406e-06
 3.677763585326427e-11
 5.784389618736446e-07
 1.328062298825661e-09
 2.19789792200013e-05
 6.365482436290678e-10
 3.58594959476027e-05
 6.159387558323247e-05
 0.0003394208671756632
 1.979870360644536e-05
 4.887730490707214e-05
 2.208322047986704e-08
 5.784389618736446e-07
 1.112404356768114e-07
 0.0003300655594667668
 1.482529938653667e-07
 0.01066528549996755
 6.159387558323247e-05
 0.0003394208671756632
 0.0002744598893510565
 4.887730490707214e-05
 3.372946660681331e-07
 5.784389618736446e-07
 1.112404356768114e-07
 0.0003300655594667668
 2.740067112234027e-06
 0.01066528549996755
 6.159387558323247e-05
 0.0002744598893510565
 0.0009093791947256098
 0.0009093791947256098
 3.162192960462304e-06
 5.115325345436136e-05
 1.656783933637487e-06
 0.003051001437939731
 0.0002174811989845057
 0.01066528549996755
 6.159387558323247e-05
 0.01123565854596327
 0.01123565854596327
 0.0009093791947256098
 4.3163343977674e-05
 0.003968739345001371
 1.979870360644536e-05
 0.003051001437939731
 0.0002174811989845057
 0.01066528549996755
 6.159387558323247e-05
 0.01123565854596327
 0.01123565854596327
 0.0009093791947256098
 4.3163343977674e-05
 0.003968739345001371
 1.979870360644536e-05
 0.003051001437939731
 0.000853005588957419
 0.01123565854596327
 6.159387558323247e-05
 0.01123565854596327
 0.01123565854596327
 0.01123565854596327
 0.0007813525227961199
 0.003968739345001371
 0.0002744598893510565
 0.01123565854596327
 0.000853005588957419
 0.01123565854596327
 6.159387558323247e-05
 0.01123565854596327
 0.01123565854596327
 0.01123565854596327
 0.0007813525227961199
 0.01066528549996755
 0.0009093791947256098
 0.01123565854596327
 0.001314404999650017
 0.01066528549996755
 0
 0.01123565854596327
 0.01123565854596327
 0.01123565854596327
 0.01066528549996755
 0.01066528549996755
 0.01123565854596327
 0.01123565854596327
 0.003968739345001371
 0.01123565854596327
 0
 0.01123565854596327
 0.01123565854596327
 0.01123565854596327
 0.01066528549996755
 0.01066528549996755
 0.01123565854596327
 0.01123565854596327
 0.003968739345001371
 0.01123565854596327
 0
 0.01123565854596327
 0.01123565854596327
 0.01123565854596327
 0.01066528549996755
 0.01066528549996755
 0.01123565854596327
 0.01123565854596327
 0.003968739345001371
 0.01123565854596327
 0
 0
 0
 0.01123565854596327
 0.01066528549996755
 0.01066528549996755
 0.01123565854596327
 0.01123565854596327
 0.01066528549996755
 0.01123565854596327
 0
 0
 0
 0.01123565854596327
 0.01066528549996755
 0.01066528549996755
 0.01123565854596327
 0.01123565854596327
 0.01066528549996755
 0.01123565854596327
 0
 0
 0
 0
 0.01066528549996755
 0.01066528549996755
 0.01123565854596327
 0
 0.01066528549996755
 0.01123565854596327
 0
 0
 0
 0
 0.01066528549996755
 0
 0.01123565854596327
 0
 0.01123565854596327
 0.01123565854596327
 0
 0
 0
 0
 0
 0
 0
 0
 0.01123565854596327
 0
 0
 0
 0
 0
 0
 0
 0
 0
 0.01066528549996755
 0
 0
 0
 0
 0
 0
 0
 0
 0
 0.01066528549996755
 0
 0
 0
 0
 0
 0
 0
 0
 0
 0.01066528549996755
 0
 0
 0
 0
 0
 0
 0
 0
 0
 0.01066528549996755
 0
 0
 0
 0
 0
 0
 0
 0
 0
 0.01066528549996755
 0
 0
 0
 0
 0
 0
 0
 0
 0
 0
 0
 0
 0
 0
 0
 0
 0
 0
 0
 0
 0
 0
 0
 0
 0
 0
 0
 0
 0
 0
 0
 0
 0
 0
 0
 0
 0
 0
 0
 0
 0
 0
 0
 0
 0
 0
 0
 0
 0
 0
 0
 0
 0
 0
 0
 0
