# Created by Octave 3.2.4, Wed Feb 06 14:32:02 2013 EST <rbom@zaphod>
# name: small_First_Fit
# type: matrix
# ndims: 3
 1 10 30
 1.999510667399106e-12
 1.427118515352864e-11
 1.1442381831682e-08
 2.519033155289569e-11
 1.98882364020633e-12
 4.38049058243074e-10
 2.032931808209759e-09
 3.685810439055454e-09
 3.966072201866964e-13
 1.874585209287187e-09
 1.378874792329394e-08
 4.400558170722098e-09
 8.524172957544302e-07
 1.619670004221203e-08
 9.204123360891126e-11
 7.890903474664808e-07
 1.492498982009579e-07
 3.685810439055454e-09
 2.336308884390038e-06
 1.874585209287187e-09
 2.289844113303193e-06
 4.918766840790019e-08
 0.000134541745834825
 7.904415115097312e-08
 2.041813050537671e-08
 3.621588862573131e-06
 9.24063986679955e-05
 3.685810439055454e-09
 2.336308884390038e-06
 1.999350512954073e-08
 2.844123865510329e-05
 3.666118458360692e-06
 0.000407964610345429
 7.904415115097312e-08
 4.357090095443278e-07
 2.717359165356875e-05
 9.24063986679955e-05
 2.178548328611864e-08
 2.336308884390038e-06
 1.193337263012452e-07
 0.0001139754757909983
 3.666118458360692e-06
 0.000407964610345429
 7.904415115097312e-08
 0.000105051627546618
 9.753249807559159e-05
 0.000402058046194286
 2.178548328611864e-08
 0.0001045620496367381
 1.193337263012452e-07
 0.0001139754757909983
 2.753728282960626e-05
 0.001181810273123148
 7.904415115097312e-08
 0.00113882524064421
 0.002124731958421351
 9.24063986679955e-05
 2.551383260820228e-07
 0.0001045620496367381
 3.787793198820235e-06
 0.0004818871380466121
 0.0003273548771150557
 0.001181810273123148
 7.904415115097312e-08
 0.00113882524064421
 0.002124731958421351
 9.24063986679955e-05
 1.271740298059634e-05
 0.0001045620496367381
 3.787793198820235e-06
 0.0004818871380466121
 0.0008394462342313911
 0.001181810273123148
 1.281861724707028e-06
 0.004062304883024146
 0.002124731958421351
 9.24063986679955e-05
 4.682702339861147e-05
 0.0001045620496367381
 4.058767005392007e-05
 0.0004818871380466121
 0.0008394462342313911
 0.001181810273123148
 1.281861724707028e-06
 0.004062304883024146
 0.002124731958421351
 9.24063986679955e-05
 4.682702339861147e-05
 0.0001045620496367381
 0.001014879891037402
 0.0004818871380466121
 0.0083364857110219
 0.002124731958421351
 1.281861724707028e-06
 0.004062304883024146
 0.002124731958421351
 9.24063986679955e-05
 4.682702339861147e-05
 0.0001045620496367381
 0.001014879891037402
 0.0004818871380466121
 0.0083364857110219
 0.002124731958421351
 1.281861724707028e-06
 0.0083364857110219
 0.002171268640430767
 0.0002038192523581953
 0.0009235322212380274
 0.0001620201088097622
 0.001014879891037402
 0.0004818871380466121
 0.01125171877709523
 0.002124731958421351
 0.0001768228287492163
 0.0083364857110219
 0.002171268640430767
 0.0002038192523581953
 0.002237611828416208
 0.0001045620496367381
 0.001014879891037402
 0.0004818871380466121
 0.01125171877709523
 0.002124731958421351
 0.0009715901471430961
 0.0083364857110219
 0.002171268640430767
 9.24063986679955e-05
 0.002237611828416208
 0.0001045620496367381
 0.001014879891037402
 0
 0.01125171877709523
 0.002171268640430767
 0.0009715901471430961
 0.0083364857110219
 0.002171268640430767
 0.0002038192523581953
 0.002237611828416208
 0.0001045620496367381
 0.001014879891037402
 0
 0.0083364857110219
 0.002124731958421351
 0.001211828747715757
 0.0083364857110219
 0.002171268640430767
 0.0002038192523581953
 0.01125171877709523
 0.0007248341152389124
 0.001014879891037402
 0
 0.01125171877709523
 0.002124731958421351
 0.001211828747715757
 0.0083364857110219
 0.002171268640430767
 0.0002038192523581953
 0.01125171877709523
 0.0007248341152389124
 0
 0
 0.0083364857110219
 0.002124731958421351
 0.001211828747715757
 0.0083364857110219
 0.002171268640430767
 0.0002038192523581953
 0.01125171877709523
 0.002004497550641138
 0
 0
 0.01125171877709523
 0.002124731958421351
 0.001211828747715757
 0
 0
 0.0003657542794675857
 0.01125171877709523
 0.002004497550641138
 0
 0
 0.01125171877709523
 0.002124731958421351
 0.001211828747715757
 0
 0
 0.0003657542794675857
 0.01125171877709523
 0.002004497550641138
 0
 0
 0.01125171877709523
 0.002124731958421351
 0.001211828747715757
 0
 0
 0.0003657542794675857
 0.01125171877709523
 0.002004497550641138
 0
 0
 0.01125171877709523
 0
 0.001211828747715757
 0
 0
 0.0003657542794675857
 0.01125171877709523
 0.0083364857110219
 0
 0
 0.01125171877709523
 0
 0
 0
 0
 0.0003657542794675857
 0
 0.0083364857110219
 0
 0
 0.01125171877709523
 0
 0
 0
 0
 0.0004044544569643197
 0
 0.0083364857110219
 0
 0
 0.01125171877709523
 0
 0
 0
 0
 0.0004044544569643197
 0
 0.0083364857110219
 0
 0
 0
 0
 0
 0
 0
 0.0006739755912179705
 0
 0.0083364857110219
 0
 0
 0
 0
 0
 0
 0
 0.0004044544569643197
 0
 0.0083364857110219
 0
 0
 0
 0
 0
 0
 0
 0.0006739755912179705
 0
 0.0083364857110219
 0
 0
 0
 0
 0
 0
 0
 0.0006739755912179705
 0
 0
 0
 0
 0
 0
 0
 0
 0
 0.0006739755912179705
 0
 0
 0
 0
 0
 0
 0
 0
 0
 0.0007248341152389124
 0
 0
 0
