# Created by Octave 3.2.4, Tue Feb 05 01:06:47 2013 EST <rbom@zaphod>
# name: small_First_Fit
# type: matrix
# ndims: 3
 1 10 30
 1.998260066263724e-17
 4.409479648596913e-17
 1.358817494858681e-12
 1.211135910131507e-16
 1.531316571076073e-12
 1.865113946833412e-14
 1.791459065961635e-14
 4.131412528112699e-14
 9.137674543935521e-14
 2.293044210791046e-14
 1.466355651053939e-14
 2.6543678840371e-12
 7.009029118219542e-10
 8.089120535211857e-14
 1.025083541090342e-11
 2.422544795990592e-10
 4.525523855019517e-12
 1.626813245024096e-12
 1.858330118046352e-11
 5.928577891573279e-10
 4.403262969174171e-12
 9.879312556215418e-09
 1.574333245045409e-07
 8.089120535211857e-14
 5.638364869444331e-11
 2.422544795990592e-10
 1.675719965976625e-09
 5.263153702396956e-11
 4.7956797381092e-10
 1.447731588556868e-07
 4.215206031698159e-11
 9.859488325975246e-06
 1.574333245045409e-07
 6.464574833372961e-09
 3.100529869117045e-10
 4.455083369087828e-08
 3.706212951885265e-07
 1.541069542456265e-08
 7.774488514646144e-08
 1.447731588556868e-07
 4.048240176132457e-11
 0.001519583252056292
 3.313542949428045e-07
 2.494016869268652e-07
 5.638364869444331e-11
 4.455083369087828e-08
 5.968701393383296e-06
 1.541069542456265e-08
 7.774488514646144e-08
 5.972337276840814e-06
 1.006688966455464e-09
 0.02774451827759633
 0.0001019665217705072
 4.088357281019672e-07
 6.385211530628342e-10
 4.455083369087828e-08
 5.968701393383296e-06
 1.541069542456265e-08
 7.774488514646144e-08
 5.972337276840814e-06
 9.252701355455374e-09
 0.02774451827759633
 0.0004271572885858361
 1.568376230929253e-05
 2.977366970872905e-09
 3.113559274234087e-07
 5.968701393383296e-06
 1.014837527848962e-06
 0.0002854248252232387
 1.540762638917938e-06
 9.635607188963142e-09
 0.02774451827759633
 0.003209458466573463
 1.568376230929253e-05
 2.977366970872905e-09
 7.580792296159299e-06
 5.968701393383296e-06
 0.0006542957918081474
 0.01185463917093955
 0.0003093341826889816
 2.958216367676086e-07
 0.02774451827759633
 0.003209458466573463
 1.568376230929253e-05
 2.977366970872905e-09
 6.943916233901536e-05
 3.914378934061939e-05
 0.00287465905213646
 0.01185463917093955
 0.0003093341826889816
 4.90838101105376e-06
 0.02774451827759633
 0.003209458466573463
 0.000181414478262975
 2.977366970872905e-09
 6.943916233901536e-05
 4.792736134253594e-05
 0.00287465905213646
 0.01185463917093955
 0.001944700737280088
 5.380504824039116e-05
 0.02774451827759633
 0.003209458466573463
 0.000181414478262975
 8.754660233205078e-07
 6.943916233901536e-05
 0.007739816558056297
 0.00287465905213646
 0.01185463917093955
 0.001944700737280088
 0.0002861255901024533
 0.02774451827759633
 0.003209458466573463
 0.0003025194278394155
 8.754660233205078e-07
 6.943916233901536e-05
 0.007739816558056297
 0.00287465905213646
 0.01185463917093955
 0.001944700737280088
 0.0008052494275943279
 0
 0.003209458466573463
 0.003209458466573463
 8.754660233205078e-07
 6.943916233901536e-05
 0.007739816558056297
 0.00287465905213646
 0.01185463917093955
 0.001944700737280088
 0.0008052494275943279
 0
 0.003209458466573463
 0.003209458466573463
 8.754660233205078e-07
 6.943916233901536e-05
 0.01293373589583317
 0.02774451827759633
 0.01185463917093955
 0.004424102120021626
 0.005769797326830409
 0
 0
 0.003209458466573463
 8.754660233205078e-07
 6.943916233901536e-05
 0.007739816558056297
 0.02774451827759633
 0
 0.004424102120021626
 0.005769797326830409
 0
 0
 0.003209458466573463
 8.754660233205078e-07
 0
 0.02774451827759633
 0.02774451827759633
 0
 0.004424102120021626
 0.01293373589583317
 0
 0
 0.003209458466573463
 8.754660233205078e-07
 0
 0.02774451827759633
 0.02774451827759633
 0
 0.004424102120021626
 0.01293373589583317
 0
 0
 0.003209458466573463
 0
 0
 0.02774451827759633
 0.02774451827759633
 0
 0.002661544763331604
 0.01293373589583317
 0
 0
 0.003209458466573463
 0
 0
 0.02774451827759633
 0.02774451827759633
 0
 0.002661544763331604
 0.01293373589583317
 0
 0
 0
 0
 0
 0.02774451827759633
 0.02774451827759633
 0
 0.002661544763331604
 0.01293373589583317
 0
 0
 0
 0
 0
 0.02774451827759633
 0
 0
 0
 0.01293373589583317
 0
 0
 0
 0
 0
 0.02774451827759633
 0
 0
 0
 0.01293373589583317
 0
 0
 0
 0
 0
 0
 0
 0
 0
 0
 0
 0
 0
 0
 0
 0
 0
 0
 0
 0
 0
 0
 0
 0
 0
 0
 0
 0
 0
 0
 0
 0
 0
 0
 0
 0
 0
 0
 0
 0
 0
 0
 0
 0
 0
 0
 0
 0
 0
 0
 0
 0
 0
 0
 0
 0
 0
 0
 0
 0
 0
 0
 0
 0
 0
 0
 0
 0
 0
 0
 0
 0
 0
 0
 0
 0
 0
 0
 0
