# Created by Octave 3.2.4, Wed Feb 06 12:57:08 2013 EST <rbom@zaphod>
# name: small_First_Fit
# type: matrix
# ndims: 3
 1 10 30
 7.77820541703858e-10
 1.933578117583754e-06
 1.466582470281864e-08
 2.982791517438281e-09
 2.637220689295411e-09
 3.853319888308446e-10
 1.356784196884216e-06
 6.969028831257963e-09
 3.536919556427698e-07
 1.243726545188519e-07
 5.369792956199804e-08
 5.561824051961262e-06
 2.452312355504909e-07
 3.43443057706723e-07
 2.012818901433975e-07
 7.071336785415341e-08
 4.211795168878195e-05
 1.963469811598119e-07
 6.199117385714985e-06
 7.411892320527264e-05
 3.152390078297077e-07
 5.561824051961262e-06
 0.0001172804904622092
 0.0002648401055559235
 2.467663845416176e-06
 1.001339948527319e-06
 4.211795168878195e-05
 5.395690941133627e-06
 0.0001320352286864452
 0.003486125030365005
 3.590293319884821e-06
 5.561824051961262e-06
 0.0001172804904622092
 0.09232774814425822
 6.711073028971461e-05
 5.858915646545738e-06
 8.008156900520952e-05
 5.395690941133627e-06
 0.003571495208817418
 0.05399508066076083
 8.892211274492371e-06
 0.000255633947551612
 0.004084328652603389
 0.1213784088083888
 8.032455499493884e-05
 5.858915646545738e-06
 0.00109581495767728
 0.0003982623222805744
 0.003571495208817418
 0.05399508066076083
 0.0007637004475983276
 0.0003025334223813055
 0.004084328652603389
 0.1213784088083888
 0.001146205958628456
 0.0002949081627164099
 0.00109581495767728
 0.0003982623222805744
 0.05127923768110009
 0.1120295351093337
 0.01250210392960591
 0.04579622838360889
 0.1093311898270027
 0.1141655327677385
 0.001146205958628456
 0.0001609015980701731
 0.001670312766389099
 0.0003982623222805744
 0.05127923768110009
 0.1120295351093337
 0.01250210392960591
 0.1099878589783046
 0.1093311898270027
 0.104848508896175
 0.001146205958628456
 0.0003585743829812368
 0.001860731934449313
 0.006265476411683844
 0.2143570196240903
 0.1120295351093337
 0.01250210392960591
 0.1099878589783046
 0.2374749199171768
 0.104848508896175
 0.001146205958628456
 0.0009000182307828129
 0.001860731934449313
 0.006265476411683844
 0.2143570196240903
 0.1912111922940035
 0.04137851851716387
 0.1099878589783046
 0.2374749199171768
 0.104848508896175
 0.003989872419481361
 0.03478445892290205
 0.001860731934449313
 0.01152728228549194
 0.2285510320570504
 0.1120295351093337
 0.04137851851716387
 0.1099878589783046
 0.2374749199171768
 0.104848508896175
 0.0393324830210084
 0.07937975380188182
 0.00299018768392431
 0.01152728228549194
 0.2285510320570504
 0.1120295351093337
 0.04137851851716387
 0.1099878589783046
 0.2374749199171768
 0
 0.07845649622384576
 0.07937975380188182
 0.00299018768392431
 0.01152728228549194
 0.2285510320570504
 0.1120295351093337
 0.04137851851716387
 0.1765227867481034
 0.2374749199171768
 0
 0.07845649622384576
 0.104848508896175
 0.06275701959208584
 0.006265476411683844
 0.2285510320570504
 0.1912111922940035
 0.04137851851716387
 0.1765227867481034
 0.2374749199171768
 0
 0.1325232947468851
 0.104848508896175
 0.06275701959208584
 0.006265476411683844
 0.2285510320570504
 0.1912111922940035
 0.04137851851716387
 0.1765227867481034
 0.2374749199171768
 0
 0.1325232947468851
 0.104848508896175
 0.06275701959208584
 0.01152728228549194
 0.2285510320570504
 0.1912111922940035
 0.04137851851716387
 0.1765227867481034
 0
 0
 0.2285510320570504
 0.104848508896175
 0.06901128592876823
 0.01152728228549194
 0.2285510320570504
 0.1912111922940035
 0
 0.1765227867481034
 0
 0
 0.2285510320570504
 0.104848508896175
 0.06901128592876823
 0.01152728228549194
 0
 0.1912111922940035
 0
 0.2374749199171768
 0
 0
 0.2285510320570504
 0.1281710843857012
 0.06901128592876823
 0.01152728228549194
 0
 0.1912111922940035
 0
 0.2285510320570504
 0
 0
 0.2285510320570504
 0.1281710843857012
 0.06901128592876823
 0.01081980458041808
 0
 0.1120295351093337
 0
 0.2374749199171768
 0
 0
 0.2285510320570504
 0.1281710843857012
 0.2143570196240903
 0.006265476411683844
 0
 0
 0
 0.2285510320570504
 0
 0
 0.2285510320570504
 0.2050816385005063
 0.07937975380188182
 0.006265476411683844
 0
 0
 0
 0.1765227867481034
 0
 0
 0.2285510320570504
 0.2050816385005063
 0.07937975380188182
 0
 0
 0
 0
 0.2285510320570504
 0
 0
 0
 0.2050816385005063
 0.07937975380188182
 0
 0
 0
 0
 0.1765227867481034
 0
 0
 0
 0.2050816385005063
 0.07937975380188182
 0
 0
 0
 0
 0.1765227867481034
 0
 0
 0
 0.2050816385005063
 0.07937975380188182
 0
 0
 0
 0
 0.1765227867481034
 0
 0
 0
 0.2050816385005063
 0.07937975380188182
 0
 0
 0
 0
 0.2285510320570504
 0
 0
 0
 0.2050816385005063
 0
 0
 0
 0
 0
 0.1765227867481034
 0
 0
 0
 0
 0
 0
 0
 0
 0
 0.1765227867481034
 0
 0
 0
 0
 0
 0
 0
 0
 0
 0.2374749199171768
 0
 0
 0
 0
 0
 0
 0
 0
