# Created by Octave 3.2.4, Wed Feb 06 21:08:42 2013 EST <rbom@zaphod>
# name: small_First_Fit
# type: matrix
# ndims: 3
 1 10 30
 4.757916380859707e-11
 7.730166879370203e-11
 2.919871054190613e-10
 1.009729028610958e-10
 8.478375137648154e-11
 1.115462279741022e-08
 4.652158906000585e-06
 5.642658176472054e-07
 5.869676780460528e-07
 2.358330317702353e-11
 6.653457036952657e-06
 3.381083669135175e-07
 0.0002192913895108787
 7.680622364710344e-07
 6.48798549173635e-06
 1.976289736065655e-07
 7.479424132081105e-06
 9.058354991383515e-06
 1.318641754994007e-05
 2.540937989234098e-06
 3.91758669926607e-05
 0.0003658242160015047
 0.002350007745267295
 1.830925981600194e-06
 0.0001909511104206282
 1.59570863662151e-06
 9.152945695266385e-06
 9.058354991383515e-06
 1.318641754994007e-05
 2.540937989234098e-06
 0.006486943798472477
 0.0003658242160015047
 0.002350007745267295
 2.185674081361369e-05
 0.0003593699635139469
 4.862903939262857e-05
 4.485310604259839e-05
 9.058354991383515e-06
 1.318641754994007e-05
 3.496125901952478e-06
 0.2052907179928085
 0.0008162622609478525
 0.02607628863694965
 3.835248940138044e-05
 0.0003593699635139469
 0.0008114588294009008
 0.0001317033564488881
 2.672110811669587e-05
 0.0004627038244438346
 3.496125901952478e-06
 0.2052907179928085
 0.01106974327539672
 0.02607628863694965
 0.0001919021406081189
 0.001700189254612513
 0.0008114588294009008
 0.004092269623523318
 0.001949516726382462
 0.0004627038244438346
 7.631028183667366e-05
 0.2052907179928085
 0.0170603524814012
 0.1439306731392295
 0.005335257464202168
 0.005400690306470555
 0.002110684898972858
 0.02749640788261268
 0.01721071802489386
 0.004237099196685272
 7.631028183667366e-05
 0.2052907179928085
 0.0170603524814012
 0.1439306731392295
 0.02612755837736073
 0.001700189254612513
 0.002110684898972858
 0.02749640788261268
 0.01721071802489386
 0.004237099196685272
 0.05957648076394213
 0.2052907179928085
 0.120949468851979
 0.1439306731392295
 0.02612755837736073
 0.001700189254612513
 0.0008114588294009008
 0.3443845180386118
 0.02775654781303242
 0.004237099196685272
 0.1240950513756287
 0.3157411785020602
 0.120949468851979
 0.2807884422372898
 0.03904501757953761
 0.04685196490590636
 0.0008114588294009008
 0.3443845180386118
 0.03904501757953761
 0.009410746458910196
 0.05957648076394213
 0.2052907179928085
 0.120949468851979
 0.2807884422372898
 0.07394505755610319
 0.04685196490590636
 0.002110684898972858
 0.3443845180386118
 0.03904501757953761
 0.009410746458910196
 0.05957648076394213
 0.2052907179928085
 0.120949468851979
 0.2807884422372898
 0.07394505755610319
 0.1997957319601607
 0.002110684898972858
 0.3443845180386118
 0.03904501757953761
 0.009410746458910196
 0.1240950513756287
 0.3157411785020602
 0.120949468851979
 0.2807884422372898
 0.07394505755610319
 0.3157411785020602
 0.002110684898972858
 0.3443845180386118
 0.03904501757953761
 0.01720831541743802
 0.1997957319601607
 0.2052907179928085
 0.120949468851979
 0.2807884422372898
 0.07394505755610319
 0.1997957319601607
 0.002110684898972858
 0.3443845180386118
 0.03904501757953761
 0.009410746458910196
 0.1997957319601607
 0.2052907179928085
 0.120949468851979
 0.2807884422372898
 0.1240950513756287
 0.3443845180386118
 0.002110684898972858
 0.3443845180386118
 0.06411368281540716
 0.06411368281540716
 0.3443845180386118
 0.2052907179928085
 0
 0.3443845180386118
 0.07394505755610319
 0.3443845180386118
 0.002110684898972858
 0
 0.03904501757953761
 0.06411368281540716
 0.3443845180386118
 0.2052907179928085
 0
 0.3443845180386118
 0.07394505755610319
 0.3443845180386118
 0.002110684898972858
 0
 0.03904501757953761
 0.06411368281540716
 0.3443845180386118
 0.2052907179928085
 0
 0.3443845180386118
 0.07394505755610319
 0.3157411785020602
 0
 0
 0.03904501757953761
 0.07394505755610319
 0.3443845180386118
 0.2052907179928085
 0
 0.3443845180386118
 0.07394505755610319
 0.1997957319601607
 0
 0
 0.03904501757953761
 0.2807884422372898
 0.3443845180386118
 0
 0
 0.3443845180386118
 0.07394505755610319
 0.1997957319601607
 0
 0
 0.03904501757953761
 0.3157411785020602
 0.3443845180386118
 0
 0
 0.3443845180386118
 0.07394505755610319
 0.1997957319601607
 0
 0
 0.1240950513756287
 0.3443845180386118
 0.3443845180386118
 0
 0
 0.3443845180386118
 0
 0
 0
 0
 0.07394505755610319
 0.3443845180386118
 0
 0
 0
 0
 0
 0
 0
 0
 0.175273160587872
 0.3443845180386118
 0
 0
 0
 0
 0
 0
 0
 0
 0.175273160587872
 0.3443845180386118
 0
 0
 0
 0
 0
 0
 0
 0
 0.175273160587872
 0.3157411785020602
 0
 0
 0
 0
 0
 0
 0
 0
 0.175273160587872
 0.3443845180386118
 0
 0
 0
 0
 0
 0
 0
 0
 0.175273160587872
 0.3157411785020602
 0
 0
 0
 0
 0
 0
 0
 0
 0.3443845180386118
 0.3157411785020602
 0
 0
 0
 0
 0
 0
 0
 0
 0.3443845180386118
 0.3157411785020602
 0
 0
 0
 0
 0
 0
 0
 0
 0.3443845180386118
 0.3157411785020602
 0
