# Created by Octave 3.2.4, Thu Feb 07 07:21:41 2013 EST <rbom@zaphod>
# name: small_First_Fit
# type: matrix
# ndims: 3
 1 10 30
 6.536740578883614e-12
 3.335079003773652e-08
 1.382501523462559e-09
 6.201240769816152e-09
 1.270239254854317e-11
 2.767833744459665e-09
 2.050184278058962e-12
 6.664912989058848e-13
 4.971895131666773e-10
 3.139329066671954e-11
 1.17463672625564e-08
 3.772122868970773e-05
 3.057231027380935e-09
 4.956630395768457e-06
 1.580021967574031e-09
 0.000250255147660239
 3.208563032212128e-10
 5.21562091699484e-08
 4.419807022314741e-05
 1.058268471829201e-09
 9.674376867483246e-08
 3.772122868970773e-05
 3.057231027380935e-09
 8.155191450698384e-05
 1.798273697732607e-06
 0.0004787193896099282
 1.349929104606081e-09
 7.618914477542234e-06
 4.419807022314741e-05
 2.370381307530347e-05
 2.342639762645104e-07
 0.003049351000389068
 3.057231027380935e-09
 0.0003154800855485347
 0.0001496550015809273
 0.003049351000389068
 1.5007440002191e-08
 7.618914477542234e-06
 0.001169277313776662
 0.0007389669424843135
 5.50909415284474e-06
 0.003049351000389068
 3.057231027380935e-09
 0.005139703045854091
 0.002076449677627399
 0.003049351000389068
 4.346571594193665e-07
 4.277460226362764e-05
 0.003334098225501592
 0.0007389669424843135
 5.50909415284474e-06
 0.003049351000389068
 3.057231027380935e-09
 0.005139703045854091
 0.009931049333563285
 0.005945655879210519
 3.669878299181927e-06
 0.0008343675479195982
 0.003334098225501592
 0.001437363763086864
 0.000111482981456759
 0.003049351000389068
 1.440246391788693e-08
 0.007641644784760519
 0.009931049333563285
 0.005945655879210519
 3.669878299181927e-06
 0.004500082188764323
 0.003334098225501592
 0.002574279967868874
 0.001546861667805201
 0.003248039209567251
 9.844559981529716e-05
 0.007641644784760519
 0.009931049333563285
 0.005945655879210519
 3.669878299181927e-06
 0.004500082188764323
 0.003334098225501592
 0.002574279967868874
 0.001546861667805201
 0.003248039209567251
 0.009645947927250828
 0.005139703045854091
 0.009931049333563285
 0.005945655879210519
 3.669878299181927e-06
 0.01138651158140755
 0.003334098225501592
 0.002574279967868874
 0.001546861667805201
 0.003248039209567251
 0.009645947927250828
 0.005139703045854091
 0.009931049333563285
 0.005945655879210519
 3.669878299181927e-06
 0.009461114560835414
 0.01522175086421072
 0.002574279967868874
 0.001546861667805201
 0.003248039209567251
 0.009645947927250828
 0.007641644784760519
 0.009931049333563285
 0.005945655879210519
 1.321448850397504e-05
 0.009461114560835414
 0.003334098225501592
 0.002574279967868874
 0.001594345103927325
 0.003248039209567251
 0.009645947927250828
 0.007641644784760519
 0.009931049333563285
 0.009931049333563285
 0.0004094367162118519
 0.009461114560835414
 0.003334098225501592
 0.009372500727093195
 0.001594345103927325
 0.003248039209567251
 0.009645947927250828
 0.007641644784760519
 0
 0.005945655879210519
 0.0004094367162118519
 0.009461114560835414
 0.003694254024561529
 0.009372500727093195
 0.003937798868284893
 0.003248039209567251
 0.009645947927250828
 0.007866182571763603
 0
 0.005945655879210519
 0.0004094367162118519
 0.009461114560835414
 0.01522175086421072
 0.009372500727093195
 0.003937798868284893
 0
 0.009645947927250828
 0.007641644784760519
 0
 0.01864788319115478
 0.0005186792426169434
 0.009461114560835414
 0.003694254024561529
 0.009372500727093195
 0.003937798868284893
 0
 0
 0.007866182571763603
 0
 0.01864788319115478
 0.0004094367162118519
 0
 0.006612025580928391
 0.009372500727093195
 0.003937798868284893
 0
 0
 0.007866182571763603
 0
 0.01864788319115478
 0.0005582131286137247
 0
 0.01522175086421072
 0.009372500727093195
 0.01829190746285658
 0
 0
 0.007866182571763603
 0
 0.01864788319115478
 0.0005582131286137247
 0
 0.006612025580928391
 0.009372500727093195
 0.005002812936677449
 0
 0
 0.007866182571763603
 0
 0.01864788319115478
 0.001546861667805201
 0
 0.009645947927250828
 0
 0.003937798868284893
 0
 0
 0.007866182571763603
 0
 0.01864788319115478
 0.001546861667805201
 0
 0.006612025580928391
 0
 0.003937798868284893
 0
 0
 0.007866182571763603
 0
 0.01864788319115478
 0.001546861667805201
 0
 0.006612025580928391
 0
 0.003937798868284893
 0
 0
 0.007866182571763603
 0
 0
 0.001546861667805201
 0
 0.01829190746285658
 0
 0.003937798868284893
 0
 0
 0
 0
 0
 0.001546861667805201
 0
 0.01829190746285658
 0
 0.003937798868284893
 0
 0
 0
 0
 0
 0.002110934285932765
 0
 0.01829190746285658
 0
 0
 0
 0
 0
 0
 0
 0.01522175086421072
 0
 0.01829190746285658
 0
 0
 0
 0
 0
 0
 0
 0.01522175086421072
 0
 0.01829190746285658
 0
 0
 0
 0
 0
 0
 0
 0.01522175086421072
 0
 0.01829190746285658
 0
 0
 0
 0
 0
 0
 0
 0.01522175086421072
 0
 0.01829190746285658
 0
 0
 0
 0
 0
 0
 0
 0.01697648618074994
 0
 0
 0
 0
 0
 0
 0
 0
 0
 0.01522175086421072
 0
 0
 0
