# Created by Octave 3.2.4, Wed Feb 06 19:13:20 2013 EST <rbom@zaphod>
# name: small_First_Fit
# type: matrix
# ndims: 3
 1 10 30
 4.860188550809408e-10
 4.581332677554586e-10
 2.386986913581772e-08
 1.138489435649475e-09
 2.479044120590561e-07
 4.822075214057458e-09
 2.651413943200034e-07
 6.969862578568517e-10
 3.051605686417299e-08
 7.566200027381756e-07
 6.749971737865935e-06
 1.023856001384877e-07
 6.742011483031796e-08
 9.054636912887141e-07
 8.698218233542965e-06
 1.698722539507969e-07
 5.40032893753281e-06
 9.833153083067994e-07
 3.051605686417299e-08
 1.437971130604586e-05
 1.538748394163478e-05
 2.701228098665838e-06
 8.930615389822841e-07
 9.054636912887141e-07
 2.372251320756883e-05
 6.059066801840901e-06
 5.40032893753281e-06
 2.013928228247582e-06
 5.294466232223376e-07
 1.437971130604586e-05
 0.0005115973918715657
 0.0003902593611817444
 1.805766239795908e-05
 9.054636912887141e-07
 0.0001504972504603696
 6.059066801840901e-06
 2.623287562191815e-05
 2.013928228247582e-06
 4.312219212415107e-07
 0.0001424630159595269
 0.0008479112616812174
 0.01317313104732423
 3.28004785861785e-05
 1.308723747867984e-05
 0.0006608229423604596
 8.5976592960627e-05
 2.623287562191815e-05
 2.013928228247582e-06
 1.075055837997429e-06
 0.0001424630159595269
 0.0008479112616812174
 0.01317313104732423
 3.28004785861785e-05
 1.308723747867984e-05
 0.0006608229423604596
 8.5976592960627e-05
 3.032917681477078e-05
 2.861722903939225e-05
 5.366674085658127e-06
 0.0002615909984608017
 0.0005115973918715657
 0.01317313104732423
 0.0001959757880511037
 0.0001474631380165081
 0.0009525165498572692
 0.0006914029190536705
 3.032917681477078e-05
 2.861722903939225e-05
 1.227114558788548e-05
 0.006761035371505251
 0.004917808420451628
 0.01317313104732423
 0.00389219481735893
 0.002815870179438029
 0.003159590655900574
 0.001080185305961852
 7.177151435106714e-05
 0.0001425654746957856
 1.124557991153471e-05
 0.006761035371505251
 0.004917808420451628
 0.01317313104732423
 0.00389219481735893
 0.002815870179438029
 0.004665603109239614
 0.006029689916257683
 2.623287562191815e-05
 0.0001425654746957856
 1.538243237157317e-05
 0.02042664839018151
 0.004917808420451628
 0.01317313104732423
 0.00389219481735893
 0.03397602300782
 0.0009525165498572692
 0.006029689916257683
 0.0002938112959487274
 0.0001425654746957856
 2.006036027735547e-05
 0.02042664839018151
 0.004917808420451628
 0.01317313104732423
 0.03149246633743258
 0.03397602300782
 0.003159590655900574
 0.006029689916257683
 0.002957102977791525
 0.0001425654746957856
 2.006036027735547e-05
 0.03149246633743258
 0.02042664839018151
 0
 0.03149246633743258
 0.03397602300782
 0.003159590655900574
 0.006029689916257683
 0.002957102977791525
 0.0001425654746957856
 0.0001173375649270587
 0.03149246633743258
 0.02042664839018151
 0
 0.03149246633743258
 0.03397602300782
 0.003159590655900574
 0.007136212027420223
 0.002957102977791525
 0.0001425654746957856
 0.0001173375649270587
 0.03149246633743258
 0.02042664839018151
 0
 0.03149246633743258
 0.03397602300782
 0.003159590655900574
 0.01076738755625606
 0.002957102977791525
 0.0001425654746957856
 0.0002458548317739507
 0.03149246633743258
 0.02042664839018151
 0
 0.03149246633743258
 0.03397602300782
 0.003159590655900574
 0.01076738755625606
 0.03397602300782
 0
 0.002515700074006998
 0.03149246633743258
 0.02042664839018151
 0
 0.03149246633743258
 0.03397602300782
 0.003159590655900574
 0.02310052099272337
 0.03397602300782
 0
 0.002515700074006998
 0.03149246633743258
 0.02042664839018151
 0
 0.03149246633743258
 0
 0.003159590655900574
 0.01076738755625606
 0.03397602300782
 0
 0.002515700074006998
 0.03397602300782
 0.02042664839018151
 0
 0
 0
 0
 0.01076738755625606
 0.03397602300782
 0
 0.002515700074006998
 0.03149246633743258
 0
 0
 0
 0
 0
 0.01625691255593578
 0.03397602300782
 0
 0.00257849235797845
 0.03149246633743258
 0
 0
 0
 0
 0
 0.02310052099272337
 0.03397602300782
 0
 0.003352847956906328
 0.03149246633743258
 0
 0
 0
 0
 0
 0.02310052099272337
 0.03397602300782
 0
 0.003352847956906328
 0.03149246633743258
 0
 0
 0
 0
 0
 0.01625691255593578
 0
 0
 0.003352847956906328
 0.03149246633743258
 0
 0
 0
 0
 0
 0.01625691255593578
 0
 0
 0.003352847956906328
 0.03149246633743258
 0
 0
 0
 0
 0
 0.01625691255593578
 0
 0
 0.02430140052273187
 0
 0
 0
 0
 0
 0
 0.01625691255593578
 0
 0
 0.02430140052273187
 0
 0
 0
 0
 0
 0
 0.01625691255593578
 0
 0
 0.03006833502320268
 0
 0
 0
 0
 0
 0
 0
 0
 0
 0.03006833502320268
 0
 0
 0
 0
 0
 0
 0
 0
 0
 0.03006833502320268
 0
 0
 0
 0
 0
 0
 0
 0
 0
 0.02430140052273187
 0
 0
 0
 0
 0
 0
 0
 0
 0
 0.03397602300782
 0
