# Created by Octave 3.2.4, Wed Feb 06 10:09:33 2013 EST <rbom@zaphod>
# name: small_First_Fit
# type: matrix
# ndims: 3
 1 10 30
 6.73322632523741e-15
 1.480605940450548e-13
 1.144733309021014e-09
 1.416544607306258e-09
 9.766472792374325e-12
 1.412956423318499e-12
 1.496808087183536e-11
 1.166958566740607e-10
 6.506912206100471e-12
 2.564775511053825e-12
 9.422486643327469e-11
 4.545148737823427e-09
 1.271444776538088e-06
 5.541900290040979e-08
 9.766472792374325e-12
 1.412956423318499e-12
 4.827908801583692e-10
 1.323022493571426e-09
 0.0001016141302093413
 3.848434396622794e-10
 2.098006417141007e-09
 2.717729425710237e-06
 1.271444776538088e-06
 5.541900290040979e-08
 2.815824626556055e-09
 4.533006912822809e-11
 4.827908801583692e-10
 1.323022493571426e-09
 0.0003497550536520204
 3.058963964080133e-09
 1.018134741941323e-07
 1.005941827978679e-05
 1.380772488919593e-05
 8.11294940296199e-06
 2.815824626556055e-09
 3.765094302796107e-09
 1.39030540641568e-07
 1.323022493571426e-09
 0.0003497550536520204
 1.327504916644693e-08
 1.785672570927927e-07
 0.0005143302916690215
 5.976016095573052e-05
 8.11294940296199e-06
 3.204041747863703e-08
 3.765094302796107e-09
 8.449220178980399e-07
 6.107203331661755e-09
 0.0003497550536520204
 2.504663086451366e-08
 1.785672570927927e-07
 0.0005948200184118473
 0.007430158661987849
 8.11294940296199e-06
 3.204041747863703e-08
 3.268316934812973e-06
 0.0002289917545164352
 6.107203331661755e-09
 0.0003497550536520204
 3.473878777450419e-06
 3.693622203661078e-07
 0.0005948200184118473
 0.0165919786157099
 8.11294940296199e-06
 3.347478536740942e-05
 6.733609804630315e-05
 0.0002289917545164352
 1.579944879133983e-06
 0.0003497550536520204
 9.149219888589714e-06
 3.693622203661078e-07
 0.0006111826460582115
 0.0165919786157099
 8.11294940296199e-06
 4.076301597699975e-05
 6.733609804630315e-05
 0.0165919786157099
 9.32912539646895e-06
 0.0006991011046958066
 1.48508817497938e-05
 3.693622203661078e-07
 0.001286542278991321
 0.007430158661987849
 8.11294940296199e-06
 0.0001285383098900877
 6.733609804630315e-05
 0.0165919786157099
 9.32912539646895e-06
 0.0006991011046958066
 1.48508817497938e-05
 2.15785968112975e-05
 0.001286542278991321
 0.04781011843135378
 0.005214829582362782
 0.0001285383098900877
 0.00268412329500581
 0.0165919786157099
 9.32912539646895e-06
 0.0006991011046958066
 0.01082590502221887
 2.15785968112975e-05
 0.001286542278991321
 0.04781011843135378
 0.005214829582362782
 0.001398658495580646
 0.00268412329500581
 0.0165919786157099
 9.32912539646895e-06
 0.0006991011046958066
 0.01082590502221887
 2.15785968112975e-05
 0.001286542278991321
 0.04781011843135378
 0.005214829582362782
 0.001398658495580646
 0.00268412329500581
 0.0165919786157099
 0.001273599389109616
 0.02627632834855504
 0.01372807154120661
 0.0004690390805278185
 0.001286542278991321
 0.04781011843135378
 0.005214829582362782
 0.001398658495580646
 0.00268412329500581
 0.0165919786157099
 0.005214829582362782
 0.02627632834855504
 0.01082590502221887
 0.0004690390805278185
 0.001286542278991321
 0.04781011843135378
 0.008757981306091393
 0.001398658495580646
 0.00268412329500581
 0.0165919786157099
 0.005214829582362782
 0.02627632834855504
 0.01082590502221887
 0.0004690390805278185
 0.001286542278991321
 0.04781011843135378
 0.008757981306091393
 0.001398658495580646
 0.00268412329500581
 0
 0.005214829582362782
 0.02627632834855504
 0.01372807154120661
 0.008757981306091393
 0
 0.04781011843135378
 0.008757981306091393
 0.001398658495580646
 0.00268412329500581
 0
 0.005214829582362782
 0.02627632834855504
 0.01372807154120661
 0.008757981306091393
 0
 0
 0.008757981306091393
 0.001398658495580646
 0
 0
 0.005214829582362782
 0.02627632834855504
 0.01372807154120661
 0.008757981306091393
 0
 0
 0.008757981306091393
 0
 0
 0
 0.005214829582362782
 0.02627632834855504
 0.01372807154120661
 0.008757981306091393
 0
 0
 0.008757981306091393
 0
 0
 0
 0.005214829582362782
 0
 0.01372807154120661
 0.01028699337953898
 0
 0
 0.008757981306091393
 0
 0
 0
 0
 0
 0.01082590502221887
 0.01028699337953898
 0
 0
 0
 0
 0
 0
 0
 0
 0.01372807154120661
 0.01028699337953898
 0
 0
 0
 0
 0
 0
 0
 0
 0.01082590502221887
 0.04781011843135378
 0
 0
 0
 0
 0
 0
 0
 0
 0.01082590502221887
 0.04781011843135378
 0
 0
 0
 0
 0
 0
 0
 0
 0.01082590502221887
 0.04781011843135378
 0
 0
 0
 0
 0
 0
 0
 0
 0.01082590502221887
 0.04781011843135378
 0
 0
 0
 0
 0
 0
 0
 0
 0.01082590502221887
 0.04781011843135378
 0
 0
 0
 0
 0
 0
 0
 0
 0.01082590502221887
 0.04781011843135378
 0
 0
 0
 0
 0
 0
 0
 0
 0
 0.04781011843135378
 0
 0
 0
 0
 0
 0
 0
 0
 0
 0
 0
 0
 0
 0
 0
 0
 0
 0
 0
