# Created by Octave 3.2.4, Tue Feb 05 06:52:55 2013 EST <rbom@zaphod>
# name: small_First_Fit
# type: matrix
# ndims: 3
 1 10 30
 3.258042479820958e-09
 4.046058822149143e-11
 4.29469076132419e-11
 6.249036846933031e-12
 7.390390949364743e-13
 2.414643542546556e-10
 5.892011627767345e-12
 7.371813353662663e-10
 5.501648241312405e-11
 8.297018812690974e-11
 1.301657134759533e-07
 4.046058822149143e-11
 1.163005820273238e-09
 4.867936363553269e-07
 4.891067477187326e-10
 5.586112119676829e-07
 3.623823494188672e-09
 2.799920206362094e-08
 7.000893742976953e-10
 6.064736269495736e-09
 1.301657134759533e-07
 2.270464873798992e-09
 3.337719842018031e-08
 4.867936363553269e-07
 1.899567435696275e-07
 3.082954800192565e-05
 3.578458311824259e-07
 1.768852680258935e-07
 7.142797355177816e-08
 6.563093748465237e-07
 1.301657134759533e-07
 1.318154681098717e-08
 2.998869198481909e-07
 4.867936363553269e-07
 4.273582299092797e-05
 9.545785409590581e-05
 1.85951429870843e-05
 1.803504590344953e-05
 7.142797355177816e-08
 3.069814932598785e-05
 2.960707883579455e-05
 4.983213804613064e-08
 7.599008251103208e-06
 1.871507542064023e-06
 0.000749244004730465
 9.545785409590581e-05
 0.0003884090968660389
 1.803504590344953e-05
 7.142797355177816e-08
 0.0001318559994715633
 2.960707883579455e-05
 1.211747359353265e-06
 0.001812117720622785
 1.871507542064023e-06
 0.000749244004730465
 0.0001262623559973323
 0.0003884090968660389
 0.0001617378088663769
 1.697892800899346e-06
 0.0001318559994715633
 0.0001589618998241731
 3.811600373156979e-06
 0.001812117720622785
 1.871507542064023e-06
 0.004273907318942121
 0.0001515537741415931
 0.0005144697080779602
 0.0003822440669226351
 1.697892800899346e-06
 0.0001318559994715633
 0.0001589618998241731
 4.520057154751298e-05
 0.002430853018256631
 1.871507542064023e-06
 0.004273907318942121
 0.0001262623559973323
 0.0003884090968660389
 0.0003822440669226351
 3.215255381878569e-05
 0.0001318559994715633
 0.0001109063086000119
 0.000124619034772278
 0.002430853018256631
 2.906256388503289e-05
 0.004273907318942121
 0.0001262623559973323
 0.0003884090968660389
 0.002289502794239397
 3.215255381878569e-05
 0.0002393484898016622
 0.0001131738497781866
 0.0001239627782938938
 0.002430853018256631
 2.906256388503289e-05
 0.004273907318942121
 9.545785409590581e-05
 0.0003884090968660389
 0.002289502794239397
 3.215255381878569e-05
 0.0002393484898016622
 0.0001109063086000119
 0.0009877999778356596
 0.002430853018256631
 2.906256388503289e-05
 0.004273907318942121
 0.0001262623559973323
 0.0003884090968660389
 0.002289502794239397
 3.215255381878569e-05
 0.0002393484898016622
 0.0001109063086000119
 0.0009877999778356596
 0.002430853018256631
 2.906256388503289e-05
 0.004273907318942121
 0.0001262623559973323
 0.0005144697080779602
 0.002289502794239397
 3.215255381878569e-05
 0.0002393484898016622
 0.0001109063086000119
 0.0009877999778356596
 0.002430853018256631
 2.906256388503289e-05
 0.004273907318942121
 0.0001262623559973323
 0.0003884090968660389
 0.002289502794239397
 0.0001089611797817876
 0.0002393484898016622
 0.0001109063086000119
 0.002289502794239397
 0.002430853018256631
 2.906256388503289e-05
 0
 0.0001515537741415931
 0.0005144697080779602
 0.002289502794239397
 0.001273316872846247
 0.0002393484898016622
 0.000192796236547013
 0.002289502794239397
 0
 2.906256388503289e-05
 0
 9.545785409590581e-05
 0.0003884090968660389
 0.002289502794239397
 0.001273316872846247
 0.0002393484898016622
 0.0001131738497781866
 0.002289502794239397
 0
 0
 0
 9.545785409590581e-05
 0.0003884090968660389
 0
 0.001273316872846247
 0
 0.0001131738497781866
 0.002289502794239397
 0
 0
 0
 9.545785409590581e-05
 0.0005144697080779602
 0
 0.001273316872846247
 0
 0.0001131738497781866
 0.002289502794239397
 0
 0
 0
 0.0001262623559973323
 0.0003884090968660389
 0
 0.004273907318942121
 0
 0.0001131738497781866
 0.002289502794239397
 0
 0
 0
 0.0001262623559973323
 0.0003884090968660389
 0
 0.004273907318942121
 0
 0.0001131738497781866
 0.002289502794239397
 0
 0
 0
 0.0001262623559973323
 0.0003884090968660389
 0
 0.001273316872846247
 0
 0.000192796236547013
 0
 0
 0
 0
 0.0001262623559973323
 0.0003884090968660389
 0
 0.004273907318942121
 0
 0.000192796236547013
 0
 0
 0
 0
 0.0001262623559973323
 0.0003884090968660389
 0
 0.004273907318942121
 0
 0.000192796236547013
 0
 0
 0
 0
 0.0001262623559973323
 0.0003884090968660389
 0
 0.004273907318942121
 0
 0.000192796236547013
 0
 0
 0
 0
 0.0001515537741415931
 0
 0
 0.004273907318942121
 0
 0.0001131738497781866
 0
 0
 0
 0
 0.0001515537741415931
 0
 0
 0.004273907318942121
 0
 0.0001131738497781866
 0
 0
 0
 0
 0.0001515537741415931
 0
 0
 0.004273907318942121
 0
 0.0001131738497781866
 0
 0
 0
 0
 0.0001515537741415931
 0
 0
 0.004273907318942121
 0
 0
 0
 0
 0
 0
 0.0001262623559973323
 0
 0
 0
 0
 0
 0
 0
 0
 0
 0.0001515537741415931
 0
 0
 0
 0
 0
 0
 0
 0
 0
 0.0001515537741415931
 0
 0
 0
 0
