# Created by Octave 3.2.4, Mon Feb 04 13:37:16 2013 EST <rbom@zaphod>
# name: small_First_Fit
# type: matrix
# ndims: 3
 1 10 30
 1.19949806766606e-14
 8.09223982792635e-15
 9.278389806581024e-20
 3.436111510389918e-16
 3.787057327794982e-18
 1.749477820247434e-13
 5.696464336182444e-14
 2.914187653756188e-12
 1.038419472279027e-15
 1.501511542104683e-17
 1.099436587860621e-11
 9.702528604075707e-10
 1.040172134503463e-14
 9.211808344072918e-10
 1.001276726742342e-14
 1.401597291951092e-10
 6.027508753938487e-12
 1.578880696869144e-10
 1.728667615791644e-12
 1.066270592386815e-10
 7.11297493707655e-09
 6.381594847120731e-07
 1.040172134503463e-14
 3.931393621988056e-07
 3.948952773359237e-12
 1.401597291951092e-10
 8.048409076760147e-09
 1.202161393722654e-07
 1.842364528572451e-10
 7.123723268283555e-09
 2.876161547430974e-06
 6.674531295541656e-06
 1.68721939430601e-11
 2.320669884773331e-06
 2.885908474846985e-10
 1.040431413084586e-08
 1.204496171684796e-07
 2.630769410982775e-05
 1.842364528572451e-10
 1.185356595146899e-06
 4.832468174053547e-06
 0.0001469280344462925
 7.375129483102263e-10
 0.0003160293416504243
 9.972511222777301e-09
 1.229490407167018e-07
 5.921386186942266e-07
 0.00135252597244115
 6.265400907339678e-09
 1.185356595146899e-06
 0.00135252597244115
 0.0001469280344462925
 7.375129483102263e-10
 0.001851210868686685
 9.972511222777301e-09
 2.191968725420514e-06
 4.300247574413955e-06
 0.00135252597244115
 2.848553468471898e-08
 1.185356595146899e-06
 0.00135252597244115
 0.0001469280344462925
 3.031960354500047e-09
 0.001851210868686685
 9.972511222777301e-09
 1.98859368632649e-05
 4.300247574413955e-06
 0.01752404177581699
 2.848553468471898e-08
 1.185356595146899e-06
 0.00135252597244115
 0.0001469280344462925
 3.031960354500047e-09
 0.001851210868686685
 7.018455149093316e-07
 1.98859368632649e-05
 0.000429371691107637
 0.01752404177581699
 6.214315683657611e-08
 2.191968725420514e-06
 0.00135252597244115
 0.0001469280344462925
 3.171214892317149e-08
 0.001851210868686685
 7.018455149093316e-07
 1.98859368632649e-05
 0.000429371691107637
 0.01752404177581699
 2.161174316646788e-06
 2.191968725420514e-06
 0.00135252597244115
 0.0001469280344462925
 6.381594847120731e-07
 0.001851210868686685
 7.018455149093316e-07
 1.98859368632649e-05
 0.00135252597244115
 0.01752404177581699
 6.55653750125396e-05
 1.185356595146899e-06
 0.00135252597244115
 0.0001469280344462925
 6.381594847120731e-07
 0.001851210868686685
 7.018455149093316e-07
 1.98859368632649e-05
 0.00135252597244115
 0.01752404177581699
 6.55653750125396e-05
 1.185356595146899e-06
 0.01752404177581699
 0
 2.643123801763396e-05
 0.001851210868686685
 7.63688240472457e-07
 1.98859368632649e-05
 0.01752404177581699
 0.01752404177581699
 0.01752404177581699
 0.0001241488430266068
 0.01752404177581699
 0
 2.643123801763396e-05
 0
 7.63688240472457e-07
 1.98859368632649e-05
 0.01752404177581699
 0.01752404177581699
 0.01752404177581699
 0.0001241488430266068
 0.00135252597244115
 0
 2.643123801763396e-05
 0
 7.63688240472457e-07
 0
 0.01752404177581699
 0
 0.01752404177581699
 0.0001241488430266068
 0.01752404177581699
 0
 0.0001241488430266068
 0
 7.63688240472457e-07
 0
 0.01752404177581699
 0
 0.01752404177581699
 0.0001241488430266068
 0.01752404177581699
 0
 0.0001241488430266068
 0
 7.63688240472457e-07
 0
 0.01752404177581699
 0
 0.01752404177581699
 0.0001241488430266068
 0.01752404177581699
 0
 0.0001378496781883393
 0
 7.018455149093316e-07
 0
 0.01752404177581699
 0
 0.01752404177581699
 0.000429371691107637
 0.01752404177581699
 0
 0.000429371691107637
 0
 7.018455149093316e-07
 0
 0.01752404177581699
 0
 0.01752404177581699
 0.000429371691107637
 0.01752404177581699
 0
 0.000429371691107637
 0
 0
 0
 0
 0
 0
 0.000429371691107637
 0.01752404177581699
 0
 0.000429371691107637
 0
 0
 0
 0
 0
 0
 0.000429371691107637
 0.01752404177581699
 0
 0.0001411588034068533
 0
 0
 0
 0
 0
 0
 0.00135252597244115
 0
 0
 0.0001411588034068533
 0
 0
 0
 0
 0
 0
 0.00135252597244115
 0
 0
 0.000429371691107637
 0
 0
 0
 0
 0
 0
 0.00135252597244115
 0
 0
 0.000429371691107637
 0
 0
 0
 0
 0
 0
 0.00135252597244115
 0
 0
 0.000429371691107637
 0
 0
 0
 0
 0
 0
 0.01752404177581699
 0
 0
 0.000429371691107637
 0
 0
 0
 0
 0
 0
 0.01752404177581699
 0
 0
 0.000429371691107637
 0
 0
 0
 0
 0
 0
 0.01752404177581699
 0
 0
 0.000429371691107637
 0
 0
 0
 0
 0
 0
 0.01752404177581699
 0
 0
 0.00135252597244115
 0
 0
 0
 0
 0
 0
 0.01752404177581699
 0
 0
 0.00135252597244115
 0
 0
 0
 0
 0
 0
 0.01752404177581699
