# Created by Octave 3.2.4, Mon Feb 04 03:33:30 2013 EST <rbom@zaphod>
# name: small_First_Fit
# type: matrix
# ndims: 3
 1 10 30
 2.953306002205645e-17
 5.678214929769893e-14
 5.905142633384721e-15
 1.778370490606807e-13
 7.172682793916955e-12
 2.009900423663342e-16
 7.500821696245081e-13
 4.884358448555763e-12
 4.877820896953622e-16
 9.570346037352202e-15
 3.554898432050476e-14
 2.639660151992804e-12
 7.421721884155187e-08
 4.63122774736346e-11
 4.857088740761084e-09
 1.589133953227635e-11
 8.819544844633082e-10
 4.884358448555763e-12
 1.005260612898636e-10
 2.837555957550163e-09
 3.554898432050476e-14
 3.167428001894038e-11
 2.04580187084068e-06
 1.199928576129736e-08
 1.455001224870171e-08
 7.44340492966328e-10
 1.075200783037282e-08
 1.282582511332892e-09
 5.357075329609546e-10
 6.642240337977589e-08
 9.658391754466125e-13
 2.358776991822183e-09
 2.04580187084068e-06
 1.199928576129736e-08
 1.495702683916369e-06
 1.892371694590517e-08
 1.978165884078775e-05
 1.282582511332892e-09
 1.459927854791454e-09
 6.642240337977589e-08
 9.658391754466125e-13
 9.709991328109604e-08
 2.04580187084068e-06
 1.199928576129736e-08
 0.0004126790165855366
 1.181464769756614e-05
 0.0003669274599239086
 7.985491861434786e-08
 2.17999647227573e-07
 6.642240337977589e-08
 1.191729325989034e-09
 3.270035183280473e-06
 2.04580187084068e-06
 4.298425429202476e-07
 0.0004126790165855366
 1.181464769756614e-05
 0.0003669274599239086
 2.725343168612128e-07
 5.775489735697077e-06
 6.642240337977589e-08
 4.735570971774797e-08
 6.244554828356094e-05
 2.04580187084068e-06
 4.298425429202476e-07
 0.0004126790165855366
 1.181464769756614e-05
 0.0004298632894569674
 1.993194770457506e-05
 5.775489735697077e-06
 6.642240337977589e-08
 4.735570971774797e-08
 6.244554828356094e-05
 2.04580187084068e-06
 1.47125327197817e-05
 0.0004126790165855366
 1.181464769756614e-05
 0.0003669274599239086
 1.993194770457506e-05
 5.775489735697077e-06
 1.223697842950291e-06
 1.450702808809958e-05
 6.244554828356094e-05
 2.04580187084068e-06
 1.47125327197817e-05
 0.0004126790165855366
 1.181464769756614e-05
 0.0004298632894569674
 1.993194770457506e-05
 5.775489735697077e-06
 1.223697842950291e-06
 0.0009826292958106551
 6.244554828356094e-05
 0.0001357657530381782
 1.47125327197817e-05
 0.0004126790165855366
 1.181464769756614e-05
 0.0004298632894569674
 1.993194770457506e-05
 5.775489735697077e-06
 6.244554828356094e-05
 0.0009826292958106551
 6.244554828356094e-05
 0.0001357657530381782
 1.47125327197817e-05
 0.0004126790165855366
 1.181464769756614e-05
 0.0004298632894569674
 0.0003119994721617833
 5.775489735697077e-06
 6.244554828356094e-05
 0.0009826292958106551
 6.244554828356094e-05
 0.0001357657530381782
 1.47125327197817e-05
 0.0004126790165855366
 1.181464769756614e-05
 0.0004298632894569674
 0.0003119994721617833
 5.775489735697077e-06
 6.244554828356094e-05
 0.0009826292958106551
 6.244554828356094e-05
 0.0001357657530381782
 1.47125327197817e-05
 0.0004126790165855366
 1.181464769756614e-05
 0.0004298632894569674
 0.0003119994721617833
 5.775489735697077e-06
 6.244554828356094e-05
 0.0009826292958106551
 6.244554828356094e-05
 0.0001357657530381782
 1.47125327197817e-05
 0.0004126790165855366
 1.181464769756614e-05
 0.0004298632894569674
 0.0003119994721617833
 5.775489735697077e-06
 6.244554828356094e-05
 0.0009826292958106551
 6.244554828356094e-05
 0.0001357657530381782
 1.47125327197817e-05
 0.0004126790165855366
 1.181464769756614e-05
 0.0004298632894569674
 0.0003119994721617833
 5.775489735697077e-06
 6.244554828356094e-05
 0.0009826292958106551
 6.244554828356094e-05
 0.0001357657530381782
 1.47125327197817e-05
 0.0004126790165855366
 1.181464769756614e-05
 0.0004298632894569674
 0.0003119994721617833
 5.775489735697077e-06
 6.244554828356094e-05
 0.0009826292958106551
 6.244554828356094e-05
 0.0001357657530381782
 3.621323005520874e-05
 0.0004126790165855366
 1.181464769756614e-05
 0.0004298632894569674
 0.0003119994721617833
 5.775489735697077e-06
 6.244554828356094e-05
 0.0009826292958106551
 6.244554828356094e-05
 0.0001357657530381782
 3.621323005520874e-05
 0.0004126790165855366
 1.181464769756614e-05
 0.0004298632894569674
 0.0003119994721617833
 5.775489735697077e-06
 6.244554828356094e-05
 0.0009826292958106551
 6.244554828356094e-05
 0.0001357657530381782
 3.621323005520874e-05
 0.0004126790165855366
 1.181464769756614e-05
 0.0003669274599239086
 0.0003119994721617833
 5.775489735697077e-06
 6.244554828356094e-05
 0.0009826292958106551
 6.244554828356094e-05
 0.0001357657530381782
 8.001784567900727e-05
 0.0004126790165855366
 1.181464769756614e-05
 0.0004298632894569674
 0.0003119994721617833
 5.775489735697077e-06
 6.244554828356094e-05
 0.0009826292958106551
 6.244554828356094e-05
 0.0001357657530381782
 3.621323005520874e-05
 0.0004126790165855366
 1.181464769756614e-05
 0.0003669274599239086
 0.0003119994721617833
 5.775489735697077e-06
 6.244554828356094e-05
 0.0009826292958106551
 6.244554828356094e-05
 0.0001357657530381782
 3.621323005520874e-05
 0.0004126790165855366
 1.181464769756614e-05
 0.0004298632894569674
 0.0003119994721617833
 5.775489735697077e-06
 6.244554828356094e-05
 0.0009826292958106551
 6.244554828356094e-05
 0.0002072374195860743
 3.621323005520874e-05
 0.0004126790165855366
 1.181464769756614e-05
 0.0003669274599239086
 0.0003119994721617833
 5.775489735697077e-06
 6.244554828356094e-05
 0.0009826292958106551
 6.244554828356094e-05
 0.0001357657530381782
 3.621323005520874e-05
 0.0004126790165855366
 1.181464769756614e-05
 0.0003669274599239086
 0.0003119994721617833
 5.775489735697077e-06
 6.244554828356094e-05
 0.0009826292958106551
 6.244554828356094e-05
 0.0001357657530381782
 8.001784567900727e-05
 0.0004126790165855366
 1.181464769756614e-05
 0.0003669274599239086
 0.0003119994721617833
 5.775489735697077e-06
 6.244554828356094e-05
 0.0009826292958106551
 6.244554828356094e-05
 0.0001357657530381782
 0.0004126790165855366
 0.0004126790165855366
 1.181464769756614e-05
 0.0003669274599239086
 0.0003119994721617833
 5.775489735697077e-06
 6.244554828356094e-05
 0.0009826292958106551
 6.244554828356094e-05
 0.0001357657530381782
 0.0004126790165855366
 0.0004126790165855366
 1.181464769756614e-05
 0.0003669274599239086
 0.0003119994721617833
 5.775489735697077e-06
 6.244554828356094e-05
 0.0009826292958106551
 6.244554828356094e-05
 0.0001357657530381782
 0.0004126790165855366
 0.0004126790165855366
 1.181464769756614e-05
 0.0004298632894569674
 0.0003119994721617833
 5.775489735697077e-06
 6.244554828356094e-05
 0.0009826292958106551
 6.244554828356094e-05
 0.0001357657530381782
 0.0004126790165855366
 0.0004126790165855366
 1.181464769756614e-05
 0.0003669274599239086
 0.0003119994721617833
 5.775489735697077e-06
 6.244554828356094e-05
 0.0009826292958106551
 6.244554828356094e-05
 0.0001357657530381782
 0.0004126790165855366
 0.0004126790165855366
 1.181464769756614e-05
 0.0003669274599239086
 0.0003119994721617833
 5.775489735697077e-06
 6.244554828356094e-05
