# Created by Octave 3.2.4, Wed Feb 06 14:07:06 2013 EST <rbom@zaphod>
# name: small_First_Fit
# type: matrix
# ndims: 3
 1 10 30
 6.128524329683048e-19
 1.203442374009763e-16
 1.47794705650963e-12
 2.894880578932359e-16
 2.934634285666806e-12
 6.059184595756293e-19
 1.737636781577135e-15
 7.480246499701434e-21
 9.590758184171298e-16
 5.161990262736661e-18
 4.994210351786768e-13
 3.39495281687043e-12
 4.718923756319716e-12
 1.869569003281129e-15
 1.778586303289802e-11
 3.698790181024068e-17
 1.017392222256498e-13
 1.280711453285786e-14
 1.507931378096136e-11
 2.538315083553359e-14
 1.240144729174642e-10
 3.39495281687043e-12
 4.718923756319716e-12
 1.869569003281129e-15
 3.17799820566154e-08
 5.091172435092247e-15
 3.273568666589261e-10
 1.23045457706799e-12
 6.976302251961764e-10
 6.878397824971009e-12
 1.86878475847958e-08
 3.599716699677326e-10
 2.276864421481095e-09
 1.347771837415049e-12
 3.466364200992177e-06
 1.944098387533989e-12
 3.464300769726429e-08
 1.23045457706799e-12
 6.976302251961764e-10
 5.787517263495266e-10
 7.143750340565978e-08
 5.137532179855422e-07
 2.276864421481095e-09
 8.100810683848809e-11
 0.0001475978654187575
 7.286913689652789e-11
 2.570999460277962e-06
 1.642886577551768e-09
 6.976302251961764e-10
 5.787517263495266e-10
 7.93793425852441e-06
 5.137532179855422e-07
 3.511987093787845e-08
 5.058503735706655e-10
 0.0001475978654187575
 2.447477595179293e-08
 0.0001247582140670847
 1.642886577551768e-09
 1.572166969295758e-07
 1.21352988381178e-07
 7.93793425852441e-06
 3.812030834536876e-05
 3.511987093787845e-08
 2.975593047937411e-08
 0.0001475978654187575
 2.447477595179293e-08
 0.002220639581347538
 1.642886577551768e-09
 1.572166969295758e-07
 1.21352988381178e-07
 7.93793425852441e-06
 3.812030834536876e-05
 3.511987093787845e-08
 3.243459356781853e-07
 0.0001475978654187575
 2.447477595179293e-08
 0.002220639581347538
 1.642886577551768e-09
 1.572166969295758e-07
 7.885413050702321e-06
 0.0008201656696699249
 3.812030834536876e-05
 1.714270033489396e-06
 5.008372364570763e-05
 0.0001475978654187575
 3.388117694527077e-06
 0.002220639581347538
 1.642886577551768e-09
 1.318458648055416e-05
 7.885413050702321e-06
 0.002220639581347538
 3.812030834536876e-05
 2.556239015839137e-06
 0.0008201656696699249
 0.0001475978654187575
 3.388117694527077e-06
 0.002220639581347538
 1.642886577551768e-09
 1.318458648055416e-05
 7.885413050702321e-06
 0.005593759856949157
 3.812030834536876e-05
 0.0001151422354594425
 0.0008201656696699249
 0.0001475978654187575
 0.0001701812267914087
 0.002220639581347538
 1.642886577551768e-09
 0.0005252661383054662
 7.885413050702321e-06
 0.005593759856949157
 3.812030834536876e-05
 0.0001151422354594425
 0.0008201656696699249
 0
 0.0001701812267914087
 0.002220639581347538
 0
 0.0005252661383054662
 7.885413050702321e-06
 0.005593759856949157
 3.812030834536876e-05
 0.0001151422354594425
 0.005593759856949157
 0
 0.0001701812267914087
 0.002220639581347538
 0
 0.0005252661383054662
 7.885413050702321e-06
 0.005593759856949157
 0
 0.0001151422354594425
 0.005593759856949157
 0
 0.0001701812267914087
 0
 0
 0.0005252661383054662
 7.885413050702321e-06
 0.005593759856949157
 0
 0.005593759856949157
 0.005593759856949157
 0
 0.0001701812267914087
 0
 0
 0.0005252661383054662
 0
 0.005593759856949157
 0
 0.005593759856949157
 0.005593759856949157
 0
 0.0001701812267914087
 0
 0
 0.0005252661383054662
 0
 0.005593759856949157
 0
 0.005593759856949157
 0.005593759856949157
 0
 0.0005252661383054662
 0
 0
 0.0005252661383054662
 0
 0
 0
 0.005593759856949157
 0.005593759856949157
 0
 0.0005252661383054662
 0
 0
 0
 0
 0
 0
 0.005593759856949157
 0.005593759856949157
 0
 0.0005252661383054662
 0
 0
 0
 0
 0
 0
 0.005593759856949157
 0
 0
 0.0005252661383054662
 0
 0
 0
 0
 0
 0
 0.005593759856949157
 0
 0
 0.0005252661383054662
 0
 0
 0
 0
 0
 0
 0
 0
 0
 0.0005252661383054662
 0
 0
 0
 0
 0
 0
 0
 0
 0
 0.0005252661383054662
 0
 0
 0
 0
 0
 0
 0
 0
 0
 0
 0
 0
 0
 0
 0
 0
 0
 0
 0
 0
 0
 0
 0
 0
 0
 0
 0
 0
 0
 0
 0
 0
 0
 0
 0
 0
 0
 0
 0
 0
 0
 0
 0
 0
 0
 0
 0
 0
 0
 0
 0
 0
 0
 0
 0
 0
 0
 0
 0
 0
 0
 0
 0
 0
 0
 0
 0
 0
 0
 0
 0
 0
 0
 0
