# Created by Octave 3.2.4, Wed Feb 06 14:46:33 2013 EST <rbom@zaphod>
# name: small_First_Fit
# type: matrix
# ndims: 3
 1 10 30
 2.289149759328488e-12
 1.792534371473651e-11
 1.214288090402421e-08
 2.000880057360569e-11
 1.766905729295709e-11
 3.914799590918947e-09
 2.280919249737033e-11
 3.621044827963477e-11
 6.376108757543345e-13
 1.628809237997162e-12
 3.574121127374499e-11
 3.366864201916382e-10
 7.524486335398127e-08
 1.183049352663709e-08
 2.011551599747494e-05
 3.914799590918947e-09
 3.700504320792508e-09
 6.038237166128278e-09
 4.514094173709123e-08
 1.185925352495584e-09
 7.782453487965261e-08
 4.592878249056141e-09
 7.524486335398127e-08
 2.458299817782439e-06
 2.011551599747494e-05
 4.619572081164142e-07
 6.515223777996705e-08
 6.038237166128278e-09
 1.033334698822722e-05
 5.428370360854456e-08
 1.496430249017166e-06
 2.283331216139295e-08
 1.4437963272853e-07
 2.458299817782439e-06
 0.0003239746047334829
 5.902472597429269e-06
 8.431551647201364e-08
 3.805884445445063e-07
 1.033334698822722e-05
 6.452313790382228e-07
 2.004450052072828e-05
 1.850037386393561e-07
 1.4437963272853e-07
 2.458299817782439e-06
 0.0003239746047334829
 5.902472597429269e-06
 8.431551647201364e-08
 3.805884445445063e-07
 1.033334698822722e-05
 6.452313790382228e-07
 4.665414503924353e-05
 1.850037386393561e-07
 7.524486335398127e-08
 1.037711519962227e-05
 0.0003239746047334829
 0.0001003537103991903
 8.431551647201364e-08
 7.762401958889121e-06
 1.033334698822722e-05
 6.452313790382228e-07
 0.0002660064787663205
 9.195590693028931e-07
 5.680974595049186e-06
 2.458299817782439e-06
 0.0003239746047334829
 0.0001003537103991903
 7.713079089093619e-06
 1.605972258889749e-05
 1.190230866701608e-05
 6.452313790382228e-07
 0.0002660064787663205
 1.713976165213461e-05
 5.680974595049186e-06
 0.0001584087629211496
 0.0003239746047334829
 0.003106668555044738
 0.0002289042566719494
 0.0003215142879931297
 0.0002013434316190459
 2.091743395233157e-06
 0.0002660064787663205
 1.713976165213461e-05
 0.0003727468139895707
 0.0001584087629211496
 0.0003239746047334829
 0.003106668555044738
 0.0002289042566719494
 0.00378549958910121
 0.0002013434316190459
 2.091743395233157e-06
 0.0002660064787663205
 8.493362947578323e-05
 0.0003727468139895707
 0.00253481154220096
 0.0003239746047334829
 0.003106668555044738
 0.0002289042566719494
 0.00378549958910121
 0.0002013434316190459
 1.628510022040223e-05
 0.0003224916596039765
 8.493362947578323e-05
 0.0003727468139895707
 0.00253481154220096
 0
 0.003106668555044738
 0.0002364533157370917
 0.00378549958910121
 0.0002013434316190459
 1.628510022040223e-05
 0.0002660064787663205
 0.0004757795364039694
 0.0008149364579323412
 0.007356413639681032
 0
 0.003106668555044738
 0.0002289042566719494
 0.00378549958910121
 0.0003031580572451377
 1.628510022040223e-05
 0.0003224916596039765
 0.0008600818469305832
 0.003106668555044738
 0.007356413639681032
 0
 0.003106668555044738
 0.0004126114269219024
 0.00378549958910121
 0.0003031580572451377
 0.0001569515948155032
 0.003106668555044738
 0.0008600818469305832
 0.003106668555044738
 0.007356413639681032
 0
 0.003106668555044738
 0.0002289042566719494
 0.00378549958910121
 0.0003031580572451377
 0.0008264667897972526
 0.003106668555044738
 0.001731248129627815
 0.003106668555044738
 0.007356413639681032
 0
 0
 0.0002364533157370917
 0.00378549958910121
 0.0003031580572451377
 0.007356413639681032
 0.003106668555044738
 0.001731248129627815
 0.003106668555044738
 0.007356413639681032
 0
 0
 0.0003727468139895707
 0
 0.0003706525428058133
 0.007356413639681032
 0.00378549958910121
 0.001731248129627815
 0.003106668555044738
 0.007356413639681032
 0
 0
 0.0002289042566719494
 0
 0.0003706525428058133
 0.007356413639681032
 0.00378549958910121
 0.0008600818469305832
 0.003106668555044738
 0.007356413639681032
 0
 0
 0.0004126114269219024
 0
 0.0003706525428058133
 0.007356413639681032
 0.003106668555044738
 0.001050403410208317
 0.003106668555044738
 0
 0
 0
 0.0004126114269219024
 0
 0.0003706525428058133
 0.007356413639681032
 0.003106668555044738
 0.0008600818469305832
 0
 0
 0
 0
 0.0004126114269219024
 0
 0.0003706525428058133
 0.007356413639681032
 0.003106668555044738
 0.0008600818469305832
 0
 0
 0
 0
 0.0004126114269219024
 0
 0.0003706525428058133
 0.007356413639681032
 0.003106668555044738
 0.0008600818469305832
 0
 0
 0
 0
 0.0004126114269219024
 0
 0.0003706525428058133
 0
 0.003106668555044738
 0.001731248129627815
 0
 0
 0
 0
 0.0004126114269219024
 0
 0
 0
 0
 0.0008600818469305832
 0
 0
 0
 0
 0.0004126114269219024
 0
 0
 0
 0
 0.0008600818469305832
 0
 0
 0
 0
 0
 0
 0
 0
 0
 0.0008600818469305832
 0
 0
 0
 0
 0
 0
 0
 0
 0
 0.0008600818469305832
 0
 0
 0
 0
 0
 0
 0
 0
 0
 0.001050403410208317
 0
 0
 0
 0
 0
 0
 0
 0
 0
 0.0008600818469305832
 0
 0
 0
 0
 0
 0
 0
 0
 0
 0.0008600818469305832
 0
 0
 0
 0
 0
 0
 0
 0
