# Created by Octave 3.2.4, Tue Feb 05 14:28:15 2013 EST <rbom@zaphod>
# name: small_First_Fit
# type: matrix
# ndims: 3
 1 10 30
 1.485047964279347e-15
 1.049117075755721e-15
 6.607054625261062e-15
 1.422251312699126e-12
 5.013464428335014e-14
 5.300682653565944e-11
 2.209523787722969e-14
 8.943361724576004e-13
 1.068225347666208e-14
 2.052471922212362e-13
 9.330606980463657e-13
 1.039110901371212e-12
 1.804213798543466e-14
 7.582245930574098e-11
 6.611611222586099e-12
 1.366810954645154e-08
 3.647933254116136e-12
 1.198090914965684e-10
 1.313259951396343e-11
 2.526453778720202e-10
 5.170782699698709e-11
 7.210043370101603e-11
 1.340280060092644e-10
 1.685733668741096e-08
 1.327899192115939e-07
 1.366810954645154e-08
 1.100663429009837e-09
 1.003511485201805e-08
 2.47032709107131e-09
 4.955190917634031e-08
 1.468509481070514e-09
 5.560401418995594e-09
 2.789900589413546e-08
 4.830071189906452e-07
 2.683284539785061e-05
 1.366810954645154e-08
 9.38249659266131e-07
 2.784458179919482e-07
 5.0767390433157e-07
 6.964281850325941e-07
 1.468509481070514e-09
 1.385065870079976e-07
 3.623536478053733e-06
 3.22240069678539e-06
 0.004744841056304288
 1.366810954645154e-08
 9.38249659266131e-07
 2.784458179919482e-07
 5.408030555899052e-06
 6.964281850325941e-07
 1.207985584086441e-07
 6.963823734373231e-06
 4.033255209776972e-05
 6.590440056114986e-06
 0.004744841056304288
 1.115331091860901e-06
 9.38249659266131e-07
 2.784458179919482e-07
 3.291058410177136e-05
 1.991353529435135e-05
 1.207985584086441e-07
 3.622195744540933e-05
 9.286743490365843e-05
 6.590440056114986e-06
 0.004744841056304288
 1.115331091860901e-06
 9.38249659266131e-07
 3.865507099157172e-06
 3.291058410177136e-05
 1.991353529435135e-05
 2.912820226333837e-06
 3.622195744540933e-05
 9.286743490365843e-05
 6.488464473966207e-05
 0.004744841056304288
 8.205171722873016e-05
 9.38249659266131e-07
 3.865507099157172e-06
 3.291058410177136e-05
 1.991353529435135e-05
 2.912820226333837e-06
 3.622195744540933e-05
 9.286743490365843e-05
 0.000468957308495377
 0.03533985705691212
 8.205171722873016e-05
 9.38249659266131e-07
 7.923817587726259e-05
 3.291058410177136e-05
 0.0005303984223138841
 0.0001294552332849199
 3.622195744540933e-05
 0.001228423435939013
 0.004888988936507585
 0.03533985705691212
 8.205171722873016e-05
 4.651875989464476e-06
 0.004744841056304288
 3.291058410177136e-05
 0.0005303984223138841
 0.007671847577713165
 4.823465105876868e-05
 0.001228423435939013
 0.004888988936507585
 0.03533985705691212
 8.205171722873016e-05
 7.510089736410904e-06
 0.03533985705691212
 0.03533985705691212
 0.0005303984223138841
 0.03533985705691212
 0.0003547185583028627
 0.001228423435939013
 0.004888988936507585
 0.03533985705691212
 8.205171722873016e-05
 1.14192831279573e-05
 0.03533985705691212
 0.03533985705691212
 0.0005303984223138841
 0.03533985705691212
 0.0003547185583028627
 0.03533985705691212
 0.004888988936507585
 0.03533985705691212
 8.205171722873016e-05
 0.0003539079145077729
 0.03533985705691212
 0.03533985705691212
 0.0005303984223138841
 0.03533985705691212
 0.0003547185583028627
 0.03533985705691212
 0.004888988936507585
 0.03533985705691212
 8.205171722873016e-05
 0.002057145736721284
 0.03533985705691212
 0.03533985705691212
 0.0005303984223138841
 0.03533985705691212
 0.03533985705691212
 0.03533985705691212
 0.004888988936507585
 0.03533985705691212
 0
 0.007671847577713165
 0.03533985705691212
 0.03533985705691212
 0.0005303984223138841
 0.03533985705691212
 0.03533985705691212
 0.03533985705691212
 0.004888988936507585
 0
 0
 0.007671847577713165
 0.03533985705691212
 0.03533985705691212
 0
 0.03533985705691212
 0.03533985705691212
 0.03533985705691212
 0
 0
 0
 0.03533985705691212
 0.03533985705691212
 0.03533985705691212
 0
 0.03533985705691212
 0.03533985705691212
 0.03533985705691212
 0
 0
 0
 0.03533985705691212
 0
 0
 0
 0
 0.03533985705691212
 0.03533985705691212
 0
 0
 0
 0.03533985705691212
 0
 0
 0
 0
 0.03533985705691212
 0
 0
 0
 0
 0.03533985705691212
 0
 0
 0
 0
 0.03533985705691212
 0
 0
 0
 0
 0.03533985705691212
 0
 0
 0
 0
 0
 0
 0
 0
 0
 0.03533985705691212
 0
 0
 0
 0
 0
 0
 0
 0
 0
 0.03533985705691212
 0
 0
 0
 0
 0
 0
 0
 0
 0
 0
 0
 0
 0
 0
 0
 0
 0
 0
 0
 0
 0
 0
 0
 0
 0
 0
 0
 0
 0
 0
 0
 0
 0
 0
 0
 0
 0
 0
 0
 0
 0
 0
 0
 0
 0
 0
 0
 0
 0
 0
 0
 0
 0
 0
 0
 0
 0
 0
 0
 0
 0
 0
 0
 0
 0
 0
 0
 0
 0
 0
 0
 0
 0
