# Created by Octave 3.2.4, Mon Feb 04 19:01:52 2013 EST <rbom@zaphod>
# name: small_First_Fit
# type: matrix
# ndims: 3
 1 10 30
 1.585262111341342e-11
 8.478097712568207e-13
 1.005459639155279e-13
 5.456660144153476e-13
 1.122421868763891e-09
 6.847725769655508e-12
 1.49244037230139e-10
 1.901518245412945e-10
 1.91705447385707e-07
 2.989422731975617e-13
 5.452442311356114e-08
 2.985575381619339e-08
 6.287069621355267e-10
 2.894997666827978e-06
 1.198448943224665e-08
 3.103370203675276e-09
 2.400541701285767e-07
 2.557555458781547e-08
 8.823720237955381e-05
 1.139395543966243e-10
 2.763169517124537e-06
 2.985575381619339e-08
 5.618552181698967e-06
 2.894997666827978e-06
 2.240857120128908e-08
 1.307247457359047e-06
 1.113870925867495e-05
 5.541982646490101e-06
 0.0009057322938562423
 4.929565190539716e-09
 2.763169517124537e-06
 2.985575381619339e-08
 0.0001724252660291781
 2.894997666827978e-06
 2.240857120128908e-08
 9.893733863023989e-06
 1.113870925867495e-05
 5.85001613179209e-05
 0.0009057322938562423
 1.743094838129253e-07
 0.0002185975724492875
 2.985575381619339e-08
 0.0002449786855826217
 7.107536242401066e-05
 1.118184382053673e-06
 6.582723329286568e-05
 0.0004820092832310499
 5.85001613179209e-05
 0.0009057322938562423
 0.0002258267455556615
 0.0006561258455677724
 2.932089748344509e-07
 0.007323584963297728
 7.107536242401066e-05
 1.340866754923554e-05
 0.0004562952313383942
 0.000877612210180309
 5.85001613179209e-05
 0.0009057322938562423
 0.0002258267455556615
 0.0006561258455677724
 2.932089748344509e-07
 0.007323584963297728
 0.001240625978564863
 3.470093583889162e-05
 0.004260028347827319
 0.02591240418792689
 5.85001613179209e-05
 0.0009057322938562423
 0.0002258267455556615
 0.004492825853308172
 6.012515642564865e-07
 0.007323584963297728
 0.001240625978564863
 5.48175294014151e-05
 0.004260028347827319
 0.02591240418792689
 0.002422332037099238
 0.0176292102132674
 0.0002258267455556615
 0.004492825853308172
 6.012515642564865e-07
 0.007323584963297728
 0.001240625978564863
 0.0003086629650183061
 0.004260028347827319
 0.02591240418792689
 0.002422332037099238
 0.0176292102132674
 0.001528870956885488
 0.004492825853308172
 6.012515642564865e-07
 0.007323584963297728
 0.001240625978564863
 0.0003086629650183061
 0.004260028347827319
 0.02591240418792689
 0.002422332037099238
 0.0176292102132674
 0.001528870956885488
 0.004492825853308172
 3.008385613871316e-06
 0.007323584963297728
 0.004045783259818197
 0.0003086629650183061
 0.004260028347827319
 0.02591240418792689
 0.002422332037099238
 0.0176292102132674
 0.001528870956885488
 0.004492825853308172
 3.008385613871316e-06
 0.007323584963297728
 0.004045783259818197
 0.0003086629650183061
 0.004260028347827319
 0.04527997698268138
 0.004227640099152834
 0.0176292102132674
 0.001528870956885488
 0.004492825853308172
 3.008385613871316e-06
 0
 0.004045783259818197
 0.0003086629650183061
 0.004260028347827319
 0.04527997698268138
 0.04527997698268138
 0.0176292102132674
 0.001528870956885488
 0.004492825853308172
 3.008385613871316e-06
 0
 0.004045783259818197
 0.0003086629650183061
 0
 0.02591240418792689
 0.04527997698268138
 0.0176292102132674
 0.004045783259818197
 0
 3.842302713809106e-06
 0
 0.004045783259818197
 0.0003086629650183061
 0
 0.02591240418792689
 0.04527997698268138
 0
 0.004045783259818197
 0
 3.842302713809106e-06
 0
 0.004045783259818197
 0
 0
 0.02591240418792689
 0.04527997698268138
 0
 0.004045783259818197
 0
 0.0002438141309396081
 0
 0.02855801693765754
 0
 0
 0.02591240418792689
 0.04527997698268138
 0
 0.004045783259818197
 0
 0.0002438141309396081
 0
 0.02855801693765754
 0
 0
 0.02591240418792689
 0.04527997698268138
 0
 0.02855801693765754
 0
 0.0005544154591615691
 0
 0.02855801693765754
 0
 0
 0
 0.04527997698268138
 0
 0.02855801693765754
 0
 0.0005949941374519332
 0
 0.02855801693765754
 0
 0
 0
 0
 0
 0.02855801693765754
 0
 0.0005949941374519332
 0
 0.02855801693765754
 0
 0
 0
 0
 0
 0.02855801693765754
 0
 0.0005949941374519332
 0
 0.02855801693765754
 0
 0
 0
 0
 0
 0.02855801693765754
 0
 0.0005949941374519332
 0
 0.02855801693765754
 0
 0
 0
 0
 0
 0.02855801693765754
 0
 0.0005949941374519332
 0
 0
 0
 0
 0
 0
 0
 0.02855801693765754
 0
 0.0005949941374519332
 0
 0
 0
 0
 0
 0
 0
 0
 0
 0.0005949941374519332
 0
 0
 0
 0
 0
 0
 0
 0
 0
 0
 0
 0
 0
 0
 0
 0
 0
 0
 0
 0
 0
 0
 0
 0
 0
 0
 0
 0
 0
 0
 0
 0
 0
 0
 0
 0
 0
 0
 0
 0
 0
 0
 0
 0
 0
 0
 0
 0
