# Created by Octave 3.2.4, Mon Feb 04 02:14:44 2013 EST <rbom@zaphod>
# name: small_First_Fit
# type: matrix
# ndims: 3
 1 10 30
 2.191766520961756e-11
 1.247568523379967e-17
 2.365927102719026e-16
 1.508519996376948e-12
 7.094265901440197e-17
 3.029275207299189e-13
 5.383779067974967e-14
 7.811578687814057e-14
 2.14559411716987e-16
 2.305144310745039e-13
 2.191766520961756e-11
 1.477174100571236e-12
 3.878094845814666e-13
 1.123023238276577e-10
 2.147811745706324e-12
 1.949790430717148e-08
 1.396482866283221e-12
 7.811578687814057e-14
 2.370266470401949e-12
 6.911897272023738e-11
 5.418223690350222e-09
 8.466541488990215e-09
 1.061122931319752e-10
 3.325709401963192e-09
 2.81017438041159e-09
 1.747266077951805e-06
 1.396482866283221e-12
 1.920871102674573e-11
 4.929445398987379e-08
 1.058699025342722e-08
 2.111794236149586e-07
 1.985111079978279e-06
 3.850192814617911e-08
 2.430524506714093e-07
 3.72666992590515e-08
 1.716987229199043e-05
 5.838714470013157e-11
 1.435303048858455e-09
 2.213890980120343e-07
 1.058699025342722e-08
 2.111794236149586e-07
 1.985111079978279e-06
 3.850192814617911e-08
 0.0002718205919891359
 1.155824004140623e-07
 1.716987229199043e-05
 9.99734159431822e-09
 5.79793110955508e-08
 2.213890980120343e-07
 6.174945697489132e-07
 1.542764960202126e-05
 0.002029011257532147
 2.755834319918823e-07
 0.002594117359469447
 1.074728315527027e-07
 0.001240935539387058
 1.411009658380129e-08
 5.79793110955508e-08
 2.213890980120343e-07
 2.33877719400992e-06
 0.0008651842963589535
 0.002029011257532147
 2.755834319918823e-07
 0.002594117359469447
 8.787302232632515e-07
 0.001240935539387058
 3.572130870522488e-07
 3.15021791341483e-06
 2.295377502171114e-06
 2.683446516065539e-05
 0.0008651842963589535
 0.01984733352951378
 6.200386108384778e-07
 0.00564837897123426
 4.733690252704392e-06
 0.001240935539387058
 3.572130870522488e-07
 3.15021791341483e-06
 2.295377502171114e-06
 2.683446516065539e-05
 0.0008651842963589535
 0.01984733352951378
 6.200386108384778e-07
 0.002594117359469447
 0.001467517884985417
 0.001240935539387058
 0.0001512099260537495
 0.003489623930521295
 2.295377502171114e-06
 2.683446516065539e-05
 0.003489069478409224
 0.01984733352951378
 0.0001618893582342155
 0.002594117359469447
 0.001467517884985417
 0.001240935539387058
 0.0001512099260537495
 0.04533653508572302
 0.001357634294817203
 2.683446516065539e-05
 0.003489069478409224
 0.01984733352951378
 0.0001618893582342155
 0.002594117359469447
 0.001467517884985417
 0.001240935539387058
 0.00564837897123426
 0.04533653508572302
 0.01507225996616151
 2.683446516065539e-05
 0.003489069478409224
 0.01984733352951378
 0.001240935539387058
 0.04533653508572302
 0.001467517884985417
 0.001240935539387058
 0.00564837897123426
 0.04533653508572302
 0.01507225996616151
 9.935713362081547e-05
 0.003489069478409224
 0.01984733352951378
 0.001240935539387058
 0.04533653508572302
 0.001467517884985417
 0.01507225996616151
 0.04533653508572302
 0.04533653508572302
 0.01507225996616151
 0.005614661977200431
 0.003489069478409224
 0.01984733352951378
 0.001240935539387058
 0.04533653508572302
 0.001467517884985417
 0.01507225996616151
 0.04533653508572302
 0.04533653508572302
 0.01507225996616151
 0.005614661977200431
 0.003489069478409224
 0.01984733352951378
 0.001240935539387058
 0.04533653508572302
 0.001467517884985417
 0.01507225996616151
 0.04533653508572302
 0.04533653508572302
 0.01507225996616151
 0.005614661977200431
 0.003489069478409224
 0.01984733352951378
 0.01507225996616151
 0.04533653508572302
 0.001467517884985417
 0.01507225996616151
 0.04533653508572302
 0.04533653508572302
 0.01507225996616151
 0.005614661977200431
 0.003489069478409224
 0.01984733352951378
 0.01507225996616151
 0.04533653508572302
 0.001467517884985417
 0.01507225996616151
 0.04533653508572302
 0.04533653508572302
 0.01507225996616151
 0.005614661977200431
 0.003489069478409224
 0.04533653508572302
 0.01507225996616151
 0.04533653508572302
 0.002873877246203042
 0.01507225996616151
 0.04533653508572302
 0.04533653508572302
 0.01507225996616151
 0.005614661977200431
 0.003489069478409224
 0.04533653508572302
 0.01507225996616151
 0.04533653508572302
 0.002873877246203042
 0.01507225996616151
 0.04533653508572302
 0.04533653508572302
 0.01507225996616151
 0.005614661977200431
 0.04533653508572302
 0.04533653508572302
 0.01507225996616151
 0.04533653508572302
 0.002873877246203042
 0.01507225996616151
 0.04533653508572302
 0.04533653508572302
 0.01507225996616151
 0.005614661977200431
 0.04533653508572302
 0.04533653508572302
 0.01507225996616151
 0.04533653508572302
 0.002873877246203042
 0.01507225996616151
 0.04533653508572302
 0.04533653508572302
 0.01507225996616151
 0.005614661977200431
 0.04533653508572302
 0.04533653508572302
 0.01507225996616151
 0.04533653508572302
 0.002873877246203042
 0.01507225996616151
 0.04533653508572302
 0.04533653508572302
 0.01507225996616151
 0.005614661977200431
 0.003489069478409224
 0.01984733352951378
 0.01507225996616151
 0.04533653508572302
 0.002873877246203042
 0.01507225996616151
 0.04533653508572302
 0.04533653508572302
 0.01507225996616151
 0.005614661977200431
 0.04533653508572302
 0.01984733352951378
 0.01507225996616151
 0.04533653508572302
 0.002873877246203042
 0.01507225996616151
 0.04533653508572302
 0.04533653508572302
 0.01507225996616151
 0.005614661977200431
 0.04533653508572302
 0.04533653508572302
 0.01507225996616151
 0.04533653508572302
 0.002873877246203042
 0.01507225996616151
 0.04533653508572302
 0.04533653508572302
 0.01507225996616151
 0.005614661977200431
 0.04533653508572302
 0.04533653508572302
 0.01507225996616151
 0.04533653508572302
 0.002873877246203042
 0.01507225996616151
 0.04533653508572302
 0.04533653508572302
 0.01507225996616151
 0.005614661977200431
 0.04533653508572302
 0.04533653508572302
 0.01507225996616151
 0.04533653508572302
 0.002873877246203042
 0.01507225996616151
 0.04533653508572302
 0.04533653508572302
 0.01507225996616151
 0.005614661977200431
 0.04533653508572302
 0.04533653508572302
 0.01507225996616151
 0.04533653508572302
 0.002873877246203042
 0.01507225996616151
 0.04533653508572302
 0.04533653508572302
 0.01507225996616151
 0.005614661977200431
 0.04533653508572302
 0.04533653508572302
 0.01507225996616151
 0.04533653508572302
 0.002873877246203042
 0.01507225996616151
 0.04533653508572302
 0.04533653508572302
 0.01507225996616151
 0.005614661977200431
 0.04533653508572302
 0.04533653508572302
 0.01507225996616151
 0.04533653508572302
 0.002873877246203042
 0.01507225996616151
 0.04533653508572302
 0.04533653508572302
 0.01507225996616151
 0.005614661977200431
