# Created by Octave 3.2.4, Wed Feb 06 02:55:06 2013 EST <rbom@zaphod>
# name: small_First_Fit
# type: matrix
# ndims: 3
 1 10 30
 7.395123505862488e-13
 1.578771169117985e-14
 6.180849813265313e-14
 6.122266836409611e-15
 3.589171929412877e-13
 2.222014978679288e-09
 3.183611966239437e-13
 3.999990927834253e-13
 4.848795663507748e-13
 7.913633741085502e-14
 6.684417922262435e-12
 6.944477949749715e-12
 6.595376546895457e-13
 1.778271654339935e-11
 3.589171929412877e-13
 5.567210309067009e-09
 1.959836082481667e-08
 7.458223798721677e-11
 5.997335023038127e-11
 5.355292851225207e-13
 1.912324992046862e-09
 8.549821975763754e-10
 6.595376546895457e-13
 3.290187164348327e-09
 6.471223737113368e-10
 5.567210309067009e-09
 4.082667993209522e-06
 1.012753196256785e-10
 1.983794297666565e-09
 8.87769891546558e-12
 6.35033723034599e-08
 6.944477949749715e-12
 5.891357423465476e-12
 3.290187164348327e-09
 6.471223737113368e-10
 6.731363315570247e-08
 4.257627824505551e-05
 6.462175701428591e-09
 2.38032654707909e-06
 1.054302657464434e-08
 1.844030141336329e-06
 2.156809167098972e-10
 2.224281526739891e-10
 2.785915143290927e-07
 6.471223737113368e-10
 6.731363315570247e-08
 4.257627824505551e-05
 6.462175701428591e-09
 2.38032654707909e-06
 1.054302657464434e-08
 3.131627671128825e-05
 2.658174364975232e-07
 4.547641939789035e-09
 2.785915143290927e-07
 1.201772489898252e-07
 7.886638012105163e-07
 4.082667993209522e-06
 8.153737650989336e-08
 2.38032654707909e-06
 1.054302657464434e-08
 3.131627671128825e-05
 4.377759302815166e-06
 3.616395063008316e-07
 5.294135883600484e-06
 1.201772489898252e-07
 0.0002369994850659749
 0.0005235665765374259
 8.153737650989336e-08
 2.38032654707909e-06
 7.905435525578324e-07
 3.131627671128825e-05
 1.797890181025148e-06
 3.616395063008316e-07
 5.294135883600484e-06
 4.426356136246716e-06
 0.005453871122925987
 0.0005235665765374259
 2.879376893692625e-06
 2.38032654707909e-06
 3.976393140515665e-06
 3.131627671128825e-05
 7.702724996498613e-05
 3.771820401654281e-06
 5.294135883600484e-06
 4.426356136246716e-06
 0.005453871122925987
 0.004586101485885218
 0.001592418660664708
 1.410321910869566e-05
 3.976393140515665e-06
 0.0002562745495977218
 7.702724996498613e-05
 3.771820401654281e-06
 5.336710717209723e-05
 7.410610272371004e-06
 0.005453871122925987
 0.004586101485885218
 0.005117618265951403
 1.410321910869566e-05
 3.976393140515665e-06
 0.0002562745495977218
 7.702724996498613e-05
 2.925830840063022e-05
 0.001090111938647567
 7.410610272371004e-06
 0.005453871122925987
 0.004586101485885218
 0.001592418660664708
 0.0001122714778365484
 7.57728810370934e-05
 0.0002562745495977218
 0.001042942055042344
 2.925830840063022e-05
 5.336710717209723e-05
 7.410610272371004e-06
 0.005453871122925987
 0.004586101485885218
 0.001592418660664708
 0.0001122714778365484
 0.0002132023558992107
 0.0002562745495977218
 7.702724996498613e-05
 0.0002312307376939221
 5.336710717209723e-05
 8.311446232649341e-06
 0.005453871122925987
 0.004586101485885218
 0.001592418660664708
 0.0001122714778365484
 0.0002132023558992107
 0.0002562745495977218
 0.0004898456190015353
 0.0002312307376939221
 5.336710717209723e-05
 8.311446232649341e-06
 0.005453871122925987
 0.004586101485885218
 0.005117618265951403
 0.0002908344380118144
 7.57728810370934e-05
 0.0002562745495977218
 0.0004898456190015353
 0.004586101485885218
 5.336710717209723e-05
 1.507407914840853e-05
 0
 0.005453871122925987
 0.005453871122925987
 0.0002908344380118144
 7.57728810370934e-05
 0.0002562745495977218
 0.0004898456190015353
 0.005453871122925987
 5.336710717209723e-05
 1.507407914840853e-05
 0
 0.005453871122925987
 0.005453871122925987
 0.0001122714778365484
 7.57728810370934e-05
 0
 0.0004898456190015353
 0.005453871122925987
 5.336710717209723e-05
 1.507407914840853e-05
 0
 0.005453871122925987
 0.005453871122925987
 0.0001122714778365484
 7.57728810370934e-05
 0
 0.001042942055042344
 0.005453871122925987
 0
 1.507407914840853e-05
 0
 0.005453871122925987
 0.005453871122925987
 0.0001122714778365484
 7.57728810370934e-05
 0
 0.0004898456190015353
 0.005453871122925987
 0
 1.507407914840853e-05
 0
 0.005453871122925987
 0.005453871122925987
 0.0001122714778365484
 0
 0
 0.0004898456190015353
 0.005453871122925987
 0
 1.507407914840853e-05
 0
 0.005453871122925987
 0.005453871122925987
 0.0002538740014815732
 0
 0
 0.0004898456190015353
 0.005453871122925987
 0
 1.507407914840853e-05
 0
 0.005453871122925987
 0.005117618265951403
 0.0002538740014815732
 0
 0
 0.0004898456190015353
 0.005453871122925987
 0
 0
 0
 0
 0
 0.0002538740014815732
 0
 0
 0.0004898456190015353
 0
 0
 0
 0
 0
 0
 0.0002538740014815732
 0
 0
 0.0004898456190015353
 0
 0
 0
 0
 0
 0
 0.005453871122925987
 0
 0
 0
 0
 0
 0
 0
 0
 0
 0.005453871122925987
 0
 0
 0
 0
 0
 0
 0
 0
 0
 0.005453871122925987
 0
 0
 0
 0
 0
 0
 0
 0
 0
 0.005453871122925987
 0
 0
 0
 0
 0
 0
 0
 0
 0
 0.005453871122925987
 0
 0
 0
 0
 0
 0
 0
 0
 0
 0.005453871122925987
 0
 0
 0
 0
 0
 0
 0
 0
 0
 0.005453871122925987
 0
