# Created by Octave 3.2.4, Wed Feb 06 10:52:03 2013 EST <rbom@zaphod>
# name: small_First_Fit
# type: matrix
# ndims: 3
 1 10 30
 1.21945745068266e-08
 2.83601872021635e-07
 1.939583797409638e-07
 1.627988191634938e-09
 8.537457825988069e-11
 2.695082221827037e-07
 7.583226061213567e-13
 4.39749273202156e-12
 8.963927809828222e-10
 2.540171898107807e-11
 3.804641970333641e-08
 2.83601872021635e-07
 2.764990983190767e-07
 5.850496347978793e-08
 4.699525506383603e-07
 6.474032552347091e-05
 3.26507672386018e-09
 1.126067625763427e-08
 3.097681753754624e-08
 4.444108302287788e-09
 4.601830509105724e-07
 1.575705616455488e-06
 5.184293419055733e-06
 5.850496347978793e-08
 1.199820070507318e-05
 0.0003576638964478945
 1.183050887039987e-08
 3.955174837674132e-06
 7.842128080262129e-06
 1.942517914671724e-08
 4.601830509105724e-07
 6.919369002126953e-05
 9.245487858526574e-06
 4.68927901114928e-07
 3.326124102404951e-05
 0.0003576638964478945
 2.116045786584907e-05
 3.383848987196184e-05
 0.01917831028980065
 1.942517914671724e-08
 1.86421773240144e-05
 6.919369002126953e-05
 0.0003031694309027938
 4.68927901114928e-07
 0.0007816311600603602
 0.0003576638964478945
 0.0001811525039453877
 3.383848987196184e-05
 0.01917831028980065
 3.719241334587598e-05
 2.154547208604907e-05
 6.919369002126953e-05
 0.0003031694309027938
 3.469861911501727e-05
 0.001478598170802036
 0.02259459211601823
 0.0005280671241935353
 3.383848987196184e-05
 0.01917831028980065
 0.001287779901414532
 0.001469288024819894
 0.001541536676577178
 0.0003031694309027938
 6.956140830010245e-05
 0.001478598170802036
 0.02496223537294135
 0.0005280671241935353
 6.776653587681988e-05
 0.01917831028980065
 0.001287779901414532
 0.0019686028792948
 0.001541536676577178
 0.0003031694309027938
 0.0001243710361902533
 0.0007816311600603602
 0.02496223537294135
 0.0005280671241935353
 0.0009363951856536239
 0.01917831028980065
 0.001287779901414532
 0.05837637006301245
 0.001541536676577178
 0.001198368858649074
 0.0003003757555520247
 0.002589760012528569
 0.02717848701758655
 0.0005280671241935353
 0.0009363951856536239
 0.01917831028980065
 0.001287779901414532
 0.0642925112115323
 0.04886653378065204
 0.001198368858649074
 0.003249557941747341
 0.002589760012528569
 0.02717848701758655
 0.0005280671241935353
 0.02466484590008986
 0.01917831028980065
 0.001287779901414532
 0.05837637006301245
 0.04886653378065204
 0.004847422928140206
 0.04507935362675421
 0.002589760012528569
 0.02717848701758655
 0.1178609856924864
 0.02466484590008986
 0
 0.006771675634604244
 0.05837637006301245
 0.04886653378065204
 0.004847422928140206
 0.1178609856924864
 0.002589760012528569
 0.02717848701758655
 0.1178609856924864
 0.04469726682735464
 0
 0.001287779901414532
 0.05837637006301245
 0.04886653378065204
 0.004847422928140206
 0.1178609856924864
 0.002589760012528569
 0.02717848701758655
 0.1178609856924864
 0.08071889511050957
 0
 0.002234006956545606
 0.0642925112115323
 0.1351487960591862
 0.1178609856924864
 0.1178609856924864
 0.002589760012528569
 0.02717848701758655
 0.1178609856924864
 0.06799115819090308
 0
 0.006771675634604244
 0.05837637006301245
 0.04886653378065204
 0.1178609856924864
 0.1178609856924864
 0.005989705413472306
 0.02717848701758655
 0.1351487960591862
 0.09546070948217787
 0
 0.04886653378065204
 0.1607217456725231
 0.04886653378065204
 0.1178609856924864
 0.1351487960591862
 0.005989705413472306
 0
 0.1178609856924864
 0.08071889511050957
 0
 0.04886653378065204
 0.1607217456725231
 0.04886653378065204
 0.1178609856924864
 0.1178609856924864
 0.005989705413472306
 0
 0.1178609856924864
 0.08071889511050957
 0
 0.04886653378065204
 0.1607217456725231
 0.1351487960591862
 0.1178609856924864
 0.1351487960591862
 0.005989705413472306
 0
 0.1178609856924864
 0.08071889511050957
 0
 0.04886653378065204
 0.1607217456725231
 0.1351487960591862
 0.1178609856924864
 0.1178609856924864
 0.005989705413472306
 0
 0.1178609856924864
 0.1607217456725231
 0
 0.04886653378065204
 0.1607217456725231
 0.1351487960591862
 0.1351487960591862
 0.1178609856924864
 0.005989705413472306
 0
 0.1351487960591862
 0.1607217456725231
 0
 0.04886653378065204
 0.1607217456725231
 0.1607217456725231
 0.1351487960591862
 0.1178609856924864
 0.02849876620340491
 0
 0.1178609856924864
 0.1607217456725231
 0
 0.04886653378065204
 0.1607217456725231
 0.1607217456725231
 0.1351487960591862
 0.1178609856924864
 0.02849876620340491
 0
 0.1178609856924864
 0.1607217456725231
 0
 0
 0
 0.1607217456725231
 0.1351487960591862
 0.1178609856924864
 0.02849876620340491
 0
 0.1178609856924864
 0.1607217456725231
 0
 0
 0
 0.1607217456725231
 0.1351487960591862
 0.1351487960591862
 0.02849876620340491
 0
 0.1178609856924864
 0.1607217456725231
 0
 0
 0
 0.1607217456725231
 0.1351487960591862
 0.1178609856924864
 0.0392041531158331
 0
 0.1178609856924864
 0.1607217456725231
 0
 0
 0
 0.1607217456725231
 0.1351487960591862
 0.1178609856924864
 0.0392041531158331
 0
 0.1178609856924864
 0
 0
 0
 0
 0.1607217456725231
 0
 0.1178609856924864
 0.1607217456725231
 0
 0
 0
 0
 0
 0
 0
 0
 0.1178609856924864
 0.1607217456725231
 0
 0
 0
 0
 0
 0
 0
 0
 0.1178609856924864
 0.1607217456725231
 0
 0
 0
 0
 0
 0
 0
 0
 0.1178609856924864
 0.1607217456725231
 0
 0
 0
 0
 0
