# Created by Octave 3.2.4, Tue Feb 05 19:07:46 2013 EST <rbom@zaphod>
# name: small_First_Fit
# type: matrix
# ndims: 3
 1 10 30
 2.548771685986062e-05
 3.044039436805716e-08
 1.764570590946374e-10
 5.917603683295333e-10
 1.166756760110441e-09
 1.211890874244627e-08
 2.900535650772113e-08
 3.896192059491935e-10
 1.078354292031696e-09
 2.451342048442948e-10
 9.451656145638833e-05
 2.42397057186254e-05
 6.946185996084595e-09
 0.0001133671545029724
 1.016311533451737e-06
 4.741126270890471e-06
 2.900535650772113e-08
 2.088430280031744e-07
 2.267858013277442e-07
 7.360322842483797e-09
 9.451656145638833e-05
 0.000376982821282508
 1.160445674097257e-07
 0.009807691718095889
 7.063555506435757e-05
 0.0009017977981977156
 3.089052134297296e-07
 4.129598610131591e-05
 4.606003000103764e-06
 9.029804680373876e-08
 0.0001299093818942391
 0.0005142886142461977
 4.557942391101845e-06
 0.009807691718095889
 7.063555506435757e-05
 0.02870766855213017
 2.438141284006383e-06
 0.0004019741385964035
 4.606003000103764e-06
 2.491346312723556e-05
 0.0001299093818942391
 0.003845610574599435
 4.557942391101845e-06
 0.009807691718095889
 0.0007472151754697913
 0.02870766855213017
 2.355562630865185e-05
 0.0004019741385964035
 0.0001333606411731729
 0.0003038850893015299
 0.0001299093818942391
 0.043204878201389
 5.492710358062662e-05
 0.02515896363947371
 0.0007472151754697913
 0.02870766855213017
 2.561922117958023e-05
 0.0004019741385964035
 0.0002177474540602742
 0.0003038850893015299
 0.0006348035279976293
 0.2604404396613986
 5.492710358062662e-05
 0.02515896363947371
 0.008129735245592183
 0.2604404396613986
 2.355562630865185e-05
 0.0004019741385964035
 0.0008128299159209875
 0.002885120583122034
 0.0003390846933276646
 0.2604404396613986
 8.287157843840517e-05
 0.02515896363947371
 0.008129735245592183
 0.2604404396613986
 0.0001465620128114989
 0.0004019741385964035
 0.0008128299159209875
 0.2404276122246579
 0.0003390846933276646
 0.2604404396613986
 8.94377275125356e-05
 0.04108165189100827
 0.05507670637314495
 0.2604404396613986
 0.0001465620128114989
 0.0004019741385964035
 0.001336218775928839
 0.2404276122246579
 0.01345235922158044
 0.2604404396613986
 0.00074531509954597
 0.04108165189100827
 0.1908917422320599
 0.2604404396613986
 0.0001465620128114989
 0.0004019741385964035
 0.004535880495223912
 0.2604404396613986
 0.01345235922158044
 0.2604404396613986
 0.0007675004454862145
 0.04108165189100827
 0.1908917422320599
 0.2604404396613986
 0.0009097795500692458
 0
 0.004535880495223912
 0.2404276122246579
 0.05507670637314495
 0.2604404396613986
 0.0007675004454862145
 0.04108165189100827
 0.1908917422320599
 0.2604404396613986
 0.0009097795500692458
 0
 0.01901269205840122
 0.2404276122246579
 0.05507670637314495
 0.2604404396613986
 0.0007675004454862145
 0.04108165189100827
 0.1908917422320599
 0.2604404396613986
 0.0009097795500692458
 0
 0.01901269205840122
 0.2404276122246579
 0.05507670637314495
 0
 0.001188293240140243
 0.04108165189100827
 0.1908917422320599
 0
 0.003350230858814547
 0
 0.01901269205840122
 0.2404276122246579
 0.05507670637314495
 0
 0.0007675004454862145
 0.04108165189100827
 0.1908917422320599
 0
 0.003350230858814547
 0
 0.01901269205840122
 0.2604404396613986
 0.05507670637314495
 0
 0.001188293240140243
 0
 0.2404276122246579
 0
 0.003350230858814547
 0
 0.01901269205840122
 0.2604404396613986
 0.05507670637314495
 0
 0.001188293240140243
 0
 0.2404276122246579
 0
 0.00443075926069139
 0
 0.01901269205840122
 0.2404276122246579
 0.05507670637314495
 0
 0.001188293240140243
 0
 0.2404276122246579
 0
 0.00616895022659535
 0
 0.01901269205840122
 0.2604404396613986
 0
 0
 0.001188293240140243
 0
 0.2404276122246579
 0
 0.00616895022659535
 0
 0
 0.2404276122246579
 0
 0
 0.001662523599280523
 0
 0.2404276122246579
 0
 0.00616895022659535
 0
 0
 0.2604404396613986
 0
 0
 0.001662523599280523
 0
 0.2404276122246579
 0
 0.009856731031536121
 0
 0
 0.2404276122246579
 0
 0
 0.001662523599280523
 0
 0.2404276122246579
 0
 0.06248282664666918
 0
 0
 0.2604404396613986
 0
 0
 0.001662523599280523
 0
 0
 0
 0.06248282664666918
 0
 0
 0.2404276122246579
 0
 0
 0.001662523599280523
 0
 0
 0
 0.06248282664666918
 0
 0
 0.2404276122246579
 0
 0
 0.001662523599280523
 0
 0
 0
 0.06248282664666918
 0
 0
 0.2404276122246579
 0
 0
 0.001662523599280523
 0
 0
 0
 0.06248282664666918
 0
 0
 0.2404276122246579
 0
 0
 0
 0
 0
 0
 0.1908917422320599
 0
 0
 0.2604404396613986
 0
 0
 0
 0
 0
 0
 0.06248282664666918
 0
 0
 0.2404276122246579
 0
 0
 0
 0
 0
 0
 0.06248282664666918
 0
 0
 0.2604404396613986
 0
 0
 0
 0
 0
 0
 0.06248282664666918
 0
 0
 0.2604404396613986
