# Created by Octave 3.2.4, Tue Feb 05 01:26:16 2013 EST <rbom@zaphod>
# name: small_First_Fit
# type: matrix
# ndims: 3
 1 10 30
 5.652657614825004e-16
 8.673437261505246e-14
 1.892507975639054e-14
 1.814973489653986e-14
 1.296451085689239e-12
 4.112138469266962e-11
 6.114439816344805e-17
 2.041265208864518e-12
 1.970730106299802e-11
 6.544773536084458e-15
 1.724069920159884e-13
 4.79460949874825e-09
 2.307591358760845e-09
 1.388063152800741e-10
 2.855731253065223e-11
 7.520811676670651e-09
 4.51577113134108e-14
 1.017294125712345e-09
 5.098956201504899e-08
 7.214631056930033e-13
 4.171004367843624e-12
 2.427536236930606e-06
 2.191753767097258e-06
 3.220715725713013e-06
 3.037522679007089e-11
 7.520811676670651e-09
 8.588820723092891e-12
 2.290323497559925e-07
 2.387630360085573e-06
 1.329115705081807e-08
 1.477017179387894e-10
 6.650191750642168e-06
 7.163832755000593e-05
 3.220715725713013e-06
 6.212864492249497e-07
 1.502205062259451e-07
 1.841882085845313e-09
 6.290065630118258e-06
 2.387630360085573e-06
 1.329115705081807e-08
 2.800826002102274e-08
 6.650191750642168e-06
 0.0001317430640692364
 3.477643962903522e-05
 0.0001651807569481961
 3.961561970729866e-06
 3.526916312189574e-08
 0.0001317430640692364
 2.387630360085573e-06
 8.925436942744483e-08
 5.155705287705595e-07
 0.0001396077627281348
 0.0009032635654886473
 3.477643962903522e-05
 0.0003951713060887168
 5.217801221320889e-05
 2.91172104525519e-07
 0.0002457783624683306
 0.0007495321847961093
 8.925436942744483e-08
 9.761016059613331e-07
 0.0001396077627281348
 0.003129405835176425
 3.477643962903522e-05
 0.003129405835176425
 5.217801221320889e-05
 7.840125830960793e-06
 0.0002457783624683306
 0.004167813214062265
 8.925436942744483e-08
 4.586893861677878e-06
 0.0001396077627281348
 0.03189369024729864
 3.477643962903522e-05
 0.003129405835176425
 5.217801221320889e-05
 7.840125830960793e-06
 0.0002457783624683306
 0.0007495321847961093
 1.329115705081807e-08
 4.586893861677878e-06
 0.00615237644676122
 0.03189369024729864
 3.477643962903522e-05
 0.005147688995330885
 5.217801221320889e-05
 7.840125830960793e-06
 0.005147688995330885
 0.0007495321847961093
 8.925436942744483e-08
 9.761016059613331e-07
 0.00615237644676122
 0.03189369024729864
 3.477643962903522e-05
 0.003129405835176425
 5.217801221320889e-05
 7.840125830960793e-06
 0.005147688995330885
 0.0007495321847961093
 1.329115705081807e-08
 9.761016059613331e-07
 0.00615237644676122
 0.03189369024729864
 3.477643962903522e-05
 0.003129405835176425
 0.005147688995330885
 7.840125830960793e-06
 0.005147688995330885
 0.0007495321847961093
 8.925436942744483e-08
 9.761016059613331e-07
 0.00615237644676122
 0.03189369024729864
 0
 0.003129405835176425
 0.005147688995330885
 0.03189369024729864
 0.005147688995330885
 0.0007495321847961093
 1.329115705081807e-08
 1.964515106349969e-06
 0.00615237644676122
 0.03189369024729864
 0
 0.003129405835176425
 0.005147688995330885
 0.03189369024729864
 0.005147688995330885
 0.0007495321847961093
 1.562246752164579e-06
 0.0003079983083061062
 0.03189369024729864
 0.03189369024729864
 0
 0.005147688995330885
 0.005147688995330885
 0.03189369024729864
 0.005147688995330885
 0
 1.151369756410021e-05
 0.0003079983083061062
 0.03189369024729864
 0
 0
 0.005147688995330885
 0.005147688995330885
 0.03189369024729864
 0.005147688995330885
 0
 1.151369756410021e-05
 0.0003079983083061062
 0.03189369024729864
 0
 0
 0.005147688995330885
 0.005147688995330885
 0.03189369024729864
 0
 0
 1.831248934041814e-05
 0.004167813214062265
 0.03189369024729864
 0
 0
 0.003129405835176425
 0.005147688995330885
 0.03189369024729864
 0
 0
 1.151369756410021e-05
 0.0003079983083061062
 0.03189369024729864
 0
 0
 0.003129405835176425
 0
 0.03189369024729864
 0
 0
 1.831248934041814e-05
 0.004167813214062265
 0.03189369024729864
 0
 0
 0.003129405835176425
 0
 0
 0
 0
 1.831248934041814e-05
 0.004167813214062265
 0.03189369024729864
 0
 0
 0.03189369024729864
 0
 0
 0
 0
 1.831248934041814e-05
 0.004167813214062265
 0
 0
 0
 0.03189369024729864
 0
 0
 0
 0
 1.831248934041814e-05
 0.004167813214062265
 0
 0
 0
 0.03189369024729864
 0
 0
 0
 0
 1.831248934041814e-05
 0.004167813214062265
 0
 0
 0
 0.03189369024729864
 0
 0
 0
 0
 1.831248934041814e-05
 0.004167813214062265
 0
 0
 0
 0.03189369024729864
 0
 0
 0
 0
 6.282803947891893e-05
 0.004167813214062265
 0
 0
 0
 0.03189369024729864
 0
 0
 0
 0
 0.0002457783624683306
 0
 0
 0
 0
 0.03189369024729864
 0
 0
 0
 0
 0.0002457783624683306
 0
 0
 0
 0
 0
 0
 0
 0
 0
 0.005147688995330885
 0
 0
 0
 0
 0
 0
 0
 0
 0
 0.005147688995330885
 0
 0
 0
 0
 0
 0
 0
 0
 0
 0.005147688995330885
 0
 0
 0
 0
 0
 0
 0
 0
 0
 0.005147688995330885
