# Created by Octave 3.2.4, Wed Feb 06 21:50:08 2013 EST <rbom@zaphod>
# name: small_First_Fit
# type: matrix
# ndims: 3
 1 10 30
 0.0009080513225220642
 0.0001241051276157476
 4.363599444981297e-08
 1.645082280734309e-06
 7.079013966908264e-06
 5.78305374315005e-06
 1.17806639947617e-07
 1.447626035573164e-06
 2.76569711295952e-07
 1.50496672577678e-05
 0.01226316468967532
 0.0001633336045548346
 3.874625318280504e-05
 2.230957195433022e-06
 0.0001924342155031656
 5.78305374315005e-06
 9.622950150021498e-06
 0.000290265880345753
 0.000145200777759053
 8.483829989977239e-05
 0.01226316468967532
 0.002416632571043219
 0.000298586773206831
 3.847324017426773e-05
 0.0001924342155031656
 1.224379514958639e-05
 0.000583290408156195
 0.008095823463916662
 0.0008782721811582244
 0.0002631964113177164
 0.01226316468967532
 0.003029884552402576
 0.0007981807886119344
 3.847324017426773e-05
 0.003968007914150136
 0.0001074897978117844
 0.01985763467363016
 0.008095823463916662
 0.001496602658024345
 0.0002631964113177164
 0.213007255035556
 0.05085822956339296
 0.0007981807886119344
 0.0475780611629675
 0.003968007914150136
 0.0001687209650219168
 0.01985763467363016
 0.1060976765189617
 0.001496602658024345
 0.0008049274171364429
 0.213007255035556
 0.1404523159221629
 0.002711867841453013
 0.7319923373345687
 0.0116308820916197
 0.0002617598863824635
 0.01985763467363016
 0.1060976765189617
 0.02356083470438684
 0.0008049274171364429
 0.3200205341018499
 0.1404523159221629
 0.006623854671043039
 0.7319923373345687
 0.016092285169757
 0.002165791492894073
 0.0503460187089778
 0.1060976765189617
 0.08575621139215565
 0.008131339307502455
 0.3200205341018499
 0.1404523159221629
 0.006623854671043039
 0.7319923373345687
 0.03685101472648315
 0.002165791492894073
 0.04675187012077717
 0.2852644958518679
 0.08575621139215565
 0.008131339307502455
 0.3200205341018499
 0.3013115364865184
 0.01683696054286679
 0.7319923373345687
 0.016092285169757
 0.03126526357362027
 0.02031353804243303
 0.2852644958518679
 0.08575621139215565
 0.008131339307502455
 0.3200205341018499
 0.1404523159221629
 0.01683696054286679
 0.7319923373345687
 0.04832471743608748
 0.2121509856251201
 0.02031353804243303
 0.2852644958518679
 0.08575621139215565
 0.008131339307502455
 0.744540222142644
 0.2852644958518679
 0.02633404514489998
 0.8881839351682818
 0.04832471743608748
 0.2191789377614755
 0.4047889094465616
 0.2852644958518679
 0.2745677854027622
 0.02017425413746609
 0.744540222142644
 0.1404523159221629
 0.03068205127138922
 0.8881839351682818
 0.04832471743608748
 0.5568338648563831
 0.01985763467363016
 0.3200205341018499
 0.2745677854027622
 0.05717980379053544
 0.744540222142644
 0.1404523159221629
 0.4183997325728037
 0.8881839351682818
 0.04832471743608748
 0.2191789377614755
 0.0503460187089778
 0.631040984016524
 0.2745677854027622
 0.2120319266957589
 0.744540222142644
 0.3527542963826539
 0.6400412780931857
 0.8881839351682818
 0.04832471743608748
 0.5568338648563831
 0.01985763467363016
 0.631040984016524
 0.2745677854027622
 0.4230776565015913
 0.744540222142644
 0.1404523159221629
 0.6400412780931857
 0.8881839351682818
 0.04832471743608748
 0.2456735904269844
 0.01985763467363016
 0.631040984016524
 0.2745677854027622
 0.4230776565015913
 0.744540222142644
 0.2884567853255235
 0.6400412780931857
 0.7319923373345687
 0.5890617028427372
 0.2456735904269844
 0.0503460187089778
 0.631040984016524
 0.5890617028427372
 0.5274094286884645
 0.744540222142644
 0.2884567853255235
 0.6400412780931857
 0.7319923373345687
 0.5890617028427372
 0.2456735904269844
 0.0503460187089778
 0.631040984016524
 0.5890617028427372
 0.5274094286884645
 0
 0.2884567853255235
 0.6400412780931857
 0
 0.5890617028427372
 0.2456735904269844
 0.0503460187089778
 0.631040984016524
 0.5890617028427372
 0.5274094286884645
 0
 0.3013115364865184
 0.6400412780931857
 0
 0.5890617028427372
 0.2456735904269844
 0.0503460187089778
 0.631040984016524
 0.6400412780931857
 0.5274094286884645
 0
 0.2884567853255235
 0.6400412780931857
 0
 0.5890617028427372
 0.2456735904269844
 0.0503460187089778
 0
 0.6400412780931857
 0.6488357513563752
 0
 0.3527542963826539
 0
 0
 0.6400412780931857
 0
 0.0503460187089778
 0
 0.6400412780931857
 0.6488357513563752
 0
 0.3527542963826539
 0
 0
 0.5890617028427372
 0
 0.0503460187089778
 0
 0.6400412780931857
 0.6488357513563752
 0
 0.3527542963826539
 0
 0
 0.5890617028427372
 0
 0
 0
 0.6400412780931857
 0.6488357513563752
 0
 0.3527542963826539
 0
 0
 0.5890617028427372
 0
 0
 0
 0.6400412780931857
 0.6488357513563752
 0
 0.3527542963826539
 0
 0
 0.5890617028427372
 0
 0
 0
 0.6400412780931857
 0.6488357513563752
 0
 0.3527542963826539
 0
 0
 0.5890617028427372
 0
 0
 0
 0
 0.6488357513563752
 0
 0.3527542963826539
 0
 0
 0.5890617028427372
 0
 0
 0
 0
 0
 0
 0
 0
 0
 0
 0
 0
 0
 0
 0
 0
 0
 0
 0
 0
 0
 0
 0
 0
 0
 0
 0
 0
 0
 0
 0
 0
 0
 0
 0
