# Created by Octave 3.2.4, Thu Feb 07 08:00:44 2013 EST <rbom@zaphod>
# name: small_First_Fit
# type: matrix
# ndims: 3
 1 10 30
 3.818588850685109e-16
 8.827422710899894e-19
 1.169566536702728e-17
 2.522107076919957e-17
 5.24277417629056e-13
 3.309074155690157e-16
 7.6396948461141e-17
 2.538332130237644e-16
 1.55827335002168e-20
 3.580509316372821e-16
 3.818588850685109e-16
 5.987782894088705e-16
 1.649491542199925e-12
 6.470766480635154e-14
 8.084808141928159e-11
 3.741038057131368e-14
 2.305152773586156e-14
 1.700459401461033e-13
 2.412475336077805e-11
 3.580509316372821e-16
 1.049319483443148e-13
 8.161326100239422e-15
 1.799079503152621e-09
 5.586206396867319e-12
 8.084808141928159e-11
 3.741038057131368e-14
 3.520220660942706e-11
 1.700459401461033e-13
 1.661837495069293e-08
 3.580509316372821e-16
 2.116816266383455e-12
 5.912844857983682e-12
 1.379872904201376e-07
 5.517870866418056e-10
 3.22955342125927e-09
 3.06823673636118e-12
 2.178593729276777e-08
 1.400624936589071e-11
 1.661837495069293e-08
 3.580509316372821e-16
 5.803822741609886e-10
 1.406905654748774e-09
 3.561236633523413e-06
 5.517870866418056e-10
 3.22955342125927e-09
 1.520616939680835e-10
 6.420953969864575e-06
 1.400624936589071e-11
 1.661837495069293e-08
 4.21872458493723e-14
 2.778587276541915e-07
 3.979772371956284e-08
 3.561236633523413e-06
 4.676808037881369e-07
 5.652380650858956e-09
 1.434575188269722e-08
 6.420953969864575e-06
 1.400624936589071e-11
 1.105669404540443e-07
 4.21872458493723e-14
 2.778587276541915e-07
 3.979772371956284e-08
 3.561236633523413e-06
 3.842962297364701e-05
 5.652380650858956e-09
 7.635795899267502e-07
 6.420953969864575e-06
 7.108412545996877e-08
 1.105669404540443e-07
 4.21872458493723e-14
 1.120199625769658e-06
 3.979772371956284e-08
 3.561236633523413e-06
 3.842962297364701e-05
 5.652380650858956e-09
 3.252515645134547e-05
 6.420953969864575e-06
 3.249554274263188e-05
 1.105669404540443e-07
 4.21872458493723e-14
 0.0001508780076405203
 2.755783133003746e-06
 3.561236633523413e-06
 3.842962297364701e-05
 5.652380650858956e-09
 3.252515645134547e-05
 0.003923025087466599
 3.249554274263188e-05
 1.105669404540443e-07
 1.081659363237793e-10
 0.0001508780076405203
 2.755783133003746e-06
 3.561236633523413e-06
 3.842962297364701e-05
 3.638589622724351e-07
 3.252515645134547e-05
 0.003923025087466599
 0.003923025087466599
 1.105669404540443e-07
 1.09510724404938e-08
 0.0001508780076405203
 2.755783133003746e-06
 3.561236633523413e-06
 3.842962297364701e-05
 3.638589622724351e-07
 3.252515645134547e-05
 0.003923025087466599
 0.003923025087466599
 1.105669404540443e-07
 7.028071460813902e-07
 0.0001508780076405203
 2.755783133003746e-06
 0
 3.842962297364701e-05
 3.638589622724351e-07
 3.252515645134547e-05
 0.003923025087466599
 0.003923025087466599
 4.221483973142628e-06
 7.028071460813902e-07
 0.0001508780076405203
 2.755783133003746e-06
 0
 3.842962297364701e-05
 3.638589622724351e-07
 3.252515645134547e-05
 0.003923025087466599
 0.003923025087466599
 4.221483973142628e-06
 1.222368250314958e-05
 0.003923025087466599
 2.755783133003746e-06
 0
 0
 3.638589622724351e-07
 3.252515645134547e-05
 0.003923025087466599
 0.003923025087466599
 4.221483973142628e-06
 1.222368250314958e-05
 0.003923025087466599
 2.755783133003746e-06
 0
 0
 3.638589622724351e-07
 0
 0.003923025087466599
 0.003923025087466599
 6.420953969864575e-06
 1.222368250314958e-05
 0.003923025087466599
 0
 0
 0
 3.638589622724351e-07
 0
 0
 0.003923025087466599
 4.221483973142628e-06
 1.222368250314958e-05
 0.003923025087466599
 0
 0
 0
 0
 0
 0
 0
 4.221483973142628e-06
 1.222368250314958e-05
 0.003923025087466599
 0
 0
 0
 0
 0
 0
 0
 4.221483973142628e-06
 1.222368250314958e-05
 0.003923025087466599
 0
 0
 0
 0
 0
 0
 0
 4.221483973142628e-06
 1.222368250314958e-05
 0.003923025087466599
 0
 0
 0
 0
 0
 0
 0
 4.221483973142628e-06
 0
 0
 0
 0
 0
 0
 0
 0
 0
 4.221483973142628e-06
 0
 0
 0
 0
 0
 0
 0
 0
 0
 0
 0
 0
 0
 0
 0
 0
 0
 0
 0
 0
 0
 0
 0
 0
 0
 0
 0
 0
 0
 0
 0
 0
 0
 0
 0
 0
 0
 0
 0
 0
 0
 0
 0
 0
 0
 0
 0
 0
 0
 0
 0
 0
 0
 0
 0
 0
 0
 0
 0
 0
 0
 0
 0
 0
 0
 0
 0
 0
 0
 0
 0
 0
 0
 0
 0
 0
 0
 0
 0
 0
 0
 0
 0
 0
 0
 0
 0
 0
 0
 0
 0
