# Created by Octave 3.2.4, Wed Feb 06 04:54:03 2013 EST <rbom@zaphod>
# name: small_First_Fit
# type: matrix
# ndims: 3
 1 10 30
 1.496974562274157e-18
 9.738972748311055e-15
 1.632198878774131e-09
 5.924729379063213e-16
 8.267328640130545e-14
 4.924682411378832e-14
 8.0832367883052e-15
 3.584429462110403e-18
 1.267677712474754e-15
 3.526457906136071e-13
 1.43608017209187e-16
 9.738972748311055e-15
 2.056843314180775e-07
 1.711485382278155e-11
 8.267328640130545e-14
 5.736010480439735e-12
 1.615352273999993e-08
 8.38271679219001e-15
 3.64148964273069e-12
 4.480555864416041e-11
 1.308417504668633e-14
 1.029762736301089e-11
 2.056843314180775e-07
 7.082055861570654e-10
 8.267328640130545e-14
 4.213499677859856e-10
 1.937323757763748e-07
 1.815424248919587e-12
 1.033107500587434e-09
 3.478748191485658e-09
 1.477333676490695e-13
 2.186250573456525e-09
 0.0001367731838599382
 7.082055861570654e-10
 1.717661623714139e-11
 4.213499677859856e-10
 9.388381674602672e-06
 3.596115909957912e-10
 6.821468262221458e-08
 3.478748191485658e-09
 1.477333676490695e-13
 2.018750279113845e-07
 0.0001367731838599382
 7.082055861570654e-10
 7.22350192979775e-08
 2.366780877348418e-07
 0.0007935552651201617
 1.929848012716519e-08
 6.821468262221458e-08
 3.872370231129355e-05
 1.477333676490695e-13
 1.073138927904278e-05
 0.0001367731838599382
 7.082055861570654e-10
 9.037049624422637e-06
 2.366780877348418e-07
 0.006398564522467681
 1.929848012716519e-08
 1.336879766509962e-05
 0.006398564522467681
 2.801062148421084e-10
 0.0007897003407702751
 0.0001367731838599382
 7.082055861570654e-10
 9.037049624422637e-06
 2.366780877348418e-07
 0.006398564522467681
 5.040930412569297e-07
 1.336879766509962e-05
 0.006398564522467681
 4.628400264145452e-08
 0.0007897003407702751
 0.0001367731838599382
 7.082055861570654e-10
 9.037049624422637e-06
 2.366780877348418e-07
 0.01854409775754473
 5.040930412569297e-07
 1.336879766509962e-05
 0.006398564522467681
 3.326478516136477e-06
 0.0007897003407702751
 0.0001367731838599382
 1.283887689769505e-07
 0.0001104640612036743
 0.0001300071359750243
 0.006398564522467681
 8.282865634956246e-06
 1.336879766509962e-05
 0.006398564522467681
 3.326478516136477e-06
 0.01854409775754473
 0.0001367731838599382
 1.679797047685259e-05
 0.0001104640612036743
 0.0001300071359750243
 0.006398564522467681
 0.0005765304252365563
 1.336879766509962e-05
 0.006398564522467681
 3.326478516136477e-06
 0.01854409775754473
 0
 1.679797047685259e-05
 0.0001104640612036743
 0.0001300071359750243
 0.006398564522467681
 0.0005765304252365563
 1.336879766509962e-05
 0.01854409775754473
 3.326478516136477e-06
 0.01854409775754473
 0
 1.679797047685259e-05
 0.0001104640612036743
 0.0001300071359750243
 0.006398564522467681
 0.0005765304252365563
 1.336879766509962e-05
 0.01854409775754473
 3.326478516136477e-06
 0.01854409775754473
 0
 3.03142422813079e-05
 0.0001104640612036743
 0.0001300071359750243
 0.006398564522467681
 0.0005765304252365563
 0
 0.006398564522467681
 3.326478516136477e-06
 0.01854409775754473
 0
 3.03142422813079e-05
 0.0001104640612036743
 0.0001300071359750243
 0.01854409775754473
 0.0005765304252365563
 0
 0.006398564522467681
 2.343141444328957e-05
 0.01854409775754473
 0
 3.03142422813079e-05
 0.0001104640612036743
 0.0001300071359750243
 0.01854409775754473
 0.0005765304252365563
 0
 0.006398564522467681
 2.343141444328957e-05
 0.01854409775754473
 0
 3.03142422813079e-05
 0
 0
 0.01854409775754473
 0.0005765304252365563
 0
 0.006398564522467681
 2.343141444328957e-05
 0
 0
 3.03142422813079e-05
 0
 0
 0.01854409775754473
 0
 0
 0.01854409775754473
 0.01854409775754473
 0
 0
 3.03142422813079e-05
 0
 0
 0.01854409775754473
 0
 0
 0.01854409775754473
 0.01854409775754473
 0
 0
 3.03142422813079e-05
 0
 0
 0.01854409775754473
 0
 0
 0.01854409775754473
 0.01854409775754473
 0
 0
 0
 0
 0
 0.01854409775754473
 0
 0
 0.01854409775754473
 0.01854409775754473
 0
 0
 0
 0
 0
 0
 0
 0
 0.01854409775754473
 0.01854409775754473
 0
 0
 0
 0
 0
 0
 0
 0
 0.01854409775754473
 0.01854409775754473
 0
 0
 0
 0
 0
 0
 0
 0
 0.01854409775754473
 0.01854409775754473
 0
 0
 0
 0
 0
 0
 0
 0
 0
 0
 0
 0
 0
 0
 0
 0
 0
 0
 0
 0
 0
 0
 0
 0
 0
 0
 0
 0
 0
 0
 0
 0
 0
 0
 0
 0
 0
 0
 0
 0
 0
 0
 0
 0
 0
 0
 0
 0
 0
 0
 0
 0
 0
 0
 0
 0
 0
 0
 0
 0
 0
 0
 0
 0
 0
 0
 0
 0
 0
