# Created by Octave 3.2.4, Tue Feb 05 08:05:42 2013 EST <rbom@zaphod>
# name: small_First_Fit
# type: matrix
# ndims: 3
 1 10 30
 7.607269409201702e-19
 4.663030496070135e-13
 1.908372264542941e-17
 3.269761177137463e-17
 9.192072431675601e-17
 3.914230078531109e-13
 1.319784681829946e-09
 2.162775213169807e-16
 5.983568398756318e-15
 9.293044162300716e-13
 4.903264779218509e-13
 5.875088469202691e-11
 2.275957427299065e-07
 1.625803955127141e-09
 3.894261125306845e-14
 6.901386003361195e-12
 1.319784681829946e-09
 4.82493265475231e-12
 6.883418202610239e-13
 6.342963347750931e-11
 2.367276647044673e-09
 2.357504972398832e-09
 3.247486293383046e-05
 1.545461330457081e-08
 6.405751209641302e-12
 2.075456912045352e-11
 1.319784681829946e-09
 4.82493265475231e-12
 2.239347718138767e-10
 3.386142312292556e-09
 2.669706697033975e-08
 2.357504972398832e-09
 3.247486293383046e-05
 6.059499724646406e-07
 2.457666019201766e-10
 1.611789317358906e-07
 1.465030390605861e-05
 1.258603891413428e-07
 5.750809778618554e-09
 4.806173911388527e-07
 8.573381019600935e-07
 2.503897015075985e-07
 3.247486293383046e-05
 3.932177114236523e-06
 1.469352360948058e-06
 1.851321763528348e-05
 0.001212259755897485
 2.072772361059025e-05
 5.927202337509999e-08
 1.754046176648013e-05
 6.744920644947393e-06
 2.503897015075985e-07
 3.247486293383046e-05
 3.973243549529955e-06
 0.0001413245148422443
 1.851321763528348e-05
 0.001212259755897485
 2.072772361059025e-05
 2.298528288132413e-06
 5.980465860224201e-05
 6.744920644947393e-06
 8.490203621874548e-06
 3.247486293383046e-05
 3.932177114236523e-06
 0.0008361166208874179
 1.851321763528348e-05
 0.001212259755897485
 2.072772361059025e-05
 0.0002591364569872477
 5.980465860224201e-05
 6.744920644947393e-06
 8.490203621874548e-06
 3.247486293383046e-05
 3.932177114236523e-06
 0.001199259595170663
 1.851321763528348e-05
 0.001212259755897485
 2.072772361059025e-05
 0.0002591364569872477
 5.980465860224201e-05
 0.0001758898724267708
 8.638381594559085e-05
 3.247486293383046e-05
 0.000319633864889649
 0.007084366306129015
 1.851321763528348e-05
 0.004488472898465913
 0.007084366306129015
 0.0002591364569872477
 8.933807881237652e-05
 0.0001758898724267708
 8.638381594559085e-05
 3.247486293383046e-05
 0.000319633864889649
 0.007084366306129015
 1.851321763528348e-05
 0.004488472898465913
 0.007084366306129015
 0.0002591364569872477
 8.933807881237652e-05
 0.0001758898724267708
 8.638381594559085e-05
 0
 0.000319633864889649
 0.004488472898465913
 1.851321763528348e-05
 0.004488472898465913
 0.007084366306129015
 0.0002591364569872477
 5.980465860224201e-05
 0.0001758898724267708
 8.638381594559085e-05
 0
 0.000319633864889649
 0.007084366306129015
 0
 0.004488472898465913
 0.007084366306129015
 0.0002591364569872477
 8.933807881237652e-05
 0.0001758898724267708
 8.638381594559085e-05
 0
 0.004488472898465913
 0.007084366306129015
 0
 0.004488472898465913
 0.007084366306129015
 0.0002591364569872477
 0.0001360020721820396
 0.0001758898724267708
 8.638381594559085e-05
 0
 0.004488472898465913
 0.004488472898465913
 0
 0.004488472898465913
 0.007084366306129015
 0
 0.0001702336759595107
 0.0001758898724267708
 8.638381594559085e-05
 0
 0.004488472898465913
 0.004488472898465913
 0
 0.004488472898465913
 0.007084366306129015
 0
 0.0001702336759595107
 0
 0
 0
 0.004488472898465913
 0.004488472898465913
 0
 0
 0
 0
 0.0001702336759595107
 0
 0
 0
 0.004488472898465913
 0.004488472898465913
 0
 0
 0
 0
 0.0001702336759595107
 0
 0
 0
 0.004488472898465913
 0.004488472898465913
 0
 0
 0
 0
 0.0001702336759595107
 0
 0
 0
 0.004488472898465913
 0
 0
 0
 0
 0
 0.0001702336759595107
 0
 0
 0
 0
 0
 0
 0
 0
 0
 0.0001702336759595107
 0
 0
 0
 0
 0
 0
 0
 0
 0
 0
 0
 0
 0
 0
 0
 0
 0
 0
 0
 0
 0
 0
 0
 0
 0
 0
 0
 0
 0
 0
 0
 0
 0
 0
 0
 0
 0
 0
 0
 0
 0
 0
 0
 0
 0
 0
 0
 0
 0
 0
 0
 0
 0
 0
 0
 0
 0
 0
 0
 0
 0
 0
 0
 0
 0
 0
 0
 0
 0
 0
 0
 0
 0
 0
 0
 0
 0
 0
 0
 0
 0
 0
 0
 0
 0
 0
 0
 0
 0
 0
 0
 0
 0
 0
 0
 0
 0
 0
 0
 0
