# Created by Octave 3.2.4, Wed Feb 06 01:14:29 2013 EST <rbom@zaphod>
# name: small_First_Fit
# type: matrix
# ndims: 3
 1 10 30
 5.953685285207262e-10
 6.209006591678566e-09
 1.702246020974515e-09
 2.278036413775749e-13
 4.667621340051459e-13
 7.492725063651974e-13
 7.638825443740594e-16
 2.005479604818594e-11
 1.242480567814518e-11
 1.929363928050069e-14
 2.99756190797589e-07
 3.709451463421387e-08
 1.702246020974515e-09
 4.007523247847368e-10
 4.667621340051459e-13
 7.477780613481056e-08
 8.070842852049131e-11
 2.005479604818594e-11
 1.242480567814518e-11
 8.923493568320438e-09
 2.99756190797589e-07
 3.709451463421387e-08
 1.702246020974515e-09
 2.028122724495052e-08
 1.677086016657534e-10
 3.381231781304406e-06
 1.41636566720993e-09
 1.112142945308297e-08
 1.42808225168618e-08
 8.923493568320438e-09
 9.018985017887928e-07
 3.709451463421387e-08
 4.364327834615847e-07
 7.692714931034343e-06
 2.169550755856405e-09
 0.0002461745391654555
 1.020727937469554e-07
 1.742797907818917e-07
 6.758130494188228e-07
 3.039642680947339e-06
 9.018985017887928e-07
 1.973334763851764e-06
 4.364327834615847e-07
 0.0001258931935747349
 3.045589464748587e-09
 0.0002461745391654555
 1.020727937469554e-07
 1.742797907818917e-07
 6.758130494188228e-07
 2.86962674339778e-05
 4.043765186852206e-06
 1.973334763851764e-06
 6.738755139407853e-06
 0.001576542853226548
 3.045589464748587e-09
 0.0002461745391654555
 1.020727937469554e-07
 7.929705305300038e-07
 6.122051362426075e-06
 2.86962674339778e-05
 1.14722912494694e-05
 1.973334763851764e-06
 4.364327834615847e-07
 0.001576542853226548
 4.839129867254806e-07
 0.0002461745391654555
 1.790854729416689e-06
 1.26324799049364e-06
 0.000789228705192341
 2.86962674339778e-05
 3.229968415734124e-05
 1.973334763851764e-06
 4.364327834615847e-07
 0.001576542853226548
 4.839129867254806e-07
 0.000789228705192341
 1.790854729416689e-06
 1.26324799049364e-06
 0.000789228705192341
 2.86962674339778e-05
 1.14722912494694e-05
 1.973334763851764e-06
 5.111591470702694e-05
 0.001576542853226548
 4.839129867254806e-07
 0.000789228705192341
 1.744343497724279e-05
 5.747609131086659e-06
 0.000789228705192341
 0.0002266755363622793
 0.0002607504407738148
 1.973334763851764e-06
 5.111591470702694e-05
 0.001576542853226548
 3.760937826473213e-06
 0.000789228705192341
 1.744343497724279e-05
 0.0001134222607789882
 0.000789228705192341
 0.0002266755363622793
 0.0002607504407738148
 1.973334763851764e-06
 0.0001021020569555542
 0.001576542853226548
 0.0002182379427270448
 0.000789228705192341
 1.39997301311347e-05
 0.0001134222607789882
 0.000789228705192341
 0.0002266755363622793
 0.0002607504407738148
 0
 0.000789228705192341
 0.001576542853226548
 0.001142736142478548
 0.000789228705192341
 0.0002141701613417623
 0.0001134222607789882
 0.000789228705192341
 0.0002266755363622793
 0.0002607504407738148
 0
 0.000789228705192341
 0
 0.001142736142478548
 0.000789228705192341
 0.0002141701613417623
 0.0001134222607789882
 0.000789228705192341
 0.0002266755363622793
 0.0002607504407738148
 0
 0.000789228705192341
 0
 0.001142736142478548
 0.000789228705192341
 0.0002141701613417623
 0.0003562091305495491
 0
 0.0002266755363622793
 0.0002607504407738148
 0
 0.001576542853226548
 0
 0.001142736142478548
 0
 0.001576542853226548
 0.0003562091305495491
 0
 0.0002266755363622793
 0.0002607504407738148
 0
 0.001576542853226548
 0
 0.001142736142478548
 0
 0.001576542853226548
 0.0003562091305495491
 0
 0
 0
 0
 0.001576542853226548
 0
 0.001142736142478548
 0
 0.001576542853226548
 0.0003611736187991752
 0
 0
 0
 0
 0.001576542853226548
 0
 0.001142736142478548
 0
 0.001576542853226548
 0.0003611736187991752
 0
 0
 0
 0
 0.001576542853226548
 0
 0
 0
 0.001576542853226548
 0.0003611736187991752
 0
 0
 0
 0
 0.001576542853226548
 0
 0
 0
 0.001576542853226548
 0.0003562091305495491
 0
 0
 0
 0
 0.001576542853226548
 0
 0
 0
 0.001576542853226548
 0.0004676825608253877
 0
 0
 0
 0
 0
 0
 0
 0
 0
 0.0004676825608253877
 0
 0
 0
 0
 0
 0
 0
 0
 0
 0.0004676825608253877
 0
 0
 0
 0
 0
 0
 0
 0
 0
 0.0004676825608253877
 0
 0
 0
 0
 0
 0
 0
 0
 0
 0.0004676825608253877
 0
 0
 0
 0
 0
 0
 0
 0
 0
 0.0004676825608253877
 0
 0
 0
 0
 0
 0
 0
 0
 0
 0.0004676825608253877
 0
 0
 0
 0
 0
 0
 0
 0
 0
 0
 0
 0
 0
 0
 0
 0
 0
 0
 0
 0
 0
 0
 0
 0
 0
 0
 0
 0
 0
 0
 0
 0
