# Created by Octave 3.2.4, Tue Feb 05 23:36:42 2013 EST <rbom@zaphod>
# name: small_First_Fit
# type: matrix
# ndims: 3
 1 10 30
 5.282519242786078e-16
 4.218424930809536e-18
 1.369642801181057e-13
 2.036693753960213e-15
 3.175597672461205e-13
 7.599695761288878e-14
 2.840451610013307e-16
 2.159437795695743e-13
 3.530520715677781e-17
 8.624739419041658e-18
 5.282519242786078e-16
 7.386933035199842e-15
 1.369642801181057e-13
 2.968033293763851e-12
 2.467511998892132e-08
 8.655788185061736e-12
 4.133518216662356e-14
 8.959517664059704e-12
 1.326666417644104e-13
 1.332704591516975e-13
 7.072664423490091e-14
 9.940833846199724e-12
 6.631178780481917e-12
 2.43339909382083e-08
 2.467511998892132e-08
 2.325587561766498e-10
 1.440036431626909e-10
 8.959517664059704e-12
 2.292521548899072e-10
 1.732459338851544e-11
 2.878372455567611e-12
 3.562362859492203e-08
 1.864155682996786e-11
 1.084980541461973e-05
 2.467511998892132e-08
 4.561935662760423e-08
 1.440036431626909e-10
 1.027881834462652e-09
 2.914296197252517e-07
 1.732459338851544e-11
 2.378405994548682e-10
 3.562362859492203e-08
 1.864155682996786e-11
 1.084980541461973e-05
 2.467511998892132e-08
 0.002412584720629084
 1.440036431626909e-10
 1.605051181010103e-06
 2.914296197252517e-07
 1.423916233906619e-08
 2.378405994548682e-10
 1.541860850413791e-07
 5.275994859183898e-09
 1.084980541461973e-05
 2.028891633185491e-06
 0.0111261377349572
 3.502405275129648e-09
 1.605051181010103e-06
 1.26017072201972e-05
 1.998057869822488e-07
 2.378405994548682e-10
 1.541860850413791e-07
 4.112065199721782e-07
 1.084980541461973e-05
 7.932325556048822e-05
 0.0111261377349572
 3.502405275129648e-09
 1.605051181010103e-06
 4.140458677549887e-05
 1.188678819992825e-06
 2.378405994548682e-10
 4.694926023091036e-06
 4.112065199721782e-07
 1.084980541461973e-05
 0.0003154741126658634
 0.0111261377349572
 3.502405275129648e-09
 1.605051181010103e-06
 4.140458677549887e-05
 4.86661490787592e-05
 1.583440166542465e-07
 4.694926023091036e-06
 8.94652529254685e-06
 1.084980541461973e-05
 0.0003154741126658634
 0.0111261377349572
 3.502405275129648e-09
 1.605051181010103e-06
 4.140458677549887e-05
 0.0005366915359480698
 0.0001149621661921635
 4.694926023091036e-06
 8.94652529254685e-06
 1.084980541461973e-05
 0.0003154741126658634
 0.0111261377349572
 3.502405275129648e-09
 1.605051181010103e-06
 4.140458677549887e-05
 0.002351154668818824
 0.0001149621661921635
 0.0003154741126658634
 8.94652529254685e-06
 0
 0.0003154741126658634
 0.0111261377349572
 5.293394576552254e-06
 0.0003851267441807347
 4.140458677549887e-05
 0.002351154668818824
 0.002351154668818824
 0.0003154741126658634
 8.94652529254685e-06
 0
 0.0003154741126658634
 0.0111261377349572
 5.293394576552254e-06
 0.0003851267441807347
 0.0003851267441807347
 0.005630669269182677
 0.002351154668818824
 0.0003154741126658634
 8.94652529254685e-06
 0
 0.0003154741126658634
 0
 5.293394576552254e-06
 0.0003851267441807347
 0.0003851267441807347
 0.002351154668818824
 0.002351154668818824
 0.0003154741126658634
 0.002351154668818824
 0
 0.0003154741126658634
 0
 5.293394576552254e-06
 0.0003851267441807347
 0.0003851267441807347
 0.005630669269182677
 0.005630669269182677
 0.0003154741126658634
 0.005630669269182677
 0
 0
 0
 5.293394576552254e-06
 0.0003851267441807347
 0.0003851267441807347
 0.005630669269182677
 0.002351154668818824
 0.0003154741126658634
 0.005630669269182677
 0
 0
 0
 0.001285260270680466
 0.0003851267441807347
 0.0003851267441807347
 0.005630669269182677
 0.002351154668818824
 0.0003154741126658634
 0.005630669269182677
 0
 0
 0
 0.001285260270680466
 0.0003851267441807347
 0.0003851267441807347
 0.005630669269182677
 0.002351154668818824
 0
 0.005630669269182677
 0
 0
 0
 0.001285260270680466
 0
 0.0003851267441807347
 0.005630669269182677
 0.002351154668818824
 0
 0.005630669269182677
 0
 0
 0
 0.001285260270680466
 0
 0
 0.005630669269182677
 0.002351154668818824
 0
 0.005630669269182677
 0
 0
 0
 0.001285260270680466
 0
 0
 0.005630669269182677
 0.005630669269182677
 0
 0.005630669269182677
 0
 0
 0
 0.001285260270680466
 0
 0
 0
 0.005630669269182677
 0
 0
 0
 0
 0
 0.001285260270680466
 0
 0
 0
 0.005630669269182677
 0
 0
 0
 0
 0
 0
 0
 0
 0
 0.005630669269182677
 0
 0
 0
 0
 0
 0
 0
 0
 0
 0.005630669269182677
 0
 0
 0
 0
 0
 0
 0
 0
 0
 0.005630669269182677
 0
 0
 0
 0
 0
 0
 0
 0
 0
 0.005630669269182677
 0
 0
 0
 0
 0
 0
 0
 0
 0
 0
 0
 0
 0
 0
 0
 0
 0
 0
 0
 0
 0
 0
 0
 0
 0
 0
 0
 0
 0
 0
 0
 0
 0
 0
 0
 0
 0
 0
 0
