# Created by Octave 3.2.4, Thu Feb 07 04:44:17 2013 EST <rbom@zaphod>
# name: small_First_Fit
# type: matrix
# ndims: 3
 1 10 30
 8.035673605789137e-15
 2.40881066165361e-16
 5.785891361896265e-14
 7.730644263024515e-15
 1.751057537572971e-14
 1.214073617468932e-16
 3.752436308171137e-13
 1.366942158051261e-14
 4.373287839466482e-16
 1.422304954661473e-16
 2.220781982112838e-11
 7.615774420212961e-15
 1.700148398329492e-11
 1.156624408127869e-11
 9.825814263508723e-12
 3.410216854666201e-11
 4.836249558553243e-10
 2.528411966722263e-08
 1.004709967726614e-08
 1.834788614631547e-14
 1.346058041800372e-08
 2.428095652017796e-13
 9.116452307396028e-10
 1.156624408127869e-11
 2.238887162301569e-08
 3.410216854666201e-11
 2.330869818404632e-07
 2.528411966722263e-08
 2.196909492839682e-06
 5.498072319172153e-12
 7.38712367688666e-06
 7.195361603589969e-10
 7.568406712896575e-08
 7.904608648245174e-11
 2.238887162301569e-08
 1.396976467333363e-08
 2.330869818404632e-07
 2.528411966722263e-08
 0.005928780972589602
 9.624475168206236e-09
 7.38712367688666e-06
 3.838954530838656e-08
 7.568406712896575e-08
 6.85530486005103e-08
 1.92131142671403e-06
 8.627339211845374e-07
 2.330869818404632e-07
 1.908434476084889e-06
 0.005928780972589602
 7.854409792994234e-07
 7.38712367688666e-06
 1.30287479815379e-06
 0.0001927120528008959
 1.827697487008975e-05
 1.92131142671403e-06
 0.0002708174361689041
 1.245946041012112e-05
 1.197422783887011e-05
 0.005928780972589602
 3.919533498199648e-05
 7.38712367688666e-06
 1.30287479815379e-06
 0.0001927120528008959
 3.977252560726169e-05
 0.0001205946025607023
 0.0002708174361689041
 1.245946041012112e-05
 0.0009021116203460373
 0.005928780972589602
 0.0009404646026878318
 0.0004953958924220146
 0.002241256802967947
 0.0001927120528008959
 0.001653223186022316
 0.0001205946025607023
 0.005928780972589602
 1.245946041012112e-05
 0.001653223186022316
 0.005928780972589602
 0.0009404646026878318
 0.0004953958924220146
 0.002284717848084326
 0.003284472165860075
 0.003388725242137154
 0.0001205946025607023
 0.005928780972589602
 1.245946041012112e-05
 0.0009021116203460373
 0.005928780972589602
 0.0009404646026878318
 0.0004953958924220146
 0.002241256802967947
 0.003284472165860075
 0.003388725242137154
 0.0001205946025607023
 0.005928780972589602
 1.245946041012112e-05
 0.003284472165860075
 0.005928780972589602
 0.0009404646026878318
 0.0004953958924220146
 0.002284717848084326
 0.003284472165860075
 0.003388725242137154
 0.0001205946025607023
 0.005928780972589602
 1.245946041012112e-05
 0.001653223186022316
 0
 0.0009404646026878318
 0.000518020862049173
 0.002284717848084326
 0.003284472165860075
 0.003388725242137154
 0.0001205946025607023
 0.005928780972589602
 1.245946041012112e-05
 0.0009021116203460373
 0
 0.003952910557113518
 0.000518020862049173
 0.002284717848084326
 0.003284472165860075
 0.003388725242137154
 0.0001205946025607023
 0.005928780972589602
 0
 0.0009021116203460373
 0
 0.003952910557113518
 0.0004953958924220146
 0.002284717848084326
 0.003284472165860075
 0.003388725242137154
 0
 0.005928780972589602
 0
 0.0009021116203460373
 0
 0.003952910557113518
 0.0004953958924220146
 0.002241256802967947
 0.003284472165860075
 0.003388725242137154
 0
 0
 0
 0.0009021116203460373
 0
 0.003952910557113518
 0.0004953958924220146
 0.004566018202815362
 0
 0
 0
 0
 0
 0.0009021116203460373
 0
 0.003952910557113518
 0.0004953958924220146
 0.002241256802967947
 0
 0
 0
 0
 0
 0
 0
 0.003952910557113518
 0.0004953958924220146
 0.002241256802967947
 0
 0
 0
 0
 0
 0
 0
 0.003952910557113518
 0
 0.003388725242137154
 0
 0
 0
 0
 0
 0
 0
 0
 0
 0.003388725242137154
 0
 0
 0
 0
 0
 0
 0
 0
 0
 0.003388725242137154
 0
 0
 0
 0
 0
 0
 0
 0
 0
 0.004566018202815362
 0
 0
 0
 0
 0
 0
 0
 0
 0
 0.002241256802967947
 0
 0
 0
 0
 0
 0
 0
 0
 0
 0.002241256802967947
 0
 0
 0
 0
 0
 0
 0
 0
 0
 0.003388725242137154
 0
 0
 0
 0
 0
 0
 0
 0
 0
 0.003388725242137154
 0
 0
 0
 0
 0
 0
 0
 0
 0
 0.004566018202815362
 0
 0
 0
 0
 0
 0
 0
 0
 0
 0.004566018202815362
 0
 0
 0
 0
 0
 0
 0
 0
 0
 0.004566018202815362
 0
 0
 0
 0
 0
 0
 0
 0
 0
 0.003388725242137154
 0
 0
 0
 0
 0
 0
 0
 0
