# Created by Octave 3.2.4, Thu Feb 07 02:01:42 2013 EST <rbom@zaphod>
# name: small_First_Fit
# type: matrix
# ndims: 3
 1 10 30
 5.352035070949919e-11
 1.362428098678601e-15
 2.604812540988733e-12
 1.207720610472445e-11
 9.283950227502663e-15
 3.029896240637075e-15
 2.215207002668185e-15
 1.822008698472339e-16
 2.38759803585454e-12
 6.773144310342508e-14
 2.956589854411158e-08
 2.580166943992357e-13
 4.883099899130899e-09
 1.207720610472445e-11
 5.13124330609102e-12
 4.278489776563265e-08
 1.941591404008913e-13
 3.413772398284787e-13
 1.972317206836257e-11
 2.36989973459761e-10
 2.956589854411158e-08
 3.651711873245806e-10
 2.51382969491712e-07
 1.28295846058989e-10
 5.86721803297112e-11
 7.302436811773325e-05
 8.079471764806483e-12
 3.290458420250089e-11
 1.776673329326022e-09
 2.416362842730115e-08
 3.013758801347813e-06
 1.970375343548703e-09
 2.51382969491712e-07
 1.28295846058989e-10
 5.86721803297112e-11
 7.302436811773325e-05
 1.353937215284529e-08
 1.669900469139726e-07
 8.551268052134904e-08
 9.688416867829314e-07
 8.235082677311733e-05
 6.819347202598763e-07
 7.604003640837702e-07
 9.253361421714274e-08
 5.86721803297112e-11
 7.302436811773325e-05
 6.407514101036402e-06
 5.571309837229833e-06
 8.551268052134904e-08
 1.08989446438606e-05
 8.235082677311733e-05
 3.642469587046339e-05
 7.604003640837702e-07
 0.0001708222616030303
 2.897551519347126e-09
 7.302436811773325e-05
 6.407514101036402e-06
 5.571309837229833e-06
 8.551268052134904e-08
 1.08989446438606e-05
 8.235082677311733e-05
 3.642469587046339e-05
 2.606645055513866e-06
 0.0001708222616030303
 6.428941014834087e-06
 0.004937758725080279
 6.407514101036402e-06
 3.55365795563477e-05
 6.678709613624197e-07
 9.614696076545086e-05
 0.004746643589318971
 3.642469587046339e-05
 2.104529175936711e-05
 0.001005643494632451
 5.824342854522142e-05
 0.004937758725080279
 0.0005353533421566214
 3.55365795563477e-05
 6.678709613624197e-07
 0.0005608412211456687
 0.004746643589318971
 0.001529297076219713
 0.0002179311114304803
 0.0001708222616030303
 0.0004936976947643843
 0.004937758725080279
 0.001488164306832705
 0.001488164306832705
 6.678709613624197e-07
 0.002212454869249208
 0.004746643589318971
 0.001550706967972409
 0.0002179311114304803
 0.0001708222616030303
 0.001651562309108277
 0.004937758725080279
 0.001488164306832705
 0.001488164306832705
 6.678709613624197e-07
 0.002212454869249208
 0.004746643589318971
 0.001550706967972409
 0.001488164306832705
 0.0001708222616030303
 0.001651562309108277
 0.004937758725080279
 0.004746643589318971
 0.001488164306832705
 6.678709613624197e-07
 0.002212454869249208
 0.004746643589318971
 0.001550706967972409
 0.001488164306832705
 0.0001708222616030303
 0.001651562309108277
 0.004937758725080279
 0.004746643589318971
 0.001488164306832705
 6.678709613624197e-07
 0.002212454869249208
 0.004746643589318971
 0.001550706967972409
 0.001488164306832705
 0.0001708222616030303
 0.001651562309108277
 0.004937758725080279
 0.004746643589318971
 0.001488164306832705
 6.678709613624197e-07
 0.002212454869249208
 0.004746643589318971
 0.001550706967972409
 0.001488164306832705
 0.0001708222616030303
 0.001651562309108277
 0
 0.004746643589318971
 0.001488164306832705
 0
 0.002212454869249208
 0
 0.001651562309108277
 0.001488164306832705
 0
 0.001651562309108277
 0
 0.004746643589318971
 0.001488164306832705
 0
 0.002212454869249208
 0
 0.001550706967972409
 0.001488164306832705
 0
 0.001651562309108277
 0
 0.004746643589318971
 0
 0
 0
 0
 0.001550706967972409
 0.001488164306832705
 0
 0
 0
 0.004746643589318971
 0
 0
 0
 0
 0.001550706967972409
 0
 0
 0
 0
 0
 0
 0
 0
 0
 0.001550706967972409
 0
 0
 0
 0
 0
 0
 0
 0
 0
 0.001550706967972409
 0
 0
 0
 0
 0
 0
 0
 0
 0
 0.001550706967972409
 0
 0
 0
 0
 0
 0
 0
 0
 0
 0
 0
 0
 0
 0
 0
 0
 0
 0
 0
 0
 0
 0
 0
 0
 0
 0
 0
 0
 0
 0
 0
 0
 0
 0
 0
 0
 0
 0
 0
 0
 0
 0
 0
 0
 0
 0
 0
 0
 0
 0
 0
 0
 0
 0
 0
 0
 0
 0
 0
 0
 0
 0
 0
 0
 0
 0
 0
 0
 0
 0
 0
 0
 0
 0
 0
 0
 0
 0
 0
 0
 0
 0
 0
 0
 0
 0
 0
 0
 0
 0
 0
 0
 0
 0
 0
 0
 0
 0
