# Created by Octave 3.2.4, Wed Feb 06 05:46:00 2013 EST <rbom@zaphod>
# name: small_First_Fit
# type: matrix
# ndims: 3
 1 10 30
 4.981023150718799e-17
 2.133393175235633e-15
 9.389289806888378e-15
 6.021970164011906e-18
 2.280454753214354e-14
 2.114201356235829e-16
 5.295336483555113e-16
 8.995751145357548e-15
 2.074968553072019e-13
 1.556697589281023e-13
 7.725304852927694e-16
 2.478162827611349e-13
 1.141835142246788e-12
 2.16687087571822e-16
 2.282882956888063e-09
 3.246433826204168e-14
 8.690237020924826e-10
 1.476768457173127e-12
 1.540855058266753e-11
 1.550665874333587e-09
 1.986786729191855e-09
 4.735730690385335e-13
 1.141835142246788e-12
 3.809443872606198e-12
 2.282882956888063e-09
 7.613687114174075e-11
 8.690237020924826e-10
 1.197243379004908e-07
 1.840902092259356e-10
 1.550665874333587e-09
 2.484449256228295e-07
 1.737723171175449e-11
 2.031951510595669e-10
 2.347161436300838e-11
 2.936175789652155e-05
 7.613687114174075e-11
 6.312091609887479e-08
 8.495815318327233e-06
 1.840902092259356e-10
 5.8934407360392e-08
 9.361871839097363e-07
 6.701258649260803e-11
 1.363070855459346e-08
 2.290767601298732e-10
 2.936175789652155e-05
 2.681174919461315e-08
 6.312091609887479e-08
 2.280674606035764e-05
 1.840902092259356e-10
 2.882643247691274e-07
 3.04531931759392e-05
 3.041752788844735e-08
 1.363070855459346e-08
 2.290767601298732e-10
 2.936175789652155e-05
 2.681174919461315e-08
 6.312091609887479e-08
 8.072454581278563e-05
 1.840902092259356e-10
 2.424192278192529e-06
 3.04531931759392e-05
 1.337096331378143e-06
 1.363070855459346e-08
 2.847560629520571e-08
 2.936175789652155e-05
 2.100552786189811e-06
 6.312091609887479e-08
 1.320247319636493e-05
 1.110730946247111e-08
 1.87320658554132e-05
 3.04531931759392e-05
 1.337096331378143e-06
 1.363070855459346e-08
 4.062573985057623e-06
 2.936175789652155e-05
 2.100552786189811e-06
 1.37220718262691e-05
 1.320247319636493e-05
 0.0001636384256966192
 2.317358857676007e-05
 3.04531931759392e-05
 4.207267770417571e-05
 1.363070855459346e-08
 4.062573985057623e-06
 2.936175789652155e-05
 4.15808015137576e-06
 1.37220718262691e-05
 6.809334207022291e-05
 0.0001636384256966192
 2.317358857676007e-05
 3.04531931759392e-05
 4.207267770417571e-05
 1.157624984269182e-07
 4.062573985057623e-06
 0.003733503584561941
 0.0001556509438159564
 0.0002195710456123849
 0.0009712728305323892
 0.0004584339113753178
 2.317358857676007e-05
 8.457630778036871e-05
 4.207267770417571e-05
 1.157624984269182e-07
 4.062573985057623e-06
 0.003733503584561941
 0.0005250983120547353
 0.0002195710456123849
 0.007777098296623824
 0.007777098296623824
 2.317358857676007e-05
 8.457630778036871e-05
 4.207267770417571e-05
 1.157624984269182e-07
 0.0002840436117119472
 0.003733503584561941
 0.0005250983120547353
 0.0002195710456123849
 0.007777098296623824
 0.007777098296623824
 1.87320658554132e-05
 8.457630778036871e-05
 4.207267770417571e-05
 1.388599507472154e-06
 0.007777098296623824
 0.003733503584561941
 0.0005250983120547353
 0.007062245332597593
 0.007777098296623824
 0.007777098296623824
 1.87320658554132e-05
 0.007777098296623824
 4.207267770417571e-05
 1.388599507472154e-06
 0.007777098296623824
 0.003733503584561941
 0.007062245332597593
 0.007062245332597593
 0.007777098296623824
 0.007777098296623824
 1.87320658554132e-05
 0.007777098296623824
 4.207267770417571e-05
 1.08320761000487e-05
 0.007777098296623824
 0.003733503584561941
 0.007062245332597593
 0.007062245332597593
 0.007777098296623824
 0.007777098296623824
 0
 0.007777098296623824
 0
 3.046950490099154e-05
 0.007777098296623824
 0.003733503584561941
 0.007777098296623824
 0.007062245332597593
 0.007777098296623824
 0.007777098296623824
 0
 0.007777098296623824
 0
 3.046950490099154e-05
 0.007777098296623824
 0
 0.007777098296623824
 0.007777098296623824
 0.007777098296623824
 0.007777098296623824
 0
 0.007777098296623824
 0
 3.046950490099154e-05
 0.007777098296623824
 0
 0.007777098296623824
 0.007777098296623824
 0
 0
 0
 0.007777098296623824
 0
 3.046950490099154e-05
 0.007777098296623824
 0
 0.007777098296623824
 0.007777098296623824
 0
 0
 0
 0.007777098296623824
 0
 3.046950490099154e-05
 0
 0
 0.007062245332597593
 0.007777098296623824
 0
 0
 0
 0
 0
 0.007062245332597593
 0
 0
 0.007777098296623824
 0.007777098296623824
 0
 0
 0
 0
 0
 0.007062245332597593
 0
 0
 0.007062245332597593
 0.007777098296623824
 0
 0
 0
 0
 0
 0.007062245332597593
 0
 0
 0.007062245332597593
 0.007777098296623824
 0
 0
 0
 0
 0
 0.007062245332597593
 0
 0
 0.007777098296623824
 0
 0
 0
 0
 0
 0
 0.007062245332597593
 0
 0
 0.007777098296623824
 0
 0
 0
 0
 0
 0
 0.007062245332597593
 0
 0
 0.007777098296623824
 0
 0
 0
 0
 0
 0
 0.007062245332597593
 0
 0
 0.007777098296623824
 0
 0
 0
 0
 0
 0
 0
 0
 0
 0.007777098296623824
 0
 0
 0
 0
 0
 0
 0
 0
 0
 0.007777098296623824
 0
 0
 0
 0
 0
 0
 0
 0
 0
 0.007777098296623824
 0
 0
 0
 0
