# Created by Octave 3.2.4, Tue Feb 05 22:41:39 2013 EST <rbom@zaphod>
# name: small_First_Fit
# type: matrix
# ndims: 3
 1 10 30
 3.686036001528652e-10
 7.422413675871579e-11
 2.686203753205868e-14
 1.887333524856105e-11
 3.378596157528058e-11
 3.765024553162347e-11
 2.843957589891863e-09
 1.891946100383746e-10
 3.037764659324516e-09
 1.011976701513261e-10
 6.67666756352646e-09
 7.180193635736591e-09
 8.998191890109826e-12
 9.728350992288356e-09
 3.378596157528058e-11
 1.562809384518181e-10
 2.269719207626362e-07
 1.705066524103129e-08
 3.045819343485854e-07
 1.011976701513261e-10
 6.67666756352646e-09
 1.0453642896464e-06
 2.94706158198044e-09
 1.144056017061064e-06
 3.103329151797417e-09
 1.562809384518181e-10
 2.269719207626362e-07
 4.958664118115666e-08
 4.467034655228547e-06
 3.117493567232143e-10
 1.863798564573791e-06
 8.08208645013424e-06
 4.535819482114154e-07
 2.073182903146142e-05
 3.103329151797417e-09
 1.562809384518181e-10
 0.0002249538673339629
 2.507856141323843e-07
 4.467034655228547e-06
 2.115239479390292e-08
 3.346920120478703e-05
 8.08208645013424e-06
 4.535819482114154e-07
 2.073182903146142e-05
 2.817767167991441e-07
 3.154994558704922e-09
 0.0002249538673339629
 1.935327153039476e-05
 1.342957748752308e-05
 3.538527889294461e-08
 0.004062590682800329
 2.610163283037403e-05
 4.535819482114154e-07
 2.073182903146142e-05
 6.531649037366573e-05
 1.393308591513575e-07
 0.0002249538673339629
 1.988116127064349e-05
 4.442590185166805e-05
 1.876526559317576e-06
 0.004062590682800329
 1.387513665297609e-05
 0.0002059490951136977
 2.073182903146142e-05
 0.0009854576387513278
 3.280607866767607e-05
 0.0002249538673339629
 1.988116127064349e-05
 0.0002199141546845623
 1.876526559317576e-06
 0.004062590682800329
 2.804320750027073e-05
 0.0002059490951136977
 0.0002869068878952805
 0.0009854576387513278
 0.0003476122695561269
 0.0002249538673339629
 1.988116127064349e-05
 0.0002199141546845623
 0.0009475329615629635
 0.004062590682800329
 6.605781332084356e-05
 0.0005850981590929292
 0.0002869068878952805
 0.008344711365938418
 0.0003476122695561269
 0.0002249538673339629
 1.988116127064349e-05
 0.0002199141546845623
 0.0009475329615629635
 0.004062590682800329
 0.0002250492610477179
 0.0005850981590929292
 0.0002869068878952805
 0.008344711365938418
 0.001035061456180248
 0.0002249538673339629
 1.988116127064349e-05
 0.0002199141546845623
 0.009930741362522926
 0.004062590682800329
 0.0002250492610477179
 0.0005850981590929292
 0.0002869068878952805
 0.008344711365938418
 0.001035061456180248
 0
 0.000354793541424956
 0.0002199141546845623
 0.009930741362522926
 0.004062590682800329
 0.003523620071112226
 0.009930741362522926
 0.0002869068878952805
 0.008344711365938418
 0.001035061456180248
 0
 0.000354793541424956
 0.0002199141546845623
 0.009930741362522926
 0
 0.003523620071112226
 0.01046161445548446
 0.0002869068878952805
 0.008344711365938418
 0.003523620071112226
 0
 0.000354793541424956
 0.01046161445548446
 0.009930741362522926
 0
 0.003523620071112226
 0.01046161445548446
 0.0002869068878952805
 0.008344711365938418
 0.008344711365938418
 0
 0.000354793541424956
 0.01046161445548446
 0.009930741362522926
 0
 0.003523620071112226
 0.01046161445548446
 0
 0.008344711365938418
 0.008344711365938418
 0
 0.001274564340798973
 0.02263112021948599
 0.01046161445548446
 0
 0.003523620071112226
 0.01046161445548446
 0
 0
 0.008344711365938418
 0
 0.003467598465510461
 0.02263112021948599
 0.009930741362522926
 0
 0.003523620071112226
 0.009930741362522926
 0
 0
 0.008344711365938418
 0
 0.001274564340798973
 0.01046161445548446
 0.009930741362522926
 0
 0.003523620071112226
 0.01046161445548446
 0
 0
 0.008344711365938418
 0
 0.001274564340798973
 0.01046161445548446
 0.009930741362522926
 0
 0
 0.009930741362522926
 0
 0
 0.008344711365938418
 0
 0.001274564340798973
 0.02263112021948599
 0.009930741362522926
 0
 0
 0.009930741362522926
 0
 0
 0.008344711365938418
 0
 0.001274564340798973
 0.02263112021948599
 0.009930741362522926
 0
 0
 0.009930741362522926
 0
 0
 0
 0
 0.001274564340798973
 0.02263112021948599
 0.009930741362522926
 0
 0
 0.01046161445548446
 0
 0
 0
 0
 0.001274564340798973
 0.02263112021948599
 0
 0
 0
 0.01046161445548446
 0
 0
 0
 0
 0
 0.01046161445548446
 0
 0
 0
 0.01046161445548446
 0
 0
 0
 0
 0
 0.01046161445548446
 0
 0
 0
 0.01046161445548446
 0
 0
 0
 0
 0
 0.01046161445548446
 0
 0
 0
 0.01046161445548446
 0
 0
 0
 0
 0
 0
 0
 0
 0
 0.01046161445548446
 0
 0
 0
 0
 0
 0
 0
 0
 0
 0.01046161445548446
 0
 0
 0
 0
 0
 0
 0
 0
 0
 0
 0
 0
 0
 0
 0
 0
 0
 0
 0
 0
 0
 0
 0
 0
 0
 0
 0
