# Created by Octave 3.2.4, Mon Feb 04 19:59:38 2013 EST <rbom@zaphod>
# name: small_First_Fit
# type: matrix
# ndims: 3
 1 10 30
 3.91858273635728e-24
 4.599165578091797e-23
 2.112052082879164e-19
 3.538894430342393e-18
 1.779804698466373e-15
 4.257425808775431e-26
 9.240432807752451e-24
 1.042050539085511e-17
 1.523765453403247e-18
 9.461945806818563e-17
 7.157553211675585e-19
 3.241121206155618e-13
 9.209617002472765e-16
 4.699991883938543e-16
 5.090099446095942e-13
 2.948977729371323e-17
 1.012887559067124e-13
 4.671864998111213e-08
 1.432043273993627e-08
 8.802620063777718e-13
 3.563100401786768e-16
 9.479369400408885e-11
 1.697590582850239e-12
 4.52948864079187e-14
 7.466519281393399e-11
 2.948977729371323e-17
 1.012887559067124e-13
 0.001219383432246215
 1.432043273993627e-08
 3.925754839310902e-10
 2.606440506291091e-15
 1.713267419183654e-07
 7.875619055468878e-10
 1.978831457010003e-11
 1.143159160016743e-07
 7.23522732517873e-15
 2.362663521475391e-11
 0.001219383432246215
 3.640328986906114e-06
 6.72331658228803e-07
 1.060468681056309e-13
 2.638883863741146e-05
 1.803602921398487e-07
 1.978831457010003e-11
 8.907883676172011e-06
 7.63142459632134e-13
 2.362663521475391e-11
 0.001219383432246215
 0.0006015228257804922
 0.0001110944146590521
 7.040135821552575e-10
 2.638883863741146e-05
 5.000824184872502e-05
 4.283969448840409e-10
 0.001219383432246215
 7.63142459632134e-13
 2.362663521475391e-11
 0.001219383432246215
 0.01913603531223296
 0.0001110944146590521
 2.19169699968669e-08
 0.000423375528526108
 0.0007148164606793336
 4.283969448840409e-10
 0.001219383432246215
 1.3667296545962e-10
 2.562230154997697e-06
 0.001219383432246215
 0.01913603531223296
 0.006861150962752922
 8.638365377261574e-08
 0.01913603531223296
 0.0007148164606793336
 4.283969448840409e-10
 0.001219383432246215
 1.3667296545962e-10
 2.562230154997697e-06
 0.001219383432246215
 0.01913603531223296
 0.006861150962752922
 1.511803851240715e-06
 0.01913603531223296
 0.0007148164606793336
 1.120814609597602e-05
 0.001219383432246215
 1.3667296545962e-10
 2.562230154997697e-06
 0.001219383432246215
 0.01913603531223296
 0.006861150962752922
 6.084693008805242e-06
 0.01913603531223296
 0.0007148164606793336
 1.120814609597602e-05
 0.001219383432246215
 1.288730733179621e-05
 2.562230154997697e-06
 0.001219383432246215
 0.01913603531223296
 0.006861150962752922
 6.084693008805242e-06
 0.01913603531223296
 0.0007148164606793336
 1.120814609597602e-05
 0.001219383432246215
 0.01913603531223296
 2.562230154997697e-06
 0
 0.01913603531223296
 0.006861150962752922
 6.084693008805242e-06
 0.01913603531223296
 0.0007148164606793336
 0.0007148164606793336
 0.001219383432246215
 0.01913603531223296
 0.000423375528526108
 0
 0.01913603531223296
 0.006861150962752922
 6.084693008805242e-06
 0.01913603531223296
 0.0007148164606793336
 0.0007148164606793336
 0
 0.01913603531223296
 0.000423375528526108
 0
 0
 0.006861150962752922
 0.005757387419938084
 0.01913603531223296
 0
 0.0007148164606793336
 0
 0.01913603531223296
 0.000423375528526108
 0
 0
 0
 0.005757387419938084
 0
 0
 0.0007148164606793336
 0
 0.01913603531223296
 0.000423375528526108
 0
 0
 0
 0.005757387419938084
 0
 0
 0.0007148164606793336
 0
 0.01913603531223296
 0.01913603531223296
 0
 0
 0
 0.01913603531223296
 0
 0
 0.0007148164606793336
 0
 0.01913603531223296
 0.000423375528526108
 0
 0
 0
 0.005757387419938084
 0
 0
 0.0007148164606793336
 0
 0
 0.000423375528526108
 0
 0
 0
 0.005757387419938084
 0
 0
 0
 0
 0
 0.01913603531223296
 0
 0
 0
 0.005757387419938084
 0
 0
 0
 0
 0
 0.01913603531223296
 0
 0
 0
 0.005757387419938084
 0
 0
 0
 0
 0
 0.01913603531223296
 0
 0
 0
 0.005757387419938084
 0
 0
 0
 0
 0
 0.01913603531223296
 0
 0
 0
 0.005757387419938084
 0
 0
 0
 0
 0
 0.01913603531223296
 0
 0
 0
 0
 0
 0
 0
 0
 0
 0.01913603531223296
 0
 0
 0
 0
 0
 0
 0
 0
 0
 0.01913603531223296
 0
 0
 0
 0
 0
 0
 0
 0
 0
 0
 0
 0
 0
 0
 0
 0
 0
 0
 0
 0
 0
 0
 0
 0
 0
 0
 0
 0
 0
 0
 0
 0
 0
 0
 0
 0
 0
 0
 0
 0
 0
 0
 0
 0
 0
 0
 0
 0
 0
 0
 0
 0
 0
