# Created by Octave 3.2.4, Mon Feb 04 21:08:02 2013 EST <rbom@zaphod>
# name: small_First_Fit
# type: matrix
# ndims: 3
 1 10 30
 7.45464889525862e-19
 1.452341779188225e-12
 9.816519137038399e-22
 4.608687040751678e-20
 4.458698888024649e-17
 7.745450388532182e-17
 2.960779492942707e-18
 2.888055811301512e-13
 1.392127755203146e-13
 6.278896621801146e-09
 6.103173147264591e-17
 1.452341779188225e-12
 1.12080259607011e-21
 1.242536902485097e-15
 3.507697049694339e-15
 7.745450388532182e-17
 6.019699202990609e-16
 5.793926669879314e-10
 1.782758627384733e-08
 4.2481318236819e-07
 1.173171109945203e-15
 1.816368572367178e-07
 3.79076927133839e-12
 1.498279071876865e-14
 6.498837765400556e-13
 1.435951502464975e-14
 7.806841847723209e-14
 5.793926669879314e-10
 3.308348936436816e-06
 8.720401254912862e-05
 1.260383823922574e-10
 1.816368572367178e-07
 3.524657803976351e-10
 1.562492749614005e-12
 4.795787528823176e-11
 9.011637175933374e-12
 2.176160139305286e-10
 5.793926669879314e-10
 3.308348936436816e-06
 0.002612967856213719
 1.260383823922574e-10
 1.816368572367178e-07
 4.032039354416782e-08
 1.157950060667733e-10
 3.923709822416014e-09
 1.307635980842737e-09
 9.891870140846215e-08
 5.262380299639605e-08
 3.308348936436816e-06
 0.002612967856213719
 1.260383823922574e-10
 1.816368572367178e-07
 8.298977453359039e-06
 3.512417573458249e-09
 1.585070179867575e-08
 1.656088084122659e-08
 9.891870140846215e-08
 1.056288253866527e-05
 3.308348936436816e-06
 0.002612967856213719
 3.986632632238713e-09
 3.256017748677206e-05
 8.298977453359039e-06
 9.598544020386491e-09
 9.886067787444545e-07
 1.656088084122659e-08
 8.438061654426306e-06
 0.0003568679573941343
 3.0545384921047e-05
 0.002612967856213719
 7.03505576350891e-06
 3.256017748677206e-05
 8.298977453359039e-06
 8.991868180870277e-07
 8.313965563513687e-05
 3.135673599995488e-06
 8.438061654426306e-06
 0.0003568679573941343
 0.0004116577252896343
 0.002612967856213719
 7.03505576350891e-06
 3.256017748677206e-05
 8.298977453359039e-06
 8.991868180870277e-07
 8.313965563513687e-05
 3.135673599995488e-06
 2.986695360501544e-05
 0.0003568679573941343
 0.0004116577252896343
 0.002612967856213719
 7.03505576350891e-06
 3.256017748677206e-05
 8.298977453359039e-06
 4.123011774937694e-06
 8.313965563513687e-05
 0.0004116577252896343
 2.986695360501544e-05
 0.0003568679573941343
 0.00379952925224395
 0.002612967856213719
 0.0001131762743212372
 0.00379952925224395
 8.298977453359039e-06
 8.991868180870277e-07
 8.313965563513687e-05
 0.00379952925224395
 2.986695360501544e-05
 0.0003568679573941343
 0.00379952925224395
 0
 0.0001131762743212372
 0.00379952925224395
 8.298977453359039e-06
 0.0001605390663927131
 8.313965563513687e-05
 0.00379952925224395
 2.986695360501544e-05
 0.0003568679573941343
 0.00379952925224395
 0
 0.0001131762743212372
 0.00379952925224395
 0
 0.0001605390663927131
 8.313965563513687e-05
 0.00379952925224395
 0.0007417114190938035
 0.0003568679573941343
 0.00379952925224395
 0
 0.0001131762743212372
 0.00379952925224395
 0
 0.0001605390663927131
 0.002612967856213719
 0.00379952925224395
 0.0007417114190938035
 0
 0.00379952925224395
 0
 0.0001131762743212372
 0.00379952925224395
 0
 0.0001605390663927131
 0.002612967856213719
 0.00379952925224395
 0.002612967856213719
 0
 0.00379952925224395
 0
 0.0001131762743212372
 0.00379952925224395
 0
 0.0001605390663927131
 0.002612967856213719
 0.00379952925224395
 0.002612967856213719
 0
 0.00379952925224395
 0
 0.0001131762743212372
 0.00379952925224395
 0
 0.0001605390663927131
 0.002612967856213719
 0.00379952925224395
 0.002612967856213719
 0
 0
 0
 0
 0
 0
 0.002612967856213719
 0.002612967856213719
 0
 0.002612967856213719
 0
 0
 0
 0
 0
 0
 0.002612967856213719
 0.002612967856213719
 0
 0.002612967856213719
 0
 0
 0
 0
 0
 0
 0.002612967856213719
 0.002612967856213719
 0
 0.002612967856213719
 0
 0
 0
 0
 0
 0
 0.002612967856213719
 0
 0
 0.002612967856213719
 0
 0
 0
 0
 0
 0
 0.002612967856213719
 0
 0
 0
 0
 0
 0
 0
 0
 0
 0.002612967856213719
 0
 0
 0
 0
 0
 0
 0
 0
 0
 0.002612967856213719
 0
 0
 0
 0
 0
 0
 0
 0
 0
 0
 0
 0
 0
 0
 0
 0
 0
 0
 0
 0
 0
 0
 0
 0
 0
 0
 0
 0
 0
 0
 0
 0
 0
 0
 0
 0
 0
 0
 0
 0
 0
 0
 0
 0
 0
 0
 0
 0
 0
 0
 0
 0
 0
 0
 0
 0
 0
 0
 0
 0
 0
 0
 0
 0
 0
 0
