# Created by Octave 3.2.4, Wed Feb 06 05:59:01 2013 EST <rbom@zaphod>
# name: small_First_Fit
# type: matrix
# ndims: 3
 1 10 30
 1.684355586550288e-13
 1.743780479247028e-14
 5.439864983192199e-12
 6.435789432499183e-16
 1.752937082556474e-13
 5.688175412157607e-15
 5.413845191858188e-12
 1.871490827999526e-07
 8.45527244604846e-10
 9.278046329168051e-13
 1.078982164200437e-11
 6.880893776240646e-13
 3.5544222160133e-10
 7.72708433321291e-12
 7.556480696347996e-11
 7.341810510719329e-10
 2.456897383697262e-10
 1.871490827999526e-07
 2.655042809648764e-06
 5.868193423585127e-11
 3.242176592836048e-07
 1.83415664070282e-11
 1.039911712207079e-08
 4.062664228715467e-10
 4.088779357534427e-10
 9.046247788170309e-07
 2.250120477452009e-09
 5.672538959596143e-06
 2.655042809648764e-06
 2.424488201207378e-07
 4.834907446952416e-06
 5.420799829899783e-09
 4.971297333631706e-07
 5.291057564609908e-10
 8.667423301807546e-10
 2.871033090136352e-05
 1.098833185902024e-08
 7.322417265374704e-06
 2.655042809648764e-06
 4.463767806790161e-06
 4.834907446952416e-06
 2.482663134572936e-06
 2.177568176334973e-05
 1.273193662088441e-08
 4.446185760199673e-09
 0.0002677292843413456
 8.252861090396322e-07
 0.0001127681106657007
 2.655042809648764e-06
 2.963823328549364e-05
 4.834907446952416e-06
 1.320935795434961e-05
 0.0002537839910501611
 4.950345660775554e-08
 3.962745933837885e-06
 0.0002677292843413456
 8.252861090396322e-07
 0.0001127681106657007
 6.702810760024254e-05
 2.963823328549364e-05
 0.0001362455315604189
 1.320935795434961e-05
 0.0002537839910501611
 1.976249086189368e-06
 1.836396074505508e-05
 0.0002677292843413456
 8.252861090396322e-07
 0.0001127681106657007
 0.0002122840142261197
 2.963823328549364e-05
 0.0002948193240993757
 0.0002537839910501611
 0.0002537839910501611
 3.261160806851107e-05
 1.836396074505508e-05
 0.0002677292843413456
 0.0007902774697921377
 0.002163040191847851
 0.0002122840142261197
 2.963823328549364e-05
 0.0002948193240993757
 0.0002537839910501611
 0.0002537839910501611
 0.002928445782433338
 1.836396074505508e-05
 0.0002677292843413456
 0.0007902774697921377
 0.002163040191847851
 0.0002122840142261197
 2.963823328549364e-05
 0.0003084630913211742
 0.0002537839910501611
 0.0002537839910501611
 0.002928445782433338
 6.959499524024011e-05
 0.0002677292843413456
 0.002491223897702975
 0.002163040191847851
 0.0002122840142261197
 2.963823328549364e-05
 0.00104263765437094
 0.0002537839910501611
 0.0002537839910501611
 0.002928445782433338
 0.002491223897702975
 0.0002677292843413456
 0.002491223897702975
 0.002965181599225819
 0.0002122840142261197
 2.963823328549364e-05
 0.002928445782433338
 0.0002537839910501611
 0.0007109654933453417
 0.002928445782433338
 0.002491223897702975
 0
 0.002491223897702975
 0.002965181599225819
 0.0002261983415007296
 0
 0.002928445782433338
 0.0002537839910501611
 0.0007109654933453417
 0.002928445782433338
 0.002491223897702975
 0
 0.002491223897702975
 0.002928445782433338
 0.0002261983415007296
 0
 0.002928445782433338
 0.0002537839910501611
 0.0002537839910501611
 0.002928445782433338
 0.002491223897702975
 0
 0.002491223897702975
 0.002163040191847851
 0.0002122840142261197
 0
 0.002928445782433338
 0
 0.0002537839910501611
 0.002928445782433338
 0.002491223897702975
 0
 0.002491223897702975
 0.002965181599225819
 0.0002122840142261197
 0
 0.002928445782433338
 0
 0.0002537839910501611
 0
 0.002491223897702975
 0
 0.002491223897702975
 0.002965181599225819
 0.0002122840142261197
 0
 0.002928445782433338
 0
 0.0002537839910501611
 0
 0.002491223897702975
 0
 0
 0.002965181599225819
 0.0002122840142261197
 0
 0.002928445782433338
 0
 0.0002537839910501611
 0
 0
 0
 0
 0.002965181599225819
 0.0002122840142261197
 0
 0
 0
 0
 0
 0
 0
 0
 0.002965181599225819
 0
 0
 0
 0
 0
 0
 0
 0
 0
 0.004990872039564585
 0
 0
 0
 0
 0
 0
 0
 0
 0
 0.004990872039564585
 0
 0
 0
 0
 0
 0
 0
 0
 0
 0.004990872039564585
 0
 0
 0
 0
 0
 0
 0
 0
 0
 0.002965181599225819
 0
 0
 0
 0
 0
 0
 0
 0
 0
 0.002965181599225819
 0
 0
 0
 0
 0
 0
 0
 0
 0
 0.002965181599225819
 0
 0
 0
 0
 0
 0
 0
 0
 0
 0.002965181599225819
 0
 0
 0
 0
 0
 0
 0
 0
 0
 0
 0
 0
 0
 0
 0
 0
 0
 0
 0
 0
 0
 0
 0
 0
 0
 0
 0
 0
 0
 0
 0
 0
 0
 0
 0
 0
 0
 0
 0
 0
 0
 0
