# Created by Octave 3.2.4, Tue Feb 05 16:09:02 2013 EST <rbom@zaphod>
# name: small_First_Fit
# type: matrix
# ndims: 3
 1 10 30
 4.803365090162845e-12
 1.15963596397165e-12
 6.208294377966591e-12
 6.185985375008912e-11
 3.991606407516288e-12
 2.060078376443848e-12
 1.577726872745078e-12
 4.53097603545205e-10
 1.065898464819933e-13
 4.207334267983594e-13
 7.966000107178969e-11
 1.545423375400261e-11
 1.579315306830382e-08
 5.936236992560597e-08
 3.847392809884736e-08
 6.787481622630652e-11
 1.543739948108081e-07
 2.598094684045358e-09
 1.186729553972671e-10
 8.772834263012935e-10
 7.966000107178969e-11
 1.114557630580282e-09
 8.19853732221411e-06
 1.039276370457585e-06
 1.497260924840733e-06
 6.787481622630652e-11
 4.390981298200756e-06
 4.387240139812524e-07
 3.010032161179815e-06
 7.565697915833117e-07
 4.268524131698448e-10
 2.15428349134065e-08
 8.19853732221411e-06
 2.56657485372174e-06
 4.926456223458499e-05
 1.834721371261321e-09
 4.390981298200756e-06
 2.858632222994354e-06
 8.794021823078016e-05
 1.171374077793594e-05
 3.073598792606637e-08
 2.795428998557235e-07
 8.19853732221411e-06
 3.425258840990433e-05
 0.001291257961143488
 6.89354733075131e-09
 6.716832119550543e-06
 2.858632222994354e-06
 8.794021823078016e-05
 3.569768350181976e-05
 3.073598792606637e-08
 1.288155269705356e-06
 8.19853732221411e-06
 0.0008201723822654838
 0.001291257961143488
 1.826383232551828e-07
 6.716832119550543e-06
 9.567942228693805e-05
 0.001737856273058535
 3.569768350181976e-05
 3.073598792606637e-08
 8.398036067909676e-06
 8.19853732221411e-06
 0.008323888134889707
 0.001291257961143488
 5.685047926872597e-06
 1.320830457222621e-05
 0.001609432942556291
 0.001737856273058535
 0.0005315956904049632
 9.166140418018438e-06
 1.791966321449663e-05
 8.19853732221411e-06
 0.008323888134889707
 0.02191581605597697
 5.685047926872597e-06
 4.720357876911937e-05
 0.008535694142893933
 0.02988032589458013
 0.0005315956904049632
 9.166140418018438e-06
 0.0003842464908867816
 8.19853732221411e-06
 0.008323888134889707
 0.02191581605597697
 8.758236422016851e-05
 4.720357876911937e-05
 0.008535694142893933
 0.02988032589458013
 0.0005315956904049632
 0.0001074537275186843
 0.0003842464908867816
 0.0001967100958956333
 0.008323888134889707
 0.02191581605597697
 9.646669930666915e-05
 4.720357876911937e-05
 0.008535694142893933
 0.02988032589458013
 0.004263351251625801
 0.0001022401524949848
 0.0003842464908867816
 0.0002280363120716087
 0.008323888134889707
 0.02191581605597697
 0.001478597335315203
 5.435603905001574e-05
 0.008535694142893933
 0.02988032589458013
 0.004263351251625801
 0.0002872527278658896
 0.0003842464908867816
 0.00152260221817909
 0.008323888134889707
 0.02191581605597697
 0.02131824224302362
 4.720357876911937e-05
 0.008535694142893933
 0.02988032589458013
 0.004263351251625801
 0.0002872527278658896
 0.0003842464908867816
 0.003022329062991932
 0.008323888134889707
 0.02191581605597697
 0.02131824224302362
 0.02131824224302362
 0.008535694142893933
 0.02988032589458013
 0.004263351251625801
 0.0002872527278658896
 0.0003842464908867816
 0.003022329062991932
 0
 0.02191581605597697
 0.02131824224302362
 0.02131824224302362
 0.008535694142893933
 0.02988032589458013
 0.004263351251625801
 0.0002872527278658896
 0.0003842464908867816
 0.003022329062991932
 0
 0
 0.02131824224302362
 0.02131824224302362
 0
 0
 0.004263351251625801
 0.0002872527278658896
 0
 0.003022329062991932
 0
 0
 0.02131824224302362
 0.02131824224302362
 0
 0
 0.004263351251625801
 0.004328008374911372
 0
 0.003022329062991932
 0
 0
 0.02131824224302362
 0.02131824224302362
 0
 0
 0
 0.004328008374911372
 0
 0.003022329062991932
 0
 0
 0.02131824224302362
 0.02988032589458013
 0
 0
 0
 0.004328008374911372
 0
 0.003122330124454771
 0
 0
 0
 0.02988032589458013
 0
 0
 0
 0.004328008374911372
 0
 0.003122330124454771
 0
 0
 0
 0.02131824224302362
 0
 0
 0
 0.004328008374911372
 0
 0.003122330124454771
 0
 0
 0
 0.02131824224302362
 0
 0
 0
 0.004328008374911372
 0
 0.003122330124454771
 0
 0
 0
 0.02131824224302362
 0
 0
 0
 0.004328008374911372
 0
 0.003022329062991932
 0
 0
 0
 0.02131824224302362
 0
 0
 0
 0
 0
 0.003022329062991932
 0
 0
 0
 0.02131824224302362
 0
 0
 0
 0
 0
 0.003022329062991932
 0
 0
 0
 0
 0
 0
 0
 0
 0
 0
 0
 0
 0
 0
 0
 0
 0
 0
 0
 0
 0
 0
 0
 0
 0
 0
 0
 0
 0
 0
 0
 0
 0
 0
 0
 0
 0
 0
 0
 0
 0
 0
 0
 0
 0
 0
 0
 0
 0
 0
 0
 0
 0
 0
 0
 0
 0
