# Created by Octave 3.2.4, Thu Feb 07 05:04:11 2013 EST <rbom@zaphod>
# name: small_First_Fit
# type: matrix
# ndims: 3
 1 10 30
 2.770704653777597e-14
 1.103438285196103e-07
 1.304845314862337e-13
 2.887492430793876e-11
 3.243642599862859e-15
 6.80930016160312e-15
 1.718319249922543e-16
 1.382530448238526e-13
 6.416552121733322e-13
 3.479445788437417e-11
 9.955680987896272e-11
 6.618371051582475e-07
 1.481540040404495e-10
 5.11866228557302e-09
 1.183813814270941e-12
 2.741672087745221e-12
 2.945526969162732e-13
 6.056036622214223e-09
 1.714597632024044e-09
 3.479445788437417e-11
 2.68174831598241e-08
 2.178314433053706e-06
 1.492243288116941e-06
 6.2139402139106e-07
 4.2193559526354e-09
 8.635694747863228e-10
 4.145367644180203e-12
 2.990850642956736e-08
 8.101190325659594e-08
 1.793171377703561e-09
 1.29511267743898e-06
 7.729363624753971e-06
 4.799510488650716e-06
 2.996023602470634e-05
 1.169341917557223e-07
 7.060551967828438e-08
 2.256913257843191e-11
 2.990850642956736e-08
 8.101190325659594e-08
 1.793171377703561e-09
 1.29511267743898e-06
 7.729363624753971e-06
 1.492243288116941e-06
 2.996023602470634e-05
 1.169341917557223e-07
 3.830940187322788e-07
 1.149004377040918e-09
 1.171147919753964e-06
 1.07993918320361e-05
 3.376896023290722e-08
 0.002391848219509682
 7.729363624753971e-06
 1.492243288116941e-06
 2.996023602470634e-05
 1.169341917557223e-07
 8.53057366783953e-07
 1.500107702200281e-07
 3.724313058314163e-06
 1.07993918320361e-05
 4.596898361097063e-06
 0.002391848219509682
 0.0004153515251111067
 1.842977515377813e-05
 2.996023602470634e-05
 1.169341917557223e-07
 8.53057366783953e-07
 7.223919586134345e-06
 3.724313058314163e-06
 2.92200491464834e-05
 0.0002259653324807891
 0.002391848219509682
 0.0004153515251111067
 1.842977515377813e-05
 2.996023602470634e-05
 4.773225115600233e-06
 7.178949692391124e-05
 1.447387042913537e-05
 3.724313058314163e-06
 2.92200491464834e-05
 0.0002259653324807891
 0.002391848219509682
 0.0004153515251111067
 0.0001924041579760274
 2.996023602470634e-05
 4.773225115600233e-06
 7.178949692391124e-05
 0.0003009960621689146
 5.460164664591955e-05
 2.92200491464834e-05
 0.0002259653324807891
 0.002391848219509682
 0.0004153515251111067
 0.0001924041579760274
 2.996023602470634e-05
 4.773225115600233e-06
 0.008425798813522773
 0.0003009960621689146
 5.460164664591955e-05
 0.0002635973484810762
 0.0002259653324807891
 0.002391848219509682
 0.009437842031160453
 0.0001924041579760274
 0
 4.773225115600233e-06
 0.008425798813522773
 0.005709453679328693
 5.460164664591955e-05
 0.0002635973484810762
 0.0002259653324807891
 0.002391848219509682
 0.01220129564909706
 0.01018919476443246
 0
 0.002565216626252899
 0.008425798813522773
 0.005709453679328693
 5.460164664591955e-05
 0.0002635973484810762
 0.0002259653324807891
 0
 0.01220129564909706
 0.01018919476443246
 0
 0.007094370827373382
 0.008425798813522773
 0.005709453679328693
 5.460164664591955e-05
 0.0004339564709385159
 0.0008085182071278931
 0
 0.01220129564909706
 0.01018919476443246
 0
 0.007094370827373382
 0.008425798813522773
 0.005709453679328693
 5.460164664591955e-05
 0.0002864187442722828
 0.0008085182071278931
 0
 0.01220129564909706
 0.01018919476443246
 0
 0.013556537046753
 0.01220129564909706
 0.005709453679328693
 8.873767593340505e-05
 0.0002864187442722828
 0.0008085182071278931
 0
 0.01401011011448829
 0.01018919476443246
 0
 0.013556537046753
 0.01220129564909706
 0.005709453679328693
 5.460164664591955e-05
 0.0002635973484810762
 0.007094370827373382
 0
 0.01401011011448829
 0.01018919476443246
 0
 0.013556537046753
 0.01220129564909706
 0.005709453679328693
 0.013556537046753
 0.009437842031160453
 0.009437842031160453
 0
 0.01401011011448829
 0.01018919476443246
 0
 0.013556537046753
 0.008425798813522773
 0
 0.013556537046753
 0.0002864187442722828
 0.009437842031160453
 0
 0.01401011011448829
 0
 0
 0.013556537046753
 0.008425798813522773
 0
 0.013556537046753
 0.0002864187442722828
 0.013556537046753
 0
 0.01401011011448829
 0
 0
 0.013556537046753
 0.008425798813522773
 0
 0.013556537046753
 0.0002864187442722828
 0.009437842031160453
 0
 0.01401011011448829
 0
 0
 0.013556537046753
 0.01018919476443246
 0
 0.013556537046753
 0.0002864187442722828
 0.009437842031160453
 0
 0.01401011011448829
 0
 0
 0
 0.01018919476443246
 0
 0.013556537046753
 0.0002864187442722828
 0.009437842031160453
 0
 0
 0
 0
 0
 0.01018919476443246
 0
 0.013556537046753
 0.0002864187442722828
 0.009437842031160453
 0
 0
 0
 0
 0
 0.01018919476443246
 0
 0
 0
 0.009437842031160453
 0
 0
 0
 0
 0
 0.01018919476443246
 0
 0
 0
 0.009437842031160453
 0
 0
 0
 0
 0
 0.01018919476443246
 0
 0
 0
 0
 0
 0
 0
 0
 0
 0.01018919476443246
 0
 0
 0
 0
 0
 0
 0
 0
 0
 0
 0
 0
 0
 0
 0
 0
 0
 0
 0
 0
 0
 0
 0
 0
 0
 0
 0
 0
 0
 0
 0
 0
 0
 0
