# Created by Octave 3.2.4, Tue Feb 05 10:21:12 2013 EST <rbom@zaphod>
# name: small_First_Fit
# type: matrix
# ndims: 3
 1 10 30
 3.241280480241233e-11
 3.012579106120934e-08
 1.142548384113274e-11
 4.29821563657479e-10
 5.798144589344522e-10
 2.393523935932379e-09
 3.796593182013701e-09
 6.258977157190115e-09
 1.358487071865119e-06
 7.241454806076802e-11
 2.759864473577249e-08
 3.587951660985998e-07
 1.647661214552441e-08
 4.012845413316061e-06
 6.436764158340181e-08
 6.234826350294345e-08
 8.904059391198896e-07
 6.645880771510955e-08
 2.891312450222255e-05
 2.016672557419599e-09
 2.501749957039281e-06
 7.025084422275959e-07
 1.500309569441877e-07
 4.012845413316061e-06
 1.527178508444926e-05
 3.570745842072149e-07
 1.936978570325289e-05
 1.509252162212581e-07
 0.0001667895332815223
 1.38319921899035e-06
 8.324124703545744e-05
 7.025084422275959e-07
 4.278074033041321e-06
 0.0001309700678735906
 0.0001091457415203083
 1.140212699752216e-06
 0.0001525402447213976
 2.670164645857016e-07
 0.0001667895332815223
 1.039186281281506e-05
 0.0001427975364688219
 7.981779745967759e-06
 0.0002392457634494023
 0.0005366252864938974
 0.0001091457415203083
 5.231321578942437e-06
 0.0001525402447213976
 7.731725168909795e-06
 0.0005838725899042151
 1.039186281281506e-05
 0.0002253990361780593
 1.886259531271313e-05
 0.0002392457634494023
 0.0005366252864938974
 0.0001091457415203083
 5.231321578942437e-06
 0.0006297610484259059
 0.0001238836554521755
 0.0005838725899042151
 1.039186281281506e-05
 8.324124703545744e-05
 1.886259531271313e-05
 0.005901497449937018
 0.0005366252864938974
 0.0001091457415203083
 5.231321578942437e-06
 0.0006297610484259059
 0.0001238836554521755
 0.0006036047086342098
 8.108158430893931e-05
 0.0002253990361780593
 7.981779745967759e-06
 0.005901497449937018
 0.001230597679412853
 0.0001091457415203083
 5.231321578942437e-06
 0.0006297610484259059
 0.0005008198787604119
 0.0006036047086342098
 8.108158430893931e-05
 0.0001427975364688219
 1.886259531271313e-05
 0.005901497449937018
 0.001230597679412853
 0.0001091457415203083
 1.655813993194044e-05
 0.0006297610484259059
 0.0005008198787604119
 0.0006036047086342098
 0.0001667895332815223
 0.0002253990361780593
 0.0003199481840997519
 0.005901497449937018
 0.001230597679412853
 0.0001091457415203083
 1.655813993194044e-05
 0.0006297610484259059
 0.0005008198787604119
 0.0006036047086342098
 0.0002743834262810886
 0.0002253990361780593
 0.0004119067706795535
 0.005901497449937018
 0.001230597679412853
 0
 1.655813993194044e-05
 0.0006297610484259059
 0.0005366252864938974
 0.0006036047086342098
 0.0002743834262810886
 0.0003113284970947087
 0.0004119067706795535
 0.005901497449937018
 0.001230597679412853
 0
 1.655813993194044e-05
 0.0006297610484259059
 0.0005366252864938974
 0.0006036047086342098
 0.0008398576103247256
 0.0002253990361780593
 0.0004119067706795535
 0.005901497449937018
 0.001230597679412853
 0
 1.655813993194044e-05
 0
 0.0005008198787604119
 0.0006036047086342098
 0.0002743834262810886
 0.0002253990361780593
 0.0004119067706795535
 0
 0.001230597679412853
 0
 2.972989080244763e-05
 0
 0.0005008198787604119
 0
 0.0002743834262810886
 0.0002253990361780593
 0.002829887634419789
 0
 0
 0
 1.655813993194044e-05
 0
 0.0005008198787604119
 0
 0.0006036047086342098
 0.0003113284970947087
 0.0004119067706795535
 0
 0
 0
 1.655813993194044e-05
 0
 0.0005008198787604119
 0
 0.0006036047086342098
 0.0002253990361780593
 0.001230597679412853
 0
 0
 0
 1.655813993194044e-05
 0
 0.0005008198787604119
 0
 0.0006036047086342098
 0.0002253990361780593
 0.002829887634419789
 0
 0
 0
 1.655813993194044e-05
 0
 0
 0
 0.005901497449937018
 0.0002253990361780593
 0.002829887634419789
 0
 0
 0
 1.655813993194044e-05
 0
 0
 0
 0.005901497449937018
 0.0002253990361780593
 0.002829887634419789
 0
 0
 0
 1.655813993194044e-05
 0
 0
 0
 0.005901497449937018
 0.0002253990361780593
 0.002829887634419789
 0
 0
 0
 0
 0
 0
 0
 0.005901497449937018
 0.0002253990361780593
 0.002829887634419789
 0
 0
 0
 0
 0
 0
 0
 0.005901497449937018
 0
 0.002829887634419789
 0
 0
 0
 0
 0
 0
 0
 0.005901497449937018
 0
 0.002829887634419789
 0
 0
 0
 0
 0
 0
 0
 0.005901497449937018
 0
 0
 0
 0
 0
 0
 0
 0
 0
 0
 0
 0
 0
 0
 0
 0
 0
 0
 0
 0
 0
 0
 0
 0
 0
 0
 0
 0
 0
 0
 0
 0
 0
 0
 0
 0
 0
 0
 0
 0
 0
 0
 0
 0
 0
 0
 0
 0
 0
 0
 0
 0
 0
 0
 0
 0
 0
 0
 0
 0
