# Created by Octave 3.2.4, Thu Feb 07 09:14:58 2013 EST <rbom@zaphod>
# name: small_First_Fit
# type: matrix
# ndims: 3
 1 10 30
 3.22260691048305e-12
 7.943396075360734e-13
 4.230500173012529e-11
 2.477454436040785e-12
 1.648288495306442e-12
 2.233295439373309e-12
 3.450892325154821e-10
 5.695434397507262e-09
 9.299305976348612e-12
 7.972161876617183e-12
 1.158731696714245e-10
 9.231867711648762e-10
 6.380421153829991e-09
 7.042337129402152e-10
 5.66038160180923e-08
 1.954332747370663e-11
 7.162456553632487e-09
 1.554120599061882e-07
 4.361397233816754e-10
 1.025639584255077e-09
 2.478246888022123e-09
 4.894732354550815e-07
 8.966321273629071e-09
 2.243207639093128e-08
 8.248947837526749e-06
 2.063977924250641e-11
 1.886474955665277e-07
 1.467271147764601e-05
 6.055897033782722e-09
 2.835981144947218e-07
 6.719230878959579e-08
 2.927769882479531e-06
 1.164518812479815e-06
 4.625730283787694e-07
 0.0002859274482159564
 9.907533809830641e-11
 2.540787486038578e-06
 1.467271147764601e-05
 9.006912017988257e-08
 4.359214785794569e-06
 2.554424067407215e-05
 2.927769882479531e-06
 1.788161206612856e-05
 2.989086962701696e-06
 0.001437456836079702
 1.626101665660788e-10
 2.540787486038578e-06
 0.0001200075257532695
 9.006912017988257e-08
 5.699585827641217e-05
 7.856559087336965e-05
 2.927769882479531e-06
 0.0001454988290186937
 2.795505942880558e-05
 0.001437456836079702
 2.48365716896839e-07
 3.312079714322523e-05
 0.0001200075257532695
 8.630489329914809e-07
 0.0003524096598390678
 7.856559087336965e-05
 6.241698223600983e-06
 0.001054718406900839
 2.795505942880558e-05
 0.001437456836079702
 2.48365716896839e-07
 4.533016667243358e-05
 0.0004399057351847998
 8.354955603325514e-06
 0.0003524096598390678
 7.856559087336965e-05
 2.927769882479531e-06
 0.001054718406900839
 0.0002055301449896121
 0.001437456836079702
 1.443688448182715e-06
 0.0001117001158548913
 0.0004510432205112704
 3.951125636817302e-05
 0.0006238334095072249
 7.856559087336965e-05
 2.927769882479531e-06
 0.001054718406900839
 0.0002055301449896121
 0.001437456836079702
 1.443688448182715e-06
 0.000252292192103621
 0.0004399057351847998
 0.000112010346577339
 0.002025741800817477
 7.856559087336965e-05
 3.375602967367808e-06
 0.001054718406900839
 0.0002055301449896121
 0.001437456836079702
 2.228630912321668e-06
 0.000252292192103621
 0.0004510432205112704
 0.0002416446351408495
 0.002025741800817477
 7.856559087336965e-05
 3.856780387432222e-06
 0.001054718406900839
 0.0002055301449896121
 0.001437456836079702
 6.130329161757587e-06
 4.533016667243358e-05
 0.0006911644112983867
 0.002902780475051556
 0.002025741800817477
 7.856559087336965e-05
 3.856780387432222e-06
 0.001054718406900839
 0.0002055301449896121
 0
 2.228630912321668e-06
 0.0001117001158548913
 0.001223612822701188
 0.002902780475051556
 0.002025741800817477
 0
 1.813523620258631e-05
 0.001054718406900839
 0.0002055301449896121
 0
 2.94639553414036e-06
 0.0001117001158548913
 0.0006911644112983867
 0.002902780475051556
 0.002025741800817477
 0
 1.813523620258631e-05
 0
 0.0002055301449896121
 0
 2.94639553414036e-06
 0.0001117001158548913
 0.0006911644112983867
 0.002902780475051556
 0.001437456836079702
 0
 1.813523620258631e-05
 0
 0
 0
 3.257747157869256e-05
 0.0001117001158548913
 0.001223612822701188
 0.002902780475051556
 0.001437456836079702
 0
 7.027422809531317e-05
 0
 0
 0
 3.257747157869256e-05
 0.0006201437275048886
 0.0006911644112983867
 0.002902780475051556
 0
 0
 7.027422809531317e-05
 0
 0
 0
 1.706555936284593e-05
 0.00184757210738553
 0.0006911644112983867
 0.002902780475051556
 0
 0
 7.027422809531317e-05
 0
 0
 0
 2.69537332694465e-05
 0.00184757210738553
 0.0006911644112983867
 0
 0
 0
 7.027422809531317e-05
 0
 0
 0
 2.69537332694465e-05
 0.00184757210738553
 0.0006911644112983867
 0
 0
 0
 7.027422809531317e-05
 0
 0
 0
 2.69537332694465e-05
 0.00184757210738553
 0.001223612822701188
 0
 0
 0
 7.027422809531317e-05
 0
 0
 0
 2.69537332694465e-05
 0.00184757210738553
 0.0006911644112983867
 0
 0
 0
 0.0008008324133279722
 0
 0
 0
 2.69537332694465e-05
 0.00184757210738553
 0.00184757210738553
 0
 0
 0
 0.0008008324133279722
 0
 0
 0
 2.69537332694465e-05
 0.00184757210738553
 0.00184757210738553
 0
 0
 0
 0.0008008324133279722
 0
 0
 0
 2.69537332694465e-05
 0
 0.00184757210738553
 0
 0
 0
 0.0008008324133279722
 0
 0
 0
 0
 0
 0.00184757210738553
 0
 0
 0
 0.0008008324133279722
 0
 0
 0
 0
 0
 0.00184757210738553
 0
 0
 0
 0.0008008324133279722
 0
 0
 0
 0
 0
 0.00184757210738553
 0
 0
 0
 0.0008008324133279722
 0
 0
 0
 0
 0
 0.00184757210738553
 0
 0
 0
 0
 0
 0
 0
 0
 0
 0
 0
 0
 0
 0
 0
 0
 0
 0
 0
 0
 0
 0
