# Created by Octave 3.2.4, Tue Feb 05 10:44:37 2013 EST <rbom@zaphod>
# name: small_First_Fit
# type: matrix
# ndims: 3
 1 10 30
 8.121524876825879e-15
 7.52750389572443e-13
 3.026437514631264e-18
 2.460036832511e-10
 4.434425332109209e-19
 6.921893977694551e-12
 3.71437152785065e-14
 1.303874184128049e-15
 8.375159239511737e-16
 3.971857730342241e-17
 2.757816218689238e-12
 7.52750389572443e-13
 1.811644730832891e-14
 2.810745251573328e-09
 4.037382785512532e-13
 1.315667878306162e-08
 2.547576953831471e-10
 9.681586933034857e-13
 8.375159239511737e-16
 2.381438044037002e-07
 2.757816218689238e-12
 2.26082084160474e-11
 6.004595682939298e-11
 7.078771541688183e-09
 5.432566147012831e-12
 1.80307186027617e-07
 2.547576953831471e-10
 4.258358817172467e-11
 4.571875297530477e-12
 3.348467905472255e-07
 1.429243162174131e-10
 2.26082084160474e-11
 5.370049824493826e-08
 1.009089333378055e-07
 3.908226050653964e-11
 2.528601064581741e-07
 3.399516937115712e-09
 9.952919270144384e-08
 2.789022866238873e-09
 3.348467905472255e-07
 1.048598595378807e-07
 2.513217056787418e-09
 4.533574905109578e-06
 2.866901350610208e-06
 5.4302884733568e-09
 1.790569034076713e-05
 3.347035882393061e-07
 2.351255902794534e-06
 1.686790024536324e-07
 3.348467905472255e-07
 1.085970416577883e-05
 9.730345021700359e-06
 4.533574905109578e-06
 2.866901350610208e-06
 0.0002864514697800517
 1.790569034076713e-05
 9.698196954330975e-07
 1.711804585073249e-05
 7.408280714185975e-06
 3.348467905472255e-07
 1.085970416577883e-05
 9.730345021700359e-06
 4.533574905109578e-06
 2.866901350610208e-06
 0.0002864514697800517
 0.0003892004728959042
 9.698196954330975e-07
 0.0001269174702723539
 0.0003892004728959042
 3.348467905472255e-07
 0.002037950598644054
 8.872911445002946e-05
 8.641065155894431e-05
 2.866901350610208e-06
 0.0002864514697800517
 0.0003892004728959042
 1.071759484461441e-05
 0.0001269174702723539
 0.0003892004728959042
 3.348467905472255e-07
 0.002037950598644054
 8.872911445002946e-05
 0.0001158953043940608
 7.048934698647239e-05
 0.0002864514697800517
 0.001593640006438407
 1.071759484461441e-05
 0.0001269174702723539
 0.001593640006438407
 3.348467905472255e-07
 0.002037950598644054
 0.003362356421785235
 8.641065155894431e-05
 0.007576204030600448
 0.0002864514697800517
 0.001593640006438407
 8.908398192955817e-05
 0.0001269174702723539
 0.001593640006438407
 0.000892245474790157
 0.002037950598644054
 0.01823146261938927
 8.641065155894431e-05
 0.007576204030600448
 0.0002864514697800517
 0.001593640006438407
 8.908398192955817e-05
 0.0001269174702723539
 0.001593640006438407
 0.000892245474790157
 0.002037950598644054
 0.01823146261938927
 8.641065155894431e-05
 0.007576204030600448
 0.001730367346538866
 0.001593640006438407
 8.908398192955817e-05
 0.00913687444662336
 0.001593640006438407
 0.000892245474790157
 0.01823146261938927
 0.01823146261938927
 8.641065155894431e-05
 0.007576204030600448
 0.001730367346538866
 0.001593640006438407
 8.908398192955817e-05
 0.00913687444662336
 0.001593640006438407
 0.003362356421785235
 0.002037950598644054
 0.01823146261938927
 8.641065155894431e-05
 0.007576204030600448
 0.001730367346538866
 0.001593640006438407
 8.908398192955817e-05
 0.00913687444662336
 0.003362356421785235
 0.003362356421785235
 0.01823146261938927
 0.01823146261938927
 8.641065155894431e-05
 0.01823146261938927
 0.001730367346538866
 0.001593640006438407
 0.0003269390418607163
 0.01823146261938927
 0.003362356421785235
 0.003362356421785235
 0.01823146261938927
 0.01823146261938927
 0
 0.01823146261938927
 0.01823146261938927
 0
 0.0003269390418607163
 0.01823146261938927
 0.003362356421785235
 0.007576204030600448
 0.01823146261938927
 0.01823146261938927
 0
 0.01823146261938927
 0.01823146261938927
 0
 0.0003269390418607163
 0.01823146261938927
 0.003362356421785235
 0.007576204030600448
 0.01823146261938927
 0
 0
 0.01823146261938927
 0.01823146261938927
 0
 0.0003269390418607163
 0.01823146261938927
 0.001593640006438407
 0.01823146261938927
 0.01823146261938927
 0
 0
 0.01823146261938927
 0.01823146261938927
 0
 0.0003269390418607163
 0.01823146261938927
 0.00913687444662336
 0.01823146261938927
 0.01823146261938927
 0
 0
 0.01823146261938927
 0.01823146261938927
 0
 0.00913687444662336
 0.01823146261938927
 0.00913687444662336
 0.01823146261938927
 0.01823146261938927
 0
 0
 0.01823146261938927
 0.01823146261938927
 0
 0.00913687444662336
 0.01823146261938927
 0.00913687444662336
 0.01823146261938927
 0
 0
 0
 0
 0.01823146261938927
 0
 0.00913687444662336
 0
 0.01823146261938927
 0.01823146261938927
 0
 0
 0
 0
 0
 0
 0.00913687444662336
 0
 0.01823146261938927
 0.01823146261938927
 0
 0
 0
 0
 0
 0
 0.00913687444662336
 0
 0.00913687444662336
 0.01823146261938927
 0
 0
 0
 0
 0
 0
 0.00913687444662336
 0
 0.00913687444662336
 0
 0
 0
 0
 0
 0
 0
 0.00913687444662336
 0
 0.00913687444662336
 0
 0
 0
 0
 0
 0
 0
 0
 0
 0.01823146261938927
 0
 0
 0
 0
 0
 0
 0
 0
 0
 0.00913687444662336
 0
 0
 0
 0
 0
 0
 0
 0
 0
 0.00913687444662336
 0
 0
 0
 0
 0
 0
 0
 0
 0
 0.00913687444662336
 0
