# Created by Octave 3.2.4, Wed Feb 06 08:30:06 2013 EST <rbom@zaphod>
# name: small_First_Fit
# type: matrix
# ndims: 3
 1 10 30
 4.020828342044642e-21
 1.059001524354619e-16
 7.154585814088102e-21
 1.341184073187428e-18
 4.626369908277255e-18
 6.722483649102618e-22
 2.036868738825136e-17
 4.538257634961536e-16
 2.745030337089906e-18
 1.010174015349053e-12
 1.292377281506754e-17
 2.867861880615296e-13
 4.21814056011613e-18
 1.743411543631207e-14
 2.655520987044903e-15
 6.98945149934375e-15
 2.036868738825136e-17
 1.223122468851265e-11
 1.640831853791411e-10
 4.707048143309292e-11
 2.345575015934642e-15
 7.311026438046618e-10
 1.784758576607931e-15
 3.971406613942731e-11
 3.574151780423753e-13
 8.764291814357848e-11
 6.697851826558671e-13
 4.079999176061735e-10
 9.33173776815145e-08
 4.707048143309292e-11
 5.726788825643254e-11
 2.548683648675308e-07
 1.784758576607931e-15
 5.134474943797776e-07
 3.574151780423753e-13
 5.776506307360268e-09
 9.880123428027772e-11
 4.527004109551207e-09
 1.243024262387743e-07
 5.344428765362467e-09
 2.081301393419037e-08
 2.548683648675308e-07
 2.958869682771422e-14
 5.134474943797776e-07
 1.157068419903275e-08
 1.253610173594042e-07
 3.064616912163828e-06
 4.249818124966725e-08
 1.478584905404287e-05
 5.344428765362467e-09
 0.0005803327831907166
 0.0002163086364957995
 3.05760079986757e-11
 5.134474943797776e-07
 1.40995238098601e-06
 1.253610173594042e-07
 3.064616912163828e-06
 4.249818124966725e-08
 0.001857508003337064
 1.669081819328988e-07
 0.0005803327831907166
 0.0002163086364957995
 2.61034510646118e-05
 5.134474943797776e-07
 1.40995238098601e-06
 1.253610173594042e-07
 0.0006748057824994292
 4.249818124966725e-08
 0.001857508003337064
 2.291765295329828e-07
 0.0005803327831907166
 0.004234038120364835
 0.003475826036028475
 3.524703772974639e-05
 1.40995238098601e-06
 1.425088118930305e-05
 0.04422968091768194
 4.249818124966725e-08
 0.001857508003337064
 2.291765295329828e-07
 0.0005803327831907166
 0.004234038120364835
 0.003475826036028475
 3.524703772974639e-05
 1.40995238098601e-06
 1.425088118930305e-05
 0.04422968091768194
 4.249818124966725e-08
 0.001857508003337064
 2.291765295329828e-07
 0.0005803327831907166
 0.004234038120364835
 0.04422968091768194
 3.524703772974639e-05
 1.40995238098601e-06
 0.000193727287437759
 0.04422968091768194
 5.489396916156067e-08
 0.001857508003337064
 2.291765295329828e-07
 0.0005803327831907166
 0.002833816604268276
 0.04422968091768194
 3.524703772974639e-05
 1.40995238098601e-06
 0.000193727287437759
 0.04422968091768194
 4.249818124966725e-08
 0.001857508003337064
 2.291765295329828e-07
 0.0005803327831907166
 0.002833816604268276
 0.04422968091768194
 3.524703772974639e-05
 0.001304255080757816
 0.000193727287437759
 0.04422968091768194
 4.249818124966725e-08
 0.001857508003337064
 2.291765295329828e-07
 0
 0.002833816604268276
 0.04422968091768194
 3.524703772974639e-05
 0.001304255080757816
 0.000193727287437759
 0.04422968091768194
 5.489396916156067e-08
 0
 2.291765295329828e-07
 0
 0.002833816604268276
 0.04422968091768194
 3.524703772974639e-05
 0.002833816604268276
 0.000193727287437759
 0.04422968091768194
 0.0004904413373774732
 0
 0
 0
 0
 0.04422968091768194
 0
 0.001304255080757816
 0.000193727287437759
 0
 0.0004904413373774732
 0
 0
 0
 0
 0.04422968091768194
 0
 0.04422968091768194
 0.000193727287437759
 0
 0.0006748057824994292
 0
 0
 0
 0
 0
 0
 0.04422968091768194
 0
 0
 0.0006748057824994292
 0
 0
 0
 0
 0
 0
 0.04422968091768194
 0
 0
 0.0006748057824994292
 0
 0
 0
 0
 0
 0
 0.04422968091768194
 0
 0
 0.0004904413373774732
 0
 0
 0
 0
 0
 0
 0.04422968091768194
 0
 0
 0.0006748057824994292
 0
 0
 0
 0
 0
 0
 0.04422968091768194
 0
 0
 0.0004904413373774732
 0
 0
 0
 0
 0
 0
 0.04422968091768194
 0
 0
 0.0004904413373774732
 0
 0
 0
 0
 0
 0
 0
 0
 0
 0.0004904413373774732
 0
 0
 0
 0
 0
 0
 0
 0
 0
 0.0004904413373774732
 0
 0
 0
 0
 0
 0
 0
 0
 0
 0.0004904413373774732
 0
 0
 0
 0
 0
 0
 0
 0
 0
 0.0004904413373774732
 0
 0
 0
 0
 0
 0
 0
 0
 0
 0
 0
 0
 0
 0
 0
 0
 0
 0
 0
 0
 0
 0
 0
 0
 0
 0
 0
 0
 0
 0
 0
 0
 0
 0
 0
 0
 0
 0
 0
 0
 0
 0
