# Created by Octave 3.2.4, Tue Feb 05 08:25:35 2013 EST <rbom@zaphod>
# name: small_First_Fit
# type: matrix
# ndims: 3
 1 10 30
 4.780286503484257e-17
 2.402459482504516e-12
 7.994629684400879e-12
 5.223662872708788e-14
 2.641590069709303e-10
 1.96769550365089e-14
 3.488802758948489e-15
 1.346810505408012e-15
 3.467692934423435e-12
 8.092140482898505e-17
 2.72060840409835e-15
 7.379555023051846e-10
 9.443197509710269e-11
 5.97614084099619e-12
 1.747884011540253e-08
 4.797260442197519e-08
 8.07769043021145e-11
 9.807787454886881e-13
 3.15335348321214e-08
 1.631134069048138e-12
 8.347958812282962e-14
 8.691428332739629e-09
 1.592994827190632e-08
 7.806902188700941e-09
 5.989149691559035e-07
 3.22265980635814e-06
 2.065721942758775e-07
 4.508318350665652e-10
 1.036120645331398e-05
 1.151075441968804e-10
 1.613306375652487e-12
 2.056466875141879e-07
 9.586271790617894e-07
 3.965691598631403e-08
 3.051071977042938e-05
 6.627114670683374e-05
 2.065721942758775e-07
 1.585104169543042e-08
 6.627114670683374e-05
 1.151075441968804e-10
 8.629098359699203e-12
 2.389944835980302e-06
 9.586271790617894e-07
 3.004356405138383e-07
 3.051071977042938e-05
 6.627114670683374e-05
 1.57302369898437e-06
 1.915437678258949e-07
 6.627114670683374e-05
 1.368023227305172e-09
 1.833903067581102e-10
 2.389944835980302e-06
 9.586271790617894e-07
 3.004356405138383e-07
 0.0001755886667043403
 6.627114670683374e-05
 9.401191660419644e-06
 1.915437678258949e-07
 0.0002012271176497431
 1.190155567194279e-08
 3.50941702848299e-09
 2.389944835980302e-06
 2.032302613880831e-05
 4.680118899269492e-06
 0.0001755886667043403
 0.0005003956189355869
 9.401191660419644e-06
 1.341616422635557e-06
 6.627114670683374e-05
 1.284720245547211e-07
 4.112521400665606e-08
 2.389944835980302e-06
 2.032302613880831e-05
 1.017477270121673e-05
 0.0001755886667043403
 6.627114670683374e-05
 6.145917438401616e-05
 1.615222466877811e-05
 6.627114670683374e-05
 1.284720245547211e-07
 4.112521400665606e-08
 2.389944835980302e-06
 0.0001053897964832849
 1.017477270121673e-05
 0.0001755886667043403
 6.627114670683374e-05
 0.0002274416406182955
 0.0002735699607263064
 6.627114670683374e-05
 1.690868807460818e-07
 6.883061814065719e-05
 2.389944835980302e-06
 0.0001053897964832849
 0.0001614084009027532
 0.0001755886667043403
 6.627114670683374e-05
 0.0002274416406182955
 0.0002735699607263064
 6.627114670683374e-05
 1.284720245547211e-07
 6.883061814065719e-05
 2.389944835980302e-06
 0.0002271504497301213
 0.0001614084009027532
 0.0001755886667043403
 6.627114670683374e-05
 0.0002274416406182955
 0.001539628543937863
 6.627114670683374e-05
 1.284720245547211e-07
 6.883061814065719e-05
 0
 0.001062158506236785
 0.0001614084009027532
 0.0001755886667043403
 6.627114670683374e-05
 0.0002274416406182955
 0.001539628543937863
 6.627114670683374e-05
 1.284720245547211e-07
 6.883061814065719e-05
 0
 0.001062158506236785
 0.0001614084009027532
 0
 6.627114670683374e-05
 0.0002274416406182955
 0.001539628543937863
 0
 1.690868807460818e-07
 6.883061814065719e-05
 0
 0.001062158506236785
 0.0001614084009027532
 0
 0
 0.0002274416406182955
 0.001539628543937863
 0
 1.064039721139198e-06
 6.883061814065719e-05
 0
 0.001062158506236785
 0.0001614084009027532
 0
 0
 0.0002274416406182955
 0.001539628543937863
 0
 1.064039721139198e-06
 6.883061814065719e-05
 0
 0.001062158506236785
 0.0001614084009027532
 0
 0
 0
 0.001539628543937863
 0
 1.064039721139198e-06
 0
 0
 0.001062158506236785
 0
 0
 0
 0
 0.001539628543937863
 0
 1.064039721139198e-06
 0
 0
 0.001062158506236785
 0
 0
 0
 0
 0
 0
 1.064039721139198e-06
 0
 0
 0
 0
 0
 0
 0
 0
 0
 1.064039721139198e-06
 0
 0
 0
 0
 0
 0
 0
 0
 0
 1.064039721139198e-06
 0
 0
 0
 0
 0
 0
 0
 0
 0
 0
 0
 0
 0
 0
 0
 0
 0
 0
 0
 0
 0
 0
 0
 0
 0
 0
 0
 0
 0
 0
 0
 0
 0
 0
 0
 0
 0
 0
 0
 0
 0
 0
 0
 0
 0
 0
 0
 0
 0
 0
 0
 0
 0
 0
 0
 0
 0
 0
 0
 0
 0
 0
 0
 0
 0
 0
 0
 0
 0
 0
 0
 0
 0
 0
 0
 0
 0
 0
 0
 0
 0
 0
 0
 0
 0
 0
 0
 0
 0
 0
 0
 0
 0
 0
 0
 0
 0
 0
 0
 0
