# Created by Octave 3.2.4, Mon Feb 04 21:22:59 2013 EST <rbom@zaphod>
# name: small_First_Fit
# type: matrix
# ndims: 3
 1 10 30
 2.30387566196489e-15
 1.857318608334416e-17
 2.214843194788484e-12
 2.812247230885659e-14
 6.857890188009064e-15
 1.956052697042045e-17
 1.091763450656086e-13
 2.609506924804812e-15
 1.20948866748313e-14
 3.474628085606669e-13
 1.003575510739677e-13
 1.078459838015782e-13
 2.214843194788484e-12
 1.02645904768505e-11
 1.167649639694652e-10
 1.061229547049288e-12
 3.091687301555424e-10
 2.112555837542822e-10
 2.397578390039223e-10
 8.500140436881461e-13
 1.005486598791045e-09
 1.39251182407854e-11
 1.376298107503135e-07
 1.02645904768505e-11
 1.430829949431904e-07
 1.762396136073083e-11
 4.453851444073896e-07
 6.270989380242175e-09
 8.725249615342638e-08
 5.647204370019073e-09
 1.018303963496406e-07
 1.324040523210911e-09
 1.542353470168206e-05
 1.02645904768505e-11
 1.430829949431904e-07
 1.061229547049288e-12
 2.746660753087689e-05
 1.954877913864152e-07
 4.232210146948801e-06
 4.190302336388359e-07
 3.023355246395601e-06
 8.083445856305711e-08
 0.0004476282535645272
 1.02645904768505e-11
 1.430829949431904e-07
 1.061229547049288e-12
 2.746660753087689e-05
 2.542811447228524e-05
 4.232210146948801e-06
 4.190302336388359e-07
 7.207036732282603e-05
 2.887798205323156e-06
 0.0004476282535645272
 1.545492127373331e-07
 1.430829949431904e-07
 2.878612527196271e-11
 2.746660753087689e-05
 2.542811447228524e-05
 4.232210146948801e-06
 1.281770410542916e-05
 0.001075688204123078
 2.887798205323156e-06
 0.0004476282535645272
 1.545492127373331e-07
 1.430829949431904e-07
 4.401879863095214e-09
 0.001367863407559903
 2.542811447228524e-05
 4.232210146948801e-06
 0.0001475135217987361
 0.001075688204123078
 2.233983357995119e-05
 0.0005371077519645992
 1.039450976960793e-05
 1.430829949431904e-07
 3.074764039147454e-07
 0.005706506114831368
 2.542811447228524e-05
 1.618666378250891e-05
 0.0002489731533966993
 0.001075688204123078
 2.233983357995119e-05
 0.0005371077519645992
 1.039450976960793e-05
 3.174112719668103e-07
 1.404813314717941e-06
 0.005706506114831368
 2.542811447228524e-05
 1.618666378250891e-05
 0.0005680870019385486
 0.001075688204123078
 2.911150838936715e-05
 0.0004476282535645272
 1.039450976960793e-05
 5.517830128543622e-07
 1.404813314717941e-06
 0.005706506114831368
 2.542811447228524e-05
 0.0003694489556561281
 0.0005680870019385486
 0.001075688204123078
 2.911150838936715e-05
 0.0004476282535645272
 1.039450976960793e-05
 1.979935570430562e-05
 2.180737689798185e-05
 0.005706506114831368
 2.542811447228524e-05
 0.001090334928678704
 0.0005680870019385486
 0.001075688204123078
 2.911150838936715e-05
 0.0004476282535645272
 0.0001179378416269922
 1.979935570430562e-05
 2.180737689798185e-05
 0.005706506114831368
 0
 0.006173510268626125
 0.0005680870019385486
 0.001075688204123078
 2.911150838936715e-05
 0.0004476282535645272
 0.0001179378416269922
 1.979935570430562e-05
 2.180737689798185e-05
 0.005706506114831368
 0
 0.006173510268626125
 0.0005680870019385486
 0
 2.911150838936715e-05
 0.0004476282535645272
 0.0001179378416269922
 1.979935570430562e-05
 2.180737689798185e-05
 0.005706506114831368
 0
 0.006173510268626125
 0.0005680870019385486
 0
 2.911150838936715e-05
 0
 0.0001179378416269922
 1.979935570430562e-05
 0.0002489731533966993
 0
 0
 0.006173510268626125
 0.0005680870019385486
 0
 2.911150838936715e-05
 0
 0.0001179378416269922
 1.979935570430562e-05
 0.0002489731533966993
 0
 0
 0.006173510268626125
 0
 0
 0
 0
 0.0001179378416269922
 1.979935570430562e-05
 0.001090334928678704
 0
 0
 0.006173510268626125
 0
 0
 0
 0
 0.001090334928678704
 0
 0.001090334928678704
 0
 0
 0.006173510268626125
 0
 0
 0
 0
 0.001090334928678704
 0
 0.001090334928678704
 0
 0
 0
 0
 0
 0
 0
 0.001090334928678704
 0
 0.001090334928678704
 0
 0
 0
 0
 0
 0
 0
 0.001090334928678704
 0
 0.001090334928678704
 0
 0
 0
 0
 0
 0
 0
 0.001090334928678704
 0
 0.001090334928678704
 0
 0
 0
 0
 0
 0
 0
 0.001090334928678704
 0
 0.001090334928678704
 0
 0
 0
 0
 0
 0
 0
 0.001090334928678704
 0
 0
 0
 0
 0
 0
 0
 0
 0
 0
 0
 0
 0
 0
 0
 0
 0
 0
 0
 0
 0
 0
 0
 0
 0
 0
 0
 0
 0
 0
 0
 0
 0
 0
 0
 0
 0
 0
 0
 0
 0
 0
 0
 0
 0
 0
 0
 0
 0
 0
 0
 0
 0
 0
 0
 0
 0
 0
 0
 0
 0
 0
 0
 0
 0
 0
