# Created by Octave 3.2.4, Tue Feb 05 18:43:29 2013 EST <rbom@zaphod>
# name: small_First_Fit
# type: matrix
# ndims: 3
 1 10 30
 2.020307650307761e-05
 1.189818291488454e-09
 2.989408324670557e-09
 3.518912488848212e-11
 3.102678532697104e-10
 2.755085602033446e-12
 5.128268235571729e-11
 6.912334321454037e-11
 7.11763548764533e-12
 2.183353388435885e-10
 2.020307650307761e-05
 3.077830376279706e-09
 2.141078663809453e-06
 1.486494889196393e-08
 6.071913841137369e-06
 4.049011545422101e-08
 1.341639355606205e-09
 8.78111304011783e-09
 1.517610411910985e-07
 1.391800896236163e-07
 8.599031336971475e-05
 1.965284259288927e-08
 8.772841147357164e-06
 1.486494889196393e-08
 5.793667307910026e-05
 1.74770886986158e-06
 2.42548404632171e-08
 2.842088053326103e-08
 1.596469643846783e-06
 1.474715399068949e-06
 8.599031336971475e-05
 7.056493387501201e-07
 9.333821144069256e-05
 1.072782727493515e-07
 5.793667307910026e-05
 1.74770886986158e-06
 1.893683891464813e-07
 2.842088053326103e-08
 0.00010114536377738
 2.67530184326973e-06
 0.0009995210652681539
 7.056493387501201e-07
 9.333821144069256e-05
 1.529123309226019e-07
 0.0002506885670591964
 1.823101353354285e-05
 1.893683891464813e-07
 2.900473086616451e-08
 0.0009995210652681539
 2.817002849614775e-05
 0.00237422975458445
 1.7415513410658e-05
 0.0008370763815730781
 1.046466597954598e-06
 0.0002506885670591964
 1.823101353354285e-05
 3.603047929380064e-07
 6.236075073145716e-08
 0.0009995210652681539
 2.817002849614775e-05
 0.00237422975458445
 2.340315188073652e-05
 0.0008370763815730781
 1.046466597954598e-06
 0.0002506885670591964
 3.99824272921512e-05
 3.723003489407444e-07
 6.236075073145716e-08
 0.002507898155168626
 0.0003341913233370505
 0.00237422975458445
 0.0002485958036771692
 0.01733613741887792
 2.639145059852844e-05
 0.0002506885670591964
 1.823101353354285e-05
 3.87458602221135e-06
 3.011235362894762e-07
 0.02076925068367598
 0.0003341913233370505
 0.00237422975458445
 0.0007780545339138308
 0.01733613741887792
 0.0001143737157896047
 0.0003481310039363823
 0.0001158090330321465
 3.87458602221135e-06
 6.43652763483129e-07
 0.03316091552795863
 0.003412851996765043
 0.00237422975458445
 0.001154317789274367
 0.01733613741887792
 0.0001143737157896047
 0.0007368312850301105
 0.0001158090330321465
 4.373024764658872e-06
 1.301925374651721e-05
 0.04328238468920761
 0.005219511522529637
 0.00237422975458445
 0.001310890648564223
 0.01733613741887792
 0.0002100654983667278
 0.0007368312850301105
 0.0001158090330321465
 0.007078505757462084
 1.301925374651721e-05
 0.03316091552795863
 0.003412851996765043
 0.00237422975458445
 0.001310890648564223
 0.01733613741887792
 0.0001998273812476576
 0.0007368312850301105
 0.0001158090330321465
 0.007078505757462084
 0.000128494857852174
 0.03316091552795863
 0.03144803842781616
 0
 0.001310890648564223
 0.01733613741887792
 0.0001998273812476576
 0.0007368312850301105
 0.04328238468920761
 0.008394703057218272
 0.0002341489128248252
 0.04328238468920761
 0.03144803842781616
 0
 0.001310890648564223
 0.01733613741887792
 0.00101413375778897
 0.0007368312850301105
 0.04328238468920761
 0.007078505757462084
 0.0005299354491434033
 0.04328238468920761
 0.03144803842781616
 0
 0.001310890648564223
 0
 0.00101413375778897
 0.001011182869343662
 0.04328238468920761
 0.01416994155784091
 0.001299505450173749
 0.04328238468920761
 0.03144803842781616
 0
 0.001310890648564223
 0
 0.00101413375778897
 0.0007368312850301105
 0.04328238468920761
 0.008394703057218272
 0.001299505450173749
 0.04328238468920761
 0.03144803842781616
 0
 0.001310890648564223
 0
 0.00101413375778897
 0.0007368312850301105
 0.04328238468920761
 0.007078505757462084
 0.001299505450173749
 0.04328238468920761
 0.03144803842781616
 0
 0
 0
 0.00103910323555257
 0.0007368312850301105
 0.04328238468920761
 0.007078505757462084
 0.001299505450173749
 0.04328238468920761
 0.03144803842781616
 0
 0
 0
 0.002071396086341016
 0.0007368312850301105
 0.04328238468920761
 0.01416994155784091
 0.001299505450173749
 0.04328238468920761
 0
 0
 0
 0
 0.002071396086341016
 0.0008591954652650343
 0
 0.01416994155784091
 0.001299505450173749
 0
 0
 0
 0
 0
 0.002071396086341016
 0.00327951892128463
 0
 0.01416994155784091
 0.001299505450173749
 0
 0
 0
 0
 0
 0.002071396086341016
 0.00327951892128463
 0
 0.01416994155784091
 0
 0
 0
 0
 0
 0
 0.002071396086341016
 0.01733613741887792
 0
 0.01416994155784091
 0
 0
 0
 0
 0
 0
 0.002071396086341016
 0.01733613741887792
 0
 0.01416994155784091
 0
 0
 0
 0
 0
 0
 0.002071396086341016
 0.01733613741887792
 0
 0.01416994155784091
 0
 0
 0
 0
 0
 0
 0
 0.01733613741887792
 0
 0
 0
 0
 0
 0
 0
 0
 0
 0.01733613741887792
 0
 0
 0
 0
 0
 0
 0
 0
 0
 0.01733613741887792
 0
 0
 0
 0
 0
 0
 0
 0
 0
 0.01733613741887792
 0
 0
 0
 0
 0
 0
 0
 0
 0
 0
 0
 0
 0
 0
 0
