# Created by Octave 3.2.4, Thu Feb 07 03:19:19 2013 EST <rbom@zaphod>
# name: small_First_Fit
# type: matrix
# ndims: 3
 1 10 30
 3.742717771176942e-16
 5.658683306030641e-18
 2.026107008298653e-14
 1.691678754920119e-18
 2.667050711343932e-09
 7.962502202966986e-20
 1.010896055377936e-19
 1.874767015131121e-19
 7.945174128480578e-15
 2.024264310878683e-18
 4.531442913102083e-13
 1.167891791177836e-14
 2.273711703152686e-12
 6.981933181958296e-11
 2.667050711343932e-09
 7.962502202966986e-20
 7.607549204288033e-17
 2.94232340473615e-16
 6.310350310339177e-11
 1.413733534836573e-13
 4.554466351053017e-08
 2.240290898026245e-10
 1.258111023041207e-10
 6.981933181958296e-11
 1.852586070293566e-05
 1.255247880074905e-15
 7.852075788678259e-16
 4.460870048549876e-14
 2.986249582230368e-09
 1.413733534836573e-13
 2.051386427541733e-05
 2.255885721885028e-09
 7.465241606027469e-10
 2.187592508415775e-08
 1.852586070293566e-05
 3.087036509856362e-14
 5.182157796619579e-12
 3.505670646754091e-10
 2.986249582230368e-09
 2.013975156086055e-11
 2.051386427541733e-05
 2.637874836695893e-08
 4.110242044071679e-08
 2.187592508415775e-08
 0.0009328874812387225
 3.087036509856362e-14
 5.294704694295924e-09
 3.693016024385742e-07
 2.986249582230368e-09
 1.491164204140372e-10
 0.0004011317598404662
 2.637874836695893e-08
 3.364550904371586e-07
 2.187592508415775e-08
 0.0009328874812387225
 1.266200988592175e-12
 9.814404689208037e-08
 3.693016024385742e-07
 2.986249582230368e-09
 5.919863640901003e-09
 0.0004011317598404662
 1.420178472162766e-06
 2.318153315788652e-06
 2.187592508415775e-08
 0.0009328874812387225
 1.006346624634236e-08
 1.946335752913494e-05
 1.986481291674766e-05
 1.328938715625641e-07
 1.145708810624941e-06
 0.0184812723354646
 1.420178472162766e-06
 0.002711271995648783
 5.372075619663524e-06
 0.0009328874812387225
 2.051386427541733e-05
 0.0009328874812387225
 2.566857187842094e-05
 1.328938715625641e-07
 1.145708810624941e-06
 0.0184812723354646
 0.005157881242394654
 0.002711271995648783
 0.0002891450779683694
 0.0009328874812387225
 0.0004011317598404662
 0.0009328874812387225
 6.922909950048684e-05
 1.328938715625641e-07
 1.145708810624941e-06
 0.0184812723354646
 0.005157881242394654
 0.005157881242394654
 0.0002891450779683694
 0.0009328874812387225
 0.0004011317598404662
 0.0009328874812387225
 0.0004662687338514032
 1.328938715625641e-07
 1.145708810624941e-06
 0.0184812723354646
 0.005157881242394654
 0.002711271995648783
 0.001982312116855417
 0.0009328874812387225
 0.0009929183902525052
 0.0009328874812387225
 0.0004662687338514032
 1.328938715625641e-07
 1.145708810624941e-06
 0.0184812723354646
 0.005157881242394654
 0.002711271995648783
 0.001982312116855417
 0
 0.0009929183902525052
 0.0009328874812387225
 0.0005323177691228197
 1.328938715625641e-07
 1.145708810624941e-06
 0.0184812723354646
 0.005157881242394654
 0.005157881242394654
 0.001982312116855417
 0
 0.0184812723354646
 0.0009328874812387225
 0.0005323177691228197
 0.005157881242394654
 0.000208297891180125
 0.0184812723354646
 0.005157881242394654
 0.005157881242394654
 0.001982312116855417
 0
 0.0184812723354646
 0.0009328874812387225
 0.0005323177691228197
 0.005157881242394654
 0.000208297891180125
 0
 0.005157881242394654
 0.002711271995648783
 0.001982312116855417
 0
 0.0184812723354646
 0
 0.0005323177691228197
 0.005157881242394654
 0.000208297891180125
 0
 0
 0.0184812723354646
 0.001982312116855417
 0
 0.0184812723354646
 0
 0.0005323177691228197
 0.005157881242394654
 0.000208297891180125
 0
 0
 0.0184812723354646
 0.001982312116855417
 0
 0.0184812723354646
 0
 0.0005323177691228197
 0.005157881242394654
 0.000208297891180125
 0
 0
 0.0184812723354646
 0
 0
 0.0184812723354646
 0
 0.0005323177691228197
 0.005157881242394654
 0.000208297891180125
 0
 0
 0.0184812723354646
 0
 0
 0.0184812723354646
 0
 0
 0.005157881242394654
 0.000208297891180125
 0
 0
 0.0184812723354646
 0
 0
 0
 0
 0
 0
 0
 0
 0
 0.0184812723354646
 0
 0
 0
 0
 0
 0
 0
 0
 0
 0.0184812723354646
 0
 0
 0
 0
 0
 0
 0
 0
 0
 0
 0
 0
 0
 0
 0
 0
 0
 0
 0
 0
 0
 0
 0
 0
 0
 0
 0
 0
 0
 0
 0
 0
 0
 0
 0
 0
 0
 0
 0
 0
 0
 0
 0
 0
 0
 0
 0
 0
 0
 0
 0
 0
 0
 0
 0
 0
 0
 0
 0
 0
 0
 0
 0
 0
 0
 0
 0
 0
 0
 0
 0
 0
 0
 0
 0
 0
 0
 0
 0
 0
 0
 0
 0
 0
 0
 0
 0
