# Created by Octave 3.2.4, Thu Feb 07 09:35:46 2013 EST <rbom@zaphod>
# name: small_First_Fit
# type: matrix
# ndims: 3
 1 10 30
 1.026883365053511e-16
 4.598309563207994e-12
 5.362889761988685e-18
 2.525930750608465e-17
 3.3215932226298e-17
 3.133110623294049e-17
 3.262124178270595e-12
 4.90011509601894e-16
 2.63964183805106e-13
 1.683540295634556e-17
 6.284907497996397e-15
 1.543701811203313e-08
 7.853304589032221e-14
 6.970751608860812e-10
 1.270020020921802e-12
 2.359640395851083e-13
 3.262124178270595e-12
 7.50525592299993e-13
 8.859846257110686e-07
 1.960846241705602e-11
 3.108140376835553e-10
 1.282125055831284e-06
 1.572158745044617e-11
 5.837278711660394e-08
 1.608471887789549e-10
 1.877630496690373e-11
 1.649431656902815e-10
 8.071677747017975e-11
 4.644367342958245e-05
 1.573810844768588e-10
 3.108140376835553e-10
 9.201843310550756e-06
 1.24867033638257e-10
 9.083926339606795e-06
 2.63943997350305e-06
 3.830423940336438e-09
 1.247191451347053e-08
 4.759957296017452e-09
 4.644367342958245e-05
 4.400991024539112e-09
 3.108140376835553e-10
 0.0005251855563969516
 1.24867033638257e-10
 0.001857624052950358
 2.63943997350305e-06
 2.280216524604714e-07
 4.362133203216563e-07
 1.66458434214332e-07
 0.002553914308813142
 2.59446807416183e-08
 2.57275049583747e-07
 0.0005251855563969516
 1.24867033638257e-10
 0.001857624052950358
 0.0001556255821443279
 7.43625288250065e-06
 4.362133203216563e-07
 9.745162384865681e-05
 0.002553914308813142
 2.59446807416183e-08
 2.57275049583747e-07
 0.0005251855563969516
 3.448896797906383e-07
 0.01102891394406723
 0.0001556255821443279
 9.707402213108983e-06
 0.0007266680670354905
 9.745162384865681e-05
 0.002553914308813142
 2.59446807416183e-08
 2.57275049583747e-07
 0.0005251855563969516
 2.648936963225712e-06
 0.01102891394406723
 0.0005251855563969516
 0.0001843312114053245
 0.0007266680670354905
 0.000588558708594495
 0.002553914308813142
 4.683813803330163e-08
 2.57275049583747e-07
 0.006724211354024605
 2.63112245966728e-05
 0.01102891394406723
 0.0005251855563969516
 0.0001843312114053245
 0.0007266680670354905
 0.000588558708594495
 0.002553914308813142
 4.683813803330163e-08
 1.116075333515176e-05
 0.006724211354024605
 0.0001917667303523556
 0.01102891394406723
 0.0005251855563969516
 0.002432492325421381
 0.000799909886219005
 0.003453289601536835
 0.002553914308813142
 4.683813803330163e-08
 1.116075333515176e-05
 0.006724211354024605
 0.0007266680670354905
 0.01102891394406723
 0.000588558708594495
 0.01078714501195819
 0.0007266680670354905
 0.01338693594381357
 0.00560840191043517
 4.683813803330163e-08
 0.01338693594381357
 0.006724211354024605
 0.0007266680670354905
 0.01338693594381357
 0.000588558708594495
 0.01078714501195819
 0.0007266680670354905
 0.01338693594381357
 0.002553914308813142
 1.672731878107434e-06
 0.01338693594381357
 0.01078714501195819
 0.0007266680670354905
 0.01338693594381357
 0.006724211354024605
 0.01078714501195819
 0.000799909886219005
 0.01338693594381357
 0.002553914308813142
 0.0002931385819892127
 0.01338693594381357
 0.006724211354024605
 0.00560840191043517
 0.01338693594381357
 0.006724211354024605
 0.01078714501195819
 0.000799909886219005
 0.01338693594381357
 0.00560840191043517
 0.0002931385819892127
 0.01338693594381357
 0.006724211354024605
 0.00560840191043517
 0.01338693594381357
 0.006724211354024605
 0.01078714501195819
 0.000799909886219005
 0.01338693594381357
 0.00560840191043517
 0.006724211354024605
 0.01338693594381357
 0.006724211354024605
 0.01338693594381357
 0.01102891394406723
 0.01102891394406723
 0.01078714501195819
 0.000799909886219005
 0.01338693594381357
 0.00560840191043517
 0.006724211354024605
 0.01338693594381357
 0.006724211354024605
 0.01338693594381357
 0.01102891394406723
 0.01102891394406723
 0.01078714501195819
 0.000799909886219005
 0.01338693594381357
 0.00560840191043517
 0.006724211354024605
 0.01338693594381357
 0.01078714501195819
 0.01338693594381357
 0.01102891394406723
 0.01102891394406723
 0
 0.000799909886219005
 0
 0.00560840191043517
 0.01102891394406723
 0
 0.01102891394406723
 0.01338693594381357
 0
 0.01078714501195819
 0
 0.0007266680670354905
 0
 0.00560840191043517
 0.01102891394406723
 0
 0.01078714501195819
 0.01338693594381357
 0
 0.01078714501195819
 0
 0
 0
 0.00560840191043517
 0.01102891394406723
 0
 0.006724211354024605
 0.01338693594381357
 0
 0.01102891394406723
 0
 0
 0
 0
 0.01102891394406723
 0
 0.01078714501195819
 0.01338693594381357
 0
 0.01078714501195819
 0
 0
 0
 0
 0.01102891394406723
 0
 0.006724211354024605
 0
 0
 0.01078714501195819
 0
 0
 0
 0
 0.01102891394406723
 0
 0.01078714501195819
 0
 0
 0.01102891394406723
 0
 0
 0
 0
 0.01102891394406723
 0
 0.01078714501195819
 0
 0
 0.01078714501195819
 0
 0
 0
 0
 0
 0
 0.01102891394406723
 0
 0
 0.01078714501195819
 0
 0
 0
 0
 0
 0
 0.006724211354024605
 0
 0
 0.01102891394406723
 0
 0
 0
 0
 0
 0
 0.01078714501195819
 0
 0
 0.01078714501195819
 0
 0
 0
 0
 0
 0
 0.01078714501195819
 0
 0
 0.01078714501195819
 0
 0
 0
 0
 0
 0
 0.01078714501195819
 0
 0
 0.01078714501195819
 0
 0
 0
 0
 0
