# Created by Octave 3.2.4, Mon Feb 04 13:57:30 2013 EST <rbom@zaphod>
# name: small_First_Fit
# type: matrix
# ndims: 3
 1 10 30
 3.730413675071266e-07
 3.014404984308765e-10
 6.999380077034623e-12
 9.581487833309296e-15
 2.30953928729898e-13
 4.918462022969182e-14
 2.313304251507683e-17
 8.218519243810269e-11
 5.335425138120005e-15
 1.288037170034324e-12
 7.657775602627119e-06
 3.014404984308765e-10
 9.732367268500829e-10
 2.661016091374958e-10
 1.725991433608349e-11
 1.749480158980656e-09
 4.833593836742384e-13
 1.575706780104948e-07
 5.335425138120005e-15
 1.038942154278412e-10
 7.657775602627119e-06
 1.104948561260904e-08
 4.387319487748946e-08
 1.967200998143408e-08
 1.725991433608349e-11
 6.529037009462901e-07
 2.869716085274309e-09
 1.575706780104948e-07
 1.624027458494875e-11
 7.774826572005279e-09
 7.657775602627119e-06
 1.174711775424755e-07
 4.387319487748946e-08
 2.464142927353312e-07
 1.725991433608349e-11
 4.184760777577493e-05
 1.347584131211539e-07
 0.0005291432762107473
 6.45841268264308e-11
 9.524116164738677e-09
 0.000145584841521198
 1.174711775424755e-07
 8.068491430794115e-07
 7.524349918362535e-08
 1.173962063220787e-10
 0.0005291432762107473
 2.073710179539998e-06
 0.0005291432762107473
 4.781713810726472e-09
 3.634611123138766e-07
 0.001409976312708386
 5.36144711753136e-06
 5.805534005761077e-05
 8.175093340475155e-07
 1.840483053904688e-08
 0.0005291432762107473
 0.0004273954736809239
 0.00424665592640296
 1.474401686570485e-07
 7.040124095132164e-07
 0.001409976312708386
 5.36144711753136e-06
 5.805534005761077e-05
 3.065551654684091e-06
 3.523914475742116e-07
 0.0005291432762107473
 0.0004273954736809239
 0.005464893166698032
 2.257771923744404e-06
 7.040124095132164e-07
 0.001409976312708386
 0.00013054049805405
 5.805534005761077e-05
 3.065551654684091e-06
 3.523914475742116e-07
 0.00424665592640296
 0.0004273954736809239
 0.005464893166698032
 1.078236576119154e-05
 7.040124095132164e-07
 0.001409976312708386
 0.00013054049805405
 0.0006223514465614116
 2.912677530004625e-05
 3.523914475742116e-07
 0.00424665592640296
 0.0004273954736809239
 0.005464893166698032
 0.001518819385868983
 7.040124095132164e-07
 0.00424665592640296
 0.005464893166698032
 0.0006223514465614116
 2.912677530004625e-05
 3.523914475742116e-07
 0.00424665592640296
 0.0004273954736809239
 0.005464893166698032
 0.001518819385868983
 0.0001314395794727434
 0.00424665592640296
 0.005464893166698032
 0.0006223514465614116
 2.912677530004625e-05
 3.523914475742116e-07
 0.005464893166698032
 0.0004273954736809239
 0.005464893166698032
 0.01631678000986128
 0.0001314395794727434
 0.005464893166698032
 0.005464893166698032
 0.0006223514465614116
 2.912677530004625e-05
 4.074087209434309e-07
 0.005464893166698032
 0.0004273954736809239
 0.005464893166698032
 0.01631678000986128
 0.0001314395794727434
 0.01374401734115617
 0.005464893166698032
 0.0006223514465614116
 0.002272295205811568
 4.074087209434309e-07
 0.00424665592640296
 0
 0.005464893166698032
 0.01631678000986128
 0.001259374221013468
 0.01374401734115617
 0.005464893166698032
 0.0006223514465614116
 0.002272295205811568
 4.074087209434309e-07
 0.00424665592640296
 0
 0
 0.01631678000986128
 0.001259374221013468
 0.01374401734115617
 0.005464893166698032
 0.0006223514465614116
 0.002272295205811568
 5.101496480631317e-05
 0.005464893166698032
 0
 0
 0.01631678000986128
 0.001259374221013468
 0.01631678000986128
 0.005464893166698032
 0
 0.002272295205811568
 8.020535560957177e-05
 0.01374401734115617
 0
 0
 0.01631678000986128
 0.01631678000986128
 0.01374401734115617
 0
 0
 0.01631678000986128
 8.020535560957177e-05
 0.00424665592640296
 0
 0
 0.01631678000986128
 0.01631678000986128
 0.01631678000986128
 0
 0
 0.01631678000986128
 5.101496480631317e-05
 0.00424665592640296
 0
 0
 0
 0.01631678000986128
 0.01374401734115617
 0
 0
 0.01631678000986128
 5.101496480631317e-05
 0.00424665592640296
 0
 0
 0
 0.01631678000986128
 0.01631678000986128
 0
 0
 0.01631678000986128
 8.020535560957177e-05
 0.00424665592640296
 0
 0
 0
 0.01631678000986128
 0.01631678000986128
 0
 0
 0.01631678000986128
 8.020535560957177e-05
 0.00424665592640296
 0
 0
 0
 0.01631678000986128
 0.01631678000986128
 0
 0
 0.01631678000986128
 8.020535560957177e-05
 0.005464893166698032
 0
 0
 0
 0.01631678000986128
 0.01631678000986128
 0
 0
 0.01631678000986128
 5.101496480631317e-05
 0.01374401734115617
 0
 0
 0
 0
 0.01631678000986128
 0
 0
 0
 5.101496480631317e-05
 0.01374401734115617
 0
 0
 0
 0
 0.01631678000986128
 0
 0
 0
 8.020535560957177e-05
 0.01374401734115617
 0
 0
 0
 0
 0.01631678000986128
 0
 0
 0
 8.020535560957177e-05
 0.01374401734115617
 0
 0
 0
 0
 0
 0
 0
 0
 8.020535560957177e-05
 0.01631678000986128
 0
 0
 0
 0
 0
 0
 0
 0
 8.020535560957177e-05
 0.01631678000986128
 0
 0
 0
 0
 0
 0
 0
 0
 8.020535560957177e-05
 0.01631678000986128
 0
 0
 0
 0
 0
 0
 0
 0
 8.020535560957177e-05
 0.01631678000986128
 0
 0
 0
 0
