# Created by Octave 3.2.4, Tue Feb 05 15:09:42 2013 EST <rbom@zaphod>
# name: small_First_Fit
# type: matrix
# ndims: 3
 1 10 30
 1.303688525124307e-08
 1.116381281994466e-09
 3.118722426322784e-10
 6.48928060502819e-10
 1.412443520031268e-06
 1.903950760043339e-09
 2.160512391776661e-09
 1.743509305073283e-09
 3.1097313894979e-10
 6.45948639183993e-11
 1.986128033349986e-06
 8.211421143659851e-08
 3.818966468200095e-09
 8.837481832815421e-09
 8.831663519392679e-06
 6.514100841548483e-09
 1.855639615065872e-07
 4.446144137998391e-08
 6.983645960434207e-05
 3.949321052048924e-09
 0.0008513950511371262
 4.864262223124334e-05
 1.945801126409717e-08
 8.837481832815421e-09
 2.146792212926515e-05
 1.903950760043339e-09
 5.561460742439772e-05
 5.656703257575282e-07
 0.0007318712456272154
 7.448355421131177e-07
 0.0074656453372163
 4.864262223124334e-05
 3.107670869400539e-07
 9.399244469666002e-08
 0.0001318583638321954
 1.903950760043339e-09
 5.561460742439772e-05
 5.656703257575282e-07
 0.0007318712456272154
 0.000106750215810204
 0.0074656453372163
 4.864262223124334e-05
 1.222095717819091e-06
 2.7677323507056e-07
 0.0003846874561834872
 1.871191752039086e-06
 5.561460742439772e-05
 6.99000607786246e-06
 0.004817311649831352
 0.0006074875295288876
 0.04514256926321108
 0.002395457330729862
 0.0004750480096768931
 2.943521192048137e-06
 0.00131295284999029
 1.141937031694264e-05
 0.0005562441323195075
 1.063778895167426e-05
 0.004817311649831352
 0.0006074875295288876
 0.04514256926321108
 0.002395457330729862
 0.01164190679005155
 1.652255463799174e-05
 0.00131295284999029
 1.141937031694264e-05
 0.0005562441323195075
 1.063778895167426e-05
 0.004817311649831352
 0.006207463667363918
 0.04514256926321108
 0.002395457330729862
 0.01164190679005155
 1.652255463799174e-05
 0.001482429017594763
 1.141937031694264e-05
 0.0005562441323195075
 0.0001318945457882541
 0.01881781607540193
 0.01308734823255152
 0.04514256926321108
 0.007801631991880319
 0.01164190679005155
 7.416447741988514e-05
 0.00131295284999029
 0.006601016753331013
 0.0005562441323195075
 0.0003453115139546079
 0.01881781607540193
 0.01308734823255152
 0.04514256926321108
 0.007801631991880319
 0.01164190679005155
 1.652255463799174e-05
 0.00131295284999029
 0.01329535401583908
 0.005851819997974356
 0.0003453115139546079
 0.01881781607540193
 0.04385442744543559
 0.04514256926321108
 0.007801631991880319
 0.01984055463331304
 0.000102875360129408
 0.01427172124525058
 0.01329535401583908
 0.005851819997974356
 0.004944809041030975
 0.01881781607540193
 0.04385442744543559
 0.04514256926321108
 0.007801631991880319
 0.01984055463331304
 0.000102875360129408
 0.04514256926321108
 0.0179778188584313
 0.02203158534912423
 0.03526897145504811
 0.01881781607540193
 0.04385442744543559
 0
 0.007801631991880319
 0.01984055463331304
 0.001744750349451418
 0.04514256926321108
 0.03526897145504811
 0.02203158534912423
 0.03526897145504811
 0.01881781607540193
 0.04385442744543559
 0
 0.02203158534912423
 0.01984055463331304
 0.009258045944369275
 0.04514256926321108
 0.03526897145504811
 0.02203158534912423
 0.03526897145504811
 0.01881781607540193
 0.04385442744543559
 0
 0.02203158534912423
 0.01984055463331304
 0.01308734823255152
 0.04514256926321108
 0.03526897145504811
 0.02203158534912423
 0.03526897145504811
 0
 0.04385442744543559
 0
 0.02203158534912423
 0.01164190679005155
 0.01308734823255152
 0.04514256926321108
 0.03526897145504811
 0.02203158534912423
 0.03526897145504811
 0
 0.04385442744543559
 0
 0.02203158534912423
 0.01164190679005155
 0.009258045944369275
 0.04514256926321108
 0.04514256926321108
 0.02203158534912423
 0.03526897145504811
 0
 0
 0
 0.02203158534912423
 0
 0.009258045944369275
 0.04514256926321108
 0.04514256926321108
 0.02203158534912423
 0.03526897145504811
 0
 0
 0
 0.02203158534912423
 0
 0.009258045944369275
 0
 0.04514256926321108
 0
 0
 0
 0
 0
 0.02203158534912423
 0
 0.009258045944369275
 0
 0.04514256926321108
 0
 0
 0
 0
 0
 0
 0
 0.009258045944369275
 0
 0.04514256926321108
 0
 0
 0
 0
 0
 0
 0
 0
 0
 0.04514256926321108
 0
 0
 0
 0
 0
 0
 0
 0
 0
 0.04514256926321108
 0
 0
 0
 0
 0
 0
 0
 0
 0
 0
 0
 0
 0
 0
 0
 0
 0
 0
 0
 0
 0
 0
 0
 0
 0
 0
 0
 0
 0
 0
 0
 0
 0
 0
 0
 0
 0
 0
 0
 0
 0
 0
 0
 0
 0
 0
 0
 0
 0
 0
 0
 0
 0
 0
 0
 0
 0
 0
 0
 0
 0
 0
 0
 0
 0
 0
 0
 0
 0
 0
 0
 0
 0
 0
