# Created by Octave 3.2.4, Wed Feb 06 07:06:02 2013 EST <rbom@zaphod>
# name: small_First_Fit
# type: matrix
# ndims: 3
 1 10 30
 5.859922438619291e-11
 2.547601511507051e-11
 2.849981069985605e-10
 7.317656824075772e-10
 7.184943751667594e-11
 1.163923618032406e-08
 1.133425879388967e-12
 2.910822953855178e-09
 9.305643111550179e-13
 1.395046717180387e-07
 3.855578414616956e-09
 1.131574395071168e-09
 8.439387497289102e-08
 1.312200711827752e-08
 6.802547829944386e-05
 5.596801261267725e-07
 8.539056910168449e-08
 5.401229977792289e-08
 2.729375334079058e-08
 3.420543850448685e-06
 2.318757319717755e-06
 1.317741141738144e-09
 1.198025817629317e-05
 1.664137371077761e-08
 6.802547829944386e-05
 1.797373366583346e-05
 2.270110532823762e-07
 6.49281504727613e-08
 2.729375334079058e-08
 0.0001754409129621523
 5.730145515928496e-05
 5.680462035203907e-08
 3.927320672014509e-05
 2.972596975310113e-07
 0.0003601114826164104
 1.761348687503527e-05
 2.270110532823762e-07
 5.873850472316949e-08
 9.186792842497184e-07
 0.0003383659728165561
 5.730145515928496e-05
 5.680462035203907e-08
 0.0001460606599632805
 3.166000549948454e-07
 0.0003601114826164104
 1.797373366583346e-05
 2.270110532823762e-07
 5.485342081102819e-07
 9.186792842497184e-07
 0.002665733179786454
 7.673898010130198e-05
 6.08357953027899e-06
 0.0001460606599632805
 7.249272050303867e-06
 0.001769419315216023
 0.0009360634170328293
 2.480871158815758e-06
 7.003717675700991e-06
 9.186792842497184e-07
 0.002665733179786454
 7.673898010130198e-05
 6.08357953027899e-06
 0.001089728648844055
 7.249272050303867e-06
 0.001769419315216023
 0.0009360634170328293
 2.480871158815758e-06
 3.852870971500857e-05
 9.186792842497184e-07
 0.002665733179786454
 0.0005001806943694943
 6.08357953027899e-06
 0.001089728648844055
 7.795899401082926e-05
 0.001769419315216023
 0.0009360634170328293
 2.590313150380186e-06
 3.852870971500857e-05
 9.186792842497184e-07
 0.005255845122027657
 0.0005001806943694943
 6.08357953027899e-06
 0.01544182139726008
 7.795899401082926e-05
 0.001769419315216023
 0.0009392896876909396
 4.57373919566935e-06
 3.852870971500857e-05
 9.186792842497184e-07
 0.005255845122027657
 0.0005001806943694943
 5.09725942059834e-05
 0.01544182139726008
 7.795899401082926e-05
 0.003180645678729751
 0.0009392896876909396
 3.843282608049704e-06
 3.852870971500857e-05
 9.186792842497184e-07
 0.005255845122027657
 0.0005001806943694943
 0.005255845122027657
 0.01544182139726008
 0.004498167725892918
 0.001769419315216023
 0.0009360634170328293
 4.595290588279017e-05
 0.001998354124344869
 0
 0.005255845122027657
 0.0005001806943694943
 0.005255845122027657
 0.01544182139726008
 0.004498167725892918
 0.003180645678729751
 0.0009360634170328293
 4.595290588279017e-05
 0.001998354124344869
 0
 0.005255845122027657
 0.0005001806943694943
 0.005255845122027657
 0.01544182139726008
 0.004498167725892918
 0.003180645678729751
 0.0009360634170328293
 4.595290588279017e-05
 0.0208775788608161
 0
 0.005255845122027657
 0.0005001806943694943
 0.005255845122027657
 0.01544182139726008
 0.004498167725892918
 0.003180645678729751
 0.0009392896876909396
 4.595290588279017e-05
 0.0208775788608161
 0
 0.005255845122027657
 0
 0.0208775788608161
 0.01544182139726008
 0.004498167725892918
 0.003180645678729751
 0.0009392896876909396
 4.595290588279017e-05
 0.0208775788608161
 0
 0
 0
 0.0208775788608161
 0
 0.004498167725892918
 0.003180645678729751
 0.0009392896876909396
 4.595290588279017e-05
 0.0208775788608161
 0
 0
 0
 0.0208775788608161
 0
 0.004498167725892918
 0.003180645678729751
 0.0009392896876909396
 4.595290588279017e-05
 0.0208775788608161
 0
 0
 0
 0.005255845122027657
 0
 0
 0.003180645678729751
 0.0009392896876909396
 0
 0.0208775788608161
 0
 0
 0
 0.005255845122027657
 0
 0
 0
 0.0009360634170328293
 0
 0.0208775788608161
 0
 0
 0
 0.005255845122027657
 0
 0
 0
 0.0009360634170328293
 0
 0
 0
 0
 0
 0.005255845122027657
 0
 0
 0
 0
 0
 0
 0
 0
 0
 0
 0
 0
 0
 0
 0
 0
 0
 0
 0
 0
 0
 0
 0
 0
 0
 0
 0
 0
 0
 0
 0
 0
 0
 0
 0
 0
 0
 0
 0
 0
 0
 0
 0
 0
 0
 0
 0
 0
 0
 0
 0
 0
 0
 0
 0
 0
 0
 0
 0
 0
 0
 0
 0
 0
 0
 0
 0
 0
 0
 0
 0
 0
 0
 0
 0
 0
 0
 0
 0
 0
 0
 0
 0
 0
 0
 0
 0
 0
 0
 0
 0
 0
 0
 0
 0
 0
 0
 0
