# Created by Octave 3.2.4, Wed Feb 06 06:53:29 2013 EST <rbom@zaphod>
# name: small_First_Fit
# type: matrix
# ndims: 3
 1 10 30
 8.129125263404872e-13
 1.363294934144684e-12
 6.445732947449419e-12
 4.213556710912388e-07
 2.946476349841109e-13
 8.909247421197036e-12
 1.200522687268171e-10
 5.020490485724781e-14
 8.581725504527895e-10
 3.057764568828021e-11
 6.178902729186935e-11
 6.939819504656523e-11
 6.445732947449419e-12
 4.248733589328674e-07
 1.018509881012691e-08
 7.608128731392147e-09
 5.834117521935911e-09
 1.869571421885238e-10
 4.946352418909384e-08
 1.919795590425325e-10
 3.596772948371731e-09
 1.683081121323186e-10
 4.366711154776225e-09
 2.237042214723287e-05
 1.554675170622963e-05
 9.109760163478321e-07
 3.426295470289039e-07
 1.364574432710548e-08
 4.946352418909384e-08
 1.000723793900054e-09
 9.109760163478321e-07
 8.559259475844327e-09
 6.92527963619665e-07
 2.237042214723287e-05
 0.002610669997865717
 7.138716893361612e-06
 3.426295470289039e-07
 1.061837152170599e-06
 4.946352418909384e-08
 6.039995577375821e-07
 4.98650509031781e-06
 3.122490203825476e-07
 3.467200345025815e-05
 2.237042214723287e-05
 0.005481557456067798
 5.886094958612936e-06
 3.520952598869254e-05
 6.544972324867524e-05
 4.232090901258154e-05
 2.287966362236735e-06
 4.98650509031781e-06
 1.498582142714854e-06
 3.467200345025815e-05
 2.237042214723287e-05
 0.005481557456067798
 7.138716893361612e-06
 0.000921411789861757
 6.671883695807508e-05
 4.232090901258154e-05
 2.287966362236735e-06
 4.98650509031781e-06
 1.498582142714854e-06
 0.000302096033625016
 9.737987832636375e-05
 0.005481557456067798
 0.002445516667730025
 0.002904541120075454
 6.671883695807508e-05
 0.0002615823491571477
 6.039995577375821e-07
 4.98650509031781e-06
 2.674856512153007e-06
 0.000302096033625016
 9.737987832636375e-05
 0.002610669997865717
 0.002445516667730025
 0.002904541120075454
 6.671883695807508e-05
 0.0002615823491571477
 2.628708284325662e-05
 4.98650509031781e-06
 1.28269223565265e-05
 0.002058292438904089
 9.737987832636375e-05
 0.002610669997865717
 0.002445516667730025
 0.002904541120075454
 0.003529592030348416
 0.002615991157452143
 2.628708284325662e-05
 4.98650509031781e-06
 2.33227401047547e-05
 0.002058292438904089
 9.737987832636375e-05
 0.00633980510759443
 0.002445516667730025
 0.002904541120075454
 0.003529592030348416
 0.002615991157452143
 2.628708284325662e-05
 2.034161735011369e-05
 2.33227401047547e-05
 0.008230502682051411
 9.737987832636375e-05
 0.007275594537582156
 0.002445516667730025
 0.002904541120075454
 0.003529592030348416
 0.002615991157452143
 2.628708284325662e-05
 2.034161735011369e-05
 8.85419284098614e-05
 0.008230502682051411
 0.0001821088739555238
 0.00633980510759443
 0.008230502682051411
 0.002904541120075454
 0.003529592030348416
 0.002615991157452143
 0.0002536640725236463
 2.034161735011369e-05
 8.85419284098614e-05
 0.008230502682051411
 0.0001821088739555238
 0.00633980510759443
 0.008230502682051411
 0.002904541120075454
 0.003529592030348416
 0.002615991157452143
 0.001323688315596801
 2.1040970075509e-05
 8.85419284098614e-05
 0.008230502682051411
 0.0001821088739555238
 0.00633980510759443
 0.008230502682051411
 0
 0.003529592030348416
 0.002615991157452143
 0.001323688315596801
 2.161148655003174e-05
 0.005869860952544581
 0.008230502682051411
 0.0001821088739555238
 0.00633980510759443
 0.008230502682051411
 0
 0.003529592030348416
 0.002615991157452143
 0.001323688315596801
 2.161148655003174e-05
 0.005869860952544581
 0.008230502682051411
 0.0001821088739555238
 0.007275594537582156
 0.008230502682051411
 0
 0
 0
 0.001323688315596801
 2.1040970075509e-05
 0.005869860952544581
 0.008230502682051411
 0.0001821088739555238
 0.00633980510759443
 0.008230502682051411
 0
 0
 0
 0.002904541120075454
 2.1040970075509e-05
 0.005869860952544581
 0
 0.008230502682051411
 0.00633980510759443
 0.008230502682051411
 0
 0
 0
 0.002682813263822094
 0.01101385927900252
 0.005869860952544581
 0
 0.008230502682051411
 0.00633980510759443
 0
 0
 0
 0
 0.002682813263822094
 0.01101385927900252
 0.005869860952544581
 0
 0.008230502682051411
 0.00633980510759443
 0
 0
 0
 0
 0.001323688315596801
 0.01101385927900252
 0.005869860952544581
 0
 0.008230502682051411
 0.00633980510759443
 0
 0
 0
 0
 0.002682813263822094
 0.01101385927900252
 0
 0
 0.008230502682051411
 0.00633980510759443
 0
 0
 0
 0
 0.002682813263822094
 0.01101385927900252
 0
 0
 0.008230502682051411
 0
 0
 0
 0
 0
 0.002904541120075454
 0.01101385927900252
 0
 0
 0.008230502682051411
 0
 0
 0
 0
 0
 0.002682813263822094
 0.01101385927900252
 0
 0
 0
 0
 0
 0
 0
 0
 0.002682813263822094
 0
 0
 0
 0
 0
 0
 0
 0
 0
 0.002682813263822094
 0
 0
 0
 0
 0
 0
 0
 0
 0
 0.002682813263822094
 0
 0
 0
 0
 0
 0
 0
 0
 0
 0.002682813263822094
 0
 0
 0
 0
 0
 0
 0
 0
 0
 0.002682813263822094
 0
 0
 0
 0
 0
 0
 0
 0
 0
 0
