# Created by Octave 3.2.4, Wed Feb 06 17:16:43 2013 EST <rbom@zaphod>
# name: small_First_Fit
# type: matrix
# ndims: 3
 1 10 30
 1.394609621446989e-14
 4.392383520302251e-16
 2.034401639403237e-20
 4.532289142763612e-18
 5.325845887859357e-11
 7.804291943135354e-17
 8.421262009287024e-18
 6.078729631559463e-14
 5.338734577376729e-16
 3.42074887053219e-14
 5.597176910264328e-12
 8.848300143603618e-14
 2.527285722318601e-13
 5.885750653540195e-13
 1.36098426510909e-07
 4.680837274286423e-13
 3.40381761959012e-13
 4.198311853490724e-12
 2.743354822207787e-14
 9.982879166977607e-10
 1.235425203060301e-09
 1.966367720220894e-11
 2.3655552308715e-12
 2.274736317766552e-10
 2.513342065267822e-06
 8.07738358022944e-12
 1.120466548563887e-09
 1.803764433241243e-10
 6.071635895430716e-10
 9.982879166977607e-10
 2.079568305387589e-08
 1.26914973429136e-07
 4.546391270616355e-11
 2.274736317766552e-10
 2.513342065267822e-06
 5.740272594200672e-10
 1.120466548563887e-09
 1.101624092778687e-09
 9.72665624849011e-09
 3.480053088062792e-07
 6.825446488722334e-08
 1.26914973429136e-07
 1.117390785495513e-09
 7.777728831367311e-09
 6.367632275721665e-06
 1.366144687037433e-07
 1.120466548563887e-09
 3.515704670924142e-08
 9.72665624849011e-09
 4.907758892767368e-06
 2.079568305387589e-08
 5.10871418677582e-05
 1.465263687154634e-09
 2.291874184746087e-06
 2.513342065267822e-06
 0.0001117134833774973
 1.62796265509312e-08
 2.516112994953949e-05
 2.170649260723574e-05
 4.907758892767368e-06
 2.977870646177216e-07
 8.792332681531814e-05
 1.447029062171339e-06
 0.0001723019556193283
 8.152318460453694e-05
 0.0001117134833774973
 3.364826470178481e-08
 2.516112994953949e-05
 2.170649260723574e-05
 4.907758892767368e-06
 2.977870646177216e-07
 8.792332681531814e-05
 1.447029062171339e-06
 0.002735673903667554
 8.152318460453694e-05
 0.0001117134833774973
 5.432147486556607e-06
 2.516112994953949e-05
 2.170649260723574e-05
 4.907758892767368e-06
 2.977870646177216e-07
 5.10871418677582e-05
 1.563895295633326e-06
 0.002735673903667554
 8.152318460453694e-05
 0.002625032987540261
 3.258726506660886e-05
 2.516112994953949e-05
 2.170649260723574e-05
 4.907758892767368e-06
 9.241354607694969e-06
 5.10871418677582e-05
 1.895503659309567e-06
 0.002735673903667554
 8.152318460453694e-05
 0.002625032987540261
 5.432147486556607e-06
 2.516112994953949e-05
 0.0002546418145975412
 4.907758892767368e-06
 2.364647057432047e-05
 5.10871418677582e-05
 5.10871418677582e-05
 0.01157479672586843
 8.152318460453694e-05
 0.002625032987540261
 5.432147486556607e-06
 0.002625032987540261
 0.0002546418145975412
 4.907758892767368e-06
 0.0001640548622114792
 8.792332681531814e-05
 5.10871418677582e-05
 0.01157479672586843
 8.152318460453694e-05
 0.002625032987540261
 5.432147486556607e-06
 0.002735673903667554
 0.0002546418145975412
 0
 0.0001640548622114792
 8.792332681531814e-05
 5.10871418677582e-05
 0.01157479672586843
 8.152318460453694e-05
 0.002625032987540261
 5.432147486556607e-06
 0.002735673903667554
 0.0002546418145975412
 0
 0.0004026261069676083
 8.792332681531814e-05
 8.792332681531814e-05
 0.01157479672586843
 0
 0.002625032987540261
 5.432147486556607e-06
 0.002625032987540261
 0.0002546418145975412
 0
 0.0004026261069676083
 8.792332681531814e-05
 8.792332681531814e-05
 0.01157479672586843
 0
 0.002735673903667554
 3.258726506660886e-05
 0.002735673903667554
 0.0002546418145975412
 0
 0.0004026261069676083
 8.792332681531814e-05
 8.792332681531814e-05
 0.01157479672586843
 0
 0.002735673903667554
 5.432147486556607e-06
 0.002735673903667554
 0.0002546418145975412
 0
 0.01157479672586843
 0.0009096588235025263
 8.792332681531814e-05
 0.01157479672586843
 0
 0.002625032987540261
 5.432147486556607e-06
 0.002735673903667554
 0
 0
 0.01157479672586843
 0.0009096588235025263
 8.792332681531814e-05
 0
 0
 0.002625032987540261
 3.258726506660886e-05
 0.002735673903667554
 0
 0
 0.01157479672586843
 0.0009096588235025263
 8.792332681531814e-05
 0
 0
 0.002625032987540261
 3.258726506660886e-05
 0.002735673903667554
 0
 0
 0.01157479672586843
 0.01157479672586843
 8.792332681531814e-05
 0
 0
 0.002625032987540261
 3.258726506660886e-05
 0.002735673903667554
 0
 0
 0.01157479672586843
 0.01157479672586843
 0
 0
 0
 0.002735673903667554
 3.258726506660886e-05
 0.002735673903667554
 0
 0
 0.01157479672586843
 0.01157479672586843
 0
 0
 0
 0.002625032987540261
 3.258726506660886e-05
 0
 0
 0
 0.01157479672586843
 0.01157479672586843
 0
 0
 0
 0.002735673903667554
 3.258726506660886e-05
 0
 0
 0
 0
 0.01157479672586843
 0
 0
 0
 0.002735673903667554
 3.258726506660886e-05
 0
 0
 0
 0
 0.01157479672586843
 0
 0
 0
 0.002625032987540261
 0
 0
 0
 0
 0
 0.01157479672586843
 0
 0
 0
 0.002625032987540261
 0
 0
 0
 0
 0
 0
 0
 0
 0
 0.002625032987540261
 0
 0
 0
 0
 0
 0
 0
 0
 0
 0.002735673903667554
 0
 0
 0
 0
 0
 0
 0
 0
 0
 0.002625032987540261
 0
 0
 0
 0
 0
 0
 0
 0
 0
 0.002625032987540261
 0
 0
 0
 0
