# Created by Octave 3.2.4, Tue Feb 05 03:41:11 2013 EST <rbom@zaphod>
# name: small_First_Fit
# type: matrix
# ndims: 3
 1 10 30
 5.368967677426528e-16
 7.234599213121739e-14
 1.815922459809437e-11
 3.626707428364223e-15
 4.213750309628104e-14
 8.987583114211873e-06
 8.092844253410505e-15
 2.640266627635726e-15
 3.011513001290898e-10
 4.482185988760213e-12
 7.811526261241872e-14
 7.234599213121739e-14
 4.073557958807546e-08
 3.363004711674153e-14
 1.200763155169082e-12
 0.0004400119711992534
 6.796474983135138e-10
 1.579336801690903e-13
 3.011513001290898e-10
 2.484162167605929e-09
 2.838836134738803e-13
 8.752942230237522e-10
 6.825186971045042e-07
 8.284586121775053e-14
 4.46983159404712e-12
 0.01260235706922062
 8.439911242929829e-08
 1.875768032062353e-10
 4.370793580113622e-08
 1.173491259918964e-06
 2.942229988171497e-09
 7.271733906461617e-07
 0.0001023087563569316
 8.284586121775053e-14
 5.738275887590439e-10
 0.01260235706922062
 8.439911242929829e-08
 1.549399402933569e-09
 4.370793580113622e-08
 0.0001828998259652296
 3.810196186517774e-07
 5.174152598876301e-06
 0.0001023087563569316
 4.186803561280684e-10
 1.481203662506656e-07
 0.01260235706922062
 1.001163643736004e-05
 1.549399402933569e-09
 7.144576945308788e-06
 3.211068851811705e-05
 2.409637800323962e-05
 3.136858244262894e-05
 0.01348173419029774
 9.359053032750981e-07
 7.0455626905778e-06
 0.01260235706922062
 4.598246504702515e-05
 1.843557294550272e-08
 7.144576945308788e-06
 0.004672390675450937
 0.003128047171996577
 0.002317766353744439
 0.01348173419029774
 4.660035254237043e-05
 7.0455626905778e-06
 0.08273256748630285
 0.001666619365085475
 1.880231143540493e-05
 1.201975675698936e-05
 0.004672390675450937
 0.003128047171996577
 0.00348434648598724
 0.08273256748630285
 0.00070058991533182
 0.000937428619676313
 0.08273256748630285
 0.001666619365085475
 0.00118031723155425
 1.299823837026473e-05
 0.0143038984032574
 0.003128047171996577
 0.002317766353744439
 0.08273256748630285
 0.006781113795500111
 0.000937428619676313
 0.08273256748630285
 0.001666619365085475
 0.001562236547218352
 1.299823837026473e-05
 0.0143038984032574
 0.003128047171996577
 0.002317766353744439
 0.08273256748630285
 0.08273256748630285
 0.02195239359777263
 0.08273256748630285
 0.001666619365085475
 0.08273256748630285
 0.0001050653190863973
 0.0143038984032574
 0.003128047171996577
 0.00348434648598724
 0.08273256748630285
 0.08273256748630285
 0.000937428619676313
 0.08273256748630285
 0.001666619365085475
 0.08273256748630285
 0.0008580606060950033
 0.08273256748630285
 0.003128047171996577
 0.04741641978941227
 0.08273256748630285
 0.08273256748630285
 0.000937428619676313
 0.08273256748630285
 0.004778722216748214
 0.08273256748630285
 0.0008580606060950033
 0.08273256748630285
 0.003128047171996577
 0.04741641978941227
 0.08273256748630285
 0.08273256748630285
 0.001642101947690441
 0.08273256748630285
 0.004778722216748214
 0.08273256748630285
 0.01260235706922062
 0.08273256748630285
 0
 0.04741641978941227
 0.08273256748630285
 0.08273256748630285
 0.001642101947690441
 0
 0.004778722216748214
 0.08273256748630285
 0.01260235706922062
 0.08273256748630285
 0
 0.04741641978941227
 0
 0.08273256748630285
 0.001642101947690441
 0
 0.01019296160387768
 0.08273256748630285
 0.08273256748630285
 0.08273256748630285
 0
 0.04741641978941227
 0
 0.08273256748630285
 0.001642101947690441
 0
 0.01019296160387768
 0.08273256748630285
 0.08273256748630285
 0.08273256748630285
 0
 0.04741641978941227
 0
 0
 0.001642101947690441
 0
 0.01019296160387768
 0
 0.08273256748630285
 0.08273256748630285
 0
 0.04741641978941227
 0
 0
 0.00348434648598724
 0
 0.016185620239512
 0
 0.08273256748630285
 0
 0
 0
 0
 0
 0.00348434648598724
 0
 0.016185620239512
 0
 0.08273256748630285
 0
 0
 0
 0
 0
 0.00348434648598724
 0
 0.016185620239512
 0
 0.08273256748630285
 0
 0
 0
 0
 0
 0.00348434648598724
 0
 0.016185620239512
 0
 0.08273256748630285
 0
 0
 0
 0
 0
 0.00348434648598724
 0
 0.02195239359777263
 0
 0
 0
 0
 0
 0
 0
 0.00348434648598724
 0
 0.02195239359777263
 0
 0
 0
 0
 0
 0
 0
 0.08273256748630285
 0
 0.02195239359777263
 0
 0
 0
 0
 0
 0
 0
 0.08273256748630285
 0
 0.02195239359777263
 0
 0
 0
 0
 0
 0
 0
 0.08273256748630285
 0
 0.02195239359777263
 0
 0
 0
 0
 0
 0
 0
 0.08273256748630285
 0
 0.02195239359777263
 0
 0
 0
 0
 0
 0
 0
 0.08273256748630285
 0
 0.02195239359777263
 0
 0
 0
 0
 0
 0
 0
 0.08273256748630285
 0
 0
 0
 0
 0
 0
 0
 0
 0
 0.08273256748630285
 0
 0
 0
 0
 0
