# Created by Octave 3.2.4, Wed Feb 06 09:38:21 2013 EST <rbom@zaphod>
# name: small_First_Fit
# type: matrix
# ndims: 3
 1 10 30
 2.224624210584192e-09
 3.519549132498485e-10
 6.881678550850384e-09
 2.575886134908616e-07
 1.54488489291185e-09
 2.89431085320228e-09
 1.9801885866472e-07
 5.577825657712333e-09
 3.056887948259271e-11
 7.567088830531971e-12
 3.610530612334115e-07
 6.444598624993116e-09
 3.638098551268779e-06
 7.770659415675789e-06
 2.112921817664521e-07
 8.348799909539451e-08
 1.788671972420391e-05
 1.065946524232854e-06
 2.654259106568765e-07
 4.645422485610934e-09
 3.322764342169178e-06
 3.161243795490784e-07
 2.956277224572757e-05
 1.608936153460782e-05
 1.189587739441052e-06
 3.694546145704256e-07
 1.788671972420391e-05
 9.666707786996155e-05
 2.228882618567216e-05
 7.514395169255368e-08
 3.322764342169178e-06
 6.275257767569279e-06
 0.0001164114391810519
 3.703699727879183e-05
 2.210728348530267e-05
 4.225248248834887e-06
 0.0002409119699578701
 0.0001515679286217923
 2.228882618567216e-05
 1.245880289769877e-07
 3.85716551868207e-06
 7.200987914465004e-05
 0.0008788938894581116
 2.109401683615842e-05
 0.0005201177115767914
 2.895322020972981e-05
 0.0004137861203741211
 0.0003797432483965697
 7.640055364955565e-05
 0.0005664028523895022
 7.181021406435761e-06
 6.275257767569279e-06
 0.0008788938894581116
 0.0001846459648389611
 0.003067998584868021
 0.0004137861203741211
 0.0004137861203741211
 0.001226891922836364
 0.00245143346123569
 0.0005664028523895022
 6.444294816156932e-05
 0.001731900012857058
 0.002804813774777666
 0.0006344262870859189
 0.004356802891757103
 0.0006524186398833967
 0.0002409119699578701
 0.001226891922836364
 0.00245143346123569
 0.001587159091343012
 6.444294816156932e-05
 0.001731900012857058
 0.0008788938894581116
 0.0006344262870859189
 0.004494404646653854
 0.003802646544998628
 0.0009775360247475861
 0.002091647143956163
 0.00245143346123569
 0.0009917263749121402
 6.444294816156932e-05
 0.003309359793715129
 0.0008788938894581116
 0.003163220363867058
 0.004494404646653854
 0.003802646544998628
 0.0009775360247475861
 0.002091647143956163
 0.007319808178877811
 0.001587159091343012
 6.444294816156932e-05
 0.003309359793715129
 0.002019590029201429
 0.003163220363867058
 0.02465936673283466
 0.003802646544998628
 0.0009775360247475861
 0.002091647143956163
 0.007319808178877811
 0.0009917263749121402
 0.00172845005572411
 0.003309359793715129
 0.002019590029201429
 0.007319808178877811
 0.02465936673283466
 0.004961963918309426
 0.003802646544998628
 0.002091647143956163
 0.007319808178877811
 0.007803336841201722
 0.00172845005572411
 0.003309359793715129
 0.002019590029201429
 0.007319808178877811
 0.02465936673283466
 0.004961963918309426
 0.01211506406265123
 0.04402252772192965
 0.007319808178877811
 0.007803336841201722
 0.00172845005572411
 0.003514074908282919
 0.002804813774777666
 0.007319808178877811
 0.02465936673283466
 0.004961963918309426
 0.01211506406265123
 0.04402252772192965
 0.007319808178877811
 0.007803336841201722
 0.00172845005572411
 0.003309359793715129
 0.004099727212200453
 0.009771376321867154
 0.02465936673283466
 0.004961963918309426
 0.01211506406265123
 0.04402252772192965
 0.007319808178877811
 0.007803336841201722
 0.03828184626915131
 0.003309359793715129
 0.004099727212200453
 0.009771376321867154
 0.02465936673283466
 0.007461651750010077
 0.01211506406265123
 0.04402252772192965
 0.01948750645257532
 0.007803336841201722
 0.03828184626915131
 0.003309359793715129
 0.01038701789482729
 0.01948750645257532
 0.02465936673283466
 0.004961963918309426
 0.01211506406265123
 0.04402252772192965
 0.01948750645257532
 0.007803336841201722
 0.03828184626915131
 0.003309359793715129
 0.01038701789482729
 0.01948750645257532
 0
 0.003802646544998628
 0.01211506406265123
 0.04402252772192965
 0.01948750645257532
 0.007803336841201722
 0.03828184626915131
 0.006652658264530046
 0.01038701789482729
 0.01948750645257532
 0
 0.003802646544998628
 0.01211506406265123
 0.04402252772192965
 0.01948750645257532
 0
 0.03828184626915131
 0.003309359793715129
 0.01038701789482729
 0.03544265569004091
 0
 0.003802646544998628
 0
 0
 0.01948750645257532
 0
 0.03828184626915131
 0.003309359793715129
 0.01038701789482729
 0.03544265569004091
 0
 0.01211506406265123
 0
 0
 0.01948750645257532
 0
 0.03828184626915131
 0.003309359793715129
 0.01038701789482729
 0.03544265569004091
 0
 0.01211506406265123
 0
 0
 0.03544265569004091
 0
 0
 0.003309359793715129
 0.01038701789482729
 0.03544265569004091
 0
 0.01211506406265123
 0
 0
 0.03544265569004091
 0
 0
 0.004713431340815925
 0
 0.03544265569004091
 0
 0.01211506406265123
 0
 0
 0.01948750645257532
 0
 0
 0.003309359793715129
 0
 0.03544265569004091
 0
 0.01211506406265123
 0
 0
 0.01948750645257532
 0
 0
 0.01425596153513605
 0
 0.03544265569004091
 0
 0.01211506406265123
 0
 0
 0.01948750645257532
 0
 0
 0.003309359793715129
 0
 0
 0
 0.01211506406265123
 0
 0
 0.01948750645257532
 0
 0
 0.01425596153513605
 0
 0
 0
 0
 0
 0
 0.03544265569004091
 0
 0
 0.01425596153513605
 0
 0
 0
 0
 0
 0
 0.03544265569004091
 0
 0
 0.01425596153513605
 0
 0
 0
 0
 0
 0
 0.03544265569004091
 0
 0
 0.01425596153513605
 0
 0
 0
 0
 0
 0
 0.03544265569004091
 0
