# Created by Octave 3.2.4, Mon Feb 04 18:34:20 2013 EST <rbom@zaphod>
# name: small_First_Fit
# type: matrix
# ndims: 3
 1 10 30
 1.780052609929007e-16
 1.059415555752665e-15
 2.708108492878544e-13
 3.856751249992141e-10
 6.935222180457773e-18
 1.050094921290352e-16
 5.405716441560428e-19
 1.140138871715976e-11
 2.180765561690835e-17
 9.728978903580063e-16
 7.312338192802184e-13
 8.393580856579232e-13
 2.484059538200552e-11
 1.172032413315067e-07
 5.307519328015768e-16
 1.050094921290352e-16
 3.652827082260446e-13
 1.677058544165807e-08
 6.384350524843705e-14
 2.829489060542693e-12
 1.456209243198308e-07
 2.765726876113286e-09
 3.577268780438037e-07
 5.19529846859214e-06
 2.49638206181358e-15
 1.103514890798329e-15
 2.636073748921829e-06
 6.945389041445966e-07
 9.361764126048823e-12
 1.285537765439497e-09
 0.000391786896662922
 4.80922082333045e-09
 1.42333276600719e-05
 5.19529846859214e-06
 1.794479315377858e-12
 6.703666209692702e-14
 2.636073748921829e-06
 9.475410514986421e-06
 5.351782861653253e-09
 8.531023856072768e-07
 0.002457335380870263
 1.447939522792539e-07
 0.0008659389700811388
 5.19529846859214e-06
 7.755074166830359e-12
 1.637633125455358e-12
 2.636073748921829e-06
 0.0003918852532685264
 5.351782861653253e-09
 6.625524094187514e-05
 0.002457335380870263
 2.381716321517828e-05
 0.003327610450377981
 5.19529846859214e-06
 7.755074166830359e-12
 1.025991330233758e-09
 2.636073748921829e-06
 0.01656879425528425
 5.351782861653253e-09
 6.625524094187514e-05
 0.01656879425528425
 0.0001316415741072877
 0.003327610450377981
 4.737563801823452e-05
 6.974652671847281e-10
 5.491134386540837e-08
 0.000689960570194807
 0.01656879425528425
 1.582575035889422e-06
 6.625524094187514e-05
 0.08984510336833955
 0.0001316415741072877
 0.003327610450377981
 4.737563801823452e-05
 2.535014375755614e-08
 1.793780371177179e-05
 0.000689960570194807
 0.01656879425528425
 3.114759148324939e-06
 0.0004216902430917225
 0.08984510336833955
 0.01656879425528425
 0.003327610450377981
 4.737563801823452e-05
 2.535014375755614e-08
 0.00086825312504513
 0.000689960570194807
 0.01656879425528425
 3.114759148324939e-06
 0.01656879425528425
 0.08984510336833955
 0.08984510336833955
 0.003327610450377981
 0.08984510336833955
 4.601923887692335e-07
 0.00086825312504513
 0.000689960570194807
 0.01656879425528425
 0.0003696912235855732
 0.01656879425528425
 0.08984510336833955
 0.08984510336833955
 0.003327610450377981
 0.08984510336833955
 4.601923887692335e-07
 0.00086825312504513
 0.000689960570194807
 0.01656879425528425
 0.003488451202036662
 0.01656879425528425
 0.08984510336833955
 0.08984510336833955
 0.003327610450377981
 0.08984510336833955
 4.601923887692335e-07
 0.00086825312504513
 0.001347655301869967
 0.01656879425528425
 0.003488451202036662
 0.08984510336833955
 0.08984510336833955
 0.08984510336833955
 0
 0.08984510336833955
 4.459690410041463e-05
 0.00086825312504513
 0.001347655301869967
 0
 0.003488451202036662
 0.01656879425528425
 0.08984510336833955
 0.08984510336833955
 0
 0.08984510336833955
 4.459690410041463e-05
 0.00086825312504513
 0.001347655301869967
 0
 0.003488451202036662
 0.08984510336833955
 0
 0.08984510336833955
 0
 0.08984510336833955
 4.459690410041463e-05
 0.00086825312504513
 0.001347655301869967
 0
 0.003488451202036662
 0.01656879425528425
 0
 0.08984510336833955
 0
 0.08984510336833955
 4.459690410041463e-05
 0
 0.001347655301869967
 0
 0.003488451202036662
 0.01656879425528425
 0
 0
 0
 0
 4.459690410041463e-05
 0
 0.001347655301869967
 0
 0.08984510336833955
 0.08984510336833955
 0
 0
 0
 0
 4.459690410041463e-05
 0
 0.001347655301869967
 0
 0.08984510336833955
 0.08984510336833955
 0
 0
 0
 0
 4.459690410041463e-05
 0
 0
 0
 0.08984510336833955
 0.08984510336833955
 0
 0
 0
 0
 0
 0
 0
 0
 0.08984510336833955
 0.08984510336833955
 0
 0
 0
 0
 0
 0
 0
 0
 0.08984510336833955
 0.08984510336833955
 0
 0
 0
 0
 0
 0
 0
 0
 0.08984510336833955
 0.08984510336833955
 0
 0
 0
 0
 0
 0
 0
 0
 0.08984510336833955
 0.08984510336833955
 0
 0
 0
 0
 0
 0
 0
 0
 0
 0
 0
 0
 0
 0
 0
 0
 0
 0
 0
 0
 0
 0
 0
 0
 0
 0
 0
 0
 0
 0
 0
 0
 0
 0
 0
 0
 0
 0
 0
 0
 0
 0
 0
 0
 0
 0
 0
 0
 0
 0
 0
 0
 0
 0
 0
 0
 0
 0
 0
 0
 0
 0
 0
 0
 0
 0
 0
 0
 0
 0
