# Created by Octave 3.2.4, Wed Feb 06 03:54:22 2013 EST <rbom@zaphod>
# name: small_First_Fit
# type: matrix
# ndims: 3
 1 10 30
 1.418980811096221e-09
 4.339730692484432e-13
 2.867670412532073e-14
 9.893986918964616e-13
 2.006663991711396e-10
 1.252766228476653e-14
 5.238112198959769e-12
 9.550782360131307e-10
 2.155860942900747e-09
 6.311756333583095e-13
 5.972099781991541e-07
 9.67472598212082e-10
 6.520559564717005e-12
 1.629465623504689e-10
 2.020107525801369e-09
 1.432798874317755e-08
 7.601138803917594e-10
 5.179248260612165e-09
 2.155860942900747e-09
 1.026928157345741e-09
 1.796075778936065e-06
 1.742398821194134e-07
 5.274831754481684e-09
 3.828626481167897e-10
 1.363557293543408e-07
 2.938508506763375e-06
 1.778419587346634e-08
 1.825826191188369e-07
 2.155860942900747e-09
 1.215619551052864e-07
 2.364585920893968e-05
 1.742398821194134e-07
 5.274831754481684e-09
 1.624954441233325e-09
 1.363557293543408e-07
 3.125708365596474e-06
 2.320910725099271e-08
 7.237814909640627e-07
 8.560054009949153e-07
 1.320601924017293e-07
 2.364585920893968e-05
 1.023044167568611e-05
 1.325802065283396e-07
 1.689107293189173e-08
 4.396437469625918e-06
 2.938508506763375e-06
 5.247613005316948e-07
 7.237814909640627e-07
 8.560054009949153e-07
 1.320601924017293e-07
 5.024323001368566e-05
 1.179351040607624e-05
 1.325802065283396e-07
 1.63226338971663e-07
 0.000103786285623222
 6.82808247536696e-06
 5.533773969718392e-06
 2.362560772853383e-07
 1.777490658463495e-05
 1.320601924017293e-07
 5.024323001368566e-05
 1.179351040607624e-05
 6.527607600612392e-06
 1.63226338971663e-07
 0.0009339651263441664
 4.349590816288823e-06
 5.533773969718392e-06
 1.825826191188369e-07
 5.23105694806618e-05
 4.983979671305071e-07
 5.024323001368566e-05
 1.179351040607624e-05
 0.0009897450934173053
 1.63226338971663e-07
 0.0009339651263441664
 0.0009959881475682828
 0.000338269431519601
 2.362560772853383e-07
 0.0004145242767918412
 4.983979671305071e-07
 5.024323001368566e-05
 0.0004239626831218566
 0.0009897450934173053
 3.221466717822768e-06
 0.0009339651263441664
 0.0009959881475682828
 0.01131927425187621
 2.362560772853383e-07
 0.0004145242767918412
 4.983979671305071e-07
 6.142379531085455e-05
 0.0004239626831218566
 0.0009897450934173053
 3.221466717822768e-06
 0.002273437025610735
 0.0009959881475682828
 0.01131927425187621
 7.637175405294801e-06
 0.002376510793541004
 2.180402631783184e-05
 0.0003266839388961271
 0.008245599284311574
 0.0009897450934173053
 7.394423278172693e-05
 0.0009339651263441664
 0.0009959881475682828
 0.01131927425187621
 7.637175405294801e-06
 0.002376510793541004
 6.811596577424035e-05
 0.0003266839388961271
 0.008245599284311574
 0.004447423071828696
 0.004447423071828696
 0.002273437025610735
 0.06281022746266605
 0.01131927425187621
 3.166607061668268e-05
 0.002376510793541004
 0.001352815097456008
 0.0003266839388961271
 0.008245599284311574
 0.004447423071828696
 0.004447423071828696
 0.002273437025610735
 0.06281022746266605
 0.01131927425187621
 3.166607061668268e-05
 0.002758380292462137
 0.001352815097456008
 0.003344248673856254
 0.008245599284311574
 0.004447423071828696
 0.004447423071828696
 0.002273437025610735
 0.06281022746266605
 0.06281022746266605
 3.166607061668268e-05
 0.002758380292462137
 0.001352815097456008
 0.00108260460290488
 0.008245599284311574
 0.004447423071828696
 0.004447423071828696
 0.002540208033256754
 0.06281022746266605
 0.06281022746266605
 3.166607061668268e-05
 0.002758380292462137
 0.001352815097456008
 0.00108260460290488
 0.06281022746266605
 0.004447423071828696
 0.004447423071828696
 0.002540208033256754
 0.06281022746266605
 0.06281022746266605
 3.166607061668268e-05
 0.004134109509260407
 0.01119568534609731
 0.003344248673856254
 0.06281022746266605
 0.004447423071828696
 0.004447423071828696
 0.002540208033256754
 0.06281022746266605
 0.06281022746266605
 3.166607061668268e-05
 0.002758380292462137
 0.01119568534609731
 0.003344248673856254
 0.06281022746266605
 0.004447423071828696
 0.004447423071828696
 0.002540208033256754
 0.06281022746266605
 0.06281022746266605
 3.166607061668268e-05
 0.002758380292462137
 0.01119568534609731
 0.003344248673856254
 0.008245599284311574
 0
 0
 0.002540208033256754
 0
 0.06281022746266605
 0
 0.002758380292462137
 0.06281022746266605
 0.003344248673856254
 0.008245599284311574
 0
 0
 0.002540208033256754
 0
 0.06281022746266605
 0
 0.002376510793541004
 0.06281022746266605
 0.003344248673856254
 0.008245599284311574
 0
 0
 0.002540208033256754
 0
 0
 0
 0.002376510793541004
 0.06281022746266605
 0.003344248673856254
 0.008245599284311574
 0
 0
 0
 0
 0
 0
 0.002376510793541004
 0.06281022746266605
 0.003344248673856254
 0
 0
 0
 0
 0
 0
 0
 0
 0.06281022746266605
 0
 0
 0
 0
 0
 0
 0
 0
 0
 0.06281022746266605
 0
 0
 0
 0
 0
 0
 0
 0
 0
 0.06281022746266605
 0
 0
 0
 0
 0
 0
 0
 0
 0
 0
 0
 0
 0
 0
 0
 0
 0
 0
 0
 0
 0
 0
 0
 0
 0
 0
 0
 0
 0
 0
 0
 0
 0
 0
 0
 0
 0
 0
 0
 0
 0
 0
 0
 0
 0
 0
 0
 0
 0
 0
