# Created by Octave 3.2.4, Thu Feb 07 01:27:41 2013 EST <rbom@zaphod>
# name: small_First_Fit
# type: matrix
# ndims: 3
 1 10 30
 7.496688571908943e-15
 1.038023019676807e-13
 1.455890447661828e-15
 3.0624042796433e-14
 6.257907827808223e-10
 3.730689972679371e-16
 3.922652035326304e-11
 1.346856583397439e-10
 1.52631707847468e-09
 1.175955824140996e-11
 1.716751714505692e-13
 7.144034979319863e-09
 7.409767071547824e-12
 3.0624042796433e-14
 4.56786614086619e-07
 1.350399920194846e-11
 9.458822814156147e-08
 1.346856583397439e-10
 6.675395368844951e-08
 6.349354755205277e-10
 1.716751714505692e-13
 7.144034979319863e-09
 2.499574909219647e-09
 5.983854902168039e-13
 9.354445098972033e-06
 2.756164927928936e-07
 0.0001174175848939205
 1.346856583397439e-10
 6.675395368844951e-08
 1.439458223831046e-08
 1.716751714505692e-13
 7.144034979319863e-09
 2.499574909219647e-09
 1.660426493412826e-11
 3.413220153782136e-05
 3.43052737729337e-06
 0.0004262140574481273
 4.330161148624844e-09
 2.570295487064564e-07
 1.944355156099123e-07
 3.064635102097919e-10
 7.144034979319863e-09
 2.499574909219647e-09
 1.121823830140565e-09
 0.0006062365797856081
 3.43052737729337e-06
 0.001720040704153479
 7.37389952253231e-08
 4.794468885155327e-05
 6.196197675707464e-06
 2.092391375740305e-09
 2.272797055662554e-08
 2.259397437317603e-07
 5.630713321565503e-07
 0.007819149274408566
 3.309471262082117e-05
 0.001720040704153479
 8.425183489715477e-06
 4.794468885155327e-05
 0.0001912918217518454
 1.084397930182066e-07
 2.272797055662554e-08
 2.642037408966114e-06
 3.893428761572133e-05
 0.007819149274408566
 3.309471262082117e-05
 0.001720040704153479
 0.000122761849247302
 0.0001836079250432727
 0.0001912918217518454
 1.084397930182066e-07
 2.272797055662554e-08
 0.0001102421238595209
 3.893428761572133e-05
 0.05022460985457287
 3.309471262082117e-05
 0.001720040704153479
 0.000122761849247302
 0.0001836079250432727
 0.0001912918217518454
 1.084397930182066e-07
 2.272797055662554e-08
 0.00249922526734116
 3.893428761572133e-05
 0.05022460985457287
 0.0007437958284990384
 0.001720040704153479
 0.000807091812842773
 0.0001836079250432727
 0.0001912918217518454
 5.897099146198149e-07
 2.272797055662554e-08
 0.00249922526734116
 3.893428761572133e-05
 0.05022460985457287
 0.0007437958284990384
 0.001720040704153479
 0.000807091812842773
 0.0003308556275773854
 0.05022460985457287
 1.594678251427733e-06
 2.272797055662554e-08
 0.00249922526734116
 0.001291053382927648
 0.05022460985457287
 0.00249922526734116
 0.001720040704153479
 0.000807091812842773
 0.0001836079250432727
 0.05022460985457287
 1.594678251427733e-06
 6.092589784375613e-06
 0.004088033327704253
 0.001291053382927648
 0.05022460985457287
 0.00249922526734116
 0
 0.00249922526734116
 0.0001836079250432727
 0.05022460985457287
 1.594678251427733e-06
 1.198666133687893e-05
 0.004088033327704253
 0.001291053382927648
 0.05022460985457287
 0.00249922526734116
 0
 0.00249922526734116
 0.0001836079250432727
 0.05022460985457287
 1.594678251427733e-06
 0.003213209251738485
 0.004088033327704253
 0.001291053382927648
 0.05022460985457287
 0.00249922526734116
 0
 0.00249922526734116
 0.0001836079250432727
 0.05022460985457287
 1.594678251427733e-06
 0.003213209251738485
 0.004088033327704253
 0.001291053382927648
 0
 0.00249922526734116
 0
 0.00249922526734116
 0.0003308556275773854
 0.05022460985457287
 1.594678251427733e-06
 0.003213209251738485
 0.004088033327704253
 0.001291053382927648
 0
 0.00249922526734116
 0
 0.00249922526734116
 0.0001836079250432727
 0.05022460985457287
 1.776142053395221e-06
 0.003213209251738485
 0.004088033327704253
 0.001291053382927648
 0
 0.00249922526734116
 0
 0.00249922526734116
 0.0001836079250432727
 0
 1.594678251427733e-06
 0.003213209251738485
 0.004088033327704253
 0
 0
 0
 0
 0.00249922526734116
 0.0001836079250432727
 0
 1.594678251427733e-06
 0.05022460985457287
 0
 0
 0
 0
 0
 0
 0.0003308556275773854
 0
 1.594678251427733e-06
 0.05022460985457287
 0
 0
 0
 0
 0
 0
 0.0003308556275773854
 0
 1.594678251427733e-06
 0.05022460985457287
 0
 0
 0
 0
 0
 0
 0.0003308556275773854
 0
 2.299931351621767e-05
 0.05022460985457287
 0
 0
 0
 0
 0
 0
 0.0003308556275773854
 0
 2.299931351621767e-05
 0.05022460985457287
 0
 0
 0
 0
 0
 0
 0.0003308556275773854
 0
 2.299931351621767e-05
 0.05022460985457287
 0
 0
 0
 0
 0
 0
 0.05022460985457287
 0
 2.299931351621767e-05
 0.05022460985457287
 0
 0
 0
 0
 0
 0
 0.05022460985457287
 0
 2.299931351621767e-05
 0
 0
 0
 0
 0
 0
 0
 0.05022460985457287
 0
 2.299931351621767e-05
 0
 0
 0
 0
 0
 0
 0
 0.05022460985457287
 0
 2.299931351621767e-05
 0
 0
 0
 0
 0
 0
 0
 0.05022460985457287
 0
 0
 0
 0
 0
 0
 0
 0
 0
 0.05022460985457287
 0
 0
 0
 0
 0
 0
 0
 0
 0
 0.05022460985457287
 0
