# Created by Octave 3.2.4, Wed Feb 06 02:47:44 2013 EST <rbom@zaphod>
# name: small_First_Fit
# type: matrix
# ndims: 3
 1 10 30
 2.867803251007996e-16
 7.420094050487791e-14
 4.727952277050757e-14
 8.476206943002611e-16
 1.833348433700419e-15
 2.64522351786816e-16
 9.53021476933217e-17
 1.109691349034316e-18
 3.628014397838145e-17
 1.078471293877336e-13
 5.786730426475836e-14
 3.497934221961224e-11
 9.288399776715311e-12
 1.371636537785824e-09
 4.875486279152426e-10
 2.265539260090168e-09
 1.182543167259503e-08
 5.640634229522893e-14
 1.216009582525945e-12
 1.078471293877336e-13
 3.261465974673996e-10
 5.444646041064723e-07
 4.098169385554884e-10
 6.336093146861802e-09
 6.113898341619678e-07
 2.265539260090168e-09
 1.182543167259503e-08
 2.31069754865116e-12
 2.331161067600475e-10
 2.944573840422589e-10
 3.261465974673996e-10
 5.444646041064723e-07
 1.519733394209239e-08
 1.640969237995037e-08
 6.136712038435399e-05
 8.595157091336288e-08
 1.738279643833729e-07
 2.450463190980355e-11
 2.411176749758374e-08
 3.555867317844948e-07
 8.536119158187004e-09
 6.072338847267753e-05
 1.155282734893151e-07
 1.640969237995037e-08
 6.136712038435399e-05
 8.595157091336288e-08
 1.738279643833729e-07
 9.379381029915671e-10
 1.491377206445011e-06
 4.290555102526944e-06
 8.536419195892797e-05
 0.001994928712545775
 1.709659039350424e-07
 1.640969237995037e-08
 6.136712038435399e-05
 8.595157091336288e-08
 1.738279643833729e-07
 6.66750384097686e-09
 1.491377206445011e-06
 2.526870688952351e-05
 8.536419195892797e-05
 0.001994928712545775
 2.251969203651997e-06
 1.640969237995037e-08
 6.136712038435399e-05
 8.595157091336288e-08
 1.738279643833729e-07
 2.949007414716333e-08
 1.491377206445011e-06
 0.0001842104167294755
 0.002533821151444257
 0.01378445459921527
 4.321003214600009e-06
 2.73964810850515e-05
 0.001994928712545775
 8.595157091336288e-08
 1.738279643833729e-07
 3.205198385911519e-07
 1.491377206445011e-06
 0.002533821151444257
 0.002533821151444257
 0.01378445459921527
 4.094888199572269e-05
 0.0005069094090572772
 0.001994928712545775
 8.595157091336288e-08
 1.738279643833729e-07
 8.443414710823237e-06
 1.491377206445011e-06
 0.003029624424931218
 0.002533821151444257
 0.01378445459921527
 4.094888199572269e-05
 0.0005069094090572772
 0.01378445459921527
 8.595157091336288e-08
 1.738279643833729e-07
 8.443414710823237e-06
 1.491377206445011e-06
 0.003029624424931218
 0.002533821151444257
 0.01378445459921527
 4.094888199572269e-05
 0.0005069094090572772
 0.01378445459921527
 0
 0
 0.001994928712545775
 1.491377206445011e-06
 0.003029624424931218
 0.01378445459921527
 0.01378445459921527
 5.431497498562709e-05
 0.0005069094090572772
 0.01378445459921527
 0
 0
 0.001994928712545775
 0
 0.002533821151444257
 0.002533821151444257
 0.01378445459921527
 5.431497498562709e-05
 0.0005069094090572772
 0.01378445459921527
 0
 0
 0.01378445459921527
 0
 0.002533821151444257
 0.01378445459921527
 0.01378445459921527
 5.431497498562709e-05
 0.0005069094090572772
 0.01378445459921527
 0
 0
 0.01378445459921527
 0
 0.002533821151444257
 0.01378445459921527
 0
 5.431497498562709e-05
 0.01378445459921527
 0.01378445459921527
 0
 0
 0.01378445459921527
 0
 0.002533821151444257
 0.01378445459921527
 0
 5.431497498562709e-05
 0.01378445459921527
 0.01378445459921527
 0
 0
 0.01378445459921527
 0
 0
 0.01378445459921527
 0
 5.319474212122543e-05
 0.01378445459921527
 0
 0
 0
 0.01378445459921527
 0
 0
 0.01378445459921527
 0
 4.094888199572269e-05
 0.01378445459921527
 0
 0
 0
 0.01378445459921527
 0
 0
 0.01378445459921527
 0
 0
 0.01378445459921527
 0
 0
 0
 0.01378445459921527
 0
 0
 0.01378445459921527
 0
 0
 0.01378445459921527
 0
 0
 0
 0
 0
 0
 0
 0
 0
 0.01378445459921527
 0
 0
 0
 0
 0
 0
 0
 0
 0
 0
 0
 0
 0
 0
 0
 0
 0
 0
 0
 0
 0
 0
 0
 0
 0
 0
 0
 0
 0
 0
 0
 0
 0
 0
 0
 0
 0
 0
 0
 0
 0
 0
 0
 0
 0
 0
 0
 0
 0
 0
 0
 0
 0
 0
 0
 0
 0
 0
 0
 0
 0
 0
 0
 0
 0
 0
 0
 0
 0
 0
 0
 0
 0
 0
 0
 0
 0
 0
 0
 0
 0
 0
 0
 0
 0
 0
 0
 0
 0
 0
 0
 0
 0
 0
 0
 0
