# Created by Octave 3.2.4, Wed Feb 06 19:43:35 2013 EST <rbom@zaphod>
# name: small_First_Fit
# type: matrix
# ndims: 3
 1 10 30
 7.941781531259251e-10
 2.480745164300074e-13
 4.839093758963953e-14
 8.897806144539973e-15
 1.99711702060408e-16
 6.366909987559995e-12
 7.913188343701369e-14
 2.326801230692721e-14
 1.752092132025076e-13
 3.854272169670013e-15
 7.941781531259251e-10
 1.278609190766728e-10
 1.098638646229952e-09
 1.862098228096477e-08
 4.863378851844944e-13
 8.980591009962762e-10
 7.940522570326688e-10
 5.990827462054936e-11
 1.752092132025076e-13
 3.252936732162189e-12
 7.941781531259251e-10
 3.474310888737018e-09
 1.3085485144147e-08
 1.862098228096477e-08
 2.406381122806835e-10
 9.71198313401398e-09
 7.940522570326688e-10
 7.75788829222799e-08
 9.402867959005621e-11
 1.092525136895665e-10
 3.525261351077827e-09
 1.913561621768516e-05
 0.0001083626190612324
 4.938008172331389e-06
 2.633043539584048e-07
 2.246180326175956e-06
 4.996118300562029e-08
 1.072758084836565e-06
 4.498634116745109e-08
 1.092525136895665e-10
 3.712925411645931e-07
 2.446771475755655e-05
 0.001462495670808405
 4.938008172331389e-06
 2.633043539584048e-07
 2.117694691271949e-05
 4.996118300562029e-08
 8.659739312694892e-07
 4.498634116745109e-08
 1.409178436766976e-09
 3.068626838907597e-05
 1.913561621768516e-05
 0.001462495670808405
 6.570712843999709e-06
 4.086644652442298e-06
 3.64137267647451e-05
 4.996118300562029e-08
 0.0002377879881249771
 1.052622347745178e-06
 3.636215732287464e-08
 6.458904005487486e-05
 1.913561621768516e-05
 0.001462495670808405
 6.570712843999709e-06
 4.086644652442298e-06
 3.64137267647451e-05
 4.996118300562029e-08
 0.0002377879881249771
 1.052622347745178e-06
 4.681168506989159e-07
 6.458904005487486e-05
 2.539607875533287e-05
 0.00796649446216123
 6.570712843999709e-06
 8.010575210930874e-05
 4.854240089992358e-05
 2.365430121524824e-07
 0.0002377879881249771
 1.052622347745178e-06
 4.681168506989159e-07
 6.458904005487486e-05
 2.539607875533287e-05
 0.00796649446216123
 6.570712843999709e-06
 8.010575210930874e-05
 3.64137267647451e-05
 1.512506923367213e-05
 0.0002377879881249771
 1.052622347745178e-06
 4.681168506989159e-07
 6.458904005487486e-05
 1.913561621768516e-05
 0.00796649446216123
 0.00796649446216123
 8.010575210930874e-05
 3.64137267647451e-05
 1.512506923367213e-05
 0.0006147745662607392
 2.516699112280494e-05
 4.681168506989159e-07
 6.458904005487486e-05
 1.913561621768516e-05
 0.00796649446216123
 0.00796649446216123
 0.0004701609582226958
 4.585936667754922e-05
 1.512506923367213e-05
 0.0002377879881249771
 2.516699112280494e-05
 4.681168506989159e-07
 0.0007717993991767211
 1.913561621768516e-05
 0.00796649446216123
 0.00796649446216123
 0.0004701609582226958
 4.585936667754922e-05
 1.512506923367213e-05
 0.0002377879881249771
 2.516699112280494e-05
 4.681168506989159e-07
 0.0007717993991767211
 2.539607875533287e-05
 0.00796649446216123
 0.00796649446216123
 8.010575210930874e-05
 0.0001274261502247502
 1.512506923367213e-05
 0.0002377879881249771
 2.516699112280494e-05
 4.681168506989159e-07
 0.0007717993991767211
 2.446771475755655e-05
 0.00796649446216123
 0.00796649446216123
 0.001405174973071361
 0.0001274261502247502
 2.333477956325047e-05
 0.0002377879881249771
 2.516699112280494e-05
 0
 0.0007717993991767211
 2.446771475755655e-05
 0
 0.00796649446216123
 8.010575210930874e-05
 3.64137267647451e-05
 2.333477956325047e-05
 0.0002377879881249771
 2.516699112280494e-05
 0
 0.0007717993991767211
 2.446771475755655e-05
 0
 0.00796649446216123
 8.010575210930874e-05
 4.854240089992358e-05
 1.512506923367213e-05
 0.0005560118762497172
 2.516699112280494e-05
 0
 0.0007717993991767211
 2.446771475755655e-05
 0
 0
 0.0004701609582226958
 0.0006058371317947114
 2.333477956325047e-05
 0.0005560118762497172
 0
 0
 0.0007717993991767211
 2.539607875533287e-05
 0
 0
 8.010575210930874e-05
 0.0006058371317947114
 0.0001024966525243539
 0.0005560118762497172
 0
 0
 0
 2.539607875533287e-05
 0
 0
 8.010575210930874e-05
 0.001018201421790282
 0.0003225745221121143
 0.0006147745662607392
 0
 0
 0
 2.539607875533287e-05
 0
 0
 8.010575210930874e-05
 0.001018201421790282
 0.001405174973071361
 0.0005560118762497172
 0
 0
 0
 2.539607875533287e-05
 0
 0
 8.010575210930874e-05
 0.001018201421790282
 0.001405174973071361
 0.0005560118762497172
 0
 0
 0
 2.539607875533287e-05
 0
 0
 8.010575210930874e-05
 0.001018201421790282
 0.001405174973071361
 0.0005560118762497172
 0
 0
 0
 2.539607875533287e-05
 0
 0
 8.010575210930874e-05
 0.00126299051164692
 0.007644196844786416
 0.0005560118762497172
 0
 0
 0
 2.539607875533287e-05
 0
 0
 0
 0.00126299051164692
 0.007644196844786416
 0.0005560118762497172
 0
 0
 0
 0
 0
 0
 0
 0.00126299051164692
 0.007644196844786416
 0.0005560118762497172
 0
 0
 0
 0
 0
 0
 0
 0.007644196844786416
 0.007644196844786416
 0
 0
 0
 0
 0
 0
 0
 0
 0.007644196844786416
 0.007644196844786416
 0
 0
 0
 0
 0
 0
 0
 0
 0.007644196844786416
 0.00796649446216123
 0
 0
 0
 0
 0
 0
 0
 0
 0.007644196844786416
 0.00796649446216123
 0
 0
 0
 0
 0
 0
 0
 0
 0.007644196844786416
 0.007644196844786416
 0
 0
 0
