# Created by Octave 3.2.4, Wed Feb 06 13:40:17 2013 EST <rbom@zaphod>
# name: small_First_Fit
# type: matrix
# ndims: 3
 1 10 30
 5.91036503158777e-10
 2.448740848922182e-17
 2.490603281838345e-15
 1.577657714653392e-16
 5.647214508396881e-13
 7.1687879238441e-15
 3.482080337656546e-16
 3.677431831176149e-18
 2.74998641029456e-17
 1.436220722550667e-17
 2.144411221815353e-08
 1.144340252364576e-15
 7.722015026068505e-12
 6.991933901199908e-13
 5.647214508396881e-13
 2.410973126743511e-12
 4.128274270024881e-08
 5.516379043725704e-15
 2.284713439511095e-15
 7.378108163865242e-12
 2.144411221815353e-08
 4.095245534495815e-14
 7.722015026068505e-12
 7.596058474452362e-09
 5.647214508396881e-13
 1.061087964390487e-11
 1.771741523256343e-07
 2.859156084706703e-12
 2.284713439511095e-15
 3.293024730018268e-09
 2.144411221815353e-08
 1.153159096528129e-10
 3.40873480782754e-09
 2.878729130954969e-07
 1.292330726213671e-10
 9.488514773480884e-10
 3.101355969555874e-06
 5.103395253528648e-10
 1.255338872992012e-13
 3.293024730018268e-09
 2.144411221815353e-08
 4.075820070750514e-09
 3.40873480782754e-09
 2.878729130954969e-07
 4.130100593060041e-09
 1.596512154399356e-09
 3.101355969555874e-06
 1.514076233855884e-07
 6.295303856947469e-11
 1.793649723731521e-06
 2.14321345789829e-06
 2.841103535871518e-08
 3.165722499010216e-05
 2.878729130954969e-07
 5.055620984411728e-08
 1.609342159638199e-07
 3.101355969555874e-06
 1.514076233855884e-07
 1.174876534974133e-09
 1.793649723731521e-06
 2.84106970685797e-05
 8.165150493208826e-06
 0.0002215182851648248
 2.878729130954969e-07
 1.30405981048514e-06
 1.098258790806421e-05
 9.580126601853422e-06
 8.046439586338437e-07
 1.174876534974133e-09
 1.793649723731521e-06
 2.84106970685797e-05
 8.165150493208826e-06
 3.165722499010216e-05
 4.050696796616145e-05
 1.30405981048514e-06
 1.098258790806421e-05
 0.003586089940233649
 8.046439586338437e-07
 5.938910761375535e-08
 1.793649723731521e-06
 2.84106970685797e-05
 8.165150493208826e-06
 3.165722499010216e-05
 5.801427752503098e-05
 0.0004839161325811083
 1.549549464214706e-05
 0.003586089940233649
 3.639040733660951e-06
 3.38634657252628e-07
 1.793649723731521e-06
 2.84106970685797e-05
 8.165150493208826e-06
 3.165722499010216e-05
 9.407070484207101e-05
 0.0004839161325811083
 1.549549464214706e-05
 0.003586089940233649
 3.639040733660951e-06
 1.152059862053199e-05
 1.793649723731521e-06
 2.84106970685797e-05
 8.165150493208826e-06
 3.165722499010216e-05
 9.407070484207101e-05
 0.0004839161325811083
 5.801427752503098e-05
 0.003586089940233649
 3.639040733660951e-06
 1.152059862053199e-05
 5.112914690377548e-05
 2.84106970685797e-05
 0.000107798310719354
 3.165722499010216e-05
 9.407070484207101e-05
 0.0004839161325811083
 5.801427752503098e-05
 0.003586089940233649
 3.639040733660951e-06
 1.152059862053199e-05
 5.112914690377548e-05
 2.84106970685797e-05
 0.000107798310719354
 0.0002215182851648248
 9.407070484207101e-05
 0.0004839161325811083
 5.801427752503098e-05
 0.003586089940233649
 3.639040733660951e-06
 1.152059862053199e-05
 5.112914690377548e-05
 0
 0.000107798310719354
 0.0002215182851648248
 0.003586089940233649
 0.0004839161325811083
 0.003586089940233649
 0.003586089940233649
 5.70319820792599e-06
 1.152059862053199e-05
 5.112914690377548e-05
 0
 0.000107798310719354
 0.0002215182851648248
 0.003586089940233649
 0.0004839161325811083
 0.003586089940233649
 0
 5.70319820792599e-06
 0.0005026455256210985
 5.112914690377548e-05
 0
 0.000107798310719354
 0.0002215182851648248
 0.003586089940233649
 0
 0.003586089940233649
 0
 0.0002215182851648248
 0.0005026455256210985
 5.112914690377548e-05
 0
 0.000107798310719354
 0.0002215182851648248
 0.003586089940233649
 0
 0.003586089940233649
 0
 0.0002215182851648248
 0.0005026455256210985
 5.112914690377548e-05
 0
 0.000107798310719354
 0.0002215182851648248
 0.003586089940233649
 0
 0.003586089940233649
 0
 0.0002215182851648248
 0.0005866214108006531
 0
 0
 0
 0.0002215182851648248
 0.003586089940233649
 0
 0.003586089940233649
 0
 0.0002215182851648248
 0.0005866214108006531
 0
 0
 0
 0
 0.003586089940233649
 0
 0.003586089940233649
 0
 0.0002215182851648248
 0.0005866214108006531
 0
 0
 0
 0
 0
 0
 0
 0
 0.0005947607576831641
 0.0005866214108006531
 0
 0
 0
 0
 0
 0
 0
 0
 0.0005947607576831641
 0.0005866214108006531
 0
 0
 0
 0
 0
 0
 0
 0
 0.0005947607576831641
 0.0005866214108006531
 0
 0
 0
 0
 0
 0
 0
 0
 0.0005947607576831641
 0.0005866214108006531
 0
 0
 0
 0
 0
 0
 0
 0
 0.0005947607576831641
 0
 0
 0
 0
 0
 0
 0
 0
 0
 0.0005947607576831641
 0
 0
 0
 0
 0
 0
 0
 0
 0
 0.0005947607576831641
 0
 0
 0
 0
 0
 0
 0
 0
 0
 0
 0
 0
 0
 0
 0
 0
 0
 0
 0
 0
 0
 0
 0
 0
 0
 0
 0
 0
 0
 0
 0
 0
