# Created by Octave 3.2.4, Wed Feb 06 18:55:35 2013 EST <rbom@zaphod>
# name: small_First_Fit
# type: matrix
# ndims: 3
 1 10 30
 5.281179164338758e-10
 1.15847005260756e-09
 9.117444041064789e-10
 4.190275163234148e-11
 2.957843764117659e-10
 5.44731412405417e-09
 2.970152785302093e-09
 2.415086687755091e-09
 8.754860897838111e-07
 9.434553809124462e-08
 1.841092535411968e-07
 1.203482195231948e-07
 1.097540983534384e-08
 3.722672338117131e-09
 1.956997318146112e-08
 3.858648893132274e-05
 1.553658571155455e-07
 1.254687470086984e-08
 4.545090584318066e-06
 8.325803661951791e-07
 4.64950059111568e-06
 1.830538257360885e-05
 1.097540983534384e-08
 8.288774765266765e-07
 1.168664857736312e-06
 3.858648893132274e-05
 2.462802938178074e-06
 6.615609798856904e-09
 4.545090584318066e-06
 8.325803661951791e-07
 4.64950059111568e-06
 1.830538257360885e-05
 7.68814784177578e-07
 1.683347712709848e-05
 2.764259836626898e-06
 3.858648893132274e-05
 2.462802938178074e-06
 3.292598590646067e-07
 1.248031489161705e-05
 8.325803661951791e-07
 0.000183571989326926
 3.294396520735961e-05
 6.134831385063095e-06
 1.683347712709848e-05
 6.603868470355233e-05
 3.858648893132274e-05
 0.0004508517133409409
 3.292598590646067e-07
 1.248031489161705e-05
 2.056632463683621e-06
 0.001360771577496314
 0.002144358095754821
 6.134831385063095e-06
 8.843958614647459e-05
 6.603868470355233e-05
 3.858648893132274e-05
 0.0004508517133409409
 1.728676512740116e-06
 1.248031489161705e-05
 3.619378862471964e-05
 0.001360771577496314
 0.00621821409381834
 1.636316619974146e-05
 8.843958614647459e-05
 0.0002999453953126875
 3.858648893132274e-05
 0.01148186849977081
 3.040389164979591e-05
 1.248031489161705e-05
 8.894262271253506e-05
 0.005471465224143154
 0.00621821409381834
 1.636316619974146e-05
 0.0002169735757795754
 0.0002999453953126875
 9.451116715359097e-05
 0.01189537735763916
 1.56617810630856e-06
 0.0001778387581605726
 8.894262271253506e-05
 0.00812578267017721
 0.00621821409381834
 1.636316619974146e-05
 0.0002169735757795754
 0.0002999453953126875
 9.451116715359097e-05
 0.01240319945602454
 4.007650786315381e-06
 0.0002852049616557304
 8.894262271253506e-05
 0.00812578267017721
 0.00621821409381834
 0.000964967866373655
 0.0002169735757795754
 0.0002999453953126875
 9.451116715359097e-05
 0.01240319945602454
 8.357241721442275e-06
 0.0007305198768129864
 0.01303973922576509
 0.00812578267017721
 0.01189537735763916
 0.002674623704527448
 0.001907004995002022
 0.0002999453953126875
 9.451116715359097e-05
 0.01148186849977081
 8.357241721442275e-06
 0.0007305198768129864
 0.01303973922576509
 0.00812578267017721
 0.01189537735763916
 0.002674623704527448
 0.01767237082911574
 0.0002999453953126875
 9.451116715359097e-05
 0.01148186849977081
 8.357241721442275e-06
 0.0007305198768129864
 0.01767237082911574
 0.00812578267017721
 0.01189537735763916
 0.002674623704527448
 0.01767237082911574
 0.0002999453953126875
 9.451116715359097e-05
 0.01148186849977081
 2.127822894067058e-05
 0.0008597710524892175
 0.01303973922576509
 0.009334369713959002
 0.01189537735763916
 0.002674623704527448
 0.01767237082911574
 0
 9.451116715359097e-05
 0.01148186849977081
 0.0007177697519403141
 0.001156331480494411
 0.01303973922576509
 0.00812578267017721
 0.01240319945602454
 0.004164913843917323
 0.01767237082911574
 0
 0
 0.01148186849977081
 0.01525675297489832
 0.001156331480494411
 0.01303973922576509
 0.00812578267017721
 0.01713950269122895
 0.01189537735763916
 0.01767237082911574
 0
 0
 0
 0.01525675297489832
 0.001156331480494411
 0.01767237082911574
 0.00812578267017721
 0.01189537735763916
 0.01189537735763916
 0.01767237082911574
 0
 0
 0
 0.01525675297489832
 0.001156331480494411
 0.01303973922576509
 0.009334369713959002
 0.01189537735763916
 0.01189537735763916
 0.01767237082911574
 0
 0
 0
 0.01525675297489832
 0.001156331480494411
 0.01303973922576509
 0.009334369713959002
 0.01189537735763916
 0.01189537735763916
 0
 0
 0
 0
 0.01525675297489832
 0.007221573117209786
 0.01767237082911574
 0.00812578267017721
 0.01240319945602454
 0.01278913833972476
 0
 0
 0
 0
 0.01525675297489832
 0.007221573117209786
 0.01767237082911574
 0.01122471320280559
 0.01240319945602454
 0.01189537735763916
 0
 0
 0
 0
 0.01525675297489832
 0.007221573117209786
 0.01303973922576509
 0.01122471320280559
 0.01189537735763916
 0.01278913833972476
 0
 0
 0
 0
 0
 0.007221573117209786
 0.01767237082911574
 0.01122471320280559
 0.01189537735763916
 0.01278913833972476
 0
 0
 0
 0
 0
 0.007221573117209786
 0.01767237082911574
 0.01122471320280559
 0.01189537735763916
 0.01189537735763916
 0
 0
 0
 0
 0
 0.007221573117209786
 0.01767237082911574
 0.01122471320280559
 0.01189537735763916
 0.01189537735763916
 0
 0
 0
 0
 0
 0.007221573117209786
 0.01767237082911574
 0.01122471320280559
 0.01189537735763916
 0.01189537735763916
 0
 0
 0
 0
 0
 0
 0.01767237082911574
 0.01240319945602454
 0
 0.01189537735763916
 0
 0
 0
 0
 0
 0
 0.01767237082911574
 0.01713950269122895
 0
 0.01189537735763916
 0
 0
 0
 0
 0
 0
 0.01767237082911574
 0.01713950269122895
 0
 0
 0
 0
 0
 0
 0
 0
 0
 0.01713950269122895
 0
 0
 0
 0
 0
 0
 0
 0
 0
