# Created by Octave 3.2.4, Tue Feb 05 17:15:02 2013 EST <rbom@zaphod>
# name: small_First_Fit
# type: matrix
# ndims: 3
 1 10 30
 7.400400312513375e-17
 3.823407638351221e-20
 8.668773080039909e-15
 2.523983024729674e-10
 9.765323498149964e-08
 2.038579659184547e-15
 1.20819364063424e-19
 1.242332465916782e-19
 2.738692086832913e-18
 5.57300571026224e-17
 5.986281385136306e-14
 2.432264001551212e-14
 8.668773080039909e-15
 2.262673983272157e-07
 6.631895050283297e-07
 1.710812693476805e-14
 1.580620199247145e-16
 1.006056830421453e-16
 7.924271501346235e-08
 2.996653094978899e-15
 2.452063243285654e-11
 3.387842210049211e-13
 1.678650789541214e-11
 2.262673983272157e-07
 0.0001793883006264391
 1.89160057185649e-13
 1.274971261711532e-13
 1.114954648967452e-12
 1.044063915086446e-06
 1.203788046704603e-13
 1.957926018924784e-09
 9.535849496728017e-11
 1.658047249712304e-08
 1.278284707196085e-05
 0.02223358964193615
 1.89160057185649e-13
 5.615768023007282e-12
 1.127519829199924e-09
 1.697604747707052e-06
 2.905895371063562e-13
 8.131333101978892e-08
 3.009482575706623e-09
 1.658047249712304e-08
 1.278284707196085e-05
 0.02223358964193615
 1.89160057185649e-13
 8.595974636467784e-11
 1.127519829199924e-09
 2.810275937902666e-05
 1.471942694677773e-11
 3.558192628773884e-05
 3.351632583927009e-09
 1.569418165592393e-06
 1.278284707196085e-05
 0.02223358964193615
 1.956553863007851e-10
 1.552637955870498e-09
 1.127519829199924e-09
 0.0002845931416263743
 1.62361038500104e-10
 3.558192628773884e-05
 9.201492875694646e-08
 1.569418165592393e-06
 7.742899130509884e-05
 0.02223358964193615
 8.143879653451979e-09
 1.45620472705306e-06
 6.019865372108577e-08
 0.001560684992598879
 5.526213883485234e-08
 3.558192628773884e-05
 9.201492875694646e-08
 5.327770842662742e-05
 0.000370977418031133
 0.02223358964193615
 3.358245231133598e-07
 1.786015223865117e-05
 6.019865372108577e-08
 0.004199564202841667
 2.801032580396907e-06
 3.558192628773884e-05
 9.201492875694646e-08
 5.327770842662742e-05
 0.0005503642264048089
 0.02223358964193615
 0.0002087817059511912
 5.584525211076148e-05
 6.019865372108577e-08
 0.004199564202841667
 0.0001064503377808685
 0.004199564202841667
 9.201492875694646e-08
 5.327770842662742e-05
 0.0005503642264048089
 0.02223358964193615
 0.0002087817059511912
 0.0006181089703563261
 8.294268146212544e-07
 0.004199564202841667
 0.0001064503377808685
 0.004199564202841667
 9.201492875694646e-08
 0.001560684992598879
 0.004199564202841667
 0
 0.0002087817059511912
 0.0006181089703563261
 8.294268146212544e-07
 0.004199564202841667
 0.0001064503377808685
 0.004199564202841667
 9.201492875694646e-08
 0.001560684992598879
 0.004199564202841667
 0
 0.0002087817059511912
 0.0008175964613106597
 8.294268146212544e-07
 0.004199564202841667
 0.0001064503377808685
 0.004199564202841667
 9.429592384325836e-06
 0.001560684992598879
 0.004199564202841667
 0
 0.0002087817059511912
 0.02223358964193615
 0.0009863066592139787
 0.004199564202841667
 0.0001064503377808685
 0.004199564202841667
 9.429592384325836e-06
 0.001560684992598879
 0.004199564202841667
 0
 0.0002087817059511912
 0.02223358964193615
 0.0009863066592139787
 0.004199564202841667
 0.02223358964193615
 0.004199564202841667
 9.429592384325836e-06
 0.001560684992598879
 0.004199564202841667
 0
 0.0002087817059511912
 0.02223358964193615
 0.0009863066592139787
 0
 0.02223358964193615
 0.004199564202841667
 1.399994724507279e-05
 0.001560684992598879
 0.004199564202841667
 0
 0
 0.02223358964193615
 0.0009863066592139787
 0
 0.02223358964193615
 0
 1.399994724507279e-05
 0.001560684992598879
 0.004199564202841667
 0
 0
 0.02223358964193615
 0.0009863066592139787
 0
 0.02223358964193615
 0
 1.399994724507279e-05
 0
 0
 0
 0
 0.02223358964193615
 0.0009863066592139787
 0
 0.02223358964193615
 0
 1.399994724507279e-05
 0
 0
 0
 0
 0.02223358964193615
 0.0009863066592139787
 0
 0.02223358964193615
 0
 1.399994724507279e-05
 0
 0
 0
 0
 0
 0
 0
 0.02223358964193615
 0
 0.02223358964193615
 0
 0
 0
 0
 0
 0
 0
 0
 0
 0.02223358964193615
 0
 0
 0
 0
 0
 0
 0
 0
 0
 0.02223358964193615
 0
 0
 0
 0
 0
 0
 0
 0
 0
 0.02223358964193615
 0
 0
 0
 0
 0
 0
 0
 0
 0
 0.02223358964193615
 0
 0
 0
 0
 0
 0
 0
 0
 0
 0.02223358964193615
 0
 0
 0
 0
 0
 0
 0
 0
 0
 0.02223358964193615
 0
 0
 0
 0
 0
 0
 0
 0
 0
 0
 0
 0
 0
 0
 0
 0
 0
 0
 0
 0
 0
 0
 0
 0
 0
 0
 0
 0
 0
 0
 0
 0
 0
 0
 0
 0
 0
 0
