# Created by Octave 3.2.4, Thu Feb 07 04:11:51 2013 EST <rbom@zaphod>
# name: small_First_Fit
# type: matrix
# ndims: 3
 1 10 30
 7.650614201034375e-19
 2.330871857421173e-14
 1.212637687706068e-19
 8.507152892769976e-18
 1.000923876999655e-14
 6.181332910993324e-15
 5.815638599394898e-18
 5.425527544046586e-16
 3.894475214873451e-17
 8.691759256080209e-19
 8.080820435511726e-12
 2.598668820746055e-11
 7.462315588033931e-14
 8.86301281557419e-15
 1.000923876999655e-14
 1.442596796772408e-11
 3.797879399922812e-15
 8.224207582462962e-16
 8.604849199886232e-15
 1.802942854286187e-14
 1.935247312395257e-09
 3.585544294181146e-08
 8.096432138021178e-11
 2.391026919997723e-10
 1.628996544759092e-12
 9.293680097114527e-09
 2.111235390653404e-13
 8.224207582462962e-16
 8.834879703296703e-13
 1.511470936694573e-12
 1.935247312395257e-09
 3.585544294181146e-08
 1.036818748246732e-07
 1.440162834405471e-09
 2.568857135818463e-09
 1.366844251258706e-06
 8.400658525036219e-12
 1.550414246275971e-13
 9.106713652758734e-09
 1.482010144030495e-11
 1.935247312395257e-09
 3.585544294181146e-08
 1.036818748246732e-07
 1.914740301878291e-09
 2.568857135818463e-09
 2.80159399380755e-05
 8.400658525036219e-12
 3.031440687196493e-12
 1.172180676930689e-06
 8.34022935298209e-09
 1.935247312395257e-09
 1.962492320857705e-05
 1.036818748246732e-07
 3.979778583043608e-09
 3.359856206582923e-06
 2.80159399380755e-05
 2.638413653523362e-10
 8.652396771070837e-10
 5.209460944395751e-05
 8.181269218242849e-06
 1.935247312395257e-09
 1.962492320857705e-05
 7.670560538127974e-06
 3.979778583043608e-09
 0.0001560907684907046
 2.80159399380755e-05
 1.060274721791818e-08
 8.652396771070837e-10
 5.209460944395751e-05
 0.0001256945978700052
 1.935247312395257e-09
 0.001815155379368205
 7.670560538127974e-06
 5.459295200721069e-07
 0.0001560907684907046
 5.920401330880706e-05
 1.060274721791818e-08
 8.652396771070837e-10
 5.209460944395751e-05
 0.0001256945978700052
 1.361596877150576e-05
 0.001815155379368205
 0.001815155379368205
 5.459295200721069e-07
 0.0001560907684907046
 0.007984251087071291
 1.096183959874926e-08
 8.652396771070837e-10
 5.209460944395751e-05
 0.0001560907684907046
 1.361596877150576e-05
 0.001815155379368205
 0.001815155379368205
 5.459295200721069e-07
 0.0001560907684907046
 0.01027551115592867
 1.096183959874926e-08
 8.652396771070837e-10
 5.209460944395751e-05
 0.009872830591525592
 1.361596877150576e-05
 0.001815155379368205
 0.001815155379368205
 5.459295200721069e-07
 0.0001560907684907046
 0.01027551115592867
 6.820545990622298e-06
 4.921576887345261e-07
 5.209460944395751e-05
 0.009872830591525592
 1.361596877150576e-05
 0.001815155379368205
 0.001815155379368205
 0.0001921290559116569
 0.0001560907684907046
 0.01027551115592867
 0.004273270442388582
 4.921576887345261e-07
 5.209460944395751e-05
 0.009872830591525592
 1.361596877150576e-05
 0.001815155379368205
 0.001815155379368205
 0.01027551115592867
 0.0001560907684907046
 0.01027551115592867
 0.004273270442388582
 4.921576887345261e-07
 0
 0.009872830591525592
 1.361596877150576e-05
 0.001815155379368205
 0.001815155379368205
 0.01027551115592867
 0
 0.01027551115592867
 0.004273270442388582
 4.921576887345261e-07
 0
 0.009872830591525592
 1.361596877150576e-05
 0
 0.001815155379368205
 0.01027551115592867
 0
 0.01027551115592867
 0.004273270442388582
 0.01027551115592867
 0
 0.009872830591525592
 0
 0
 0
 0.01027551115592867
 0
 0.01027551115592867
 0.004273270442388582
 0.01027551115592867
 0
 0.009872830591525592
 0
 0
 0
 0.01027551115592867
 0
 0
 0.004273270442388582
 0.01027551115592867
 0
 0
 0
 0
 0
 0.01027551115592867
 0
 0
 0.004273270442388582
 0.01027551115592867
 0
 0
 0
 0
 0
 0.01027551115592867
 0
 0
 0
 0.01027551115592867
 0
 0
 0
 0
 0
 0
 0
 0
 0
 0.01027551115592867
 0
 0
 0
 0
 0
 0
 0
 0
 0
 0.01027551115592867
 0
 0
 0
 0
 0
 0
 0
 0
 0
 0
 0
 0
 0
 0
 0
 0
 0
 0
 0
 0
 0
 0
 0
 0
 0
 0
 0
 0
 0
 0
 0
 0
 0
 0
 0
 0
 0
 0
 0
 0
 0
 0
 0
 0
 0
 0
 0
 0
 0
 0
 0
 0
 0
 0
 0
 0
 0
 0
 0
 0
 0
 0
 0
 0
 0
 0
 0
 0
 0
 0
 0
 0
 0
 0
 0
 0
 0
 0
 0
 0
 0
 0
 0
 0
 0
 0
 0
 0
 0
 0
 0
 0
