# Created by Octave 3.2.4, Tue Feb 05 04:03:43 2013 EST <rbom@zaphod>
# name: small_First_Fit
# type: matrix
# ndims: 3
 1 10 30
 1.11318063632764e-10
 1.489230999134637e-11
 3.036949528210653e-10
 2.265861934855724e-08
 8.613924607568735e-09
 6.198909047071884e-08
 1.58999993359576e-07
 9.507907428229254e-12
 4.252883440219525e-11
 8.925334758602917e-09
 1.11318063632764e-10
 1.090419804120102e-08
 2.407036209703759e-08
 2.265861934855724e-08
 5.112780612515977e-08
 6.216663315181671e-07
 5.64449965553673e-05
 3.033229100040142e-08
 4.252883440219525e-11
 3.365577904290911e-07
 7.500287791987093e-08
 1.087745458911713e-06
 2.407036209703759e-08
 2.872795686970163e-07
 2.006367745052229e-06
 7.307024187656167e-07
 0.002314181264498666
 4.531790536954537e-07
 6.933790036343172e-10
 2.503778780885499e-06
 6.483433394582142e-07
 1.669224136346468e-05
 1.957852979724647e-07
 6.244756406319575e-07
 0.0003196018290210519
 1.072231605736072e-06
 0.04757499633061919
 4.531790536954537e-07
 9.249267192677638e-10
 2.279945589856667e-05
 6.483433394582142e-07
 0.0002533073615021582
 1.104957678989074e-05
 6.244756406319575e-07
 0.001550614866858855
 1.272866977791651e-05
 0.04757499633061919
 9.709122597382172e-06
 8.636893378407491e-09
 2.312241340169126e-05
 1.960581431660492e-06
 1.669224136346468e-05
 9.025353631096672e-05
 1.167920967175032e-05
 0.0016775851519373
 1.272866977791651e-05
 0.04757499633061919
 6.795355767091196e-05
 8.636893378407491e-09
 0.0001759781684662152
 1.763905594357032e-05
 0.0001204839922150434
 9.025353631096672e-05
 0.0001403528003933749
 0.00288861296320348
 1.272866977791651e-05
 0.04757499633061919
 0.0007055600136056124
 8.636893378407491e-09
 0.0001759781684662152
 1.763905594357032e-05
 0.0004098656090130337
 9.025353631096672e-05
 0.0001403528003933749
 0.00288861296320348
 1.272866977791651e-05
 0.04757499633061919
 0.0007055600136056124
 2.25986512654317e-07
 0.001019860049388224
 1.763905594357032e-05
 0.001987695829174449
 0.001049427050226114
 0.0002801321604541724
 0.00288861296320348
 0.000153610585518964
 0.04757499633061919
 0.0007055600136056124
 5.379233510983821e-07
 0.00761558322447646
 1.763905594357032e-05
 0.02470546543333781
 0.001049427050226114
 0.0003310206667153635
 0.00288861296320348
 0.001430284081882379
 0.04757499633061919
 0.0007055600136056124
 5.379233510983821e-07
 0.02248122856012411
 1.763905594357032e-05
 0.02470546543333781
 0.001049427050226114
 0.0003310206667153635
 0.00288861296320348
 0.001430284081882379
 0
 0.01938148229189002
 5.199274599661408e-06
 0.02248122856012411
 1.763905594357032e-05
 0.02470546543333781
 0.001049427050226114
 0.002134564397124264
 0.00288861296320348
 0.001430284081882379
 0
 0.08454734140157223
 2.875238778753073e-05
 0.00761558322447646
 0.0002576741087725142
 0.07298127523761591
 0.001049427050226114
 0.004236133129381722
 0.00288861296320348
 0.001430284081882379
 0
 0.08454734140157223
 2.875238778753073e-05
 0.00761558322447646
 0.0002576741087725142
 0.02470546543333781
 0.03591450284890631
 0.004236133129381722
 0
 0.014351936644615
 0
 0.08454734140157223
 2.875238778753073e-05
 0.00761558322447646
 0.001800863008329682
 0.07298127523761591
 0.08454734140157223
 0.004236133129381722
 0
 0.014351936644615
 0
 0.08454734140157223
 0.0002963112815746702
 0.00761558322447646
 0.008934754095557369
 0.07298127523761591
 0.08454734140157223
 0.07298127523761591
 0
 0.02470546543333781
 0
 0.08454734140157223
 0.0002963112815746702
 0.08454734140157223
 0.008934754095557369
 0.07298127523761591
 0.08454734140157223
 0.08454734140157223
 0
 0.014351936644615
 0
 0.08454734140157223
 0.0002963112815746702
 0.08454734140157223
 0.01772611920819473
 0.07298127523761591
 0.08454734140157223
 0.08454734140157223
 0
 0.014351936644615
 0
 0.08454734140157223
 0.03591450284890631
 0.08454734140157223
 0.008934754095557369
 0.07298127523761591
 0.08454734140157223
 0.08454734140157223
 0
 0.014351936644615
 0
 0
 0.08454734140157223
 0.08454734140157223
 0.01772611920819473
 0.07298127523761591
 0.08454734140157223
 0.08454734140157223
 0
 0.014351936644615
 0
 0
 0.08454734140157223
 0.08454734140157223
 0.08454734140157223
 0.07298127523761591
 0.08454734140157223
 0.08454734140157223
 0
 0.02470546543333781
 0
 0
 0.03591450284890631
 0.08454734140157223
 0.08454734140157223
 0
 0
 0.08454734140157223
 0
 0.02470546543333781
 0
 0
 0.03591450284890631
 0.08454734140157223
 0.08454734140157223
 0
 0
 0.08454734140157223
 0
 0.02470546543333781
 0
 0
 0.03591450284890631
 0
 0.08454734140157223
 0
 0
 0
 0
 0.02470546543333781
 0
 0
 0.03591450284890631
 0
 0.08454734140157223
 0
 0
 0
 0
 0.02470546543333781
 0
 0
 0.03591450284890631
 0
 0.08454734140157223
 0
 0
 0
 0
 0.02470546543333781
 0
 0
 0
 0
 0.08454734140157223
 0
 0
 0
 0
 0.07298127523761591
 0
 0
 0
 0
 0
 0
 0
 0
 0
 0.07298127523761591
 0
 0
 0
 0
 0
 0
 0
 0
 0
 0.07298127523761591
 0
 0
 0
 0
 0
 0
 0
 0
 0
 0.07298127523761591
 0
 0
 0
 0
