# Created by Octave 3.2.4, Wed Feb 06 07:13:32 2013 EST <rbom@zaphod>
# name: small_First_Fit
# type: matrix
# ndims: 3
 1 10 30
 8.294512570038135e-07
 4.031299450310947e-09
 1.217242725442448e-14
 7.622342900743484e-12
 2.162913505207717e-11
 3.98435788856415e-09
 1.309011895785671e-12
 2.841112407010031e-11
 2.981543807782794e-14
 1.591857966443082e-13
 1.075503525018721e-06
 7.094794305929396e-06
 5.693620209111533e-11
 2.954951568943262e-10
 3.298837014682362e-08
 3.399465994097049e-08
 1.22043378135458e-09
 5.739057526199819e-09
 3.107449830820173e-11
 3.972017026195433e-10
 2.299801208645515e-05
 7.094794305929396e-06
 1.084090419478583e-07
 2.954951568943262e-10
 7.719798653384616e-08
 3.560951591959446e-08
 3.681644699150589e-09
 3.552660768885954e-07
 5.876263129941239e-05
 1.828190464926191e-06
 2.299801208645515e-05
 0.0001304310632407613
 1.084090419478583e-07
 1.206841358392631e-09
 1.119617266381551e-05
 3.399465994097049e-08
 3.681644699150589e-09
 3.552660768885954e-07
 0.001390005325891568
 7.964716225425739e-06
 0.000153054088723893
 0.0001304310632407613
 1.829566784374688e-05
 4.277767505382559e-09
 1.119617266381551e-05
 3.399465994097049e-08
 1.228118880924678e-08
 9.577762286467159e-07
 0.001390005325891568
 4.938742510360509e-05
 0.000153054088723893
 0.0001304310632407613
 1.829566784374688e-05
 4.761644001429059e-08
 0.0001298560558802975
 1.194775244488935e-06
 1.228118880924678e-08
 5.915527531408975e-06
 0.01692192334543193
 8.546949056656748e-05
 0.0005801208703281917
 0.0001304310632407613
 1.829566784374688e-05
 2.415945483149528e-07
 0.0001298560558802975
 1.194775244488935e-06
 3.993472812716017e-08
 2.777898681522704e-05
 0.01692192334543193
 8.546949056656748e-05
 0.0005801208703281917
 0.0001304310632407613
 1.829566784374688e-05
 2.687033387246656e-06
 0.000310166681112477
 1.194775244488935e-06
 3.993472812716017e-08
 5.140500475177557e-05
 0.01692192334543193
 0.003823608258404356
 0.0005801208703281917
 0.0001304310632407613
 1.829566784374688e-05
 8.837760079284877e-06
 0.0004893870588679479
 1.194775244488935e-06
 3.993472812716017e-08
 5.686668266670591e-05
 0.01692192334543193
 0.003823608258404356
 0.005002843218701695
 0.0001304310632407613
 1.829566784374688e-05
 8.837760079284877e-06
 0.002051459416847225
 1.673449303418969e-06
 1.276269425974156e-05
 5.686668266670591e-05
 0.01692192334543193
 0.003823608258404356
 0.005002843218701695
 0
 0.0001559234076627538
 8.837760079284877e-06
 0.003515274916182112
 1.194775244488935e-06
 7.565943083878267e-05
 5.140500475177557e-05
 0.01692192334543193
 0.003823608258404356
 0.005002843218701695
 0
 0.0001559234076627538
 0.0007473090447446803
 0.003515274916182112
 1.194775244488935e-06
 7.565943083878267e-05
 5.686668266670591e-05
 0.01692192334543193
 0.003823608258404356
 0.005002843218701695
 0
 0.0001559234076627538
 0.001808038388085578
 0.003573051257558995
 3.314049919071242e-06
 0.000557200999135992
 5.686668266670591e-05
 0
 0.003823608258404356
 0.005002843218701695
 0
 0.0001559234076627538
 0.001808038388085578
 0.003515274916182112
 3.314049919071242e-06
 0.000557200999135992
 5.686668266670591e-05
 0
 0.01692192334543193
 0.01692192334543193
 0
 0.0001559234076627538
 0.001808038388085578
 0.002581440868456984
 1.673449303418969e-06
 0.000557200999135992
 5.686668266670591e-05
 0
 0.01692192334543193
 0.01692192334543193
 0
 0.0001559234076627538
 0.001808038388085578
 0.003573051257558995
 3.314049919071242e-06
 0.000557200999135992
 5.686668266670591e-05
 0
 0.01692192334543193
 0.01692192334543193
 0
 0.0001559234076627538
 0.001808038388085578
 0.002581440868456984
 3.314049919071242e-06
 0.000557200999135992
 5.686668266670591e-05
 0
 0.01692192334543193
 0.01692192334543193
 0
 0
 0.001808038388085578
 0.002581440868456984
 2.901807459435401e-05
 0.000557200999135992
 0.0001049468603593388
 0
 0.01692192334543193
 0.01692192334543193
 0
 0
 0.03254728530488286
 0.004215923867811294
 2.901807459435401e-05
 0.000557200999135992
 5.140500475177557e-05
 0
 0.01692192334543193
 0.01692192334543193
 0
 0
 0.03254728530488286
 0.009584682435541248
 2.901807459435401e-05
 0
 5.140500475177557e-05
 0
 0.01692192334543193
 0.01692192334543193
 0
 0
 0.03254728530488286
 0.009584682435541248
 4.073782604851602e-05
 0
 5.140500475177557e-05
 0
 0
 0
 0
 0
 0.03254728530488286
 0.009584682435541248
 4.073782604851602e-05
 0
 5.140500475177557e-05
 0
 0
 0
 0
 0
 0.03254728530488286
 0.009584682435541248
 4.073782604851602e-05
 0
 5.140500475177557e-05
 0
 0
 0
 0
 0
 0.03254728530488286
 0.009584682435541248
 4.073782604851602e-05
 0
 0.0005388036625924196
 0
 0
 0
 0
 0
 0.03254728530488286
 0.009584682435541248
 4.073782604851602e-05
 0
 0.0005388036625924196
 0
 0
 0
 0
 0
 0
 0.009584682435541248
 0.0001304310632407613
 0
 0.0005388036625924196
 0
 0
 0
 0
 0
 0
 0
 4.073782604851602e-05
 0
 0.0005388036625924196
 0
 0
 0
 0
 0
 0
 0
 4.073782604851602e-05
 0
 0.0005388036625924196
 0
 0
 0
 0
 0
 0
 0
 4.073782604851602e-05
 0
 0.0005388036625924196
 0
 0
 0
 0
 0
 0
 0
 4.073782604851602e-05
 0
 0.0007849980149696107
 0
 0
