# Created by Octave 3.2.4, Mon Feb 04 18:51:46 2013 EST <rbom@zaphod>
# name: small_First_Fit
# type: matrix
# ndims: 3
 1 10 30
 1.218067292308621e-12
 7.275890702502833e-15
 5.566144556309e-17
 6.91873207529583e-16
 5.264204407354544e-10
 2.568295408595327e-11
 1.303405438649477e-11
 2.971135331536926e-17
 5.181157780325939e-14
 3.264236126598724e-17
 1.373645415375549e-10
 9.978420934876795e-12
 2.050114302165463e-08
 1.292312797058688e-13
 7.429769056657507e-07
 8.060227490834162e-10
 1.639681873830718e-11
 3.741653034360166e-15
 6.321598895768545e-12
 5.174743631907132e-16
 1.735639272922797e-08
 9.978420934876795e-12
 2.050114302165463e-08
 9.943600602751965e-09
 7.429769056657507e-07
 2.647429667065039e-07
 9.348511341679452e-09
 3.741653034360166e-15
 9.577550531548692e-11
 5.174743631907132e-16
 1.735639272922797e-08
 4.279865459585491e-10
 1.556531911869133e-06
 7.447095818746038e-08
 7.429769056657507e-07
 7.198836299463357e-06
 1.737100699818871e-05
 4.764731231307855e-15
 2.22496453125578e-09
 1.219025870507103e-15
 2.241785260268858e-08
 4.279865459585491e-10
 1.556531911869133e-06
 4.055637917163116e-06
 0.002504548380533172
 7.198836299463357e-06
 6.603154632498063e-05
 1.304206880334583e-12
 3.03963261002381e-08
 6.209578613190437e-14
 2.493528463376292e-06
 6.77912333440498e-06
 3.666612079241862e-06
 2.742290348809028e-05
 0.008322601982522614
 7.198836299463357e-06
 6.603154632498063e-05
 1.529715197785406e-12
 3.03963261002381e-08
 6.209578613190437e-14
 3.030487303049577e-05
 0.0002383735300185518
 3.666612079241862e-06
 2.742290348809028e-05
 0.05510574727323128
 1.519638432130938e-05
 6.603154632498063e-05
 2.366440685359688e-10
 3.03963261002381e-08
 1.06934951678385e-11
 3.030487303049577e-05
 0.007807000113302185
 1.02664278459993e-05
 0.001307410506703679
 0.05510574727323128
 7.198836299463357e-06
 6.603154632498063e-05
 1.829802671936597e-09
 3.03963261002381e-08
 3.576332214276485e-08
 3.030487303049577e-05
 0.007807000113302185
 3.666612079241862e-06
 0.001307410506703679
 0.05510574727323128
 1.519638432130938e-05
 6.603154632498063e-05
 7.839056672338028e-07
 9.030436898055983e-07
 3.576332214276485e-08
 0.008322601982522614
 0.007807000113302185
 7.861379601943249e-05
 0.001307410506703679
 0.05510574727323128
 0.0006071610565555437
 0.002859947738244621
 6.166523977933708e-06
 7.945239205431636e-06
 3.840873573302022e-05
 0.06767782055601639
 0.05510574727323128
 7.861379601943249e-05
 0.001307410506703679
 0.05510574727323128
 0.0006071610565555437
 0.002859947738244621
 0.001057457463576636
 0.0001439981770978668
 3.840873573302022e-05
 0.06767782055601639
 0.05510574727323128
 7.861379601943249e-05
 0.009175628742012065
 0.05510574727323128
 0.007807000113302185
 0.002859947738244621
 0.001057457463576636
 0.0006071610565555437
 3.840873573302022e-05
 0.06767782055601639
 0.05510574727323128
 7.861379601943249e-05
 0.009175628742012065
 0.05510574727323128
 0.007807000113302185
 0.002859947738244621
 0.001057457463576636
 0.007807000113302185
 3.840873573302022e-05
 0.06767782055601639
 0.06767782055601639
 0.008322601982522614
 0.009175628742012065
 0
 0.007807000113302185
 0.002859947738244621
 0.001057457463576636
 0.009175628742012065
 0.1025463561504721
 0.06767782055601639
 0.05510574727323128
 0.008322601982522614
 0.009175628742012065
 0
 0.05510574727323128
 0.002859947738244621
 0.1025463561504721
 0.007807000113302185
 0.1025463561504721
 0.06767782055601639
 0.05510574727323128
 0.008322601982522614
 0.009175628742012065
 0
 0.05510574727323128
 0.002859947738244621
 0.1025463561504721
 0.007807000113302185
 0.1025463561504721
 0.06767782055601639
 0.05510574727323128
 0.008322601982522614
 0.009175628742012065
 0
 0.06767782055601639
 0
 0.1025463561504721
 0.05510574727323128
 0.1025463561504721
 0
 0.05510574727323128
 0.06767782055601639
 0.009175628742012065
 0
 0.05510574727323128
 0
 0.1025463561504721
 0.05510574727323128
 0.1025463561504721
 0
 0.05510574727323128
 0.06767782055601639
 0
 0
 0.05510574727323128
 0
 0.1025463561504721
 0.05510574727323128
 0.1025463561504721
 0
 0.05510574727323128
 0.06767782055601639
 0
 0
 0.05510574727323128
 0
 0.1025463561504721
 0.05510574727323128
 0.1025463561504721
 0
 0
 0.1025463561504721
 0
 0
 0.05510574727323128
 0
 0.1025463561504721
 0.06767782055601639
 0
 0
 0
 0.1025463561504721
 0
 0
 0.05510574727323128
 0
 0
 0.05510574727323128
 0
 0
 0
 0.1025463561504721
 0
 0
 0.05510574727323128
 0
 0
 0.06767782055601639
 0
 0
 0
 0.1025463561504721
 0
 0
 0
 0
 0
 0.05510574727323128
 0
 0
 0
 0.06767782055601639
 0
 0
 0
 0
 0
 0.05510574727323128
 0
 0
 0
 0.06767782055601639
 0
 0
 0
 0
 0
 0.06767782055601639
 0
 0
 0
 0.06767782055601639
 0
 0
 0
 0
 0
 0.06767782055601639
 0
 0
 0
 0
 0
 0
 0
 0
 0
 0.05510574727323128
 0
 0
 0
 0
 0
 0
 0
 0
 0
 0.05510574727323128
 0
 0
 0
 0
 0
 0
 0
 0
 0
 0.05510574727323128
 0
