# Created by Octave 3.2.4, Thu Feb 07 07:30:40 2013 EST <rbom@zaphod>
# name: small_First_Fit
# type: matrix
# ndims: 3
 1 10 30
 3.721771491507783e-07
 1.677194355279195e-06
 0.0004839001380990289
 1.592075867065059e-07
 5.762414257617667e-09
 6.235054901293557e-07
 1.356721537617407e-06
 6.472560500158736e-07
 3.832965430776482e-08
 3.501734855917893e-07
 3.504078405547667e-06
 1.553293341664062e-05
 0.001388058963964925
 0.001632112368173061
 2.914390193088475e-06
 1.117895924790694e-05
 1.297925003366927e-05
 3.49970110865685e-05
 8.453481499302659e-06
 9.581858828088418e-05
 7.050987740726424e-06
 1.553293341664062e-05
 0.001388058963964925
 0.002651515195255089
 0.0002564146391984639
 6.950795470358456e-05
 0.0003105841525522887
 0.02138052009032753
 0.0004672063056006968
 0.000788863394303009
 3.247015472534685e-05
 1.553293341664062e-05
 0.007789226712824554
 0.002651515195255089
 0.0002564146391984639
 0.0002837572187947611
 0.0007311981980160924
 0.02138052009032753
 0.0004672063056006968
 0.00178076161000221
 0.0002960401108726634
 1.553293341664062e-05
 0.009190873412310202
 0.002651515195255089
 0.0005940170690445335
 0.00165637767029647
 0.0007311981980160924
 0.02682652556848399
 0.001289793475660019
 0.01851594190686827
 0.0002960401108726634
 0.0002620611008820798
 0.01024661860340922
 0.0129023655786965
 0.0005940170690445335
 0.01373589729519183
 0.0007311981980160924
 0.02682652556848399
 0.0008517842148191081
 0.01851594190686827
 0.0006071575063632763
 0.0003697981251597401
 0.01024661860340922
 0.01507336186154487
 0.0005940170690445335
 0.03194587290964624
 0.0007311981980160924
 0.09952177918393421
 0.0006521459060974648
 0.02152088840133734
 0.001382156678405067
 0.004154397248565695
 0.01024661860340922
 0.0285005762806052
 0.0005940170690445335
 0.03194587290964624
 0.001649909843914292
 0.02682652556848399
 0.01761188669587262
 0.01851594190686827
 0.005545386683440999
 0.004154397248565695
 0.009190873412310202
 0.04990885174748175
 0.0102983512205386
 0.04512903280971433
 0.001649909843914292
 0.02682652556848399
 0.01094851842979967
 0.0245158979691023
 0.005545386683440999
 0.03204330830727034
 0.009190873412310202
 0.04990885174748175
 0.0102983512205386
 0.04512903280971433
 0.002924946602509547
 0.02682652556848399
 0.009470665762986986
 0.0245158979691023
 0.008188988899901219
 0.03204330830727034
 0.01759825590714661
 0.1009108751274012
 0.0102983512205386
 0.04775187820150374
 0.001649909843914292
 0.02682652556848399
 0.01761188669587262
 0.0245158979691023
 0.06335213997970345
 0.04110047457473592
 0.01823903592473641
 0.1009108751274012
 0.01984459805023088
 0.04775187820150374
 0.001649909843914292
 0.02682652556848399
 0.02197033760036967
 0.01851594190686827
 0.06335213997970345
 0.03204330830727034
 0.01823903592473641
 0.1009108751274012
 0.0102983512205386
 0.04775187820150374
 0.002353620492712567
 0.03468924935564194
 0.02197033760036967
 0.02609085324572631
 0.06335213997970345
 0.05216229389504318
 0.01823903592473641
 0.1009108751274012
 0.01984459805023088
 0.04775187820150374
 0.003750545937595821
 0.02682652556848399
 0.02197033760036967
 0.0245158979691023
 0.06335213997970345
 0.03204330830727034
 0.01823903592473641
 0.1009108751274012
 0.01984459805023088
 0.04775187820150374
 0.03105573568352428
 0.02682652556848399
 0.02879980414753356
 0.0245158979691023
 0.06335213997970345
 0.03204330830727034
 0.01823903592473641
 0.1009108751274012
 0.04607957226054114
 0.04775187820150374
 0.03105573568352428
 0.09952177918393421
 0.02879980414753356
 0.0245158979691023
 0.06335213997970345
 0.03204330830727034
 0.0358885776541522
 0.1009108751274012
 0.04607957226054114
 0.04775187820150374
 0.03105573568352428
 0.02682652556848399
 0.04788614334514227
 0.0245158979691023
 0.06335213997970345
 0.05216229389504318
 0.0358885776541522
 0
 0.04607957226054114
 0
 0.04031759855353534
 0.02682652556848399
 0.04788614334514227
 0.01851594190686827
 0
 0.05216229389504318
 0.01823903592473641
 0
 0.04856792364034637
 0
 0.1152955276062213
 0.02682652556848399
 0.04788614334514227
 0.01851594190686827
 0
 0.05216229389504318
 0.05895279014217978
 0
 0.04607957226054114
 0
 0.1152955276062213
 0.02682652556848399
 0.04788614334514227
 0
 0
 0.05556047254467571
 0.05895279014217978
 0
 0.04607957226054114
 0
 0.1152955276062213
 0.02492552974683325
 0.05803150529857939
 0
 0
 0.05556047254467571
 0.05895279014217978
 0
 0.04607957226054114
 0
 0.1152955276062213
 0.02682652556848399
 0.06335213997970345
 0
 0
 0.05556047254467571
 0.05895279014217978
 0
 0.04607957226054114
 0
 0.1152955276062213
 0.02492552974683325
 0.05803150529857939
 0
 0
 0.05556047254467571
 0.05895279014217978
 0
 0.06048770112895476
 0
 0.1152955276062213
 0.05247977748296386
 0.05803150529857939
 0
 0
 0.09952177918393421
 0.05895279014217978
 0
 0.04607957226054114
 0
 0.1152955276062213
 0.02682652556848399
 0.05803150529857939
 0
 0
 0.09952177918393421
 0.05895279014217978
 0
 0.04607957226054114
 0
 0
 0.05247977748296386
 0.05803150529857939
 0
 0
 0.09952177918393421
 0
 0
 0.04607957226054114
 0
 0
 0.05247977748296386
 0.05803150529857939
 0
 0
 0.09952177918393421
 0
 0
 0.06048770112895476
 0
 0
 0.05247977748296386
 0.07456924034532494
 0
 0
 0.09952177918393421
 0
 0
 0.06048770112895476
 0
 0
 0.05247977748296386
 0.1123572733506806
 0
 0
 0.09952177918393421
 0
 0
 0.06048770112895476
 0
 0
 0.05247977748296386
 0.1123572733506806
 0
