# Created by Octave 3.2.4, Mon Feb 04 21:52:05 2013 EST <rbom@zaphod>
# name: small_First_Fit
# type: matrix
# ndims: 3
 1 10 30
 7.975824504376943e-19
 2.985697793803025e-14
 3.466438094538984e-15
 1.044822756831461e-13
 3.573356225215903e-15
 9.673556033669097e-18
 2.273514114305047e-18
 4.080002568608594e-16
 7.957188494059088e-14
 8.346541635820881e-18
 1.926058515872336e-13
 7.655292841867324e-10
 1.367546625422559e-12
 1.044822756831461e-13
 2.872506411134067e-13
 2.148455133361744e-12
 1.539303936002861e-14
 4.080002568608594e-16
 3.162995806529282e-11
 3.872056900039791e-16
 2.790557460338337e-12
 1.299087187686863e-07
 4.121987607224343e-11
 2.583935982253227e-09
 7.378201901225488e-09
 9.996494970173787e-11
 5.274328673760394e-13
 4.080002568608594e-16
 2.276894295109552e-09
 1.810652755099209e-14
 3.699767764585466e-10
 3.410347491002902e-06
 4.121987607224343e-11
 1.02523882798566e-06
 2.16666840574804e-06
 8.122867389807003e-07
 6.928157909540177e-11
 4.080002568608594e-16
 1.07425264419203e-07
 5.147721000028192e-13
 3.699767764585466e-10
 3.410347491002902e-06
 4.514991643634129e-10
 1.059686696274947e-05
 6.825294176895107e-05
 0.0002009105313799889
 2.70660266334592e-09
 3.843919591853558e-15
 3.28249326143236e-06
 2.897656865082823e-11
 3.699767764585466e-10
 3.410347491002902e-06
 9.647206096638258e-09
 1.059686696274947e-05
 6.825294176895107e-05
 0.0002009105313799889
 2.347653733279675e-08
 3.419978522583612e-12
 3.28249326143236e-06
 3.414833466649806e-10
 3.699767764585466e-10
 9.214614615871879e-05
 1.415359886105001e-07
 0.002305376567926586
 0.001472578084457702
 0.0002009105313799889
 1.698811069884156e-09
 2.23117351708033e-10
 7.455159404643002e-06
 3.414833466649806e-10
 3.699767764585466e-10
 0.0009301834879941896
 2.916103413247227e-06
 0.002305376567926586
 0.0004340892672537577
 0.002305376567926586
 3.055382593456463e-07
 1.057958442466936e-09
 6.1387211578616e-05
 3.414833466649806e-10
 3.699767764585466e-10
 0.0009301834879941896
 5.816154056704768e-05
 0.002305376567926586
 0.001528379785507096
 0.002305376567926586
 1.422279438289745e-05
 7.446490222511861e-08
 0.01544407504459256
 3.414833466649806e-10
 3.699767764585466e-10
 0.01544407504459256
 5.816154056704768e-05
 0.002305376567926586
 0.001528379785507096
 0.002305376567926586
 0.0009301834879941896
 7.446490222511861e-08
 0.01544407504459256
 3.414833466649806e-10
 0
 0.01544407504459256
 0.0009301834879941896
 0.002305376567926586
 0.001528379785507096
 0.002305376567926586
 0.01544407504459256
 7.446490222511861e-08
 0.01544407504459256
 1.065779029841268e-08
 0
 0.01544407504459256
 0.0009301834879941896
 0.002305376567926586
 0.001528379785507096
 0.002305376567926586
 0.01544407504459256
 3.684060805462267e-06
 0.01544407504459256
 5.095607824267608e-07
 0
 0.01544407504459256
 0.0009301834879941896
 0.002305376567926586
 0.001528379785507096
 0.002305376567926586
 0.01544407504459256
 0.0001715048625573852
 0.01544407504459256
 5.095607824267608e-07
 0
 0.01544407504459256
 0.0009301834879941896
 0
 0.001528379785507096
 0.002305376567926586
 0.01544407504459256
 0.0001715048625573852
 0.01544407504459256
 5.095607824267608e-07
 0
 0.01544407504459256
 0.01544407504459256
 0
 0.001528379785507096
 0
 0.01544407504459256
 0.0001715048625573852
 0.01544407504459256
 5.095607824267608e-07
 0
 0.01544407504459256
 0.01544407504459256
 0
 0
 0
 0.01544407504459256
 0.0001715048625573852
 0
 5.095607824267608e-07
 0
 0
 0.01544407504459256
 0
 0
 0
 0.01544407504459256
 0.0001715048625573852
 0
 5.095607824267608e-07
 0
 0
 0.01544407504459256
 0
 0
 0
 0
 0.002305376567926586
 0
 5.404849212476333e-05
 0
 0
 0.01544407504459256
 0
 0
 0
 0
 0.002305376567926586
 0
 5.404849212476333e-05
 0
 0
 0.01544407504459256
 0
 0
 0
 0
 0.002305376567926586
 0
 8.521324220166305e-05
 0
 0
 0.01544407504459256
 0
 0
 0
 0
 0.002305376567926586
 0
 8.521324220166305e-05
 0
 0
 0
 0
 0
 0
 0
 0.002305376567926586
 0
 5.404849212476333e-05
 0
 0
 0
 0
 0
 0
 0
 0.002305376567926586
 0
 5.404849212476333e-05
 0
 0
 0
 0
 0
 0
 0
 0.002305376567926586
 0
 5.404849212476333e-05
 0
 0
 0
 0
 0
 0
 0
 0
 0
 5.404849212476333e-05
 0
 0
 0
 0
 0
 0
 0
 0
 0
 5.404849212476333e-05
 0
 0
 0
 0
 0
 0
 0
 0
 0
 0
 0
 0
 0
 0
 0
 0
 0
 0
 0
 0
 0
 0
 0
 0
 0
 0
 0
 0
 0
 0
 0
 0
 0
 0
 0
 0
 0
 0
 0
 0
