# Created by Octave 3.2.4, Tue Feb 05 13:14:39 2013 EST <rbom@zaphod>
# name: small_First_Fit
# type: matrix
# ndims: 3
 1 10 30
 1.589628791943318e-16
 4.411690302350356e-16
 1.758005037365301e-13
 3.470819940643269e-14
 7.31214756972958e-12
 8.370321246898647e-16
 3.936785174468255e-13
 1.980491084180493e-17
 1.018688746385068e-18
 8.144015058959338e-17
 4.026444728173928e-15
 4.411690302350356e-16
 2.29500272068322e-11
 8.970947584798711e-12
 2.602761652899412e-09
 8.1730889114459e-10
 2.282459543990016e-10
 7.889227217758225e-12
 1.59306252217008e-18
 1.163823101476312e-08
 9.706871027433811e-14
 1.163786199150466e-13
 1.345315754271776e-09
 8.970947584798711e-12
 8.838359694139171e-05
 5.396323063517197e-08
 9.60315635240671e-09
 7.456308005527217e-10
 1.013320022518791e-12
 1.163823101476312e-08
 2.111014438349633e-12
 7.191232159124197e-12
 1.345315754271776e-09
 3.411012513369523e-10
 8.838359694139171e-05
 3.226500743094096e-06
 1.404465850218026e-07
 9.897153451193384e-09
 1.013320022518791e-12
 3.043412902849181e-06
 1.411856345888097e-09
 7.191232159124197e-12
 8.683608969524116e-06
 3.411012513369523e-10
 0.001826134687451487
 3.226500743094096e-06
 2.612720394060953e-07
 9.353992335735436e-07
 5.314795890298101e-10
 3.043412902849181e-06
 1.411856345888097e-09
 4.779853441582429e-10
 0.00126014379875126
 3.411012513369523e-10
 0.001826134687451487
 3.226500743094096e-06
 2.612720394060953e-07
 2.593021576893138e-05
 5.432350877851874e-10
 3.043412902849181e-06
 2.726614718426256e-09
 4.779853441582429e-10
 0.00126014379875126
 3.411012513369523e-10
 0.001826134687451487
 0.002496302377293154
 3.043412902849181e-06
 0.000135526010910555
 5.314795890298101e-10
 3.043412902849181e-06
 5.020583690533846e-09
 3.411879625747766e-06
 0.00126014379875126
 3.575855310964468e-07
 0.001826134687451487
 0.002496302377293154
 3.043412902849181e-06
 0.002427100085865603
 3.188796498975619e-06
 3.043412902849181e-06
 9.635098048476752e-08
 3.411879625747766e-06
 0.00126014379875126
 0.00400909371431141
 0.001826134687451487
 0.002496302377293154
 3.043412902849181e-06
 0.002427100085865603
 4.191310704979648e-06
 3.043412902849181e-06
 3.43058910132721e-07
 3.411879625747766e-06
 0.00126014379875126
 0.00400909371431141
 0.001826134687451487
 0.002496302377293154
 3.043412902849181e-06
 0.002427100085865603
 4.191310704979648e-06
 3.043412902849181e-06
 3.43058910132721e-07
 3.411879625747766e-06
 0.00400909371431141
 0.00400909371431141
 0.001826134687451487
 0.002496302377293154
 3.043412902849181e-06
 0.002427100085865603
 3.188796498975619e-06
 0
 3.120741469051408e-05
 1.005070107031297e-05
 0.00126014379875126
 0.00400909371431141
 0
 0.002496302377293154
 3.043412902849181e-06
 0.002427100085865603
 3.188796498975619e-06
 0
 3.120741469051408e-05
 7.369561091715368e-05
 0.00126014379875126
 0.00400909371431141
 0
 0.04331721432286714
 3.043412902849181e-06
 0.002427100085865603
 3.188796498975619e-06
 0
 0.001903597465863445
 7.369561091715368e-05
 0.00126014379875126
 0.00400909371431141
 0
 0.04331721432286714
 0
 0.002427100085865603
 8.750817910311163e-06
 0
 0.001903597465863445
 0.001075711006358478
 0.00126014379875126
 0.00400909371431141
 0
 0.04331721432286714
 0
 0
 8.750817910311163e-06
 0
 0.001903597465863445
 0.04331721432286714
 0.00126014379875126
 0
 0
 0.04331721432286714
 0
 0
 5.097795785996117e-05
 0
 0.001903597465863445
 0.04331721432286714
 0.002699685938659607
 0
 0
 0.04331721432286714
 0
 0
 5.097795785996117e-05
 0
 0.001903597465863445
 0.04331721432286714
 0.002699685938659607
 0
 0
 0.04331721432286714
 0
 0
 5.097795785996117e-05
 0
 0.001903597465863445
 0.04331721432286714
 0.002699685938659607
 0
 0
 0.04331721432286714
 0
 0
 5.097795785996117e-05
 0
 0.001903597465863445
 0.04331721432286714
 0.002699685938659607
 0
 0
 0
 0
 0
 0.00126014379875126
 0
 0
 0.04331721432286714
 0.002699685938659607
 0
 0
 0
 0
 0
 0.00400909371431141
 0
 0
 0.04331721432286714
 0.002699685938659607
 0
 0
 0
 0
 0
 0.00400909371431141
 0
 0
 0
 0.002699685938659607
 0
 0
 0
 0
 0
 0.00400909371431141
 0
 0
 0
 0
 0
 0
 0
 0
 0
 0.00400909371431141
 0
 0
 0
 0
 0
 0
 0
 0
 0
 0.00400909371431141
 0
 0
 0
 0
 0
 0
 0
 0
 0
 0.00400909371431141
 0
 0
 0
 0
 0
 0
 0
 0
 0
 0.00400909371431141
 0
 0
 0
 0
 0
 0
 0
 0
 0
 0
 0
 0
 0
 0
 0
 0
 0
 0
 0
 0
 0
 0
 0
 0
 0
 0
 0
 0
 0
 0
 0
