# Created by Octave 3.2.4, Tue Feb 05 09:06:37 2013 EST <rbom@zaphod>
# name: small_First_Fit
# type: matrix
# ndims: 3
 1 10 30
 4.735327937060938e-12
 4.649571116691925e-14
 1.648229221119594e-12
 5.6757653404226e-13
 4.610263790091472e-10
 3.896103418312847e-12
 4.25641112309044e-11
 1.068903370997235e-11
 1.953163875957788e-13
 6.360951918796546e-11
 7.487654882130623e-10
 3.041460994043799e-09
 2.284116012026651e-10
 1.048643069842004e-07
 8.646699576782786e-06
 5.584105053834145e-05
 2.360698018341466e-10
 4.263577665940422e-10
 3.24284778284329e-07
 6.360951918796546e-11
 7.981806189321938e-08
 3.041460994043799e-09
 5.032928223650274e-09
 1.048643069842004e-07
 8.646699576782786e-06
 5.584105053834145e-05
 2.800234419086126e-08
 1.73193883321384e-07
 5.354007493149264e-05
 1.01656776499845e-08
 7.648217570666301e-07
 5.495373050897337e-08
 1.431473788068009e-07
 4.955225049396632e-07
 0.0004253539046037556
 5.900392623103631e-05
 3.692655633817763e-06
 1.270881068767702e-05
 5.354007493149264e-05
 6.307907958718312e-06
 2.139600186575279e-06
 3.530459801445164e-07
 1.102741092597017e-05
 7.188969936837609e-07
 0.0004253539046037556
 5.900392623103631e-05
 4.62880738206658e-05
 7.494886242996065e-05
 0.004566602035140555
 5.304871045174869e-05
 2.139600186575279e-06
 5.611071828381689e-06
 0.0004202501232046306
 3.035007902775751e-06
 0.0004253539046037556
 0.001191522925376118
 4.62880738206658e-05
 0.0003011621033835397
 0.004566602035140555
 5.304871045174869e-05
 8.081203750924132e-05
 1.745536013670726e-05
 0.0004202501232046306
 4.322107739470575e-06
 0.0004253539046037556
 0.001191522925376118
 4.62880738206658e-05
 0.002129383442406079
 0.004566602035140555
 4.324594689874309e-05
 8.081203750924132e-05
 0.0006359278319031646
 0.001382478172234496
 3.035007902775751e-06
 0.001266014611179946
 0.01039914357205977
 0.004733251110378547
 0.002129383442406079
 0.004566602035140555
 6.403190828623992e-05
 0.0009602523912316951
 0.0006359278319031646
 0.001382478172234496
 4.194703647287388e-05
 0.001266014611179946
 0.01039914357205977
 0.004733251110378547
 0.002129383442406079
 0.004566602035140555
 0.0001821841019231121
 0.0009602523912316951
 0.0006359278319031646
 0.0004202501232046306
 4.194703647287388e-05
 0.001266014611179946
 0.01039914357205977
 0.004733251110378547
 0.002129383442406079
 0.004566602035140555
 0.0001821841019231121
 0.004566602035140555
 0.0006359278319031646
 0.007623389363280521
 4.194703647287388e-05
 0.001266014611179946
 0.01039914357205977
 0.004733251110378547
 0.002129383442406079
 0.004566602035140555
 0.0001821841019231121
 0.004566602035140555
 0.0007351304170833974
 0.007623389363280521
 4.194703647287388e-05
 0.004249895530720137
 0.01039914357205977
 0.004733251110378547
 0.002129383442406079
 0
 0.001903915532165475
 0.004566602035140555
 0.001398972891016758
 0.007623389363280521
 4.194703647287388e-05
 0.001266014611179946
 0.01039914357205977
 0.004733251110378547
 0.002129383442406079
 0
 0.001903915532165475
 0.004566602035140555
 0.001398972891016758
 0.007623389363280521
 4.194703647287388e-05
 0.001741800081639645
 0.01039914357205977
 0.004733251110378547
 0
 0
 0.002238321744391825
 0.004566602035140555
 0.001398972891016758
 0.007623389363280521
 4.194703647287388e-05
 0.001266014611179946
 0
 0
 0
 0
 0.003250860080347086
 0.004566602035140555
 0.001398972891016758
 0.007623389363280521
 0
 0.004249895530720137
 0
 0
 0
 0
 0.003250860080347086
 0.004566602035140555
 0.001398972891016758
 0.007623389363280521
 0
 0.004249895530720137
 0
 0
 0
 0
 0.003250860080347086
 0
 0.001940800036102836
 0
 0
 0.004249895530720137
 0
 0
 0
 0
 0.003250860080347086
 0
 0.001940800036102836
 0
 0
 0.004249895530720137
 0
 0
 0
 0
 0.01039914357205977
 0
 0.001940800036102836
 0
 0
 0.004249895530720137
 0
 0
 0
 0
 0.01039914357205977
 0
 0.001398972891016758
 0
 0
 0.004249895530720137
 0
 0
 0
 0
 0.01039914357205977
 0
 0.004249895530720137
 0
 0
 0.004249895530720137
 0
 0
 0
 0
 0.01039914357205977
 0
 0.001398972891016758
 0
 0
 0
 0
 0
 0
 0
 0.01039914357205977
 0
 0.001398972891016758
 0
 0
 0
 0
 0
 0
 0
 0.01039914357205977
 0
 0.001398972891016758
 0
 0
 0
 0
 0
 0
 0
 0.01039914357205977
 0
 0.001398972891016758
 0
 0
 0
 0
 0
 0
 0
 0
 0
 0.001398972891016758
 0
 0
 0
 0
 0
 0
 0
 0
 0
 0.001398972891016758
 0
 0
 0
 0
 0
 0
 0
 0
 0
 0
 0
 0
 0
 0
 0
 0
 0
 0
 0
 0
 0
 0
 0
 0
 0
 0
 0
 0
