# Created by Octave 3.2.4, Wed Feb 06 03:46:55 2013 EST <rbom@zaphod>
# name: small_First_Fit
# type: matrix
# ndims: 3
 1 10 30
 2.230787320771588e-13
 1.45801975740768e-15
 3.387845922779519e-15
 1.846555464302107e-15
 2.592704414942033e-15
 2.493129568471171e-14
 7.192947322414627e-14
 1.00378154140681e-13
 2.595001548808831e-17
 8.023678835400072e-17
 5.95422700319262e-10
 1.858524784598551e-11
 1.299779239370504e-12
 1.472927992374168e-12
 3.805267610635047e-12
 3.503260393793323e-12
 3.215010223766986e-11
 1.525535554343829e-11
 5.732808930764774e-12
 2.956699392054692e-14
 3.66140159588456e-07
 1.858524784598551e-11
 1.41556477380558e-12
 1.106174128444664e-09
 1.577317975233337e-10
 3.626584198342808e-12
 4.230289279094243e-09
 4.759027037696036e-10
 5.732808930764774e-12
 2.956699392054692e-14
 4.355049381772121e-05
 7.713643458835915e-10
 6.457657650620781e-11
 4.469096886482872e-08
 1.350211485034538e-09
 1.457761900358512e-10
 2.176165004232319e-08
 5.783133300583041e-08
 1.768177882432134e-09
 1.091817278856143e-12
 4.355049381772121e-05
 1.45449530802542e-08
 6.457657650620781e-11
 4.469096886482872e-08
 1.582067958117174e-07
 4.322169403290042e-09
 1.822566446991682e-07
 5.783133300583041e-08
 6.542064279181996e-08
 1.091817278856143e-12
 4.355049381772121e-05
 6.035796919777562e-07
 1.817776298346871e-08
 1.846876211343669e-06
 2.040778340925876e-06
 2.478144899862739e-07
 9.110382706156413e-07
 5.783133300583041e-08
 5.841062487846186e-07
 2.816990356084809e-09
 0.007192564331222521
 6.035796919777562e-07
 1.321099693086228e-05
 1.846876211343669e-06
 1.202870953549269e-05
 1.168241717461362e-05
 7.665235594942173e-06
 2.198429505315465e-06
 8.142934237218349e-06
 3.319739280483857e-09
 0.007192564331222521
 2.482265373934192e-06
 2.726203923652307e-05
 9.646927151040528e-06
 0.0004003967795809118
 0.0002975948190913295
 1.078813924485298e-05
 0.0007582105689112893
 6.366507969910334e-05
 3.319739280483857e-09
 0.007192564331222521
 2.48072277989762e-05
 1.321099693086228e-05
 5.557207472504097e-05
 0.0004003967795809118
 0.0002975948190913295
 2.594789442642206e-05
 0.002546709543486082
 0.002546709543486082
 1.431263374660472e-08
 0.1125794978643368
 0.000170842474198656
 1.835057863889542e-05
 0.0004889740313689081
 0.0004003967795809118
 0.0002975948190913295
 7.102200882190882e-05
 0.0007582105689112893
 0.002546709543486082
 1.431263374660472e-08
 0.1125794978643368
 0.0004889740313689081
 1.321099693086228e-05
 0.0004889740313689081
 0.008081508407851988
 0.001531541274922717
 7.102200882190882e-05
 0.0007582105689112893
 0.002546709543486082
 3.114445728512012e-06
 0.1125794978643368
 0.0004889740313689081
 5.535484116127231e-05
 0.0004889740313689081
 0.008081508407851988
 0.001531541274922717
 7.102200882190882e-05
 0.0007582105689112893
 0.002546709543486082
 3.114445728512012e-06
 0.1125794978643368
 0.0004889740313689081
 5.535484116127231e-05
 0.0004889740313689081
 0.008081508407851988
 0.001531541274922717
 0.004172571733161006
 0.002546709543486082
 0.002546709543486082
 9.07620504206803e-06
 0.1125794978643368
 0.0004889740313689081
 5.535484116127231e-05
 0.0004889740313689081
 0.008081508407851988
 0.001531541274922717
 0.004172571733161006
 0.0615614966296369
 0.1125794978643368
 9.07620504206803e-06
 0.1125794978643368
 0.005453181033936544
 5.535484116127231e-05
 0.0004889740313689081
 0.02076173332987484
 0.001531541274922717
 0.004172571733161006
 0.1125794978643368
 0.1125794978643368
 9.07620504206803e-06
 0.1125794978643368
 0.005453181033936544
 5.535484116127231e-05
 0.0004889740313689081
 0.02076173332987484
 0.0110940159572595
 0.004172571733161006
 0.1125794978643368
 0.1125794978643368
 9.07620504206803e-06
 0
 0.005453181033936544
 0.004172571733161006
 0
 0.0615614966296369
 0.0110940159572595
 0.004172571733161006
 0.1125794978643368
 0.1125794978643368
 9.07620504206803e-06
 0
 0.005453181033936544
 0.004172571733161006
 0
 0.0615614966296369
 0.0110940159572595
 0.004172571733161006
 0.1125794978643368
 0.1125794978643368
 9.07620504206803e-06
 0
 0.005453181033936544
 0.1125794978643368
 0
 0.1125794978643368
 0.04858829067631447
 0.004172571733161006
 0.0615614966296369
 0.1125794978643368
 9.07620504206803e-06
 0
 0.02076173332987484
 0.1125794978643368
 0
 0.1125794978643368
 0.0615614966296369
 0
 0.0615614966296369
 0.1125794978643368
 0
 0
 0.005453181033936544
 0.1125794978643368
 0
 0.1125794978643368
 0.0615614966296369
 0
 0.0615614966296369
 0
 0
 0
 0.005453181033936544
 0.1125794978643368
 0
 0.1125794978643368
 0.1125794978643368
 0
 0
 0
 0
 0
 0.005453181033936544
 0.1125794978643368
 0
 0.1125794978643368
 0.1125794978643368
 0
 0
 0
 0
 0
 0.005453181033936544
 0.1125794978643368
 0
 0.1125794978643368
 0.1125794978643368
 0
 0
 0
 0
 0
 0.005453181033936544
 0.1125794978643368
 0
 0.1125794978643368
 0.1125794978643368
 0
 0
 0
 0
 0
 0.04858829067631447
 0
 0
 0
 0.1125794978643368
 0
 0
 0
 0
 0
 0.04858829067631447
 0
 0
 0
 0.1125794978643368
 0
 0
 0
 0
 0
 0.1125794978643368
 0
 0
 0
 0.1125794978643368
 0
 0
 0
 0
 0
 0.1125794978643368
 0
 0
 0
 0
 0
 0
 0
 0
 0
 0.1125794978643368
 0
 0
 0
 0
 0
 0
 0
 0
