# Created by Octave 3.2.4, Mon Feb 04 06:36:39 2013 EST <rbom@zaphod>
# name: small_First_Fit
# type: matrix
# ndims: 3
 1 10 30
 2.667642613325661e-18
 2.050635717361421e-19
 5.224092071504873e-15
 1.342807425967087e-11
 3.070784597883541e-09
 1.120088985399295e-14
 2.705019935799761e-17
 3.119480527622114e-17
 9.272037011775661e-18
 1.810791969330224e-15
 3.194761063902926e-09
 1.522292631538056e-15
 6.015398613172401e-12
 1.005482877399446e-07
 7.364293565021087e-07
 1.497396939157013e-11
 3.743830627177241e-13
 4.270951021625279e-10
 7.804923879877509e-16
 1.378237247396857e-13
 1.471911807907555e-06
 1.03971304281533e-13
 1.584359314587896e-09
 3.386382825193994e-07
 7.364293565021087e-07
 1.421797985811695e-08
 2.99260770128177e-11
 4.270951021625279e-10
 5.335065014153346e-14
 1.199757979315136e-11
 1.471911807907555e-06
 7.621137825551211e-12
 6.880957818054281e-09
 3.386382825193994e-07
 5.037752354166973e-05
 5.602895213526129e-07
 2.99260770128177e-11
 4.653128084251188e-09
 1.408957337912603e-11
 1.010311995647999e-07
 0.0001543953074966505
 1.336089289846158e-09
 8.792618426134922e-06
 3.386382825193994e-07
 5.037752354166973e-05
 3.878195724007964e-06
 8.754730180086522e-11
 1.57758920664524e-05
 8.760699681483261e-10
 1.971124990971451e-06
 0.0001543953074966505
 1.336089289846158e-09
 8.792618426134922e-06
 3.386382825193994e-07
 5.037752354166973e-05
 0.001086165336089721
 8.754730180086522e-11
 0.0002793580667650042
 8.760699681483261e-10
 1.971124990971451e-06
 0.0001543953074966505
 1.336089289846158e-09
 0.0004883377799539127
 2.316455023475647e-05
 0.0006725461952245671
 0.00868651538054232
 8.754730180086522e-11
 0.0002793580667650042
 4.995139208628106e-06
 9.660733449553346e-06
 0.0001543953074966505
 1.336089289846158e-09
 0.0004883377799539127
 2.316455023475647e-05
 0.0006725461952245671
 0.00868651538054232
 8.754730180086522e-11
 0.0002793580667650042
 0.002098400808497718
 9.660733449553346e-06
 0.0001543953074966505
 8.383746144787382e-08
 0.0004883377799539127
 2.316455023475647e-05
 0.0006725461952245671
 0.00868651538054232
 8.754730180086522e-11
 0.0002793580667650042
 0.002098400808497718
 9.660733449553346e-06
 0.0001543953074966505
 8.383746144787382e-08
 0.03249747692929481
 2.316455023475647e-05
 0.0006725461952245671
 0.00868651538054232
 1.822709709858878e-08
 0.0002793580667650042
 0.01021118752655134
 1.204533445840677e-05
 0.0001543953074966505
 9.660733449553346e-06
 0.03249747692929481
 2.316455023475647e-05
 0.00868651538054232
 0.00868651538054232
 1.822709709858878e-08
 0.0002793580667650042
 0.01021118752655134
 0.01021118752655134
 0.0001543953074966505
 1.204533445840677e-05
 0.03249747692929481
 0.0003018335783311795
 0.00868651538054232
 0.00868651538054232
 1.822709709858878e-08
 0.0002793580667650042
 0.01021118752655134
 0.01021118752655134
 0.0001543953074966505
 1.204533445840677e-05
 0.03249747692929481
 0.0003018335783311795
 0.00868651538054232
 0.01167379057690021
 7.459682716720439e-07
 0.01021118752655134
 0.01021118752655134
 0.01021118752655134
 0.0001543953074966505
 1.204533445840677e-05
 0.03249747692929481
 0.0003018335783311795
 0.00868651538054232
 0.00868651538054232
 7.459682716720439e-07
 0.01167379057690021
 0.01021118752655134
 0.01021118752655134
 0.0001543953074966505
 1.204533445840677e-05
 0.03249747692929481
 0.0003018335783311795
 0.00868651538054232
 0.01077058580271686
 7.459682716720439e-07
 0.01167379057690021
 0.01021118752655134
 0.01021118752655134
 0.0001543953074966505
 9.660733449553346e-06
 0.03249747692929481
 0.00868651538054232
 0.00868651538054232
 0.01167379057690021
 7.459682716720439e-07
 0.01167379057690021
 0.01167379057690021
 0.01021118752655134
 0.0001543953074966505
 9.660733449553346e-06
 0.03249747692929481
 0.00868651538054232
 0.01167379057690021
 0.01167379057690021
 7.459682716720439e-07
 0.01167379057690021
 0.01167379057690021
 0.01021118752655134
 0.0001543953074966505
 1.204533445840677e-05
 0.03249747692929481
 0.01077058580271686
 0.01167379057690021
 0.01167379057690021
 7.459682716720439e-07
 0.01167379057690021
 0.01167379057690021
 0.01021118752655134
 0.0001543953074966505
 0.01021118752655134
 0.03249747692929481
 0.01077058580271686
 0.01167379057690021
 0.01167379057690021
 7.459682716720439e-07
 0.01167379057690021
 0.01167379057690021
 0.01021118752655134
 0.0001543953074966505
 0.01167379057690021
 0.03249747692929481
 0.01077058580271686
 0.01167379057690021
 0.01167379057690021
 7.459682716720439e-07
 0.01167379057690021
 0.01021118752655134
 0.01021118752655134
 0.0001543953074966505
 0.01167379057690021
 0.03249747692929481
 0.01077058580271686
 0.01167379057690021
 0.01167379057690021
 7.459682716720439e-07
 0.01167379057690021
 0.01021118752655134
 0.01021118752655134
 0.0001543953074966505
 0.01167379057690021
 0.03249747692929481
 0.01167379057690021
 0.01167379057690021
 0.01167379057690021
 7.459682716720439e-07
 0.01167379057690021
 0.01167379057690021
 0.01167379057690021
 0.0001543953074966505
 0.01167379057690021
 0.03249747692929481
 0.01077058580271686
 0.01167379057690021
 0.01167379057690021
 7.459682716720439e-07
 0.01167379057690021
 0.01167379057690021
 0.01167379057690021
 0.0001543953074966505
 0.01167379057690021
 0.03249747692929481
 0.01077058580271686
 0.01167379057690021
 0.01167379057690021
 7.459682716720439e-07
 0.01167379057690021
 0.01167379057690021
 0.01021118752655134
 0.0001543953074966505
 0.01167379057690021
 0.03249747692929481
 0.01077058580271686
 0.01167379057690021
 0.01167379057690021
 7.459682716720439e-07
 0.01167379057690021
 0.01167379057690021
 0.01021118752655134
 0.0001543953074966505
 0.01167379057690021
 0.03249747692929481
 0.00868651538054232
 0.01167379057690021
 0.01167379057690021
 7.459682716720439e-07
 0.01167379057690021
 0.01167379057690021
 0.01021118752655134
 0.0001543953074966505
 0.01021118752655134
 0.03249747692929481
 0.00868651538054232
 0.01167379057690021
 0.01167379057690021
 7.459682716720439e-07
 0.01167379057690021
 0.01167379057690021
 0.01021118752655134
 0.0001543953074966505
 0.01021118752655134
 0.03249747692929481
 0.01077058580271686
 0.01167379057690021
 0.01167379057690021
 7.459682716720439e-07
 0.01167379057690021
 0.01167379057690021
 0.01167379057690021
 0.0001543953074966505
 0.01021118752655134
 0.03249747692929481
 0.01167379057690021
 0.01167379057690021
 0.01167379057690021
 7.459682716720439e-07
 0.01167379057690021
 0.01167379057690021
 0.01021118752655134
 0.0001543953074966505
 0.01167379057690021
 0.03249747692929481
 0.00868651538054232
 0.01167379057690021
 0.01167379057690021
 7.459682716720439e-07
 0.01167379057690021
 0.01167379057690021
 0.01021118752655134
