# Created by Octave 3.2.4, Tue Feb 05 19:59:50 2013 EST <rbom@zaphod>
# name: small_First_Fit
# type: matrix
# ndims: 3
 1 10 30
 3.364443234718882e-18
 1.567819296442335e-20
 1.787274590447386e-13
 5.646403322832283e-20
 3.540138803557014e-18
 5.745476741132171e-12
 3.197913222861423e-18
 4.396618272405784e-20
 3.519984488836874e-17
 2.44491765696681e-13
 4.27860733395034e-14
 1.160553164621054e-17
 1.787274590447386e-13
 1.030294112567781e-18
 2.431207347757105e-16
 2.960329871997781e-08
 3.753256813137875e-15
 4.396618272405784e-20
 6.258117320274197e-15
 1.157421234500285e-10
 5.852625788793156e-11
 7.298503333753806e-15
 1.906252129991704e-10
 7.559400931261624e-14
 4.250514702697494e-15
 2.960329871997781e-08
 2.981703743372235e-11
 2.89888963771353e-16
 8.138243741532661e-12
 3.554404971287151e-09
 5.852625788793156e-11
 7.298503333753806e-15
 2.979218665067975e-09
 3.650004904233059e-10
 1.633069459740561e-13
 1.830012241784664e-05
 1.879111471751014e-08
 1.990828246920476e-14
 1.095073361690363e-10
 3.554404971287151e-09
 2.030738533786344e-09
 1.236206506925701e-11
 2.979218665067975e-09
 1.331169338742191e-07
 2.331082501379559e-12
 1.830012241784664e-05
 6.683637286795891e-06
 1.758951478823618e-11
 9.40136891985898e-09
 8.667675399841799e-08
 5.543672275541788e-09
 2.23227774078977e-10
 0.0001727492189185998
 1.331169338742191e-07
 2.331082501379559e-12
 1.830012241784664e-05
 0.0001280576224750768
 1.758951478823618e-11
 9.40136891985898e-09
 8.667675399841799e-08
 6.823906958975344e-08
 8.34058452531549e-10
 0.0001727492189185998
 1.331169338742191e-07
 2.331082501379559e-12
 0.001076291190839488
 0.0003904418065741655
 1.516635810930966e-09
 1.018493481497015e-07
 0.0001404397645910633
 1.041133871080149e-05
 7.496064737343174e-07
 0.0001727492189185998
 1.331169338742191e-07
 2.331082501379559e-12
 0.001076291190839488
 0.0003904418065741655
 4.268541182559342e-08
 1.470658080202879e-06
 0.0001404397645910633
 0.0007690893396734709
 7.496064737343174e-07
 0.0001727492189185998
 1.331169338742191e-07
 2.331082501379559e-12
 0.001076291190839488
 0.0003904418065741655
 6.640175693249409e-07
 3.700352817362286e-05
 0.0001404397645910633
 0.0007690893396734709
 7.496064737343174e-07
 0.0001727492189185998
 1.331169338742191e-07
 2.153887789107378e-08
 0.001076291190839488
 0.0003904418065741655
 1.567233440866719e-05
 0.0008894695612041614
 0.0001404397645910633
 0.01764119450948477
 1.769838191926907e-05
 0.0001727492189185998
 9.141666465833448e-06
 5.382860850134071e-07
 0.01764119450948477
 0.0003904418065741655
 1.567233440866719e-05
 0.01764119450948477
 0.0001404397645910633
 0.01764119450948477
 1.769838191926907e-05
 0.0001727492189185998
 1.347180925641622e-05
 5.382860850134071e-07
 0.01764119450948477
 0.004173584457469171
 1.567233440866719e-05
 0.01764119450948477
 0.01764119450948477
 0.01764119450948477
 0.001076291190839488
 0
 1.347180925641622e-05
 1.347180925641622e-05
 0.01764119450948477
 0.004173584457469171
 0.0002568816722582108
 0.01764119450948477
 0.01764119450948477
 0.01764119450948477
 0.001076291190839488
 0
 1.347180925641622e-05
 1.347180925641622e-05
 0.01764119450948477
 0.004173584457469171
 0.0002568816722582108
 0.01764119450948477
 0.01764119450948477
 0.01764119450948477
 0.001076291190839488
 0
 1.347180925641622e-05
 3.700352817362286e-05
 0.01764119450948477
 0.004173584457469171
 0.0002568816722582108
 0.01764119450948477
 0.01764119450948477
 0.01764119450948477
 0.001076291190839488
 0
 1.347180925641622e-05
 3.700352817362286e-05
 0.01764119450948477
 0.004173584457469171
 0.0002568816722582108
 0.01764119450948477
 0.01764119450948477
 0.01764119450948477
 0.001076291190839488
 0
 1.347180925641622e-05
 1.347180925641622e-05
 0.01764119450948477
 0.004173584457469171
 0.0002568816722582108
 0.01764119450948477
 0.01764119450948477
 0
 0.01764119450948477
 0
 0.0001727492189185998
 1.347180925641622e-05
 0
 0.004173584457469171
 0.01764119450948477
 0
 0.01764119450948477
 0
 0.01764119450948477
 0
 0.0001727492189185998
 3.700352817362286e-05
 0
 0
 0.01764119450948477
 0
 0
 0
 0.01764119450948477
 0
 0.004173584457469171
 3.700352817362286e-05
 0
 0
 0.01764119450948477
 0
 0
 0
 0.01764119450948477
 0
 0.004173584457469171
 3.700352817362286e-05
 0
 0
 0.01764119450948477
 0
 0
 0
 0.01764119450948477
 0
 0.004173584457469171
 0.01764119450948477
 0
 0
 0.01764119450948477
 0
 0
 0
 0.01764119450948477
 0
 0.004173584457469171
 0.01764119450948477
 0
 0
 0.01764119450948477
 0
 0
 0
 0.01764119450948477
 0
 0.004173584457469171
 0.01764119450948477
 0
 0
 0.01764119450948477
 0
 0
 0
 0
 0
 0.004173584457469171
 0.01764119450948477
 0
 0
 0
 0
 0
 0
 0
 0
 0.004173584457469171
 0.01764119450948477
 0
 0
 0
 0
 0
 0
 0
 0
 0
 0.01764119450948477
 0
 0
 0
 0
 0
 0
 0
 0
 0
 0.01764119450948477
 0
 0
 0
 0
 0
 0
 0
 0
 0
 0
 0
 0
 0
 0
 0
 0
 0
 0
 0
 0
 0
 0
 0
 0
 0
