# Created by Octave 3.2.4, Wed Feb 06 19:50:36 2013 EST <rbom@zaphod>
# name: small_First_Fit
# type: matrix
# ndims: 3
 1 10 30
 6.0098922853519e-12
 1.209575916797442e-09
 6.146263036851289e-08
 5.29234181715826e-10
 9.004068263393052e-13
 3.972361631230139e-12
 2.709916425141931e-11
 6.83751760634189e-11
 2.908312349938848e-10
 7.064162650396008e-13
 1.347280353997724e-06
 1.209575916797442e-09
 6.345615234104876e-07
 3.012284824460906e-06
 9.357598786440159e-11
 4.357727348237654e-10
 3.296696831865321e-10
 2.598401718155638e-05
 1.277759548729845e-07
 1.034145585292333e-08
 4.787288511326524e-06
 5.227051242342025e-07
 6.345615234104876e-07
 5.932372885030395e-06
 1.329014434548612e-09
 5.739448978345381e-09
 3.241012562259618e-06
 2.598401718155638e-05
 3.914355740885515e-06
 2.426148953557138e-07
 4.787288511326524e-06
 4.126205649624372e-06
 7.856673551618912e-07
 4.3664297064185e-05
 1.819422184107529e-07
 5.28778246017445e-07
 5.011671056588997e-06
 2.598401718155638e-05
 2.744132643270384e-05
 2.426148953557138e-07
 1.120652697650476e-05
 4.126205649624372e-06
 7.856673551618912e-07
 0.0001687835091994652
 8.07423320596247e-06
 0.0001364512595407318
 5.853827427784734e-06
 2.598401718155638e-05
 2.744132643270384e-05
 3.000992024273722e-06
 1.699932612408665e-05
 5.609417158745686e-06
 0.0001094690406915143
 0.001433677940197575
 8.07423320596247e-06
 0.0002207493846388458
 3.107881368216671e-05
 8.072578487569982e-05
 2.744132643270384e-05
 4.912878375626909e-05
 1.699932612408665e-05
 5.609417158745686e-06
 0.0001094690406915143
 0.001433677940197575
 8.07423320596247e-06
 0.0002207493846388458
 3.107881368216671e-05
 8.072578487569982e-05
 4.151794119878824e-05
 0.0007388570704881804
 0.0001515138280800246
 5.609417158745686e-06
 0.0001094690406915143
 0.001433677940197575
 0.0002207493846388458
 0.0002207493846388458
 0.0004832263692235077
 0.0008774153901015024
 0.0001766444892056914
 0.0007388570704881804
 0.0001515138280800246
 8.072578487569982e-05
 0.0001094690406915143
 0.001433677940197575
 0.0005062895352811233
 0.0002207493846388458
 0.00263222672807055
 0.0008774153901015024
 0.0004307171215410671
 0.0007388570704881804
 0.0002736804791425428
 0.0003474037045398517
 0.0001094690406915143
 0.002209898379093272
 0.001369259421823804
 0.0005062895352811233
 0.00263222672807055
 0.0008774153901015024
 0.0004307171215410671
 0.0007388570704881804
 0.0002736804791425428
 0.0003578081742147765
 0.0001094690406915143
 0.002209898379093272
 0.001369259421823804
 0.0005062895352811233
 0.00263222672807055
 0.0008774153901015024
 0.003042232630830127
 0.0007388570704881804
 0.0002736804791425428
 0.0003578081742147765
 0.0001094690406915143
 0.002209898379093272
 0.001369259421823804
 0.001369259421823804
 0.00263222672807055
 0.0008774153901015024
 0.003042232630830127
 0.0007388570704881804
 0.0006893006139697377
 0.0003578081742147765
 0
 0.002209898379093272
 0.001369259421823804
 0.001369259421823804
 0.002992080992979615
 0.0008774153901015024
 0.003042232630830127
 0.0007388570704881804
 0.0006893006139697377
 0.0003578081742147765
 0
 0.002209898379093272
 0.00263222672807055
 0.001369259421823804
 0.00263222672807055
 0.0008774153901015024
 0.003042232630830127
 0
 0.0006893006139697377
 0.0003578081742147765
 0
 0.002209898379093272
 0.00263222672807055
 0.001369259421823804
 0.002992080992979615
 0
 0.003042232630830127
 0
 0.001353361359118834
 0.0003578081742147765
 0
 0.002209898379093272
 0.001369259421823804
 0.001369259421823804
 0.002992080992979615
 0
 0.003042232630830127
 0
 0.001353361359118834
 0.0003578081742147765
 0
 0
 0.001369259421823804
 0.001369259421823804
 0.002992080992979615
 0
 0.003042232630830127
 0
 0.00263222672807055
 0
 0
 0
 0.001369259421823804
 0.001369259421823804
 0.002992080992979615
 0
 0
 0
 0.00263222672807055
 0
 0
 0
 0.001369259421823804
 0
 0.002992080992979615
 0
 0
 0
 0.00263222672807055
 0
 0
 0
 0.001369259421823804
 0
 0.002992080992979615
 0
 0
 0
 0.00263222672807055
 0
 0
 0
 0
 0
 0.002992080992979615
 0
 0
 0
 0.00263222672807055
 0
 0
 0
 0
 0
 0
 0
 0
 0
 0.00263222672807055
 0
 0
 0
 0
 0
 0
 0
 0
 0
 0.00263222672807055
 0
 0
 0
 0
 0
 0
 0
 0
 0
 0
 0
 0
 0
 0
 0
 0
 0
 0
 0
 0
 0
 0
 0
 0
 0
 0
 0
 0
 0
 0
 0
 0
 0
 0
 0
 0
 0
 0
 0
 0
 0
 0
 0
 0
 0
 0
 0
 0
 0
 0
 0
 0
 0
 0
 0
 0
 0
 0
 0
 0
 0
 0
 0
 0
 0
 0
 0
 0
 0
