# Created by Octave 3.2.4, Wed Feb 06 09:59:52 2013 EST <rbom@zaphod>
# name: small_First_Fit
# type: matrix
# ndims: 3
 1 10 30
 2.692616893622934e-14
 1.29470020630456e-13
 7.734873732200985e-14
 6.750769222863761e-14
 9.581716594827492e-12
 3.354289935988312e-14
 2.599526253107585e-10
 4.271945026768232e-11
 1.035603281528631e-09
 2.144482728038698e-14
 2.571255930720518e-12
 2.281036053388295e-12
 7.137897807321749e-11
 2.612267130828777e-05
 7.008554904372961e-09
 2.258822401353466e-10
 1.282613869606837e-07
 1.144263733181078e-08
 1.035603281528631e-09
 9.531585678857991e-13
 1.613499036293551e-10
 4.891660026784415e-12
 1.388915357228e-07
 2.612267130828777e-05
 1.135694619030994e-07
 1.736490439495173e-07
 1.532230489900075e-06
 7.48429451614101e-07
 1.035603281528631e-09
 8.684358025899832e-11
 3.566231195852062e-07
 8.359293140455347e-11
 8.833690109309674e-06
 0.0001083565782136002
 1.135694619030994e-07
 1.736490439495173e-07
 1.532230489900075e-06
 7.48429451614101e-07
 4.921545489844784e-07
 8.373300343157041e-09
 1.448736922629175e-05
 8.359293140455347e-11
 1.951420988202577e-05
 0.0002913947284564024
 1.475940976132996e-07
 5.222461981988213e-06
 2.010934723475245e-05
 7.48429451614101e-07
 5.590737653389831e-06
 7.815826824466773e-07
 1.448736922629175e-05
 2.212001337888922e-07
 1.951420988202577e-05
 0.0001083565782136002
 7.525512250811265e-05
 5.222461981988213e-06
 2.010934723475245e-05
 7.48429451614101e-07
 1.94495104945973e-05
 2.402148735210761e-06
 0.001231011991089831
 2.581119525640395e-07
 8.833690109309674e-06
 0.0001083565782136002
 7.525512250811265e-05
 5.222461981988213e-06
 0.0001679520560614677
 1.127508033017121e-06
 2.603019583614234e-05
 2.402148735210761e-06
 0.007147672663146603
 2.364496372629746e-06
 3.522064943690031e-05
 0.0001083565782136002
 0.002866333441938202
 5.222461981988213e-06
 0.0001679520560614677
 1.127508033017121e-06
 0.0001459218157885868
 2.402148735210761e-06
 0.007147672663146603
 2.364496372629746e-06
 0.0002531680163915432
 0.0001083565782136002
 0.005776619810087916
 5.222461981988213e-06
 0.0003158583899589465
 7.48429451614101e-07
 0.0001459218157885868
 2.402148735210761e-06
 0.007147672663146603
 1.7564900138545e-05
 0.0002531680163915432
 0.001579814695062685
 0.005776619810087916
 7.9814538321906e-06
 0.0003158583899589465
 7.48429451614101e-07
 0.0001459218157885868
 2.402148735210761e-06
 0.007147672663146603
 1.027054805674581e-05
 0.0002531680163915432
 0.001579814695062685
 0.005776619810087916
 6.115616460523841e-06
 0.0003158583899589465
 7.48429451614101e-07
 0.0001459218157885868
 2.402148735210761e-06
 0.007147672663146603
 5.0781080078798e-05
 0.0002531680163915432
 0.003215456762460994
 0.005776619810087916
 6.115616460523841e-06
 0.0003158583899589465
 7.48429451614101e-07
 0.0001459218157885868
 2.402148735210761e-06
 0.007147672663146603
 5.0781080078798e-05
 0.0002531680163915432
 0.003215456762460994
 0.005776619810087916
 6.115616460523841e-06
 0.0005666508421658437
 1.127508033017121e-06
 0.0001459218157885868
 0
 0.007147672663146603
 5.0781080078798e-05
 0.0002531680163915432
 0.005565311112453539
 0.007147672663146603
 6.115616460523841e-06
 0.0005666508421658437
 1.127508033017121e-06
 0.0003522544621763793
 0
 0
 5.0781080078798e-05
 0.0002531680163915432
 0.005565311112453539
 0.005776619810087916
 7.9814538321906e-06
 0.0005666508421658437
 1.309404873718694e-06
 0.0003522544621763793
 0
 0
 0.001575219252562752
 0
 0.005565311112453539
 0.007147672663146603
 6.115616460523841e-06
 0.0005666508421658437
 1.309404873718694e-06
 0.0003522544621763793
 0
 0
 0.001575219252562752
 0
 0.007147672663146603
 0.005776619810087916
 2.866282035933198e-05
 0.0005666508421658437
 1.309404873718694e-06
 0.005565311112453539
 0
 0
 0.001787833245545841
 0
 0.007147672663146603
 0.005776619810087916
 2.866282035933198e-05
 0.0005666508421658437
 1.309404873718694e-06
 0.01152547030296894
 0
 0
 0.001575219252562752
 0
 0.007147672663146603
 0.005776619810087916
 2.866282035933198e-05
 0.0005666508421658437
 1.309404873718694e-06
 0.01152547030296894
 0
 0
 0.001575219252562752
 0
 0.007147672663146603
 0.005776619810087916
 0.005565311112453539
 0
 1.309404873718694e-06
 0.01152547030296894
 0
 0
 0.001575219252562752
 0
 0.007147672663146603
 0.005776619810087916
 0.005565311112453539
 0
 1.309404873718694e-06
 0.01152547030296894
 0
 0
 0.001575219252562752
 0
 0.007147672663146603
 0.01152547030296894
 0.005565311112453539
 0
 0
 0.01152547030296894
 0
 0
 0.001787833245545841
 0
 0.007147672663146603
 0.005776619810087916
 0.005565311112453539
 0
 0
 0.01152547030296894
 0
 0
 0.001787833245545841
 0
 0
 0.007147672663146603
 0.005565311112453539
 0
 0
 0.01152547030296894
 0
 0
 0.001787833245545841
 0
 0
 0.005776619810087916
 0.01152547030296894
 0
 0
 0
 0
 0
 0.001787833245545841
 0
 0
 0.007147672663146603
 0.01152547030296894
 0
 0
 0
 0
 0
 0.001787833245545841
 0
 0
 0.007147672663146603
 0.01152547030296894
 0
 0
 0
 0
 0
 0.01152547030296894
 0
 0
 0.007147672663146603
 0.01152547030296894
 0
 0
 0
 0
 0
 0.01152547030296894
 0
 0
 0.007147672663146603
 0.01152547030296894
 0
 0
 0
 0
 0
 0.01152547030296894
 0
 0
 0.007147672663146603
 0.01152547030296894
 0
 0
 0
 0
