# Created by Octave 3.2.4, Wed Feb 06 12:40:48 2013 EST <rbom@zaphod>
# name: small_First_Fit
# type: matrix
# ndims: 3
 1 10 30
 3.482617905968321e-14
 1.254999983549426e-09
 1.549987919899222e-11
 2.021166842264071e-10
 2.026023181806962e-11
 8.297209393456267e-10
 2.72102554597467e-09
 1.137233107854877e-08
 4.364652241550588e-12
 5.358400272189651e-12
 1.46106324570743e-10
 2.803956904177922e-09
 1.001051016472187e-09
 6.849832742146163e-05
 3.301749745912226e-08
 1.179127745418914e-09
 4.492162388789687e-08
 1.216950285292785e-06
 8.814362038047408e-09
 1.752556546865084e-09
 3.937150864140675e-09
 2.803956904177922e-09
 6.927500358448214e-09
 0.004568181156599551
 4.196088766810012e-07
 2.272538640970983e-08
 4.492162388789687e-08
 2.506592731188156e-05
 7.40723459541446e-08
 4.965755047747954e-08
 6.424918908105788e-08
 3.1514208692837e-08
 1.435181835689466e-06
 0.004568181156599551
 8.04376100360814e-07
 2.137774046115251e-07
 2.19025023607943e-07
 0.0002077217992934713
 2.451414105248255e-07
 6.066284595339083e-07
 3.373451302131266e-07
 5.922434323578501e-07
 0.003328815908534711
 0.04625740602347538
 1.300019869667773e-05
 8.549451193535821e-07
 3.522264031656607e-06
 0.0002171561861345725
 2.059512788369508e-06
 6.066284595339083e-07
 3.900146089494889e-06
 4.108769325540667e-05
 0.003328815908534711
 0.04625740602347538
 0.0001845669000299114
 8.549451193535821e-07
 1.038779704828347e-05
 0.0003406808605881969
 9.334701219160497e-06
 3.435954593911795e-06
 2.96716456195309e-05
 0.0002839962493976021
 0.003328815908534711
 0.04625740602347538
 0.0001845669000299114
 9.154787550516064e-06
 0.0001284432592385346
 0.0002077217992934713
 9.334701219160497e-06
 4.05122727771278e-05
 3.835129309887984e-05
 0.0002839962493976021
 0.003328815908534711
 0.04625740602347538
 0.0001845669000299114
 9.154787550516064e-06
 0.0001284432592385346
 0.0002077217992934713
 0.000865541089446954
 4.05122727771278e-05
 0.001280523459736722
 0.0002839962493976021
 0.03996212985083496
 0.04625740602347538
 0.0007799986055372451
 9.154787550516064e-06
 0.000323393613086479
 0.0002077217992934713
 0.01043892314927237
 4.05122727771278e-05
 0.001280523459736722
 0.0004330328005050303
 0.03996212985083496
 0.04625740602347538
 0.0007799986055372451
 0.002198230289066678
 0.007064854577321771
 0.001744769638753653
 0.01043892314927237
 4.05122727771278e-05
 0.003129851013890784
 0.007638911381470051
 0.04522401523008784
 0.04625740602347538
 0.03996212985083496
 0.002198230289066678
 0.01765389939891623
 0.001744769638753653
 0.01043892314927237
 4.05122727771278e-05
 0.01351094878088157
 0.007638911381470051
 0.03996212985083496
 0
 0.03996212985083496
 0.03796809331331303
 0.01765389939891623
 0.001744769638753653
 0.01043892314927237
 0.0007440736813496807
 0.01508325739957935
 0.007638911381470051
 0.03996212985083496
 0
 0.03996212985083496
 0.03796809331331303
 0.01765389939891623
 0.004276967976122345
 0.01043892314927237
 0.0007440736813496807
 0.01508325739957935
 0.007638911381470051
 0.04522401523008784
 0
 0.03996212985083496
 0.03796809331331303
 0.01765389939891623
 0.004276967976122345
 0.01043892314927237
 0.007851202442877108
 0.03002696381060331
 0.007638911381470051
 0.03996212985083496
 0
 0.03996212985083496
 0.03796809331331303
 0.01765389939891623
 0.004276967976122345
 0.01043892314927237
 0.007851202442877108
 0.04625740602347538
 0.007638911381470051
 0.03996212985083496
 0
 0.03996212985083496
 0.03796809331331303
 0.01765389939891623
 0.004276967976122345
 0
 0.008707412154405949
 0.04625740602347538
 0.007638911381470051
 0.03996212985083496
 0
 0.04522401523008784
 0.04625740602347538
 0.01765389939891623
 0.00732789866076314
 0
 0.008707412154405949
 0.01508325739957935
 0
 0.03996212985083496
 0
 0.03996212985083496
 0.03796809331331303
 0
 0.00732789866076314
 0
 0.008707412154405949
 0.01508325739957935
 0
 0.04522401523008784
 0
 0.03996212985083496
 0.04522401523008784
 0
 0.00732789866076314
 0
 0.008707412154405949
 0.04522401523008784
 0
 0.04522401523008784
 0
 0.03996212985083496
 0.03796809331331303
 0
 0.00732789866076314
 0
 0.007851202442877108
 0.04625740602347538
 0
 0.04522401523008784
 0
 0.03996212985083496
 0.04625740602347538
 0
 0.00732789866076314
 0
 0.007851202442877108
 0.04625740602347538
 0
 0.04522401523008784
 0
 0.04522401523008784
 0.04625740602347538
 0
 0.00732789866076314
 0
 0.007851202442877108
 0.04625740602347538
 0
 0.04522401523008784
 0
 0.04522401523008784
 0.04625740602347538
 0
 0.04625740602347538
 0
 0
 0.04625740602347538
 0
 0.04522401523008784
 0
 0.04522401523008784
 0.03796809331331303
 0
 0.04625740602347538
 0
 0
 0.04625740602347538
 0
 0.03996212985083496
 0
 0.04522401523008784
 0.04625740602347538
 0
 0.04625740602347538
 0
 0
 0.04625740602347538
 0
 0
 0
 0.04522401523008784
 0.03796809331331303
 0
 0.04625740602347538
 0
 0
 0.04625740602347538
 0
 0
 0
 0.04522401523008784
 0.04625740602347538
 0
 0.04625740602347538
 0
 0
 0
 0
 0
 0
 0.04522401523008784
 0.04625740602347538
 0
 0.04625740602347538
 0
 0
 0
 0
 0
 0
 0
 0.04625740602347538
 0
 0.04625740602347538
 0
 0
 0
 0
 0
 0
 0
 0.03796809331331303
 0
 0
 0
 0
