# Created by Octave 3.2.4, Tue Feb 05 09:37:39 2013 EST <rbom@zaphod>
# name: small_First_Fit
# type: matrix
# ndims: 3
 1 10 30
 2.252984424358518e-09
 1.72347949082142e-11
 5.485573928521469e-08
 1.453248300471729e-11
 6.356163741031501e-09
 2.633004130955846e-09
 9.446493374628659e-11
 6.552942590495797e-11
 3.194733962611539e-08
 9.226710020076768e-10
 2.113366123513699e-08
 1.46814023346975e-08
 2.507607615790469e-05
 5.283318885162274e-06
 2.601363633694147e-06
 2.356901046574686e-08
 1.244077710456579e-05
 4.522143180666129e-08
 8.538350705938733e-07
 2.59018873164216e-08
 4.124684796940841e-09
 7.212173490270311e-06
 4.422493830394559e-05
 8.947453225752687e-06
 4.574614342970526e-05
 6.123718196891383e-06
 4.109619311926104e-05
 4.522143180666129e-08
 9.38418881472327e-06
 2.59018873164216e-08
 4.124684796940841e-09
 7.212173490270311e-06
 6.586306811928677e-05
 8.947453225752687e-06
 4.574614342970526e-05
 0.0009188511769880561
 4.109619311926104e-05
 4.032054340332976e-07
 3.640507149911423e-05
 8.186551252531235e-08
 4.124684796940841e-09
 1.953960204464862e-05
 0.001665335138433638
 0.0002907309961766102
 0.0004887012732175171
 0.003286802503193104
 3.015798434591925e-05
 2.710283139614048e-05
 3.640507149911423e-05
 2.389384491202343e-07
 4.124684796940841e-09
 3.855196374467112e-05
 0.001665335138433638
 0.0002907309961766102
 0.0004887012732175171
 0.009892595370884863
 3.015798434591925e-05
 3.830812436357478e-05
 0.0002323964012748106
 2.389384491202343e-07
 2.364105291647518e-07
 0.004021761097106985
 0.003266122566255578
 0.0002907309961766102
 0.001607119577694589
 0.01820092427124642
 3.015798434591925e-05
 0.0001003996943707797
 0.0002323964012748106
 8.186551252531235e-08
 3.50673833779659e-07
 0.004021761097106985
 0.003266122566255578
 0.001690284346454951
 0.0004887012732175171
 0.01820092427124642
 0.000428687583033588
 0.0004212708004935429
 0.0002323964012748106
 2.296240086671491e-06
 3.50673833779659e-07
 0.01873704402055038
 0.005714928267069579
 0.01822770986503149
 0.0004887012732175171
 0.01820092427124642
 0.00338068862729651
 0.0004212708004935429
 0.001429809249988941
 2.296240086671491e-06
 2.364105291647518e-07
 0.01873704402055038
 0.006509209311697597
 0.01873704402055038
 0.0005526927230961031
 0.01820092427124642
 0.00338068862729651
 0.003419789777017949
 0.001429809249988941
 2.536913619111516e-05
 2.364105291647518e-07
 0.01873704402055038
 0.006509209311697597
 0.01873704402055038
 0.0005526927230961031
 0.03523451436781559
 0.007230205057506245
 0.003419789777017949
 0.001429809249988941
 2.536913619111516e-05
 0.005532681872168
 0.01873704402055038
 0.009887462675922779
 0.01822770986503149
 0.001607119577694589
 0.03523451436781559
 0.007230205057506245
 0.008302605350923821
 0.006425662556251885
 2.536913619111516e-05
 0.005532681872168
 0.01873704402055038
 0.006509209311697597
 0.01822770986503149
 0.001607119577694589
 0.03523451436781559
 0.007230205057506245
 0.003419789777017949
 0.006425662556251885
 4.093676005857327e-05
 0.005532681872168
 0.01873704402055038
 0.005714928267069579
 0.01822770986503149
 0.001607119577694589
 0.03523451436781559
 0.01308746470248716
 0.003419789777017949
 0.006425662556251885
 0.003756765578322496
 0.005532681872168
 0.01873704402055038
 0.006190091138687174
 0.01822770986503149
 0.001607119577694589
 0.01820092427124642
 0.01308746470248716
 0.003419789777017949
 0.03523451436781559
 0.007528776118034187
 0.00696231864841365
 0
 0.006190091138687174
 0.01822770986503149
 0.001607119577694589
 0.01820092427124642
 0.01308746470248716
 0.01820092427124642
 0.03523451436781559
 0.007528776118034187
 0.00696231864841365
 0
 0.009887462675922779
 0
 0.001607119577694589
 0.01820092427124642
 0.01308746470248716
 0.01820092427124642
 0.03523451436781559
 0.007528776118034187
 0.005532681872168
 0
 0.009887462675922779
 0
 0.001607119577694589
 0
 0.01308746470248716
 0.01820092427124642
 0.03523451436781559
 0.007528776118034187
 0.005532681872168
 0
 0.009887462675922779
 0
 0
 0
 0.01096001105425955
 0.01820092427124642
 0.03523451436781559
 0.007528776118034187
 0.00696231864841365
 0
 0.009887462675922779
 0
 0
 0
 0.01096001105425955
 0.01820092427124642
 0.03523451436781559
 0.007528776118034187
 0.005532681872168
 0
 0.009887462675922779
 0
 0
 0
 0
 0.01820092427124642
 0.03523451436781559
 0.007528776118034187
 0.005532681872168
 0
 0.009887462675922779
 0
 0
 0
 0
 0.03523451436781559
 0
 0
 0.005532681872168
 0
 0.005714928267069579
 0
 0
 0
 0
 0.03523451436781559
 0
 0
 0.005532681872168
 0
 0
 0
 0
 0
 0
 0.03523451436781559
 0
 0
 0.005532681872168
 0
 0
 0
 0
 0
 0
 0.03523451436781559
 0
 0
 0.005532681872168
 0
 0
 0
 0
 0
 0
 0.03523451436781559
 0
 0
 0
 0
 0
 0
 0
 0
 0
 0.03523451436781559
 0
 0
 0
 0
 0
 0
 0
 0
 0
 0.03523451436781559
 0
 0
 0
 0
 0
 0
 0
 0
 0
 0
 0
 0
 0
 0
 0
 0
 0
 0
 0
 0
 0
 0
