# Created by Octave 3.2.4, Mon Feb 04 00:58:29 2013 EST <rbom@zaphod>
# name: small_First_Fit
# type: matrix
# ndims: 3
 1 10 30
 2.745357790454151e-15
 9.628030937299618e-21
 7.876300583606362e-17
 8.037868106946979e-18
 2.16511864470592e-20
 5.153138674899017e-13
 1.767563699801227e-17
 1.406220487809839e-19
 9.113523777195257e-21
 2.317130339858793e-17
 9.687262476731831e-11
 2.497431243003731e-18
 5.576349557770542e-08
 2.648714079581031e-09
 4.892246313974583e-17
 1.291379948988762e-10
 5.232861088698056e-14
 1.020742398491942e-16
 4.844517087427108e-15
 2.317130339858793e-17
 2.659611142918284e-08
 1.29389437088823e-15
 5.576349557770542e-08
 2.525143201908863e-07
 4.08028977138465e-14
 1.291379948988762e-10
 5.613347639220678e-12
 2.284134587219004e-13
 1.004350094402143e-10
 4.331521271461914e-14
 3.627115369781965e-06
 1.778053998798218e-13
 5.474745544096243e-07
 2.525143201908863e-07
 3.40183227889528e-12
 1.291379948988762e-10
 5.613347639220678e-12
 1.895279782537053e-10
 1.548633327632579e-08
 9.658919159530066e-11
 0.0009878497177167067
 1.479574258070705e-11
 5.474745544096243e-07
 6.191833295383895e-06
 2.723481389130421e-09
 1.294466446753479e-08
 5.613347639220678e-12
 4.435711620159764e-08
 1.548633327632579e-08
 2.360218354008789e-09
 0.0009878497177167067
 1.090054679144618e-08
 0.0001118356748289773
 6.191833295383895e-06
 1.659029612155033e-07
 7.728806546778729e-08
 5.613347639220678e-12
 4.435711620159764e-08
 1.548633327632579e-08
 1.989997931538899e-08
 0.0009878497177167067
 1.090054679144618e-08
 0.0009878497177167067
 6.191833295383895e-06
 1.659029612155033e-07
 4.665859520332354e-07
 5.613347639220678e-12
 1.125277761850408e-05
 1.548633327632579e-08
 1.989997931538899e-08
 0.0009878497177167067
 1.18931183998584e-07
 0.0009878497177167067
 0.0004839582437327427
 1.659029612155033e-07
 0.003417452786349424
 3.040256942982242e-09
 1.125277761850408e-05
 1.548633327632579e-08
 1.989997931538899e-08
 0.0009878497177167067
 1.18931183998584e-07
 0.0009878497177167067
 0.0004839582437327427
 1.659029612155033e-07
 0.003417452786349424
 2.334392971738242e-08
 0.002465613657548434
 3.45219806200757e-05
 1.989997931538899e-08
 0.0009878497177167067
 1.18931183998584e-07
 0.0009878497177167067
 0.0004839582437327427
 1.659029612155033e-07
 0.003417452786349424
 2.334392971738242e-08
 0.002465613657548434
 3.45219806200757e-05
 1.989997931538899e-08
 0.0009878497177167067
 1.18931183998584e-07
 0.0009878497177167067
 0.0004839582437327427
 1.659029612155033e-07
 0.02729792834279767
 2.334392971738242e-08
 0.002465613657548434
 3.45219806200757e-05
 1.989997931538899e-08
 0.0009878497177167067
 1.18931183998584e-07
 0.0009878497177167067
 0.0004839582437327427
 1.659029612155033e-07
 0.02729792834279767
 0.0004839582437327427
 0.002465613657548434
 0.002465613657548434
 1.989997931538899e-08
 0.0009878497177167067
 0.002465613657548434
 0.0009878497177167067
 0.0004839582437327427
 5.941068563455097e-05
 0.02729792834279767
 0.0004839582437327427
 0.002465613657548434
 0.002465613657548434
 0.005761997241515018
 0.0009878497177167067
 0.002465613657548434
 0.0009878497177167067
 0.0004839582437327427
 5.941068563455097e-05
 0.02729792834279767
 0.0004839582437327427
 0.002465613657548434
 0.002465613657548434
 0.005761997241515018
 0.0009878497177167067
 0.002465613657548434
 0.0009878497177167067
 0.0004839582437327427
 5.941068563455097e-05
 0.02729792834279767
 0.0004839582437327427
 0.002465613657548434
 0.002465613657548434
 0.005761997241515018
 0.0009878497177167067
 0.002465613657548434
 0.0009878497177167067
 0.0004839582437327427
 5.941068563455097e-05
 0.02729792834279767
 0.0004839582437327427
 0.002465613657548434
 0.002465613657548434
 0.005761997241515018
 0.0009878497177167067
 0.002465613657548434
 0.0009878497177167067
 0.0004839582437327427
 5.941068563455097e-05
 0.02729792834279767
 0.0004839582437327427
 0.002465613657548434
 0.002465613657548434
 0.005761997241515018
 0.0009878497177167067
 0.002465613657548434
 0.0009878497177167067
 0.0004839582437327427
 5.941068563455097e-05
 0.02729792834279767
 0.0004839582437327427
 0.002465613657548434
 0.002465613657548434
 0.005761997241515018
 0.0009878497177167067
 0.002465613657548434
 0.0009878497177167067
 0.0004839582437327427
 5.941068563455097e-05
 0.02729792834279767
 0.0004839582437327427
 0.002465613657548434
 0.002465613657548434
 0.005761997241515018
 0.0009878497177167067
 0.002465613657548434
 0.0009878497177167067
 0.0004839582437327427
 5.941068563455097e-05
 0.02729792834279767
 0.0004839582437327427
 0.002465613657548434
 0.002465613657548434
 0.005761997241515018
 0.0009878497177167067
 0.002465613657548434
 0.0009878497177167067
 0.0004839582437327427
 5.941068563455097e-05
 0.02729792834279767
 0.0004839582437327427
 0.002465613657548434
 0.002465613657548434
 0.005761997241515018
 0.0009878497177167067
 0.002465613657548434
 0.0009878497177167067
 0.0004839582437327427
 5.941068563455097e-05
 0.02729792834279767
 0.0004839582437327427
 0.002465613657548434
 0.002465613657548434
 0.005761997241515018
 0.0009878497177167067
 0.002465613657548434
 0.0009878497177167067
 0.0004839582437327427
 5.941068563455097e-05
 0.02729792834279767
 0.0004839582437327427
 0.002465613657548434
 0.002465613657548434
 0.005761997241515018
 0.0009878497177167067
 0.002465613657548434
 0.0009878497177167067
 0.0004839582437327427
 5.941068563455097e-05
 0.02729792834279767
 0.0004839582437327427
 0.002465613657548434
 0.002465613657548434
 0.005761997241515018
 0.0009878497177167067
 0.002465613657548434
 0.0009878497177167067
 0.0004839582437327427
 5.941068563455097e-05
 0.02729792834279767
 0.0004839582437327427
 0.002465613657548434
 0.002465613657548434
 0.005761997241515018
 0.0009878497177167067
 0.002465613657548434
 0.0009878497177167067
 0.0004839582437327427
 5.941068563455097e-05
 0.02729792834279767
 0.0004839582437327427
 0.002465613657548434
 0.002465613657548434
 0.005761997241515018
 0.0009878497177167067
 0.002465613657548434
 0.0009878497177167067
 0.0004839582437327427
 5.941068563455097e-05
 0.02729792834279767
 0.0004839582437327427
 0.002465613657548434
 0.002465613657548434
 0.005761997241515018
 0.0009878497177167067
 0.002465613657548434
 0.0009878497177167067
 0.0004839582437327427
 5.941068563455097e-05
 0.02729792834279767
 0.0004839582437327427
 0.002465613657548434
 0.002465613657548434
 0.005761997241515018
 0.0009878497177167067
 0.002465613657548434
 0.0009878497177167067
 0.0004839582437327427
 5.941068563455097e-05
 0.02729792834279767
 0.0004839582437327427
 0.002465613657548434
 0.002465613657548434
 0.005761997241515018
 0.0009878497177167067
 0.002465613657548434
 0.0009878497177167067
 0.0004839582437327427
 5.941068563455097e-05
 0.02729792834279767
 0.0004839582437327427
 0.002465613657548434
 0.002465613657548434
 0.005761997241515018
