# Created by Octave 3.2.4, Mon Feb 04 00:38:01 2013 EST <rbom@zaphod>
# name: small_First_Fit
# type: matrix
# ndims: 3
 1 10 30
 3.387135430184439e-17
 7.452582645272971e-16
 3.228006694140404e-15
 1.518106920218334e-12
 5.348159519789315e-17
 1.42262698727065e-15
 2.513790584926098e-17
 2.490078899141997e-13
 1.869795883404533e-16
 1.79506131796166e-12
 2.68294738649191e-14
 2.837101404539551e-10
 3.527259311552684e-11
 1.889115518931296e-10
 4.519996134009782e-13
 1.32529873888549e-13
 1.099872531587256e-13
 3.382972278805279e-10
 1.446984641389086e-11
 3.079400352401411e-11
 1.897518534763453e-12
 2.837101404539551e-10
 1.092145561002247e-09
 1.08237119237281e-08
 2.986231329031414e-11
 2.200028554718514e-11
 1.387181302785109e-10
 3.382972278805279e-10
 4.586441211279726e-09
 3.138427569529276e-11
 9.636150364597096e-11
 8.768359379996184e-09
 1.092145561002247e-09
 5.560007750252574e-07
 5.325637248837059e-09
 3.883976638920903e-10
 7.425485943638847e-10
 2.80408525664672e-05
 4.586441211279726e-09
 2.162724070141948e-09
 8.007646788142251e-08
 8.768359379996184e-09
 1.092145561002247e-09
 5.560007750252574e-07
 1.640848538250732e-07
 3.883976638920903e-10
 1.288601040794707e-08
 0.001288297493983494
 8.018527832427317e-08
 2.234044744267399e-08
 8.007646788142251e-08
 8.286493150821127e-07
 1.092145561002247e-09
 9.055450226722688e-06
 4.375472486678451e-07
 5.212635132320418e-07
 8.340400877217977e-06
 0.001288297493983494
 8.018527832427317e-08
 3.155323047915381e-08
 3.951729712749279e-06
 8.286493150821127e-07
 1.092145561002247e-09
 9.055450226722688e-06
 4.375472486678451e-07
 8.536068046854217e-06
 8.340400877217977e-06
 0.001288297493983494
 8.018527832427317e-08
 8.608092845514018e-05
 3.951729712749279e-06
 8.286493150821127e-07
 1.092145561002247e-09
 9.055450226722688e-06
 0.0003281849252508101
 8.536068046854217e-06
 0.002348836312550181
 0.001288297493983494
 8.018527832427317e-08
 8.608092845514018e-05
 3.951729712749279e-06
 1.829559099259575e-05
 3.169333392823922e-07
 9.055450226722688e-06
 0.0003281849252508101
 8.536068046854217e-06
 0.002348836312550181
 0.001288297493983494
 8.018527832427317e-08
 8.608092845514018e-05
 1.953287937240303e-05
 1.829559099259575e-05
 5.897490697288274e-06
 9.055450226722688e-06
 0.0003281849252508101
 3.225582336785665e-05
 0.002348836312550181
 0.001288297493983494
 8.018527832427317e-08
 8.608092845514018e-05
 1.953287937240303e-05
 0.0003018187841729951
 5.897490697288274e-06
 9.055450226722688e-06
 0.0003281849252508101
 3.225582336785665e-05
 0.002348836312550181
 0.001288297493983494
 4.157230980801018e-06
 8.608092845514018e-05
 1.953287937240303e-05
 0.0003018187841729951
 5.178026624604392e-05
 0.0008551755171779773
 0.0003281849252508101
 3.225582336785665e-05
 0.002348836312550181
 0.001288297493983494
 0.0004159602468861932
 8.608092845514018e-05
 1.953287937240303e-05
 0.0008622319170482478
 5.178026624604392e-05
 0.0008551755171779773
 0.0003281849252508101
 0.0001388429237082186
 0.002348836312550181
 0.001288297493983494
 0.0004159602468861932
 8.608092845514018e-05
 1.953287937240303e-05
 0.0008622319170482478
 5.178026624604392e-05
 0.0008551755171779773
 0.0003281849252508101
 0.0001388429237082186
 0.002348836312550181
 0.001288297493983494
 0.002348836312550181
 8.608092845514018e-05
 1.953287937240303e-05
 0.0008622319170482478
 7.716171523123343e-05
 0.0008551755171779773
 0.0003281849252508101
 0.0001388429237082186
 0.002348836312550181
 0.001288297493983494
 0.002348836312550181
 8.608092845514018e-05
 1.953287937240303e-05
 0.001288297493983494
 5.178026624604392e-05
 0.0008551755171779773
 0.0003281849252508101
 0.0007818640197742706
 0.002348836312550181
 0.001288297493983494
 0.002348836312550181
 8.608092845514018e-05
 0.0003281849252508101
 0.001288297493983494
 5.178026624604392e-05
 0.0008551755171779773
 0.0003281849252508101
 0.0007818640197742706
 0.002348836312550181
 0.001288297493983494
 0.002348836312550181
 8.608092845514018e-05
 0.0003281849252508101
 0.001288297493983494
 0.0001588381491029029
 0.0008551755171779773
 0.0003281849252508101
 0.0007818640197742706
 0.002348836312550181
 0.001288297493983494
 0.002348836312550181
 8.608092845514018e-05
 0.0003281849252508101
 0.001288297493983494
 0.0001588381491029029
 0.0008551755171779773
 0.0003281849252508101
 0.0007818640197742706
 0.002348836312550181
 0.002079846436009013
 0.002348836312550181
 8.608092845514018e-05
 0.0003281849252508101
 0.001288297493983494
 0.0001588381491029029
 0.0008551755171779773
 0.0003281849252508101
 0.0007818640197742706
 0.002348836312550181
 0.002079846436009013
 0.002348836312550181
 8.608092845514018e-05
 0.0003281849252508101
 0.001288297493983494
 0.0001588381491029029
 0.0008551755171779773
 0.0003281849252508101
 0.002079846436009013
 0.002348836312550181
 0.002079846436009013
 0.002348836312550181
 8.608092845514018e-05
 0.0003281849252508101
 0.001288297493983494
 0.0001588381491029029
 0.0008551755171779773
 0.0003281849252508101
 0.002079846436009013
 0.002348836312550181
 0.002079846436009013
 0.002348836312550181
 8.608092845514018e-05
 0.0003281849252508101
 0.001288297493983494
 0.0001588381491029029
 0.0008551755171779773
 0.0003281849252508101
 0.002079846436009013
 0.002348836312550181
 0.002079846436009013
 0.002348836312550181
 8.608092845514018e-05
 0.0003281849252508101
 0.001288297493983494
 0.0001588381491029029
 0.0008551755171779773
 0.0003281849252508101
 0.002079846436009013
 0.002348836312550181
 0.002079846436009013
 0.002348836312550181
 8.608092845514018e-05
 0.0003281849252508101
 0.001288297493983494
 0.0001588381491029029
 0.0008551755171779773
 0.0003281849252508101
 0.002079846436009013
 0.002348836312550181
 0.002079846436009013
 0.002348836312550181
 8.608092845514018e-05
 0.0003281849252508101
 0.001288297493983494
 0.0001588381491029029
 0.0008551755171779773
 0.0003281849252508101
 0.002079846436009013
 0.002348836312550181
 0.002079846436009013
 0.002348836312550181
 8.608092845514018e-05
 0.0003281849252508101
 0.002079846436009013
 0.0001588381491029029
 0.0008551755171779773
 0.0003281849252508101
 0.002079846436009013
 0.002348836312550181
 0.002079846436009013
 0.002348836312550181
 8.608092845514018e-05
 0.0003281849252508101
 0.002079846436009013
 0.0001588381491029029
 0.0008551755171779773
 0.0003281849252508101
 0.002079846436009013
 0.002348836312550181
 0.002079846436009013
 0.002348836312550181
 8.608092845514018e-05
 0.0003281849252508101
 0.002079846436009013
 0.0001588381491029029
 0.0008551755171779773
 0.0003281849252508101
 0.002079846436009013
 0.002348836312550181
 0.002079846436009013
 0.002348836312550181
 8.608092845514018e-05
 0.0003281849252508101
 0.002079846436009013
 0.0001588381491029029
 0.0008551755171779773
 0.0003281849252508101
 0.002079846436009013
 0.002348836312550181
 0.002079846436009013
 0.002348836312550181
 8.608092845514018e-05
