# Created by Octave 3.2.4, Mon Feb 04 16:39:23 2013 EST <rbom@zaphod>
# name: small_First_Fit
# type: matrix
# ndims: 3
 1 10 30
 4.943266290505463e-15
 1.15798169719759e-12
 4.27659367826251e-18
 6.077871162251964e-17
 6.572998895750894e-18
 3.673887122993278e-19
 1.222807656396533e-16
 7.646979104352049e-17
 3.821215396994322e-15
 4.692932859349977e-20
 9.997349927897852e-14
 1.059724310004768e-10
 2.530278609181921e-15
 3.766063200478679e-07
 2.983781953425006e-15
 2.045663831582353e-17
 3.953476264866349e-14
 4.403395712700319e-13
 2.058771270760333e-12
 1.20610961938623e-16
 8.011564608293279e-12
 2.901149612726519e-10
 6.498176206508354e-13
 0.0002758125193335558
 3.016572694030474e-13
 2.025083559587128e-15
 1.274313980095648e-11
 5.699865684243294e-11
 2.058771270760333e-12
 5.753979149189391e-15
 6.950939936461525e-09
 2.542079207396185e-08
 4.833265778385412e-10
 0.0002758125193335558
 1.111337180462397e-12
 3.417723336437317e-14
 9.151384237306134e-10
 9.964982813737781e-10
 2.058771270760333e-12
 2.21595556225729e-11
 6.950939936461525e-09
 1.560324141215669e-05
 2.300045040608182e-09
 0.0002758125193335558
 4.226756271053117e-10
 1.48313228984449e-10
 9.151384237306134e-10
 6.922533769693371e-07
 3.314357608662582e-09
 4.389883463201529e-09
 3.755140195587318e-07
 1.560324141215669e-05
 2.808702168538354e-07
 0.0002758125193335558
 3.261928506317686e-08
 3.56685964869021e-09
 1.24057954047959e-07
 2.542893581155235e-05
 3.314357608662582e-09
 3.496246323650164e-08
 3.755140195587318e-07
 1.560324141215669e-05
 2.808702168538354e-07
 0.0002758125193335558
 3.261928506317686e-08
 3.56685964869021e-09
 8.207917849366266e-07
 2.542893581155235e-05
 1.699956919813636e-07
 3.062961002331612e-06
 3.755140195587318e-07
 1.560324141215669e-05
 2.808702168538354e-07
 0.0002758125193335558
 1.523674949884199e-06
 3.56685964869021e-09
 8.207917849366266e-07
 2.542893581155235e-05
 4.495738024188145e-06
 0.0009205989623511742
 3.755140195587318e-07
 1.560324141215669e-05
 4.847313407707313e-06
 0.0002758125193335558
 1.694754476349799e-05
 3.56685964869021e-09
 8.207917849366266e-07
 2.542893581155235e-05
 0.0002091516790144837
 0.0009205989623511742
 0.0002891636554249366
 0.00069684410272772
 4.847313407707313e-06
 0.0002758125193335558
 0.0002758125193335558
 3.029943193126927e-06
 5.261994630794417e-06
 2.542893581155235e-05
 0.0002758125193335558
 0.0009205989623511742
 0.0002891636554249366
 0.00069684410272772
 4.847313407707313e-06
 0
 0.0002758125193335558
 3.029943193126927e-06
 5.631168455748703e-06
 2.542893581155235e-05
 0.0002091516790144837
 0.0009205989623511742
 0.0002891636554249366
 0.00069684410272772
 4.847313407707313e-06
 0
 0.0009205989623511742
 3.029943193126927e-06
 6.18719652325719e-06
 2.542893581155235e-05
 0.0002091516790144837
 0.0009205989623511742
 0.0002891636554249366
 0.00069684410272772
 4.847313407707313e-06
 0
 0.0009205989623511742
 3.029943193126927e-06
 6.18719652325719e-06
 0
 0.0002758125193335558
 0.0009205989623511742
 0.0002891636554249366
 0.00069684410272772
 9.751556078852447e-05
 0
 0.0009205989623511742
 3.029943193126927e-06
 6.18719652325719e-06
 0
 0.0002091516790144837
 0.0009205989623511742
 0.0002891636554249366
 0.00069684410272772
 9.751556078852447e-05
 0
 0.0009205989623511742
 3.029943193126927e-06
 0.0002823708167997609
 0
 0.0002091516790144837
 0
 0.0002891636554249366
 0.00069684410272772
 9.751556078852447e-05
 0
 0.0009205989623511742
 3.029943193126927e-06
 0.0002823708167997609
 0
 0.0002091516790144837
 0
 0
 0
 9.751556078852447e-05
 0
 0.0009205989623511742
 0
 0.0002823708167997609
 0
 0.0002758125193335558
 0
 0
 0
 9.751556078852447e-05
 0
 0.0009205989623511742
 0
 0.0002823708167997609
 0
 0.0002758125193335558
 0
 0
 0
 9.751556078852447e-05
 0
 0
 0
 0.0002823708167997609
 0
 0.0002758125193335558
 0
 0
 0
 9.751556078852447e-05
 0
 0
 0
 0.0002823708167997609
 0
 0.0002758125193335558
 0
 0
 0
 0
 0
 0
 0
 0.0002823708167997609
 0
 0.0002091516790144837
 0
 0
 0
 0
 0
 0
 0
 0
 0
 0.0002758125193335558
 0
 0
 0
 0
 0
 0
 0
 0
 0
 0.0002758125193335558
 0
 0
 0
 0
 0
 0
 0
 0
 0
 0.0002758125193335558
 0
 0
 0
 0
 0
 0
 0
 0
 0
 0.0002758125193335558
 0
 0
 0
 0
 0
 0
 0
 0
 0
 0.0002758125193335558
 0
 0
 0
 0
 0
 0
 0
 0
 0
 0.0002758125193335558
 0
 0
 0
 0
 0
 0
 0
 0
 0
 0.0002758125193335558
 0
 0
 0
 0
 0
 0
 0
 0
 0
 0
 0
 0
 0
 0
 0
 0
 0
 0
 0
 0
 0
