# Created by Octave 3.2.4, Wed Feb 06 06:12:45 2013 EST <rbom@zaphod>
# name: small_First_Fit
# type: matrix
# ndims: 3
 1 10 30
 4.664469546297806e-12
 3.148303584458491e-15
 1.695767769378679e-12
 5.240253434589099e-15
 1.133175399123462e-12
 1.859902631556588e-15
 2.188924069083499e-13
 7.805403377148469e-12
 6.157752335841272e-10
 5.520692705944395e-11
 1.062278443206231e-07
 1.609465361412813e-10
 2.003415243894839e-08
 2.166339538017725e-05
 5.83847150294141e-06
 2.440951532233019e-13
 1.355419838045506e-11
 1.033026968906333e-09
 6.157752335841272e-10
 1.246893572572763e-08
 6.445581154150114e-06
 1.081573856434623e-08
 1.020241509957492e-06
 9.494269895017411e-05
 0.0002422475849184155
 1.070850709500952e-12
 4.599068410989439e-11
 4.739643945590757e-05
 3.620425272491709e-09
 1.246893572572763e-08
 6.445581154150114e-06
 1.407775339422892e-06
 4.861168775492208e-06
 0.002038320897673932
 0.0002422475849184155
 1.318475097727088e-09
 7.897911344405433e-11
 0.0007296172197643822
 4.47400171044025e-08
 1.246893572572763e-08
 3.444550049178397e-05
 3.458394276026755e-06
 4.861168775492208e-06
 0.002038320897673932
 0.0008732552813369573
 6.661887068252289e-07
 2.766779571455123e-09
 0.0007296172197643822
 1.894168784177193e-07
 5.582055512532465e-08
 3.444550049178397e-05
 1.407775339422892e-06
 4.861168775492208e-06
 0.002038320897673932
 0.0008732552813369573
 7.538312126224683e-07
 2.766779571455123e-09
 0.002133160736125389
 1.368858800416411e-05
 5.582055512532465e-08
 3.444550049178397e-05
 6.689999648679613e-05
 4.861168775492208e-06
 0.002038320897673932
 0.002638467080618211
 8.826829912571269e-05
 7.458890176302162e-06
 0.002254910628970626
 1.368858800416411e-05
 1.074739855137661e-05
 4.987167351385958e-05
 6.689999648679613e-05
 4.861168775492208e-06
 0.002038320897673932
 0.02117934870657548
 0.002638467080618211
 7.458890176302162e-06
 0.002254910628970626
 0.0001135056027819418
 0.0003129767930339766
 0.001274532573925713
 0.0001360350122217703
 4.861168775492208e-06
 0.002038320897673932
 0.02117934870657548
 0.02117934870657548
 0.001206189882535407
 0.002254910628970626
 1.368858800416411e-05
 0.0003129767930339766
 0.001274532573925713
 0.0001360350122217703
 0.0001230821626249149
 0.002038320897673932
 0.02117934870657548
 0.02117934870657548
 0.001206189882535407
 0.002254910628970626
 5.122119433450089e-05
 0.0003129767930339766
 0.00905681164714558
 0.0001360350122217703
 0.000171582839150348
 0
 0.02117934870657548
 0.02117934870657548
 0.001838864951992135
 0.002638467080618211
 0.00264510058011139
 0.0006248638384780738
 0.00905681164714558
 0.0001360350122217703
 0.000229924978056631
 0
 0.02117934870657548
 0.02117934870657548
 0.01187064773071535
 0.002261264064260844
 0.02117934870657548
 0.0006248638384780738
 0.00905681164714558
 0.0001360350122217703
 0.000229924978056631
 0
 0.02117934870657548
 0.02117934870657548
 0.01187064773071535
 0.00905681164714558
 0.00264510058011139
 0.0006248638384780738
 0.00905681164714558
 0.001173474304244938
 0.0001230821626249149
 0
 0.02117934870657548
 0.02117934870657548
 0.01187064773071535
 0.00905681164714558
 0.02117934870657548
 0.0006248638384780738
 0.03085484026918425
 0.002038320897673932
 0.0004482187737104477
 0
 0
 0.02117934870657548
 0.01187064773071535
 0.00905681164714558
 0.02117934870657548
 0.0006248638384780738
 0.03085484026918425
 0.002038320897673932
 0.0004879850615994292
 0
 0
 0
 0.01187064773071535
 0.00905681164714558
 0.02117934870657548
 0.0006248638384780738
 0.03085484026918425
 0.002038320897673932
 0.0004879850615994292
 0
 0
 0
 0.01187064773071535
 0.00905681164714558
 0.00264510058011139
 0.003608151292666702
 0.03085484026918425
 0.002038320897673932
 0.0004879850615994292
 0
 0
 0
 0.01187064773071535
 0.00905681164714558
 0.02117934870657548
 0.0006248638384780738
 0.00905681164714558
 0.002038320897673932
 0.0004879850615994292
 0
 0
 0
 0
 0.00905681164714558
 0.02117934870657548
 0.0006248638384780738
 0.00905681164714558
 0.002038320897673932
 0.02117934870657548
 0
 0
 0
 0
 0
 0.02117934870657548
 0.0006248638384780738
 0.00905681164714558
 0.002038320897673932
 0.03085484026918425
 0
 0
 0
 0
 0
 0.02117934870657548
 0.003608151292666702
 0
 0
 0.03085484026918425
 0
 0
 0
 0
 0
 0.02117934870657548
 0.003608151292666702
 0
 0
 0.03085484026918425
 0
 0
 0
 0
 0
 0.02117934870657548
 0.003608151292666702
 0
 0
 0.03085484026918425
 0
 0
 0
 0
 0
 0.02117934870657548
 0.003608151292666702
 0
 0
 0.03085484026918425
 0
 0
 0
 0
 0
 0
 0.003608151292666702
 0
 0
 0.03085484026918425
 0
 0
 0
 0
 0
 0
 0.003608151292666702
 0
 0
 0.03085484026918425
 0
 0
 0
 0
 0
 0
 0.003608151292666702
 0
 0
 0
 0
 0
 0
 0
 0
 0
 0
 0
 0
 0
 0
 0
 0
 0
 0
 0
 0
 0
 0
 0
 0
 0
 0
 0
 0
 0
 0
