# Created by Octave 3.2.4, Tue Feb 05 13:21:44 2013 EST <rbom@zaphod>
# name: small_First_Fit
# type: matrix
# ndims: 3
 1 10 30
 1.813773370698455e-12
 5.356215063938487e-11
 1.132119505227247e-13
 3.34102226593828e-12
 1.428180328019817e-15
 3.095121860573198e-13
 2.72810899124905e-09
 4.1234298212281e-11
 9.53126698923003e-10
 4.03047274419523e-13
 7.506096373535254e-08
 1.169797055696195e-09
 4.665324093330464e-11
 3.34102226593828e-12
 8.93879232767707e-14
 3.723202691608189e-08
 2.66413117350959e-06
 5.491541913479392e-07
 5.169939864184961e-07
 8.771458657480215e-09
 8.56525932496695e-07
 3.387076664799478e-08
 6.401315351505991e-09
 3.34102226593828e-12
 1.573408068653376e-09
 1.189885550796483e-06
 5.669578314610036e-05
 5.491541913479392e-07
 4.86807807878683e-05
 2.228514293153006e-05
 1.31873213004525e-05
 9.13695583770763e-07
 3.30393062040438e-07
 1.152010465731923e-10
 4.928655944234998e-06
 2.154741994497428e-06
 7.837059424388583e-05
 5.491541913479392e-07
 4.86807807878683e-05
 4.178166825490401e-05
 1.31873213004525e-05
 1.553991076778153e-05
 2.892494298816838e-06
 3.113182818611083e-10
 9.772182030454923e-05
 2.157799109067722e-05
 0.001572229402120707
 5.491541913479392e-07
 4.86807807878683e-05
 0.00032926744215917
 1.31873213004525e-05
 1.553991076778153e-05
 3.038481635146857e-06
 1.060372720833498e-08
 0.002300336444805424
 2.157799109067722e-05
 0.001572229402120707
 8.091323983424877e-07
 0.001845941410061743
 4.178166825490401e-05
 1.31873213004525e-05
 1.553991076778153e-05
 2.892494298816838e-06
 1.835628306358175e-07
 0.002645997824652178
 0.0003616735572392545
 0.001572229402120707
 5.927534771399088e-06
 0.001845941410061743
 4.178166825490401e-05
 5.724351423844307e-05
 1.873653967902264e-05
 9.6909981681933e-05
 1.175919706575616e-06
 0.002645997824652178
 0.0003616735572392545
 0.001572229402120707
 5.927534771399088e-06
 0.001845941410061743
 4.406913929265083e-05
 0.0002020712478110666
 1.873653967902264e-05
 9.6909981681933e-05
 1.175919706575616e-06
 0.007016555474704209
 0.0003616735572392545
 0.001572229402120707
 1.358793957646373e-05
 0.001845941410061743
 4.406913929265083e-05
 0.001245502986891306
 1.553991076778153e-05
 9.6909981681933e-05
 3.996966525233776e-05
 0.002645997824652178
 0.0003616735572392545
 0.001572229402120707
 2.799185481927792e-05
 0.001845941410061743
 4.178166825490401e-05
 0.01908037918855282
 1.553991076778153e-05
 9.6909981681933e-05
 0.000411606256552993
 0.002645997824652178
 0.0005316007066672657
 0.001572229402120707
 1.358793957646373e-05
 0.001845941410061743
 4.178166825490401e-05
 0.01908037918855282
 1.553991076778153e-05
 9.6909981681933e-05
 0.0005212241511735694
 0.002645997824652178
 0.0005316007066672657
 0
 1.358793957646373e-05
 0.001845941410061743
 0.0001818607288473741
 0.01908037918855282
 0.0005212241511735694
 9.6909981681933e-05
 0.0006845740667675499
 0.002645997824652178
 0.0005316007066672657
 0
 1.358793957646373e-05
 0
 4.178166825490401e-05
 0.01908037918855282
 0.0005212241511735694
 9.6909981681933e-05
 0.0006845740667675499
 0.002645997824652178
 0.0005316007066672657
 0
 0.0002864565613887363
 0
 4.178166825490401e-05
 0.01908037918855282
 0.0005212241511735694
 0
 0.0006845740667675499
 0.002645997824652178
 0.0005316007066672657
 0
 0.001989779852605028
 0
 4.580119183393424e-05
 0.01908037918855282
 0.0006845740667675499
 0
 0.003233142141268213
 0
 0.0005316007066672657
 0
 0.001989779852605028
 0
 4.580119183393424e-05
 0.01908037918855282
 0.0005212241511735694
 0
 0.003233142141268213
 0
 0.0005316007066672657
 0
 0.00917888028121455
 0
 4.580119183393424e-05
 0
 0.0006845740667675499
 0
 0.003233142141268213
 0
 0
 0
 0.00917888028121455
 0
 4.580119183393424e-05
 0
 0.0006845740667675499
 0
 0.003233142141268213
 0
 0
 0
 0.00917888028121455
 0
 4.406913929265083e-05
 0
 0.0005212241511735694
 0
 0.003233142141268213
 0
 0
 0
 0.00917888028121455
 0
 4.406913929265083e-05
 0
 0.0006845740667675499
 0
 0.003233142141268213
 0
 0
 0
 0.00917888028121455
 0
 0.00369178607799459
 0
 0.0006845740667675499
 0
 0.003233142141268213
 0
 0
 0
 0.00917888028121455
 0
 0.00369178607799459
 0
 0.003233142141268213
 0
 0
 0
 0
 0
 0.00917888028121455
 0
 0.00369178607799459
 0
 0.0005212241511735694
 0
 0
 0
 0
 0
 0
 0
 0.00369178607799459
 0
 0.0005212241511735694
 0
 0
 0
 0
 0
 0
 0
 0.00369178607799459
 0
 0.0006845740667675499
 0
 0
 0
 0
 0
 0
 0
 0.00369178607799459
 0
 0.0006845740667675499
 0
 0
 0
 0
 0
 0
 0
 0.00369178607799459
 0
 0.0006845740667675499
 0
 0
 0
 0
 0
 0
 0
 0
 0
 0.0006845740667675499
 0
 0
 0
 0
 0
 0
 0
 0
 0
 0.003233142141268213
 0
 0
 0
 0
 0
 0
 0
 0
