# Created by Octave 3.2.4, Mon Feb 04 05:49:17 2013 EST <rbom@zaphod>
# name: small_First_Fit
# type: matrix
# ndims: 3
 1 10 30
 4.083988012551993e-19
 1.712937000486926e-16
 5.622729664572504e-18
 4.248417921537492e-15
 3.837787164808779e-13
 3.567910874031075e-14
 4.531405402410745e-17
 2.787842032416245e-21
 7.027601568811694e-20
 7.905684352136199e-19
 7.524357259169121e-14
 4.664498334761769e-14
 8.306353850537282e-16
 1.369898471093624e-12
 3.837787164808779e-13
 3.223472957220212e-13
 8.700427409494667e-16
 1.174765134910072e-16
 1.985331917729924e-17
 1.179508777203024e-15
 1.415084787423649e-08
 4.664498334761769e-14
 1.107972450503376e-12
 2.534979354933087e-10
 2.476154100471967e-10
 4.170138580603819e-11
 8.700427409494667e-16
 1.813095496100723e-12
 1.098936710598482e-15
 1.179508777203024e-15
 6.515609131130946e-06
 6.09139103121856e-13
 3.877692425417078e-10
 3.118977392393479e-05
 2.476154100471967e-10
 1.036283561656449e-08
 3.450773713918697e-13
 1.054538330500585e-10
 1.626117715342384e-11
 3.234715690693559e-12
 6.515609131130946e-06
 1.064188195993163e-11
 3.877692425417078e-10
 3.118977392393479e-05
 2.825347398633786e-07
 7.078567061834734e-07
 9.54530573424102e-10
 1.969378562795408e-08
 4.149338145441863e-10
 1.375514567619875e-07
 6.515609131130946e-06
 6.760602341044177e-08
 1.032490403148936e-07
 3.118977392393479e-05
 2.825347398633786e-07
 7.078567061834734e-07
 9.54530573424102e-10
 1.347245123759104e-06
 4.149338145441863e-10
 1.375514567619875e-07
 0.0001012105174119754
 7.301074396462061e-07
 1.032490403148936e-07
 3.118977392393479e-05
 2.825347398633786e-07
 7.078567061834734e-07
 9.54530573424102e-10
 0.0003836761653155127
 3.92179182505257e-09
 2.852846226794458e-05
 0.01281871172764986
 7.301074396462061e-07
 1.032490403148936e-07
 0.007359888321163542
 5.449182043419721e-06
 5.243475449908838e-06
 5.189711747498206e-08
 0.0003836761653155127
 3.92179182505257e-09
 0.01281871172764986
 0.01281871172764986
 4.973441757899455e-05
 0.0003836761653155127
 0.007359888321163542
 5.449182043419721e-06
 5.243475449908838e-06
 2.714099533705545e-07
 0.05399052375600046
 3.92179182505257e-09
 0.01281871172764986
 0.01281871172764986
 4.973441757899455e-05
 0.0003836761653155127
 0.007359888321163542
 2.619858195066738e-05
 0.0003242004033607628
 1.472332398012326e-05
 0.05399052375600046
 1.24137551846041e-06
 0.01281871172764986
 0.01281871172764986
 4.973441757899455e-05
 0.0003836761653155127
 0.007359888321163542
 5.449182043419721e-06
 0.001183929603022668
 1.472332398012326e-05
 0.05399052375600046
 3.996017798005372e-06
 0.01281871172764986
 0.01281871172764986
 0.001512432301349968
 0.0003836761653155127
 0.007359888321163542
 1.028137086548294e-05
 0.001183929603022668
 1.472332398012326e-05
 0.05399052375600046
 5.449182043419721e-06
 0.01281871172764986
 0.01281871172764986
 0.01281871172764986
 0.05399052375600046
 0.007359888321163542
 1.028137086548294e-05
 0.001183929603022668
 1.472332398012326e-05
 0.05399052375600046
 5.449182043419721e-06
 0.01281871172764986
 0.01281871172764986
 0.01281871172764986
 0.05399052375600046
 0.007359888321163542
 5.449182043419721e-06
 0.001183929603022668
 1.472332398012326e-05
 0.05399052375600046
 5.449182043419721e-06
 0.01281871172764986
 0.01281871172764986
 0.01281871172764986
 0.05399052375600046
 0.007359888321163542
 2.619858195066738e-05
 0.001183929603022668
 1.472332398012326e-05
 0.05399052375600046
 2.619858195066738e-05
 0.01281871172764986
 0.01281871172764986
 0.01281871172764986
 0.05399052375600046
 0.007359888321163542
 2.619858195066738e-05
 0.001786144783438185
 1.472332398012326e-05
 0.05399052375600046
 2.619858195066738e-05
 0.01281871172764986
 0.01281871172764986
 0.01281871172764986
 0.05399052375600046
 0.007359888321163542
 2.619858195066738e-05
 0.001786144783438185
 0.05399052375600046
 0.05399052375600046
 2.619858195066738e-05
 0.01281871172764986
 0.01281871172764986
 0.01281871172764986
 0.05399052375600046
 0.007359888321163542
 0.05399052375600046
 0.001786144783438185
 0.05399052375600046
 0.05399052375600046
 2.619858195066738e-05
 0.01281871172764986
 0.01281871172764986
 0.01281871172764986
 0.05399052375600046
 0.007359888321163542
 0.05399052375600046
 0.001786144783438185
 0.05399052375600046
 0.05399052375600046
 2.619858195066738e-05
 0.01281871172764986
 0.01281871172764986
 0.01281871172764986
 0.05399052375600046
 0.007359888321163542
 0.05399052375600046
 0.001786144783438185
 0.05399052375600046
 0.05399052375600046
 2.619858195066738e-05
 0.01281871172764986
 0.01281871172764986
 0.01281871172764986
 0.05399052375600046
 0.007359888321163542
 0.05399052375600046
 0.001786144783438185
 0.05399052375600046
 0.05399052375600046
 2.619858195066738e-05
 0.01281871172764986
 0.01281871172764986
 0.01281871172764986
 0.05399052375600046
 0.007359888321163542
 0.05399052375600046
 0.001786144783438185
 0.05399052375600046
 0.05399052375600046
 0.05399052375600046
 0.01281871172764986
 0.01281871172764986
 0.01281871172764986
 0.05399052375600046
 0.007359888321163542
 0.05399052375600046
 0.001786144783438185
 0.05399052375600046
 0.05399052375600046
 0.05399052375600046
 0.01281871172764986
 0.01281871172764986
 0.01281871172764986
 0.05399052375600046
 0.007359888321163542
 0.05399052375600046
 0.001786144783438185
 0.05399052375600046
 0.05399052375600046
 0.05399052375600046
 0.01281871172764986
 0.01281871172764986
 0.01281871172764986
 0.05399052375600046
 0.007359888321163542
 0.05399052375600046
 0.001786144783438185
 0.05399052375600046
 0.05399052375600046
 0.05399052375600046
 0.01281871172764986
 0.01281871172764986
 0.01281871172764986
 0.05399052375600046
 0.007359888321163542
 0.05399052375600046
 0.001183929603022668
 0.05399052375600046
 0.05399052375600046
 0.05399052375600046
 0.01281871172764986
 0.01281871172764986
 0.01281871172764986
 0.05399052375600046
 0.007359888321163542
 0.05399052375600046
 0.001786144783438185
 0.05399052375600046
 0.05399052375600046
 0.05399052375600046
 0.01281871172764986
 0.01281871172764986
 0.01281871172764986
 0.05399052375600046
 0.007359888321163542
 0.05399052375600046
 0.001183929603022668
 0.05399052375600046
 0.05399052375600046
 0.05399052375600046
 0.01281871172764986
 0.01281871172764986
 0.01281871172764986
 0.05399052375600046
 0.007359888321163542
 0.05399052375600046
 0.001183929603022668
 0.05399052375600046
 0.05399052375600046
 0.05399052375600046
 0.01281871172764986
 0.01281871172764986
 0.01281871172764986
 0.05399052375600046
 0.007359888321163542
 0.05399052375600046
 0.001183929603022668
 0.05399052375600046
 0.05399052375600046
 0.05399052375600046
 0.01281871172764986
