# Created by Octave 3.2.4, Tue Feb 05 04:44:56 2013 EST <rbom@zaphod>
# name: small_First_Fit
# type: matrix
# ndims: 3
 1 10 30
 3.185143010522495e-17
 1.493028767220843e-18
 9.825524298983869e-17
 2.53803231459212e-19
 3.926866752803426e-15
 9.700496576327024e-21
 1.292463714770086e-14
 4.665514606899191e-12
 2.544929346313553e-14
 5.164873826906516e-18
 1.782300602377863e-14
 1.8224899714277e-15
 1.543212009216947e-11
 1.383409456413507e-14
 1.166405035717278e-13
 5.372701493996888e-15
 7.184541007644022e-12
 8.840143174540542e-09
 1.260962385542963e-11
 3.496571185911623e-16
 7.719834508766049e-10
 5.526680527916179e-14
 7.829363550362731e-10
 6.884488909106176e-13
 1.406056209715847e-10
 5.372701493996888e-15
 2.326666247987525e-10
 8.840143174540542e-09
 1.190664409906999e-08
 2.557393892261666e-15
 7.719834508766049e-10
 1.010085196656223e-12
 3.471967629861136e-09
 3.387521839439652e-12
 5.801837086953919e-06
 5.372701493996888e-15
 5.336368228506543e-10
 8.840143174540542e-09
 8.400295761885924e-06
 1.525535338704245e-12
 3.855042127799027e-08
 1.010085196656223e-12
 1.761236789757655e-07
 1.666183984124862e-10
 0.0004194898049557701
 1.000744785362301e-12
 1.212333446059003e-07
 8.840143174540542e-09
 8.400295761885924e-06
 1.132013535713591e-09
 6.866746454487611e-07
 1.010085196656223e-12
 6.399483101223523e-06
 3.458005282952593e-08
 0.0004194898049557701
 2.377284512152317e-11
 0.0002380211692301007
 8.840143174540542e-09
 8.400295761885924e-06
 5.559715435780632e-07
 1.275395193578866e-06
 1.010085196656223e-12
 6.399483101223523e-06
 2.534173245198e-06
 0.0004194898049557701
 2.377284512152317e-11
 0.0002380211692301007
 2.586632562530974e-07
 8.400295761885924e-06
 5.721177055730916e-06
 2.14998966384714e-05
 1.010085196656223e-12
 0.0001029431388797505
 2.534173245198e-06
 0.003891614902359101
 3.440036326491594e-10
 0.0002380211692301007
 2.586632562530974e-07
 7.963873820352396e-05
 5.721177055730916e-06
 2.14998966384714e-05
 1.010085196656223e-12
 0.0003536866882562897
 2.534173245198e-06
 0.003891614902359101
 3.013479292520405e-08
 0.0002380211692301007
 2.586632562530974e-07
 0.0003208181548989005
 5.721177055730916e-06
 0.0002794601702722411
 1.185773787772842e-09
 0.00182930825205128
 2.534173245198e-06
 0.003891614902359101
 2.178701180531095e-07
 0.001108559945503528
 2.586632562530974e-07
 0.0003208181548989005
 5.721177055730916e-06
 0.0002794601702722411
 5.783397862090074e-07
 0.00182930825205128
 2.534173245198e-06
 0.003891614902359101
 2.178701180531095e-07
 0.0002380211692301007
 1.702885894134333e-05
 0.0003208181548989005
 5.721177055730916e-06
 0.0002794601702722411
 5.783397862090074e-07
 0.00182930825205128
 2.534173245198e-06
 0.003891614902359101
 2.178701180531095e-07
 0.0002380211692301007
 1.702885894134333e-05
 0.0003208181548989005
 5.721177055730916e-06
 0.0002794601702722411
 5.783397862090074e-07
 0.00182930825205128
 2.534173245198e-06
 0.003891614902359101
 2.178701180531095e-07
 0.001108559945503528
 1.702885894134333e-05
 0.0003208181548989005
 5.721177055730916e-06
 0.0002794601702722411
 5.783397862090074e-07
 0.00182930825205128
 0
 0.003891614902359101
 3.869911010909529e-05
 0.001108559945503528
 1.702885894134333e-05
 0.0003208181548989005
 0
 0.00182930825205128
 5.783397862090074e-07
 0.00182930825205128
 0
 0
 3.869911010909529e-05
 0.001108559945503528
 1.702885894134333e-05
 0.0003208181548989005
 0
 0.00182930825205128
 1.703726074818893e-05
 0.00182930825205128
 0
 0
 3.869911010909529e-05
 0.001108559945503528
 1.702885894134333e-05
 0
 0
 0.00182930825205128
 1.734510611079978e-05
 0
 0
 0
 3.869911010909529e-05
 0.001108559945503528
 0.0002498407629719637
 0
 0
 0.00182930825205128
 1.734510611079978e-05
 0
 0
 0
 3.869911010909529e-05
 0.001108559945503528
 0.0002498407629719637
 0
 0
 0.00182930825205128
 1.734510611079978e-05
 0
 0
 0
 3.869911010909529e-05
 0.001108559945503528
 0.0002498407629719637
 0
 0
 0.00182930825205128
 1.703726074818893e-05
 0
 0
 0
 3.869911010909529e-05
 0
 0.0004456016024609014
 0
 0
 0.00182930825205128
 0.0004194898049557701
 0
 0
 0
 0
 0
 0.0004456016024609014
 0
 0
 0
 0.0004194898049557701
 0
 0
 0
 0
 0
 0.0004456016024609014
 0
 0
 0
 0.0004194898049557701
 0
 0
 0
 0
 0
 0.0004456016024609014
 0
 0
 0
 0.0004194898049557701
 0
 0
 0
 0
 0
 0.0004456016024609014
 0
 0
 0
 0.003891614902359101
 0
 0
 0
 0
 0
 0.0004456016024609014
 0
 0
 0
 0.003891614902359101
 0
 0
 0
 0
 0
 0.0004456016024609014
 0
 0
 0
 0.003891614902359101
 0
 0
 0
 0
 0
 0
 0
 0
 0
 0.003891614902359101
 0
 0
 0
 0
 0
 0
 0
 0
 0
 0.003891614902359101
 0
 0
 0
 0
 0
 0
 0
 0
 0
 0.003891614902359101
 0
 0
 0
 0
 0
 0
 0
 0
