# Created by Octave 3.2.4, Thu Feb 07 00:35:03 2013 EST <rbom@zaphod>
# name: small_First_Fit
# type: matrix
# ndims: 3
 1 10 30
 7.757608804085536e-07
 3.035281605596376e-15
 1.055487547664711e-12
 1.085599768237262e-12
 7.634137750215678e-13
 8.902301809328967e-11
 1.679713812038104e-12
 3.646109014212908e-11
 5.631313066836771e-13
 4.090228124975158e-12
 1.000591249988262e-05
 8.479743133506855e-11
 2.615583917503906e-08
 2.913613069278907e-07
 4.978774490039742e-10
 1.578677890262876e-09
 6.497024739734345e-11
 6.933540758946301e-09
 6.2082351937536e-08
 1.546322769070028e-09
 1.000591249988262e-05
 5.370146028753497e-09
 1.768491964314364e-05
 2.913613069278907e-07
 2.063798719349093e-08
 1.037308866260791e-08
 8.632793218313366e-10
 6.933540758946301e-09
 1.038897492168746e-05
 1.372341502321194e-08
 0.0003528347263070465
 3.260738882805338e-08
 0.0002356353689243171
 2.913613069278907e-07
 7.514391657630366e-07
 1.037308866260791e-08
 7.476818298107081e-08
 1.033173284670443e-07
 1.038897492168746e-05
 7.871231827888386e-07
 0.0003528347263070465
 3.260738882805338e-08
 0.0002356353689243171
 3.993141028000839e-06
 2.548029375660635e-05
 2.381863074613722e-08
 1.30255960130306e-06
 0.0002188412159682857
 1.038897492168746e-05
 4.619100953046235e-05
 0.0003528347263070465
 9.039327934788199e-08
 0.0002356353689243171
 3.993141028000839e-06
 0.0003376803057744658
 1.365108480249445e-07
 1.67523115580574e-05
 0.0002188412159682857
 1.038897492168746e-05
 0.0005689626895050613
 0.0003528347263070465
 8.539437818895154e-06
 0.0002356353689243171
 6.870900036939131e-06
 0.0003376803057744658
 1.066292412876431e-05
 0.0001356323360278362
 0.0002188412159682857
 2.829550058850436e-05
 0.0005689626895050613
 0.0003528347263070465
 9.624498303838607e-05
 0.0002356353689243171
 9.415114994551503e-05
 0.0007287107300036991
 0.005252145126917482
 0.0001356323360278362
 0.0002188412159682857
 0.0001323091645777716
 0.0005689626895050613
 0.0003528347263070465
 9.624498303838607e-05
 0.0002356353689243171
 0.0005392241509285604
 0.005252145126917482
 0.005252145126917482
 0.0001356323360278362
 0.0002188412159682857
 0.0001323091645777716
 0.0005689626895050613
 0.0003528347263070465
 0.0007287107300036991
 0.006150840405406912
 0.0005821590488351903
 0.005252145126917482
 0.005252145126917482
 0.0001356323360278362
 0.0002188412159682857
 0.002374653117002895
 0.002938312176227911
 0
 0.0007287107300036991
 0.006150840405406912
 0.0005821590488351903
 0.005252145126917482
 0.005252145126917482
 0.0001356323360278362
 0.0002188412159682857
 0.002374653117002895
 0.001030646302133348
 0
 0.001957544390370455
 0.006150840405406912
 0.006150840405406912
 0.005252145126917482
 0.005252145126917482
 0.0001356323360278362
 0
 0.002374653117002895
 0.004329840898119799
 0
 0.004229314924561568
 0.006150840405406912
 0.006150840405406912
 0.005252145126917482
 0.005252145126917482
 0.0001356323360278362
 0
 0.002374653117002895
 0.004329840898119799
 0
 0.004229314924561568
 0.006150840405406912
 0.006150840405406912
 0.005252145126917482
 0.005252145126917482
 0
 0
 0.002374653117002895
 0.004329840898119799
 0
 0.004229314924561568
 0.006150840405406912
 0.006150840405406912
 0.005252145126917482
 0
 0
 0
 0.002374653117002895
 0.004329840898119799
 0
 0.006150840405406912
 0.006150840405406912
 0.006150840405406912
 0
 0
 0
 0
 0.002374653117002895
 0.004329840898119799
 0
 0.004229314924561568
 0
 0.006150840405406912
 0
 0
 0
 0
 0
 0.004329840898119799
 0
 0.004229314924561568
 0
 0.006150840405406912
 0
 0
 0
 0
 0
 0.004329840898119799
 0
 0.004229314924561568
 0
 0
 0
 0
 0
 0
 0
 0
 0
 0.004229314924561568
 0
 0
 0
 0
 0
 0
 0
 0
 0
 0.004229314924561568
 0
 0
 0
 0
 0
 0
 0
 0
 0
 0.004229314924561568
 0
 0
 0
 0
 0
 0
 0
 0
 0
 0
 0
 0
 0
 0
 0
 0
 0
 0
 0
 0
 0
 0
 0
 0
 0
 0
 0
 0
 0
 0
 0
 0
 0
 0
 0
 0
 0
 0
 0
 0
 0
 0
 0
 0
 0
 0
 0
 0
 0
 0
 0
 0
 0
 0
 0
 0
 0
 0
 0
 0
 0
 0
 0
 0
 0
 0
 0
 0
 0
 0
 0
 0
 0
 0
 0
 0
 0
 0
 0
 0
 0
 0
 0
 0
 0
 0
 0
 0
