# Created by Octave 3.2.4, Mon Feb 04 13:46:45 2013 EST <rbom@zaphod>
# name: small_First_Fit
# type: matrix
# ndims: 3
 1 10 30
 5.006986549036704e-15
 1.893151278648605e-17
 5.786178158088488e-16
 3.529645709477902e-14
 5.68124786224516e-14
 8.681571501508906e-14
 4.460186803090793e-17
 3.546858288564547e-13
 5.851604946208855e-17
 7.816717250805766e-17
 4.494494981540999e-13
 7.170785412584852e-13
 5.786178158088488e-16
 2.281638356552472e-11
 8.016052839798543e-11
 8.681571501508906e-14
 4.460186803090793e-17
 9.995447673554628e-11
 4.638079157667018e-11
 5.852317922443566e-15
 2.302661832897196e-11
 1.982288188064676e-11
 2.477512238658158e-11
 2.440473643297891e-09
 5.972130243818171e-09
 1.429143433659001e-10
 5.442681934220433e-15
 5.204351653263225e-08
 6.168910484443887e-10
 4.165663871831312e-13
 2.731143187771936e-08
 1.982288188064676e-11
 4.937357040064709e-09
 2.440473643297891e-09
 1.297972040288469e-05
 4.795294044372931e-08
 1.534707674474933e-11
 1.83209605810028e-06
 6.168910484443887e-10
 2.090428660735538e-11
 1.985314193860508e-05
 1.982288188064676e-11
 1.327688364186341e-06
 1.816928636894791e-07
 1.297972040288469e-05
 4.795294044372931e-08
 2.123714003480063e-07
 1.83209605810028e-06
 6.168910484443887e-10
 4.302216052580078e-10
 1.985314193860508e-05
 1.232492583701517e-09
 1.327688364186341e-06
 8.832139929665326e-06
 1.297972040288469e-05
 2.535356732976168e-05
 1.804412299529491e-05
 1.83209605810028e-06
 6.168910484443887e-10
 4.302216052580078e-10
 1.985314193860508e-05
 3.163043554026928e-07
 0.00180356252830772
 8.761936736367376e-05
 1.297972040288469e-05
 0.000413987861172027
 1.804412299529491e-05
 1.83209605810028e-06
 1.225497294534416e-08
 2.790204473399062e-08
 3.762644522311281e-05
 1.923089254020358e-05
 0.00180356252830772
 8.761936736367376e-05
 1.297972040288469e-05
 0.000413987861172027
 0.0008282141472240961
 4.741891035842278e-06
 1.131623539274443e-06
 1.376385646136134e-06
 3.762644522311281e-05
 0.0006824984633923855
 0.00180356252830772
 0.0002588569797790173
 1.297972040288469e-05
 0.000413987861172027
 0.0008282141472240961
 4.741891035842278e-06
 1.131623539274443e-06
 1.376385646136134e-06
 3.762644522311281e-05
 0.0006824984633923855
 0.00180356252830772
 0.0002588569797790173
 0.0005327426199200288
 0.000413987861172027
 0.001551085486702646
 4.741891035842278e-06
 1.131623539274443e-06
 3.762644522311281e-05
 3.762644522311281e-05
 0.0006824984633923855
 0.002999110916315052
 0.0002588569797790173
 0.0005327426199200288
 0.0005327426199200288
 0.001551085486702646
 0.000378140323021015
 1.131623539274443e-06
 3.762644522311281e-05
 3.762644522311281e-05
 0.0006824984633923855
 0.00180356252830772
 0.0002588569797790173
 0.0005327426199200288
 0.0005327426199200288
 0.001551085486702646
 0.000378140323021015
 1.493180940310466e-06
 0.001551085486702646
 0.001551085486702646
 0.0006824984633923855
 0.002999110916315052
 0.0002588569797790173
 0.0005327426199200288
 0.0005327426199200288
 0.001551085486702646
 0.000378140323021015
 4.741891035842278e-06
 0.001551085486702646
 0.001551085486702646
 0.0006824984633923855
 0.00180356252830772
 0.0002588569797790173
 0.0005327426199200288
 0.000413987861172027
 0.001551085486702646
 0.000378140323021015
 4.741891035842278e-06
 0.001551085486702646
 0.001551085486702646
 0.0006824984633923855
 0.00180356252830772
 0.002999110916315052
 0.0005327426199200288
 0.000413987861172027
 0.001551085486702646
 0.000378140323021015
 4.741891035842278e-06
 0.001551085486702646
 0.001551085486702646
 0
 0.00180356252830772
 0.002999110916315052
 0.0005327426199200288
 0.0005327426199200288
 0.0008282141472240961
 0.000378140323021015
 1.640082939320243e-05
 0.001551085486702646
 0.001551085486702646
 0
 0.002999110916315052
 0.002999110916315052
 0
 0.0005327426199200288
 0
 0.000378140323021015
 1.640082939320243e-05
 0.001551085486702646
 0.001551085486702646
 0
 0.002999110916315052
 0.002999110916315052
 0
 0.0005327426199200288
 0
 0
 1.640082939320243e-05
 0.001551085486702646
 0.001551085486702646
 0
 0.002999110916315052
 0.002999110916315052
 0
 0.0005327426199200288
 0
 0
 1.640082939320243e-05
 0
 0
 0
 0.002999110916315052
 0.002999110916315052
 0
 0.0005327426199200288
 0
 0
 1.640082939320243e-05
 0
 0
 0
 0.002999110916315052
 0.002999110916315052
 0
 0.0005327426199200288
 0
 0
 1.640082939320243e-05
 0
 0
 0
 0.002999110916315052
 0
 0
 0.000413987861172027
 0
 0
 1.640082939320243e-05
 0
 0
 0
 0.002999110916315052
 0
 0
 0
 0
 0
 0
 0
 0
 0
 0
 0
 0
 0
 0
 0
 0
 0
 0
 0
 0
 0
 0
 0
 0
 0
 0
 0
 0
 0
 0
 0
 0
 0
 0
 0
 0
 0
 0
 0
 0
 0
 0
 0
 0
 0
 0
 0
 0
 0
 0
 0
 0
 0
 0
 0
 0
 0
 0
 0
 0
 0
 0
 0
 0
 0
 0
 0
 0
 0
 0
 0
 0
 0
 0
 0
 0
 0
