# Created by Octave 3.2.4, Thu Feb 07 03:36:46 2013 EST <rbom@zaphod>
# name: small_First_Fit
# type: matrix
# ndims: 3
 1 10 30
 2.807061474649062e-24
 2.021526873118316e-18
 1.004452736924989e-18
 1.213563707795366e-14
 3.609783591739083e-19
 4.98681803791102e-12
 6.843098439044857e-22
 1.245559167524542e-18
 2.065403261836186e-15
 1.461202487507523e-12
 2.002616226269952e-22
 7.995123826009978e-12
 3.007234863699799e-16
 2.443089017835696e-12
 5.001808398239718e-13
 7.336627040715903e-09
 5.960351376012677e-18
 3.772808724280157e-11
 2.421782575268005e-14
 3.831038069859506e-10
 5.972302325189122e-20
 1.646798759098384e-08
 1.596272431157558e-14
 4.057928478948479e-09
 5.569348708801437e-12
 7.336627040715903e-09
 1.631877112611466e-14
 7.619968093466532e-09
 2.421782575268005e-14
 1.912326193665123e-08
 2.811240953519343e-15
 4.896582081382875e-06
 1.596272431157558e-14
 1.826320018682299e-08
 6.52660051951567e-10
 1.508612942642609e-06
 2.097907562408377e-12
 4.102669656695795e-07
 1.871447484768119e-13
 1.912326193665123e-08
 3.600880808151878e-13
 0.02025807344593833
 1.596272431157558e-14
 1.826320018682299e-08
 6.52660051951567e-10
 1.508612942642609e-06
 2.803234587930032e-11
 4.102669656695795e-07
 4.314657100177596e-10
 1.912326193665123e-08
 8.235424425589575e-09
 0.02025807344593833
 1.596272431157558e-14
 1.826320018682299e-08
 1.025166034611278e-08
 1.508612942642609e-06
 3.902415422523246e-09
 4.769472783177396e-05
 2.783294836723147e-07
 1.912326193665123e-08
 8.235424425589575e-09
 0.02025807344593833
 2.651029313821172e-12
 7.839858339892935e-07
 9.999427331185196e-08
 1.508612942642609e-06
 1.90956490983165e-07
 4.769472783177396e-05
 2.752527108473087e-05
 1.460144533007575e-06
 1.017933725141736e-06
 0.02025807344593833
 3.975241795892024e-09
 7.839858339892935e-07
 1.96117376170225e-05
 1.508612942642609e-06
 1.90956490983165e-07
 0.0004100399905181573
 0.0002441415664439105
 1.77044979667796e-06
 0.0001144553566409407
 0.02025807344593833
 3.975241795892024e-09
 0.0002441415664439105
 1.96117376170225e-05
 2.869313566502058e-06
 3.456534780386568e-05
 0.0004100399905181573
 0.0002441415664439105
 7.883212367864245e-05
 0.02025807344593833
 0.02025807344593833
 4.769076608758983e-07
 0.0002441415664439105
 1.96117376170225e-05
 1.508612942642609e-06
 5.509902300411018e-05
 0.0004100399905181573
 0.0002441415664439105
 7.883212367864245e-05
 0.02025807344593833
 0.02025807344593833
 4.769076608758983e-07
 0.02025807344593833
 1.96117376170225e-05
 1.508612942642609e-06
 3.456534780386568e-05
 0.002203723051376401
 0.0002441415664439105
 7.883212367864245e-05
 0.02025807344593833
 0
 4.346307530305339e-06
 0.02025807344593833
 1.96117376170225e-05
 0.0004696219798093527
 3.456534780386568e-05
 0.002203723051376401
 0.0002441415664439105
 7.883212367864245e-05
 0.02025807344593833
 0
 4.346307530305339e-06
 0.02025807344593833
 1.96117376170225e-05
 0.0004696219798093527
 0.0006964321362723219
 0.002203723051376401
 0.0002441415664439105
 7.883212367864245e-05
 0.02025807344593833
 0
 4.346307530305339e-06
 0.02025807344593833
 0.0008981547710445868
 0.0004696219798093527
 0.0006964321362723219
 0.002203723051376401
 0.0002441415664439105
 7.883212367864245e-05
 0.02025807344593833
 0
 2.818754460999896e-05
 0.02025807344593833
 0.0008981547710445868
 0.0004696219798093527
 0.0006964321362723219
 0.002840726265731538
 0
 7.883212367864245e-05
 0.02025807344593833
 0
 0.00405679044400057
 0.02025807344593833
 0.0008981547710445868
 0.0004696219798093527
 0.0006964321362723219
 0.002203723051376401
 0
 0
 0
 0
 0.00405679044400057
 0.02025807344593833
 0.0008981547710445868
 0.02025807344593833
 0.0006964321362723219
 0.002203723051376401
 0
 0
 0
 0
 0.00405679044400057
 0
 0.0008981547710445868
 0.02025807344593833
 0.0006964321362723219
 0.002203723051376401
 0
 0
 0
 0
 0.00405679044400057
 0
 0.0008981547710445868
 0.02025807344593833
 0.0006964321362723219
 0.002203723051376401
 0
 0
 0
 0
 0.00405679044400057
 0
 0.0008981547710445868
 0.02025807344593833
 0
 0.002840726265731538
 0
 0
 0
 0
 0.00405679044400057
 0
 0
 0.02025807344593833
 0
 0.002203723051376401
 0
 0
 0
 0
 0.00405679044400057
 0
 0
 0.02025807344593833
 0
 0.002203723051376401
 0
 0
 0
 0
 0
 0
 0
 0.02025807344593833
 0
 0.002203723051376401
 0
 0
 0
 0
 0
 0
 0
 0
 0
 0.002203723051376401
 0
 0
 0
 0
 0
 0
 0
 0
 0
 0.002203723051376401
 0
 0
 0
 0
 0
 0
 0
 0
 0
 0.002203723051376401
 0
 0
 0
 0
 0
 0
 0
 0
 0
 0
 0
 0
 0
 0
 0
 0
 0
 0
 0
 0
 0
 0
 0
 0
 0
 0
 0
 0
 0
 0
 0
 0
 0
 0
 0
 0
 0
 0
 0
 0
 0
 0
