# Created by Octave 3.2.4, Wed Feb 06 03:09:38 2013 EST <rbom@zaphod>
# name: small_First_Fit
# type: matrix
# ndims: 3
 1 10 30
 5.966484456236771e-12
 2.712192353463997e-11
 1.410722699787183e-12
 3.34168690958165e-11
 1.990691629109047e-08
 1.396838278996432e-10
 1.231534029302864e-09
 6.365496454031693e-12
 7.457095666019365e-11
 1.164463681449138e-07
 7.133145151056424e-09
 1.197148183406724e-09
 8.659551465250692e-09
 3.039537017032448e-10
 2.809632109706901e-06
 1.457737921673848e-06
 8.673282818666594e-05
 5.534897734592637e-10
 1.562577221604583e-08
 1.172098195803865e-07
 5.937825815218112e-07
 1.217699840752969e-07
 1.694828059341789e-06
 3.56626732360264e-10
 5.910297581534305e-06
 2.821122401970893e-05
 0.001696491263796147
 3.011742367811229e-09
 1.562577221604583e-08
 1.164463681449138e-07
 7.031808311243034e-06
 1.611301095119898e-06
 1.694828059341789e-06
 8.647091231975044e-09
 5.910297581534305e-06
 1.216557906379446e-05
 0.001696491263796147
 5.370246572174437e-06
 1.562577221604583e-08
 8.195037747161113e-06
 7.031808311243034e-06
 2.388070077243415e-06
 1.080002707204678e-05
 2.200731655422064e-06
 3.147568190728303e-05
 0.0002201431418185001
 0.001696491263796147
 8.024906860310411e-05
 5.193986617388e-07
 0.0001429836934056578
 7.031808311243034e-06
 0.000380668386604012
 2.260085812310542e-05
 1.292983998020351e-05
 3.147568190728303e-05
 0.003773018891439837
 0.004788271038544954
 8.024906860310411e-05
 1.001765713539972e-05
 0.0001429836934056578
 0.000252364059149154
 0.000380668386604012
 1.216557906379446e-05
 2.323428490302963e-05
 3.147568190728303e-05
 0.003773018891439837
 0.001696491263796147
 8.024906860310411e-05
 1.001765713539972e-05
 0.0001429836934056578
 0.003102997430450197
 0.005061334831068797
 1.080002707204678e-05
 0.0003720334900838859
 6.322316788624913e-05
 0.003773018891439837
 0.004788271038544954
 8.024906860310411e-05
 4.305247732685384e-05
 0.0001429836934056578
 0.003102997430450197
 0.005061334831068797
 5.965555320915933e-05
 0.0003720334900838859
 6.322316788624913e-05
 0.008683729779279867
 0.01569170271717247
 0.0001111818777867195
 4.305247732685384e-05
 0.0003291317232642153
 0.003102997430450197
 0.008631889625370117
 1.216557906379446e-05
 0.003773018891439837
 0.0001914640109964734
 0.01172677471672905
 0.01569170271717247
 0.0001111818777867195
 4.305247732685384e-05
 0.0001429836934056578
 0.003102997430450197
 0.008631889625370117
 1.216557906379446e-05
 0.003773018891439837
 0.0001914640109964734
 0.01172677471672905
 0.0379604652996796
 9.260809024316128e-05
 4.305247732685384e-05
 0.0003291317232642153
 0.003102997430450197
 0.008631889625370117
 0.0001741170202466175
 0.003773018891439837
 0.0001914640109964734
 0.01172677471672905
 0.01569170271717247
 9.260809024316128e-05
 8.385090781970188e-05
 0.0003291317232642153
 0.003102997430450197
 0.008631889625370117
 0.0001741170202466175
 0.01172677471672905
 0.0003170007071749801
 0.01172677471672905
 0.01569170271717247
 9.260809024316128e-05
 8.385090781970188e-05
 0.0003291317232642153
 0.004243968905150846
 0.008631889625370117
 0.000996704567176779
 0.01172677471672905
 0.0005215942427035884
 0.008683729779279867
 0.01569170271717247
 0.0001064526016658399
 0.000298110986340793
 0.001507120558330338
 0.004243968905150846
 0.01050641196896466
 0.000996704567176779
 0.01172677471672905
 0.0003170007071749801
 0.01181206494107042
 0.01569170271717247
 0.0005526850324147604
 0.000298110986340793
 0.004270156965235744
 0.004243968905150846
 0.008631889625370117
 0.000996704567176779
 0.01172677471672905
 0.0003170007071749801
 0.008683729779279867
 0.01569170271717247
 0.0005526850324147604
 0.000298110986340793
 0.00453458934167995
 0.0379604652996796
 0.008631889625370117
 0.000996704567176779
 0.01172677471672905
 0.0003170007071749801
 0.008683729779279867
 0.01569170271717247
 0.001419431000501172
 0.000298110986340793
 0.0379604652996796
 0.0379604652996796
 0.008631889625370117
 0.005078249761478513
 0.01172677471672905
 0.0003170007071749801
 0.01181206494107042
 0
 0.0005526850324147604
 0.000298110986340793
 0.0379604652996796
 0.0379604652996796
 0.008631889625370117
 0.000996704567176779
 0.01172677471672905
 0.0003170007071749801
 0.01181206494107042
 0
 0.001269558907612948
 0.000298110986340793
 0.0379604652996796
 0.0379604652996796
 0.008631889625370117
 0.005078249761478513
 0
 0.0003170007071749801
 0.01181206494107042
 0
 0.001269558907612948
 0.000298110986340793
 0.0379604652996796
 0.0379604652996796
 0.008631889625370117
 0.01181206494107042
 0
 0
 0.01181206494107042
 0
 0.001269558907612948
 0
 0.0379604652996796
 0.0379604652996796
 0
 0.00105203228538976
 0
 0
 0.01181206494107042
 0
 0.005135374423685693
 0
 0.0379604652996796
 0.0379604652996796
 0
 0.000996704567176779
 0
 0
 0.01181206494107042
 0
 0.005135374423685693
 0
 0.0379604652996796
 0
 0
 0.000996704567176779
 0
 0
 0.01181206494107042
 0
 0.005135374423685693
 0
 0
 0
 0
 0.005078249761478513
 0
 0
 0
 0
 0.005135374423685693
 0
 0
 0
 0
 0.005078249761478513
 0
 0
 0
 0
 0.008683729779279867
 0
 0
 0
 0
 0.005078249761478513
 0
 0
 0
 0
 0.005135374423685693
 0
 0
 0
 0
 0.005078249761478513
 0
 0
 0
 0
 0.005135374423685693
 0
 0
 0
 0
 0.005078249761478513
 0
 0
 0
 0
 0.005135374423685693
 0
 0
 0
 0
 0.01181206494107042
 0
 0
 0
 0
 0.005135374423685693
 0
 0
