# Created by Octave 3.2.4, Tue Feb 05 19:35:19 2013 EST <rbom@zaphod>
# name: small_First_Fit
# type: matrix
# ndims: 3
 1 10 30
 4.302736782153831e-08
 2.131515015140083e-07
 2.323007665466568e-06
 2.106047309137377e-05
 7.068540180536149e-05
 2.021403901401792e-07
 3.402078660984404e-09
 1.473954839139256e-07
 0.0005920537769313917
 1.225651005643068e-05
 0.0001169158514613188
 8.367891129531353e-06
 0.001178169000466363
 0.0002239259127618148
 7.068540180536149e-05
 8.873931225906695e-06
 1.735473782099045e-06
 3.39882788723247e-07
 0.0005920537769313917
 0.0004681957184072098
 0.09905918494635939
 8.677966781463214e-05
 0.001178169000466363
 0.0002239259127618148
 0.0003306462053302158
 2.641509306945141e-05
 7.801348706413261e-06
 7.486793699107582e-05
 0.0005980018368010965
 0.0008744157839260838
 0.09905918494635939
 0.0001249162335333794
 0.003607563350730975
 0.002493825470575222
 0.0003306462053302158
 9.437178839255749e-05
 7.801348706413261e-06
 0.0001646359369956814
 0.002525243605391317
 0.0008744157839260838
 0.143796793518079
 0.0001607946240597264
 0.003607563350730975
 0.007372943104385993
 0.0008242430459909601
 0.0001729050783010421
 6.820375562719041e-05
 0.003496005760757865
 0.0005920537769313917
 0.0008744157839260838
 0.09905918494635939
 0.0001607946240597264
 0.004989277376266932
 0.01006336302425663
 0.001940077169715334
 0.001240565001172128
 6.820375562719041e-05
 0.005782289546029242
 0.00158063827130674
 0.05771956849527448
 0.09905918494635939
 0.0001442670597824733
 0.0057302869694117
 0.01006336302425663
 0.003034788701687165
 0.001240565001172128
 0.0002020284142045546
 0.006502055447790464
 0.002525243605391317
 0.06454227695965538
 0.143796793518079
 0.0001607946240597264
 0.004989277376266932
 0.01006336302425663
 0.00397293251990629
 0.00379127260438739
 0.0002020284142045546
 0.03494570200093218
 0.002525243605391317
 0.06454227695965538
 0.143796793518079
 0.002474354864750676
 0.02697189051709643
 0.01006336302425663
 0.00887726852831622
 0.01280420063632352
 0.0006848024828296316
 0.03494570200093218
 0.002525243605391317
 0.06454227695965538
 0.143796793518079
 0.002474354864750676
 0.03720909256244807
 0.02648094094201458
 0.01891023088426861
 0.01280420063632352
 0.0006848024828296316
 0.06988246675863193
 0.002525243605391317
 0.07709133871663697
 0.143796793518079
 0.002474354864750676
 0.03720909256244807
 0.02648094094201458
 0.04354270155564951
 0.01548032205097524
 0.0006848024828296316
 0.03494570200093218
 0.002525243605391317
 0.07709133871663697
 0.143796793518079
 0.006593672422718866
 0.03720909256244807
 0.02648094094201458
 0.01976731039063133
 0.01548032205097524
 0.001510945447641187
 0.06988246675863193
 0.003731152181812666
 0.07709133871663697
 0.1964322960797157
 0.006593672422718866
 0.03720909256244807
 0.02648094094201458
 0.03270295262750262
 0.03125255194328518
 0.00170766931126291
 0.1132009828359748
 0.003731152181812666
 0.1132009828359748
 0.143796793518079
 0.006593672422718866
 0.03720909256244807
 0.02960909454776163
 0.05065845929204669
 0.03125255194328518
 0.00170766931126291
 0.1132009828359748
 0.003731152181812666
 0.1452865163379313
 0.1452865163379313
 0.005882251281227661
 0.03720909256244807
 0.02648094094201458
 0.07603366434820316
 0.03125255194328518
 0.00170766931126291
 0.06988246675863193
 0.003731152181812666
 0.1452865163379313
 0.143796793518079
 0.02161671549670779
 0.03720909256244807
 0.02648094094201458
 0.05065845929204669
 0.04967916448490915
 0.00170766931126291
 0.06988246675863193
 0.003731152181812666
 0.1452865163379313
 0.1452865163379313
 0.02161671549670779
 0
 0.02648094094201458
 0.07603366434820316
 0.04967916448490915
 0.00170766931126291
 0.1132009828359748
 0.003731152181812666
 0.1452865163379313
 0.143796793518079
 0.06086284351123354
 0
 0.09411456934834188
 0.07603366434820316
 0.04967916448490915
 0.001733656771214639
 0.1132009828359748
 0.003731152181812666
 0.1452865163379313
 0.143796793518079
 0.06086284351123354
 0
 0.09411456934834188
 0.07603366434820316
 0.04967916448490915
 0.001733656771214639
 0.1132009828359748
 0
 0.1452865163379313
 0.1452865163379313
 0.1129739813029837
 0
 0.09411456934834188
 0.07603366434820316
 0.1132009828359748
 0.001733656771214639
 0.1132009828359748
 0
 0.1452865163379313
 0.3123822921531456
 0.1129739813029837
 0
 0.09411456934834188
 0.07603366434820316
 0.1132009828359748
 0.001950237629719533
 0.1198337194757066
 0
 0
 0.3123822921531456
 0.1129739813029837
 0
 0.09411456934834188
 0.1218657891637031
 0.1453015244010082
 0.002616394222097916
 0.1132009828359748
 0
 0
 0.143796793518079
 0.1129739813029837
 0
 0.09411456934834188
 0.1218657891637031
 0.1453015244010082
 0.004734640726709134
 0.1132009828359748
 0
 0
 0.3123822921531456
 0.1129739813029837
 0
 0.09411456934834188
 0.07603366434820316
 0.1132009828359748
 0.00170766931126291
 0.1132009828359748
 0
 0
 0.3123822921531456
 0.3123822921531456
 0
 0
 0.07603366434820316
 0.1132009828359748
 0.00170766931126291
 0.1132009828359748
 0
 0
 0.3123822921531456
 0.1129739813029837
 0
 0
 0.07603366434820316
 0.1280574175848336
 0.001733656771214639
 0.1453015244010082
 0
 0
 0.3123822921531456
 0.1129739813029837
 0
 0
 0.07603366434820316
 0.1453015244010082
 0.001733656771214639
 0.1453015244010082
 0
 0
 0.3123822921531456
 0.1129739813029837
 0
 0
 0.07603366434820316
 0.1453015244010082
 0.004734640726709134
 0.1453015244010082
 0
 0
 0.3123822921531456
 0.3123822921531456
 0
 0
 0
 0.1453015244010082
 0.004734640726709134
 0.1453015244010082
 0
 0
 0.3123822921531456
 0.3123822921531456
 0
 0
 0
 0.1453015244010082
 0.004734640726709134
 0.1453015244010082
 0
 0
