# Created by Octave 3.2.4, Mon Feb 04 11:06:41 2013 EST <rbom@zaphod>
# name: small_First_Fit
# type: matrix
# ndims: 3
 1 10 30
 1.549872381851897e-18
 2.039374293153418e-22
 1.00225327149615e-18
 1.003660189624191e-19
 1.881276495380979e-18
 2.966725358718288e-19
 1.18379797229814e-17
 3.156598936790037e-18
 4.143557410256506e-17
 1.155132931711174e-19
 1.549872381851897e-18
 1.576860301772083e-18
 4.446012869423908e-15
 2.124774152015617e-10
 2.689729550595739e-12
 2.600195991940215e-14
 1.685925184865001e-14
 6.857522271268147e-16
 4.143557410256506e-17
 8.701206262002103e-15
 1.188044827168673e-15
 1.61686502874001e-15
 3.933979983535245e-13
 1.103284130199251e-08
 2.519109254420245e-10
 6.478796021103201e-12
 1.737774255570059e-11
 5.365031918748468e-13
 4.143557410256506e-17
 1.851255151047732e-12
 8.678632765126481e-11
 1.264860507965435e-12
 3.941533017720116e-10
 1.103284130199251e-08
 7.529600212873531e-09
 9.471577444428097e-10
 6.214499061056276e-08
 1.764624772836824e-09
 3.746035311284218e-15
 1.695268323080811e-10
 8.678632765126481e-11
 4.28932700518138e-10
 3.941533017720116e-10
 1.103284130199251e-08
 5.091750746072868e-06
 1.645710684156438e-08
 3.55895748165954e-06
 1.764624772836824e-09
 1.239079714378188e-12
 5.582514363429109e-08
 8.678632765126481e-11
 4.386548589156277e-07
 7.44005142122802e-08
 1.103284130199251e-08
 0.0002809751870119231
 1.645710684156438e-08
 0.0001472784494049517
 2.687967943880765e-07
 1.029662286635441e-10
 3.46804206560238e-06
 8.678632765126481e-11
 4.386548589156277e-07
 7.44005142122802e-08
 2.787055877551833e-07
 0.0002809751870119231
 2.182613869233013e-07
 0.0001472784494049517
 1.090036620655761e-05
 4.265393339604989e-09
 3.46804206560238e-06
 2.314218273529007e-10
 4.386548589156277e-07
 1.040057064909677e-05
 2.787055877551833e-07
 0.0002809751870119231
 2.182613869233013e-07
 0.0001472784494049517
 1.090036620655761e-05
 4.265393339604989e-09
 3.46804206560238e-06
 1.181187751652316e-08
 3.716509617408288e-05
 1.040057064909677e-05
 2.787055877551833e-07
 0.0002809751870119231
 2.182613869233013e-07
 0.0002809751870119231
 0.0006578360458897776
 2.827179546428154e-06
 0.0002574293751190243
 1.181187751652316e-08
 3.716509617408288e-05
 1.040057064909677e-05
 2.787055877551833e-07
 0.0002809751870119231
 2.182613869233013e-07
 0.0002809751870119231
 0.0006578360458897776
 2.827179546428154e-06
 0.0002574293751190243
 1.181187751652316e-08
 3.716509617408288e-05
 1.040057064909677e-05
 0.0001597692001264962
 0.0002809751870119231
 2.182613869233013e-07
 0.0002809751870119231
 0.0006578360458897776
 2.827179546428154e-06
 0.0002574293751190243
 9.945383499852872e-07
 3.716509617408288e-05
 1.040057064909677e-05
 0.0001597692001264962
 0.0002809751870119231
 2.182613869233013e-07
 0.0001472784494049517
 0.0006578360458897776
 2.827179546428154e-06
 0.004338541691636867
 9.945383499852872e-07
 3.716509617408288e-05
 1.040057064909677e-05
 0.0001597692001264962
 0
 2.182613869233013e-07
 0.0001472784494049517
 0.0006578360458897776
 2.827179546428154e-06
 0.0002574293751190243
 9.945383499852872e-07
 3.716509617408288e-05
 0.0001597692001264962
 0.0001597692001264962
 0
 0
 0.001061076930121465
 0.0006578360458897776
 2.827179546428154e-06
 0.0002574293751190243
 9.945383499852872e-07
 3.716509617408288e-05
 0.0001597692001264962
 0.0001597692001264962
 0
 0
 0.001061076930121465
 0.0006578360458897776
 2.827179546428154e-06
 0.0002574293751190243
 9.945383499852872e-07
 0
 0.0001597692001264962
 0.0001597692001264962
 0
 0
 0.001061076930121465
 0
 0
 0.004338541691636867
 0.0001051847409661999
 0
 0.0001597692001264962
 0.0001597692001264962
 0
 0
 0.001061076930121465
 0
 0
 0.004338541691636867
 0.0001051847409661999
 0
 0.0001597692001264962
 0
 0
 0
 0.001061076930121465
 0
 0
 0.004338541691636867
 0.0003013416983159365
 0
 0.0001597692001264962
 0
 0
 0
 0.001061076930121465
 0
 0
 0.004338541691636867
 0.0003013416983159365
 0
 0.0001597692001264962
 0
 0
 0
 0.001061076930121465
 0
 0
 0.004338541691636867
 0.0003013416983159365
 0
 0
 0
 0
 0
 0
 0
 0
 0.004338541691636867
 0.0003013416983159365
 0
 0
 0
 0
 0
 0
 0
 0
 0.004338541691636867
 0.0003013416983159365
 0
 0
 0
 0
 0
 0
 0
 0
 0
 0.0003013416983159365
 0
 0
 0
 0
 0
 0
 0
 0
 0
 0.0003013416983159365
 0
 0
 0
 0
 0
 0
 0
 0
 0
 0
 0
 0
 0
 0
 0
 0
 0
 0
 0
 0
 0
 0
 0
 0
 0
 0
 0
 0
 0
 0
 0
 0
 0
 0
 0
 0
 0
 0
 0
 0
 0
 0
 0
 0
 0
 0
 0
 0
 0
 0
 0
 0
 0
 0
 0
 0
 0
 0
 0
