# Created by Octave 3.2.4, Mon Feb 04 00:13:33 2013 EST <rbom@zaphod>
# name: small_First_Fit
# type: matrix
# ndims: 3
 1 10 30
 1.690221935320347e-16
 5.816367626195527e-12
 1.150654981888816e-17
 1.527521943084579e-19
 1.956613679788924e-16
 2.762520068329314e-18
 4.030481762127459e-18
 1.405787055519152e-15
 2.590573169090646e-14
 1.205474265115456e-18
 4.844708346851669e-13
 1.430726327138897e-10
 6.325763265053197e-15
 2.001103659937453e-17
 2.18551999795956e-11
 2.731110560387406e-14
 2.437528457915328e-16
 1.997849805144055e-13
 2.862463917209163e-10
 6.336814231673187e-14
 2.109878589409436e-10
 1.671012295924331e-09
 3.633227188791594e-11
 7.962559168795375e-15
 2.308753053635407e-09
 1.557462552530967e-10
 2.080412182957805e-13
 6.657592556106628e-08
 2.705411329163392e-08
 1.665646007579611e-12
 2.123462819983615e-08
 3.697762200095077e-08
 3.633227188791594e-11
 1.017974138097091e-12
 6.344831462981597e-09
 2.057167854128524e-08
 1.370616135606296e-12
 0.0001908273411633615
 3.997267782440522e-06
 3.828122702607152e-09
 1.024653498573005e-06
 3.697762200095077e-08
 3.633227188791594e-11
 1.017974138097091e-12
 1.166270341334679e-06
 2.83574725543787e-06
 3.182019509023894e-11
 0.0001908273411633615
 3.997267782440522e-06
 3.828122702607152e-09
 1.59876173319703e-05
 8.785796478628379e-07
 2.901028301375232e-09
 1.017974138097091e-12
 1.475311782968518e-05
 0.0003039160174809522
 3.182019509023894e-11
 0.05722587237936098
 3.997267782440522e-06
 2.524581211522614e-07
 1.59876173319703e-05
 8.785796478628379e-07
 5.038195848832294e-08
 1.017974138097091e-12
 7.540260846734756e-05
 0.0003039160174809522
 1.287886473876358e-09
 0.05722587237936098
 0.0001908273411633615
 2.524581211522614e-07
 0.002647104007295344
 3.05293072248644e-06
 1.261121489917339e-07
 1.017974138097091e-12
 7.540260846734756e-05
 0.0003039160174809522
 1.681388872877858e-07
 0.05722587237936098
 0.0001908273411633615
 2.524581211522614e-07
 0.002647104007295344
 3.05293072248644e-06
 1.261121489917339e-07
 2.989719039052572e-09
 7.540260846734756e-05
 0.0003039160174809522
 1.761785746718259e-05
 0.05722587237936098
 0.05722587237936098
 0.000135508230653845
 0.002647104007295344
 1.475311782968518e-05
 1.261121489917339e-07
 8.56933656093052e-06
 7.540260846734756e-05
 0.0003039160174809522
 0.002647104007295344
 0.05722587237936098
 0.05722587237936098
 0.000135508230653845
 0.002647104007295344
 1.475311782968518e-05
 1.261121489917339e-07
 8.56933656093052e-06
 7.540260846734756e-05
 0.002647104007295344
 0.002647104007295344
 0.05722587237936098
 0.05722587237936098
 0.003387355076220494
 0.002647104007295344
 1.475311782968518e-05
 1.261121489917339e-07
 8.56933656093052e-06
 7.540260846734756e-05
 0.002647104007295344
 0.002647104007295344
 0.05722587237936098
 0.05722587237936098
 0.003387355076220494
 0.002647104007295344
 7.540260846734756e-05
 1.261121489917339e-07
 8.56933656093052e-06
 7.540260846734756e-05
 0.002647104007295344
 0.002647104007295344
 0.05722587237936098
 0.05722587237936098
 0.003387355076220494
 0.002647104007295344
 1.545922983641692e-05
 1.261121489917339e-07
 8.56933656093052e-06
 7.540260846734756e-05
 0.002647104007295344
 0.002647104007295344
 0.05722587237936098
 0.05722587237936098
 0.003387355076220494
 0.002647104007295344
 1.545922983641692e-05
 1.261121489917339e-07
 8.56933656093052e-06
 0.05722587237936098
 0.002647104007295344
 0.002647104007295344
 0.05722587237936098
 0.05722587237936098
 0.003387355076220494
 0.002647104007295344
 1.59876173319703e-05
 1.282277753190742e-05
 8.56933656093052e-06
 0.05722587237936098
 0.002647104007295344
 0.002647104007295344
 0.05722587237936098
 0.05722587237936098
 0.003387355076220494
 0.002647104007295344
 1.545922983641692e-05
 1.282277753190742e-05
 8.56933656093052e-06
 0.05722587237936098
 0.002647104007295344
 0.002647104007295344
 0.05722587237936098
 0.05722587237936098
 0.003387355076220494
 0.002647104007295344
 1.545922983641692e-05
 1.282277753190742e-05
 8.56933656093052e-06
 0.05722587237936098
 0.002647104007295344
 0.002647104007295344
 0.05722587237936098
 0.05722587237936098
 0.003387355076220494
 0.002647104007295344
 1.545922983641692e-05
 1.282277753190742e-05
 8.56933656093052e-06
 0.05722587237936098
 0.002647104007295344
 0.002647104007295344
 0.05722587237936098
 0.05722587237936098
 0.003387355076220494
 0.002647104007295344
 1.545922983641692e-05
 1.282277753190742e-05
 8.56933656093052e-06
 0.05722587237936098
 0.002647104007295344
 0.002647104007295344
 0.05722587237936098
 0.05722587237936098
 0.003387355076220494
 0.002647104007295344
 1.545922983641692e-05
 1.282277753190742e-05
 8.56933656093052e-06
 0.05722587237936098
 0.002647104007295344
 0.002647104007295344
 0.05722587237936098
 0.05722587237936098
 0.003387355076220494
 0.002647104007295344
 1.545922983641692e-05
 1.282277753190742e-05
 8.56933656093052e-06
 0.05722587237936098
 0.002647104007295344
 0.002647104007295344
 0.05722587237936098
 0.05722587237936098
 0.003387355076220494
 0.002647104007295344
 1.545922983641692e-05
 1.282277753190742e-05
 8.56933656093052e-06
 0.05722587237936098
 0.002647104007295344
 0.002647104007295344
 0.05722587237936098
 0.05722587237936098
 0.003387355076220494
 0.002647104007295344
 1.545922983641692e-05
 1.282277753190742e-05
 8.56933656093052e-06
 0.05722587237936098
 0.002647104007295344
 0.002647104007295344
 0.05722587237936098
 0.05722587237936098
 0.003387355076220494
 0.002647104007295344
 0.003387355076220494
 1.282277753190742e-05
 8.56933656093052e-06
 0.05722587237936098
 0.002647104007295344
 0.002647104007295344
 0.05722587237936098
 0.05722587237936098
 0.003387355076220494
 0.002647104007295344
 0.003387355076220494
 1.282277753190742e-05
 8.56933656093052e-06
 0.05722587237936098
 0.002647104007295344
 0.002647104007295344
 0.05722587237936098
 0.05722587237936098
 0.003387355076220494
 0.002647104007295344
 0.003387355076220494
 1.282277753190742e-05
 8.56933656093052e-06
 0.05722587237936098
 0.002647104007295344
 0.002647104007295344
 0.05722587237936098
 0.05722587237936098
 0.003387355076220494
 0.002647104007295344
 0.003387355076220494
 1.282277753190742e-05
 8.56933656093052e-06
 0.05722587237936098
 0.002647104007295344
 0.002647104007295344
 0.05722587237936098
 0.05722587237936098
 0.003387355076220494
 0.002647104007295344
 0.003387355076220494
 1.282277753190742e-05
 8.56933656093052e-06
 0.05722587237936098
 0.002647104007295344
 0.002647104007295344
 0.05722587237936098
 0.05722587237936098
 0.003387355076220494
 0.002647104007295344
 0.003387355076220494
 1.282277753190742e-05
 8.56933656093052e-06
 0.05722587237936098
 0.002647104007295344
 0.002647104007295344
 0.05722587237936098
 0.05722587237936098
 0.003387355076220494
