# Created by Octave 3.2.4, Wed Feb 06 20:45:45 2013 EST <rbom@zaphod>
# name: small_First_Fit
# type: matrix
# ndims: 3
 1 10 30
 3.00028752502631e-12
 1.85639738664522e-13
 7.390904496776209e-12
 1.62949062550235e-09
 6.281018634622378e-12
 2.113303314872783e-13
 6.466275688454192e-10
 9.720209261948841e-11
 6.158553319109568e-12
 1.510347434923018e-13
 3.066417375608402e-09
 1.378401814201267e-10
 4.813798472178216e-09
 1.408999947805388e-08
 6.281018634622378e-12
 1.734806861507475e-10
 3.507165320644093e-08
 7.453036185434119e-10
 6.818091713267709e-10
 5.613122993760605e-08
 9.449305736315696e-08
 2.966227220756427e-08
 3.496404704469673e-06
 3.442562918624213e-08
 5.106501164694542e-09
 1.732734709183747e-07
 5.436843750733523e-07
 9.720209261948841e-11
 3.999168527142636e-07
 3.871812362370526e-07
 0.0001529279618406492
 5.067399999387493e-08
 4.250526935200357e-06
 5.332782194370707e-06
 5.151102037288851e-07
 6.127141798739683e-05
 5.436843750733523e-07
 9.720209261948841e-11
 3.438581657257505e-05
 8.413798713589487e-07
 0.0007245689530168842
 8.326063933782633e-06
 1.557177105772704e-05
 0.0001332800211795984
 3.708131476509611e-05
 6.127141798739683e-05
 2.450963267953903e-06
 4.748789114297894e-10
 0.001591469825837325
 8.413798713589487e-07
 0.0007245689530168842
 8.326063933782633e-06
 0.0001354128269991348
 0.0001332800211795984
 0.001003377602183884
 6.127141798739683e-05
 2.450963267953903e-06
 4.748789114297894e-10
 0.001591469825837325
 2.42517548382527e-06
 0.0007245689530168842
 8.326063933782633e-06
 0.0003712557292765536
 0.0001332800211795984
 0.001003377602183884
 0.0001990396966624423
 0.004991135920447818
 1.772240454805036e-07
 0.001591469825837325
 2.42517548382527e-06
 0.002354281711417608
 8.326063933782633e-06
 0.0003712557292765536
 0.02284474979797893
 0.01178658829644281
 0.001277554089285138
 0.004991135920447818
 3.27887530240943e-06
 0.005877991217370745
 2.297199866751179e-06
 0.003066891034806218
 2.494929142088438e-05
 0.0003712557292765536
 0.0670873497609225
 0.01178658829644281
 0.00313614713790847
 0.0670873497609225
 9.765280104786258e-06
 0.005877991217370745
 0.001591469825837325
 0.02638661770711687
 0.0002311805485348535
 0.0003712557292765536
 0.0670873497609225
 0.01178658829644281
 0.00313614713790847
 0.0670873497609225
 0.0002660327974626334
 0.005877991217370745
 0.001762425763803854
 0.003066891034806218
 0.0006861081862272138
 0.0008069005294079801
 0.0670873497609225
 0.01178658829644281
 0.04227197422931864
 0.0670873497609225
 0.0002660327974626334
 0.005877991217370745
 0.005877991217370745
 0.007631123266476742
 0.001591469825837325
 0.0003712557292765536
 0.0670873497609225
 0.02284474979797893
 0.04227197422931864
 0.0670873497609225
 0.002088074791307733
 0.02638661770711687
 0.005877991217370745
 0.007631123266476742
 0.001591469825837325
 0.0008069005294079801
 0.0670873497609225
 0.02284474979797893
 0.04227197422931864
 0.0670873497609225
 0.002088074791307733
 0.02638661770711687
 0.02638661770711687
 0.007631123266476742
 0.001051932909534079
 0.0008069005294079801
 0.0670873497609225
 0.01178658829644281
 0.04227197422931864
 0.0670873497609225
 0.0002660327974626334
 0.02638661770711687
 0.02638661770711687
 0.007631123266476742
 0.001051932909534079
 0.0008069005294079801
 0.0670873497609225
 0.01178658829644281
 0.04227197422931864
 0.0670873497609225
 0.002088074791307733
 0.0670873497609225
 0.0670873497609225
 0.007631123266476742
 0.001051932909534079
 0.02284687580175357
 0
 0.01178658829644281
 0.04227197422931864
 0
 0.002088074791307733
 0.0670873497609225
 0.0670873497609225
 0.007631123266476742
 0.001051932909534079
 0.0670873497609225
 0
 0.02284474979797893
 0.04227197422931864
 0
 0.002088074791307733
 0.0670873497609225
 0.0670873497609225
 0.007631123266476742
 0.003034031583336292
 0.0670873497609225
 0
 0.01178658829644281
 0
 0
 0.0670873497609225
 0.0670873497609225
 0.0670873497609225
 0
 0.003034031583336292
 0.0670873497609225
 0
 0.02284474979797893
 0
 0
 0.0670873497609225
 0.0670873497609225
 0.0670873497609225
 0
 0.003034031583336292
 0.0670873497609225
 0
 0.01178658829644281
 0
 0
 0.0670873497609225
 0.0670873497609225
 0.0670873497609225
 0
 0.003034031583336292
 0.0670873497609225
 0
 0.01178658829644281
 0
 0
 0.0670873497609225
 0.0670873497609225
 0.0670873497609225
 0
 0.003034031583336292
 0.0670873497609225
 0
 0.01178658829644281
 0
 0
 0.0670873497609225
 0
 0
 0
 0.01170140838438715
 0.0670873497609225
 0
 0.01178658829644281
 0
 0
 0.0670873497609225
 0
 0
 0
 0.01170140838438715
 0
 0
 0.01178658829644281
 0
 0
 0.0670873497609225
 0
 0
 0
 0.0670873497609225
 0
 0
 0.01178658829644281
 0
 0
 0
 0
 0
 0
 0.0670873497609225
 0
 0
 0
 0
 0
 0
 0
 0
 0
 0.0670873497609225
 0
 0
 0
 0
 0
 0
 0
 0
 0
 0.0670873497609225
 0
 0
 0
 0
 0
 0
 0
 0
 0
 0.0670873497609225
 0
 0
 0
 0
 0
 0
 0
 0
 0
 0.0670873497609225
 0
 0
 0
 0
 0
 0
 0
 0
