# Created by Octave 3.2.4, Wed Feb 06 11:54:07 2013 EST <rbom@zaphod>
# name: small_First_Fit
# type: matrix
# ndims: 3
 1 10 30
 6.581588758724679e-08
 1.599425894248649e-05
 2.056075462810635e-09
 6.95744176360259e-11
 1.666738103104081e-09
 2.603563184441215e-08
 4.76785195581301e-12
 1.214775854479068e-11
 1.342850996550207e-08
 9.125923903866032e-12
 6.581588758724679e-08
 1.599425894248649e-05
 2.056075462810635e-09
 2.944457146776368e-08
 1.634569762558543e-07
 9.351501828151828e-07
 2.221202620563548e-08
 1.393199658226252e-09
 8.309622784163203e-06
 2.488581380448417e-09
 1.368478748389163e-06
 1.599425894248649e-05
 3.947237182177827e-07
 2.944457146776368e-08
 8.705203547359727e-07
 3.735923118313746e-06
 5.050854334253304e-08
 3.807343416937346e-07
 0.0001833720500952612
 9.37433778788485e-08
 1.368478748389163e-06
 0.000390994938427454
 1.053063863912687e-05
 2.944457146776368e-08
 3.420355758418072e-06
 1.740934926830015e-05
 8.222734923967844e-08
 1.113927814332595e-05
 0.0006577200631385543
 9.37433778788485e-08
 0.000266482313169999
 0.000390994938427454
 3.82735771075055e-05
 1.434807398437358e-07
 2.336523449256059e-05
 4.153140194067092e-05
 9.703203823155387e-08
 0.0002459436955592241
 0.0006577200631385543
 2.269847331870792e-06
 0.001121008573747553
 0.007163696285936006
 0.000448991426407193
 2.944457146776368e-08
 8.173682811562525e-05
 8.253006756679085e-05
 5.424488916734286e-07
 0.006021114329326745
 0.002512406157606035
 0.0002899804412458981
 0.000266482313169999
 0.007163696285936006
 0.000448991426407193
 4.177579496094166e-06
 0.0001844296422530906
 0.0002317345652714483
 2.337087189136316e-06
 0.006021114329326745
 0.002512406157606035
 0.0002899804412458981
 0.001552048340901406
 0.007163696285936006
 0.0007359686110536433
 4.177579496094166e-06
 0.001086245673734539
 0.0002317345652714483
 0.0009684318203645155
 0.00848526380319344
 0.008722640762086018
 0.00145382506411698
 0.005475614406544842
 0.007163696285936006
 0.000448991426407193
 4.177579496094166e-06
 0.001908775275184663
 0.0002317345652714483
 0.001847649362633692
 0.00848526380319344
 0.02262373511683321
 0.007163696285936006
 0.005475614406544842
 0.007163696285936006
 0.000448991426407193
 0.0001535601147037442
 0.001908775275184663
 0.0001020453091886415
 0.0009684318203645155
 0.00848526380319344
 0.02262373511683321
 0.03121871856135866
 0.005475614406544842
 0.03121871856135866
 0.000448991426407193
 0.0001535601147037442
 0.003072182685772913
 0.001315978193417609
 0.001847649362633692
 0.00848526380319344
 0.02262373511683321
 0.03121871856135866
 0.01568429481989994
 0.03121871856135866
 0.000448991426407193
 0.0006850266872602396
 0.005372814242977032
 0.001315978193417609
 0.0009684318203645155
 0.00848526380319344
 0.02262373511683321
 0.03121871856135866
 0.01568429481989994
 0.03121871856135866
 0.01334539935875681
 0.0006850266872602396
 0.01568429481989994
 0.001624231538290796
 0.0009684318203645155
 0.00848526380319344
 0.02262373511683321
 0.03121871856135866
 0.008445980654526312
 0.03121871856135866
 0.01334539935875681
 0.0006850266872602396
 0.01568429481989994
 0.001315978193417609
 0.0009684318203645155
 0.00848526380319344
 0.02262373511683321
 0.03121871856135866
 0.01568429481989994
 0.03121871856135866
 0.01334539935875681
 0.0006850266872602396
 0.01696666460983236
 0.001767919295814609
 0.01507830767557638
 0
 0.02262373511683321
 0.03121871856135866
 0.01568429481989994
 0.03121871856135866
 0.01334539935875681
 0.0006850266872602396
 0.01568429481989994
 0.001505992711815104
 0.01507830767557638
 0
 0
 0.03121871856135866
 0.01568429481989994
 0.03121871856135866
 0.01334539935875681
 0.0006850266872602396
 0.02661667776887286
 0.001624231538290796
 0.01507830767557638
 0
 0
 0
 0.01568429481989994
 0
 0.01334539935875681
 0.0006850266872602396
 0.01568429481989994
 0.001505992711815104
 0.01507830767557638
 0
 0
 0
 0.01568429481989994
 0
 0.01334539935875681
 0
 0.01568429481989994
 0.001767919295814609
 0.01507830767557638
 0
 0
 0
 0.01568429481989994
 0
 0
 0
 0.01568429481989994
 0.001767919295814609
 0.02292016768891409
 0
 0
 0
 0.02661667776887286
 0
 0
 0
 0.01696666460983236
 0.001767919295814609
 0.01507830767557638
 0
 0
 0
 0.01568429481989994
 0
 0
 0
 0.01568429481989994
 0.001767919295814609
 0.01507830767557638
 0
 0
 0
 0.01568429481989994
 0
 0
 0
 0.01696666460983236
 0.001767919295814609
 0.02292016768891409
 0
 0
 0
 0.01696666460983236
 0
 0
 0
 0.01696666460983236
 0.001767919295814609
 0.02292016768891409
 0
 0
 0
 0.01568429481989994
 0
 0
 0
 0.01568429481989994
 0.01568429481989994
 0.01507830767557638
 0
 0
 0
 0.01568429481989994
 0
 0
 0
 0.01568429481989994
 0.03121871856135866
 0.02134780370786469
 0
 0
 0
 0.02661667776887286
 0
 0
 0
 0.02661667776887286
 0.03121871856135866
 0.01507830767557638
 0
 0
 0
 0.02661667776887286
 0
 0
 0
 0.01568429481989994
 0.03121871856135866
 0.02134780370786469
 0
 0
 0
 0.02661667776887286
 0
 0
 0
 0.01568429481989994
 0.03121871856135866
 0.02134780370786469
 0
 0
 0
 0.02661667776887286
 0
 0
 0
 0.01568429481989994
 0.03121871856135866
 0.02134780370786469
 0
 0
 0
