# Created by Octave 3.2.4, Mon Feb 04 15:43:47 2013 EST <rbom@zaphod>
# name: small_First_Fit
# type: matrix
# ndims: 3
 1 10 30
 3.27925188169726e-17
 3.828248978003883e-15
 7.998347500696798e-16
 3.387350344224415e-15
 3.776938779856712e-14
 8.353938798463344e-14
 9.934819337776643e-15
 6.02343188241455e-18
 8.993012545473606e-18
 6.307981393330989e-11
 1.190597169684801e-14
 3.672167980701735e-12
 1.598180049360688e-13
 1.190821545449489e-11
 3.252946372174329e-11
 8.211666466402522e-12
 2.730088756708596e-13
 7.825592225149775e-13
 3.955632490881083e-14
 8.914106657655857e-10
 1.073558176917098e-12
 6.910139323022596e-09
 1.514245226992003e-10
 5.002450224071966e-09
 1.191991406590181e-08
 1.086097233880251e-10
 2.730088756708596e-13
 2.302332291792708e-11
 2.824100900875648e-11
 8.914106657655857e-10
 4.156381362122692e-09
 9.478375663119057e-06
 1.673685510397064e-08
 2.689813766585754e-06
 1.532973674234315e-07
 1.019423966306738e-08
 9.56179736048717e-11
 2.302332291792708e-11
 1.579930117189774e-09
 2.171580469718988e-08
 9.524357950608842e-08
 3.728318813494407e-05
 4.365656444277256e-07
 3.728318813494407e-05
 1.532973674234315e-07
 1.019423966306738e-08
 9.795059192808091e-10
 2.302332291792708e-11
 1.579930117189774e-09
 5.976205889082061e-07
 1.598215134816091e-06
 3.728318813494407e-05
 4.57306264178473e-07
 3.728318813494407e-05
 1.532973674234315e-07
 5.551221643272022e-07
 9.795059192808091e-10
 4.349637875276653e-09
 1.579930117189774e-09
 7.706844780479135e-06
 0.0001123835563030588
 3.728318813494407e-05
 1.154266227440147e-05
 3.728318813494407e-05
 9.375213847746373e-05
 5.551221643272022e-07
 6.892596329415304e-07
 1.068212692681868e-07
 2.77207320279993e-08
 7.706844780479135e-06
 0.0001771441702180075
 3.728318813494407e-05
 0.000139494835373618
 3.728318813494407e-05
 9.375213847746373e-05
 0.0001493694223157631
 6.892596329415304e-07
 3.402834565740311e-07
 3.260318411329774e-07
 7.706844780479135e-06
 0.001024475301714069
 3.728318813494407e-05
 0.001770879064826989
 3.728318813494407e-05
 9.375213847746373e-05
 0.0001493694223157631
 6.892596329415304e-07
 5.935054223721956e-06
 0.0001109333434499692
 7.706844780479135e-06
 0.001024475301714069
 0.001024475301714069
 0.000139494835373618
 3.728318813494407e-05
 9.375213847746373e-05
 0.0001493694223157631
 3.718038504879323e-05
 5.935054223721956e-06
 0.0001109333434499692
 7.706844780479135e-06
 0.001024475301714069
 0.001024475301714069
 0.001770879064826989
 3.728318813494407e-05
 0.001024475301714069
 0.0001493694223157631
 3.718038504879323e-05
 0.0001109333434499692
 0.0001109333434499692
 7.706844780479135e-06
 0.001024475301714069
 0.001024475301714069
 0.001770879064826989
 0
 0.001024475301714069
 0.0001493694223157631
 3.718038504879323e-05
 0.0004248426597432654
 0.0001109333434499692
 7.706844780479135e-06
 0.001024475301714069
 0.001024475301714069
 0.001770879064826989
 0
 0.001024475301714069
 0.0001493694223157631
 3.718038504879323e-05
 0.001770879064826989
 0.0001109333434499692
 0
 0.001024475301714069
 0.001024475301714069
 0.001770879064826989
 0
 0.001024475301714069
 0.0001493694223157631
 3.718038504879323e-05
 0.001770879064826989
 0.0001109333434499692
 0
 0.001024475301714069
 0.001024475301714069
 0.001770879064826989
 0
 0.001024475301714069
 0
 3.718038504879323e-05
 0.001770879064826989
 0.0001109333434499692
 0
 0
 0.001024475301714069
 0.001770879064826989
 0
 0.001024475301714069
 0
 3.718038504879323e-05
 0.001770879064826989
 0
 0
 0
 0
 0.001770879064826989
 0
 0.001024475301714069
 0
 0
 0.001770879064826989
 0
 0
 0
 0
 0
 0
 0
 0
 0
 0.001770879064826989
 0
 0
 0
 0
 0
 0
 0
 0
 0
 0.001770879064826989
 0
 0
 0
 0
 0
 0
 0
 0
 0
 0
 0
 0
 0
 0
 0
 0
 0
 0
 0
 0
 0
 0
 0
 0
 0
 0
 0
 0
 0
 0
 0
 0
 0
 0
 0
 0
 0
 0
 0
 0
 0
 0
 0
 0
 0
 0
 0
 0
 0
 0
 0
 0
 0
 0
 0
 0
 0
 0
 0
 0
 0
 0
 0
 0
 0
 0
 0
 0
 0
 0
 0
 0
 0
 0
 0
 0
 0
 0
 0
 0
 0
 0
 0
 0
 0
 0
 0
 0
 0
 0
 0
 0
 0
 0
 0
 0
 0
 0
 0
 0
 0
 0
 0
 0
 0
 0
 0
 0
 0
 0
 0
 0
