# Created by Octave 3.2.4, Tue Feb 05 17:58:57 2013 EST <rbom@zaphod>
# name: small_First_Fit
# type: matrix
# ndims: 3
 1 10 30
 5.111873197164248e-12
 3.545064566951124e-12
 1.445198504060212e-12
 5.70854984028275e-09
 5.16729365582537e-12
 4.476705699115248e-13
 2.179948235056679e-14
 1.092763505983932e-12
 6.83352834862374e-14
 1.091493725029529e-13
 4.422426598982454e-11
 4.082960547565398e-09
 6.362768071161453e-11
 2.205190338539555e-07
 2.030775194851921e-10
 1.057568514880154e-09
 1.341180927162017e-09
 8.756289732184213e-08
 7.537265820762105e-08
 1.373699244557572e-11
 9.694816267751182e-09
 1.423712654114001e-07
 2.711109630906216e-10
 2.205190338539555e-07
 4.877418391507334e-10
 4.66034000412533e-08
 1.341180927162017e-09
 3.28407463807238e-07
 4.943335450505475e-07
 6.757653143096578e-10
 7.479841738278181e-08
 5.731418882206162e-07
 2.980066037433546e-07
 1.819483227332178e-05
 4.877418391507334e-10
 4.934522450412011e-08
 2.494884693919904e-09
 1.466238466015136e-05
 6.180848846125768e-07
 8.450749554948118e-09
 1.378559064358214e-05
 5.731418882206162e-07
 2.692199997649335e-05
 0.0001033335228482506
 1.873367771867581e-08
 7.785508564559651e-07
 1.295271135881945e-06
 1.466238466015136e-05
 6.180848846125768e-07
 8.370194512626428e-08
 0.0001046996020567312
 1.727790870546547e-05
 2.692199997649335e-05
 0.0003824280608100029
 9.459616813214587e-07
 7.785508564559651e-07
 6.901505262628812e-05
 4.944292003432981e-05
 4.943335450505475e-07
 2.647448464291461e-06
 0.0001747659736521242
 2.356911560428372e-05
 0.000724099785091954
 0.0001033335228482506
 9.459616813214587e-07
 0.00034580054978567
 6.901505262628812e-05
 4.944292003432981e-05
 4.943335450505475e-07
 4.247102458293505e-05
 0.0001747659736521242
 2.356911560428372e-05
 0.003030659172912641
 0.000482570210777614
 2.470247951206987e-05
 0.00034580054978567
 0.0001151733636630268
 4.944292003432981e-05
 9.579872819945731e-06
 0.0004701997574162054
 0.0003104377703229478
 0.0006147448626826891
 0.003030659172912641
 0.000482570210777614
 2.470247951206987e-05
 0.01145172302260849
 0.001533055635995174
 0.0003853442283968269
 0.0004348281858493618
 0.0004701997574162054
 0.0007992025098767219
 0.01238641267540624
 0.006230348157912877
 0.000482570210777614
 0.00100144163258214
 0.01145172302260849
 0.001533055635995174
 0.0003853442283968269
 0.006230348157912877
 0.0004701997574162054
 0.0007992025098767219
 0.01238641267540624
 0.006230348157912877
 0.000482570210777614
 0.00100144163258214
 0.01145172302260849
 0.00234022610286653
 0.0003977872515539849
 0.006230348157912877
 0.0004701997574162054
 0.0007992025098767219
 0.01238641267540624
 0.006230348157912877
 0.00234022610286653
 0.001423365288113286
 0.01145172302260849
 0.00234022610286653
 0.01145172302260849
 0.006230348157912877
 0.001333904599577808
 0.0007992025098767219
 0.01238641267540624
 0.006230348157912877
 0.000482570210777614
 0.00100144163258214
 0.01145172302260849
 0.00234022610286653
 0.01145172302260849
 0.006230348157912877
 0.001333904599577808
 0.0007992025098767219
 0.01238641267540624
 0.006230348157912877
 0.00234022610286653
 0.001250574110636803
 0.01145172302260849
 0.00234022610286653
 0.01145172302260849
 0.006230348157912877
 0.001333904599577808
 0.0007992025098767219
 0.01238641267540624
 0.006230348157912877
 0.00234022610286653
 0.001423365288113286
 0.01145172302260849
 0.01381597350451696
 0.01145172302260849
 0.006230348157912877
 0.001333904599577808
 0.0007992025098767219
 0.01238641267540624
 0.006230348157912877
 0.00234022610286653
 0.001423365288113286
 0
 0.01381597350451696
 0.01145172302260849
 0.006230348157912877
 0.001333904599577808
 0
 0
 0
 0.00234022610286653
 0.001423365288113286
 0
 0.01381597350451696
 0.01145172302260849
 0
 0.001333904599577808
 0
 0
 0
 0.00234022610286653
 0.009838562185473859
 0
 0.01381597350451696
 0.01145172302260849
 0
 0.002500144273927586
 0
 0
 0
 0.00234022610286653
 0.009838562185473859
 0
 0.01381597350451696
 0
 0
 0.001333904599577808
 0
 0
 0
 0.00234022610286653
 0.009838562185473859
 0
 0.01381597350451696
 0
 0
 0.001333904599577808
 0
 0
 0
 0
 0.009838562185473859
 0
 0.01381597350451696
 0
 0
 0.006230348157912877
 0
 0
 0
 0
 0.009838562185473859
 0
 0
 0
 0
 0.001333904599577808
 0
 0
 0
 0
 0.009838562185473859
 0
 0
 0
 0
 0.001333904599577808
 0
 0
 0
 0
 0.009838562185473859
 0
 0
 0
 0
 0.001333904599577808
 0
 0
 0
 0
 0
 0
 0
 0
 0
 0.001333904599577808
 0
 0
 0
 0
 0
 0
 0
 0
 0
 0.001333904599577808
 0
 0
 0
 0
 0
 0
 0
 0
 0
 0.001333904599577808
 0
 0
 0
 0
 0
 0
 0
 0
 0
 0
 0
 0
 0
 0
 0
 0
 0
 0
 0
 0
 0
 0
 0
 0
 0
 0
 0
 0
 0
 0
