# Created by Octave 3.2.4, Wed Feb 06 06:05:22 2013 EST <rbom@zaphod>
# name: small_First_Fit
# type: matrix
# ndims: 3
 1 10 30
 4.620514013816381e-17
 1.479465244914576e-15
 1.332882333895636e-16
 2.368566327672927e-13
 9.805483644828127e-15
 2.305637316533294e-17
 6.967035773316081e-07
 1.95838887645893e-17
 4.539444360673402e-12
 1.363854376477816e-12
 1.297063205505795e-11
 1.052479119499572e-14
 1.348895173009193e-11
 2.106615147187568e-08
 4.492245277557561e-10
 8.701835748520371e-15
 0.000154559904984702
 2.904128589376085e-13
 1.341390238593458e-10
 9.241942429185824e-11
 1.067683558005067e-06
 5.054954322809251e-12
 1.172874950412857e-09
 3.70857444437444e-06
 3.455085148298585e-08
 2.099353511588484e-12
 0.000154559904984702
 2.01219172956671e-11
 7.631155780079142e-08
 1.543528388594976e-06
 5.270449243738428e-06
 2.49892028064044e-10
 4.578720736874896e-09
 0.0004670259787938214
 4.613458607164244e-08
 6.635429272466947e-11
 0.000154559904984702
 2.01219172956671e-11
 7.985278546898161e-07
 0.0001742849590425245
 0.000596940998011867
 3.64728529208443e-10
 1.033710030603513e-06
 0.0004670259787938214
 2.50807935740771e-06
 2.043579996131941e-09
 0.000154559904984702
 3.574694183551128e-09
 6.9562272706632e-06
 0.0001742849590425245
 0.000596940998011867
 1.787513361209156e-08
 1.033710030603513e-06
 0.02056113009026806
 2.50807935740771e-06
 1.092418418762715e-07
 0.000154559904984702
 3.574694183551128e-09
 6.9562272706632e-06
 0.0004877407531807124
 0.0008032521527507316
 5.087786483173382e-08
 2.343987204986011e-06
 0.02056113009026806
 2.50807935740771e-06
 6.869371869291635e-06
 0.000154559904984702
 1.937400043158583e-07
 6.9562272706632e-06
 0.000971839356589163
 0.0008032521527507316
 5.087786483173382e-08
 2.343987204986011e-06
 0.02056113009026806
 2.50807935740771e-06
 6.869371869291635e-06
 0.000154559904984702
 4.628476835866073e-07
 5.447542373620462e-05
 0.000971839356589163
 0.0008032521527507316
 1.787513361209156e-08
 2.343987204986011e-06
 0.02056113009026806
 2.50807935740771e-06
 0.0001869694465600841
 0.000154559904984702
 4.628476835866073e-07
 5.447542373620462e-05
 0.000971839356589163
 0.0008032521527507316
 8.198928169541694e-07
 2.343987204986011e-06
 0.02056113009026806
 2.50807935740771e-06
 0.0009866791811642165
 0.000154559904984702
 1.937400043158583e-07
 0.000961935926593053
 0.000971839356589163
 0.0008032521527507316
 2.960424510908133e-05
 2.343987204986011e-06
 0.02056113009026806
 0.0008536785801099426
 0.02056113009026806
 0
 5.697833773013146e-07
 0.000961935926593053
 0.000971839356589163
 0.0008032521527507316
 2.960424510908133e-05
 0.000154559904984702
 0.02056113009026806
 0.0008536785801099426
 0.02056113009026806
 0
 2.487774878324843e-05
 0.000961935926593053
 0.0009866791811642165
 0.0008032521527507316
 2.960424510908133e-05
 0.005565366881387843
 0
 0.0008536785801099426
 0.02056113009026806
 0
 0.0009866791811642165
 0.000961935926593053
 0.001544046111397961
 0
 2.960424510908133e-05
 0.005565366881387843
 0
 0.0008536785801099426
 0.02056113009026806
 0
 0.0009866791811642165
 0.000961935926593053
 0.001544046111397961
 0
 2.960424510908133e-05
 0.005565366881387843
 0
 0.0008536785801099426
 0.02056113009026806
 0
 0.0009866791811642165
 0.000961935926593053
 0.001544046111397961
 0
 2.960424510908133e-05
 0.02056113009026806
 0
 0.0008536785801099426
 0.02056113009026806
 0
 0.0009866791811642165
 0.000961935926593053
 0.001544046111397961
 0
 2.960424510908133e-05
 0.02056113009026806
 0
 0.0008536785801099426
 0.02056113009026806
 0
 0.02056113009026806
 0
 0.001544046111397961
 0
 0
 0.02056113009026806
 0
 0
 0
 0
 0.02056113009026806
 0
 0.001544046111397961
 0
 0
 0.02056113009026806
 0
 0
 0
 0
 0.02056113009026806
 0
 0.001544046111397961
 0
 0
 0.02056113009026806
 0
 0
 0
 0
 0.02056113009026806
 0
 0
 0
 0
 0.02056113009026806
 0
 0
 0
 0
 0.02056113009026806
 0
 0
 0
 0
 0.02056113009026806
 0
 0
 0
 0
 0.02056113009026806
 0
 0
 0
 0
 0
 0
 0
 0
 0
 0.02056113009026806
 0
 0
 0
 0
 0
 0
 0
 0
 0
 0
 0
 0
 0
 0
 0
 0
 0
 0
 0
 0
 0
 0
 0
 0
 0
 0
 0
 0
 0
 0
 0
 0
 0
 0
 0
 0
 0
 0
 0
 0
 0
 0
 0
 0
 0
 0
 0
 0
 0
 0
 0
 0
 0
 0
 0
 0
 0
 0
 0
 0
 0
 0
 0
 0
 0
 0
 0
 0
 0
 0
 0
 0
