# Created by Octave 3.2.4, Wed Feb 06 21:27:48 2013 EST <rbom@zaphod>
# name: small_First_Fit
# type: matrix
# ndims: 3
 1 10 30
 3.634071399861944e-08
 4.255608451516827e-10
 2.318381343659091e-07
 9.711845677284171e-09
 6.6086296465591e-10
 6.161217988576145e-10
 1.775094156644873e-07
 7.409439246434112e-11
 1.360958261506902e-08
 3.068283336231502e-09
 2.031905051826319e-07
 4.255608451516827e-10
 1.71600594529139e-05
 5.889985662876209e-06
 3.174725083858159e-07
 1.563933332508788e-08
 2.54480047042482e-06
 7.553327220093168e-07
 5.786644321632973e-06
 3.829137895633238e-06
 5.992983897432749e-05
 2.544713462157954e-08
 1.71600594529139e-05
 6.721923441219318e-06
 6.109780984891921e-05
 7.628849203629973e-06
 1.293553248704522e-05
 6.487179484785008e-05
 0.0001063903773960132
 0.0002193742773814493
 0.00104638423282996
 1.468608322285318e-06
 3.647251586497608e-05
 0.0002682055878117949
 0.001152883550000387
 9.581797142469491e-05
 1.293553248704522e-05
 0.001380759934612381
 0.0001063903773960132
 0.001380759934612381
 0.01040192817626116
 3.340809213029423e-05
 0.0003475981089163384
 0.0002682055878117949
 0.006783145604337851
 9.581797142469491e-05
 0.0001590636158666758
 0.001902398686151245
 0.0001063903773960132
 0.001380759934612381
 0.02836544303168524
 0.0001046643809172262
 0.000518595566954086
 0.0004134466043733502
 0.006783145604337851
 0.0001569884140557748
 0.001635016675435321
 0.006801613021115292
 0.0001774558600282874
 0.001692224644034201
 0.0462122166071022
 0.0001098613995496722
 0.000518595566954086
 0.0004134466043733502
 0.006783145604337851
 0.0001569884140557748
 0.004111334705265516
 0.006801613021115292
 0.006668340197950332
 0.001380759934612381
 0.0462122166071022
 0.0001098613995496722
 0.002660819622050622
 0.005992786968847907
 0.006783145604337851
 9.581797142469491e-05
 0.004111334705265516
 0.006801613021115292
 0.006668340197950332
 0.001692224644034201
 0.0462122166071022
 0.0004774398613295011
 0.002660819622050622
 0.005992786968847907
 0.006783145604337851
 9.581797142469491e-05
 0.0320673227356321
 0.0320673227356321
 0.006668340197950332
 0.006801613021115292
 0.0462122166071022
 0.0007626424522665421
 0.002660819622050622
 0.005992786968847907
 0.006783145604337851
 0.0004819280692257099
 0.0320673227356321
 0.0320673227356321
 0.006668340197950332
 0.001692224644034201
 0.1004382780456044
 0.003499839464350244
 0.002660819622050622
 0.01079443768608111
 0.01929879571534135
 0.0004819280692257099
 0.04150496328113577
 0.0320673227356321
 0.006668340197950332
 0.001380759934612381
 0.1004382780456044
 0.003499839464350244
 0.002660819622050622
 0.005992786968847907
 0.006783145604337851
 0.0004819280692257099
 0.04150496328113577
 0.0320673227356321
 0.01079443768608111
 0.00207428733579421
 0.1004382780456044
 0.007912024241653232
 0.002660819622050622
 0.01079443768608111
 0.006783145604337851
 0.01127707610077566
 0.04150496328113577
 0.0320673227356321
 0.01079443768608111
 0.006801613021115292
 0.1004382780456044
 0.01079443768608111
 0.002660819622050622
 0.01067949125821339
 0.006783145604337851
 0.01127707610077566
 0.04150496328113577
 0.0320673227356321
 0.01079443768608111
 0.006801613021115292
 0.1004382780456044
 0.01079443768608111
 0
 0.01067949125821339
 0.006783145604337851
 0.04150496328113577
 0.04150496328113577
 0.04150496328113577
 0.01079443768608111
 0.03383832277117833
 0.1004382780456044
 0.01079443768608111
 0
 0.01929879571534135
 0.006783145604337851
 0.04150496328113577
 0.04150496328113577
 0.04150496328113577
 0.01079443768608111
 0.03383832277117833
 0.1004382780456044
 0.01079443768608111
 0
 0.01929879571534135
 0.006783145604337851
 0.1004382780456044
 0.1004382780456044
 0.04150496328113577
 0.01079443768608111
 0.03383832277117833
 0
 0.01079443768608111
 0
 0.01929879571534135
 0
 0.0462122166071022
 0.1004382780456044
 0.04150496328113577
 0.01079443768608111
 0.03383832277117833
 0
 0.01079443768608111
 0
 0.01929879571534135
 0
 0.07590501881917026
 0.1004382780456044
 0.04150496328113577
 0
 0.03383832277117833
 0
 0.01079443768608111
 0
 0.01952892126392783
 0
 0.1004382780456044
 0.1004382780456044
 0.04150496328113577
 0
 0.03383832277117833
 0
 0
 0
 0.07590501881917026
 0
 0.1004382780456044
 0.1004382780456044
 0.04150496328113577
 0
 0.03383832277117833
 0
 0
 0
 0.07590501881917026
 0
 0.1004382780456044
 0.1004382780456044
 0
 0
 0
 0
 0
 0
 0.07590501881917026
 0
 0.1004382780456044
 0.1004382780456044
 0
 0
 0
 0
 0
 0
 0.07590501881917026
 0
 0.1004382780456044
 0
 0
 0
 0
 0
 0
 0
 0.07590501881917026
 0
 0.1004382780456044
 0
 0
 0
 0
 0
 0
 0
 0.07590501881917026
 0
 0.1004382780456044
 0
 0
 0
 0
 0
 0
 0
 0.07590501881917026
 0
 0
 0
 0
 0
 0
 0
 0
 0
 0
 0
 0
 0
 0
 0
 0
 0
 0
 0
 0
 0
 0
 0
 0
 0
 0
 0
 0
 0
 0
 0
 0
 0
 0
 0
 0
