# Created by Octave 3.2.4, Mon Feb 04 16:11:03 2013 EST <rbom@zaphod>
# name: small_First_Fit
# type: matrix
# ndims: 3
 1 10 30
 2.471041165333738e-12
 4.910418449700437e-14
 6.456615064907902e-19
 1.683813040726314e-18
 1.899942390215731e-16
 1.004983555880412e-16
 1.012544020957211e-07
 7.762915140836466e-16
 3.140733812030919e-17
 1.150439452139489e-16
 3.401421095033509e-10
 1.725633207696755e-10
 7.312806305819015e-16
 2.142537202321493e-11
 2.225526494419042e-14
 5.494470519682276e-12
 8.014098658333153e-06
 2.819384868812837e-12
 5.748575797279437e-13
 1.150439452139489e-16
 1.914082336630901e-08
 1.794366549191608e-07
 3.666636439594026e-12
 2.142537202321493e-11
 1.515957236704506e-12
 7.949680669126388e-10
 4.800139860003046e-05
 1.049552322281219e-08
 5.087731880116358e-10
 6.763473091662765e-12
 9.032913358751071e-07
 2.232419837023711e-05
 5.379840014965589e-10
 2.874868458868025e-09
 1.515957236704506e-12
 2.288923984599573e-08
 4.800139860003046e-05
 7.207746703194122e-07
 5.087731880116358e-10
 7.21621068199193e-09
 1.291126991179921e-06
 2.232419837023711e-05
 2.202929988943791e-08
 1.274500059165392e-07
 1.515957236704506e-12
 5.459371606898657e-08
 4.800139860003046e-05
 3.178278843994673e-05
 5.087731880116358e-10
 7.21621068199193e-09
 2.370627269643354e-05
 0.0002262542206351968
 5.18492491215036e-07
 5.18492491215036e-07
 1.92002363935154e-09
 1.335485561757533e-07
 4.800139860003046e-05
 3.178278843994673e-05
 6.31466375091457e-08
 7.21621068199193e-09
 2.370627269643354e-05
 0.0002262542206351968
 5.18492491215036e-07
 2.771391800680741e-05
 3.962493085326551e-08
 1.335485561757533e-07
 0.004787929446869835
 3.178278843994673e-05
 1.8338356535878e-05
 2.254598946092564e-07
 2.370627269643354e-05
 0.0002262542206351968
 5.18492491215036e-07
 2.771391800680741e-05
 9.318044873223795e-07
 1.570591428292062e-07
 0.004787929446869835
 3.178278843994673e-05
 1.8338356535878e-05
 1.903541083044412e-06
 2.370627269643354e-05
 0.0002262542206351968
 5.18492491215036e-07
 2.771391800680741e-05
 1.453925949175536e-05
 1.078472361698088e-05
 0.004787929446869835
 3.178278843994673e-05
 1.8338356535878e-05
 9.17038517778772e-06
 2.370627269643354e-05
 0.0002262542206351968
 5.18492491215036e-07
 2.771391800680741e-05
 1.453925949175536e-05
 1.8338356535878e-05
 0.004787929446869835
 3.178278843994673e-05
 1.8338356535878e-05
 9.17038517778772e-06
 2.370627269643354e-05
 0.0002435470020327783
 2.771391800680741e-05
 2.771391800680741e-05
 1.453925949175536e-05
 1.078472361698088e-05
 0.004787929446869835
 3.178278843994673e-05
 1.8338356535878e-05
 9.126333982836974e-06
 2.370627269643354e-05
 0.0002262542206351968
 2.771391800680741e-05
 2.771391800680741e-05
 1.453925949175536e-05
 1.078472361698088e-05
 0.004787929446869835
 0
 1.8338356535878e-05
 9.128481734545285e-05
 0
 0.0002262542206351968
 2.771391800680741e-05
 2.771391800680741e-05
 1.453925949175536e-05
 1.078472361698088e-05
 0.004787929446869835
 0
 1.8338356535878e-05
 0.0004144376537162215
 0
 0.0002262542206351968
 2.771391800680741e-05
 0
 3.178278843994673e-05
 1.078472361698088e-05
 0
 0
 0
 0.0004144376537162215
 0
 0.0002262542206351968
 2.771391800680741e-05
 0
 3.178278843994673e-05
 1.078472361698088e-05
 0
 0
 0
 0.0004144376537162215
 0
 0.0002262542206351968
 2.771391800680741e-05
 0
 0.0003796490633624788
 1.078472361698088e-05
 0
 0
 0
 0.0004144376537162215
 0
 0.0002435470020327783
 2.771391800680741e-05
 0
 0.0003796490633624788
 0
 0
 0
 0
 0.0004144376537162215
 0
 0.0002262542206351968
 0
 0
 0.0003796490633624788
 0
 0
 0
 0
 0.0004144376537162215
 0
 0.0002262542206351968
 0
 0
 0.0003796490633624788
 0
 0
 0
 0
 0.0004144376537162215
 0
 0.0002435470020327783
 0
 0
 0.0003796490633624788
 0
 0
 0
 0
 0
 0
 0.0002262542206351968
 0
 0
 0.0003796490633624788
 0
 0
 0
 0
 0
 0
 0.0002262542206351968
 0
 0
 0.0003796490633624788
 0
 0
 0
 0
 0
 0
 0.0002262542206351968
 0
 0
 0
 0
 0
 0
 0
 0
 0
 0.0002262542206351968
 0
 0
 0
 0
 0
 0
 0
 0
 0
 0.0002262542206351968
 0
 0
 0
 0
 0
 0
 0
 0
 0
 0.0002262542206351968
 0
 0
 0
 0
 0
 0
 0
 0
 0
 0
 0
 0
 0
 0
 0
 0
 0
 0
 0
 0
 0
 0
 0
 0
 0
 0
 0
 0
 0
 0
 0
 0
 0
 0
 0
 0
 0
 0
 0
 0
 0
 0
 0
 0
 0
 0
 0
 0
