# Created by Octave 3.2.4, Mon Feb 04 07:12:24 2013 EST <rbom@zaphod>
# name: small_First_Fit
# type: matrix
# ndims: 3
 1 10 30
 1.856819717192494e-18
 2.118005481680754e-17
 1.535381068552198e-19
 7.085867246823071e-17
 1.903935067465103e-15
 8.151271004379174e-13
 2.554294079662778e-17
 1.404382706692694e-18
 4.670071515318827e-19
 1.184820546990193e-17
 6.922300796294201e-15
 4.30608803857701e-10
 2.863860443697811e-16
 5.658738594853923e-13
 3.37919422923997e-13
 1.243355457596471e-10
 9.092159605524519e-15
 5.807237425892166e-13
 2.629817164023121e-15
 7.589742939831892e-15
 1.865609537723651e-11
 4.354012075609665e-09
 7.809937375532816e-13
 2.916139709466379e-10
 1.478967966746038e-11
 5.903486313318496e-09
 5.630935996494298e-12
 5.807237425892166e-13
 4.42982685781484e-12
 1.059449813051282e-13
 1.865609537723651e-11
 4.354012075609665e-09
 1.151039229024373e-10
 1.166589262016138e-07
 2.221628586106867e-09
 5.903486313318496e-09
 2.102712241005805e-10
 1.639019479073426e-12
 2.280128345839887e-09
 6.676661948446708e-11
 2.279491383736374e-08
 1.313611624896475e-07
 1.151039229024373e-10
 1.618177569861452e-06
 2.221628586106867e-09
 1.150040459417246e-05
 2.102712241005805e-10
 1.639019479073426e-12
 1.622182897207543e-07
 1.120701761977374e-07
 4.255389664030094e-07
 1.91285876028431e-06
 4.328559432810396e-07
 4.879987418318069e-06
 6.855912377512973e-05
 0.0001657158215040284
 2.417414304560735e-08
 1.841154203013244e-11
 1.60524344994264e-05
 4.876953417380066e-06
 4.255389664030094e-07
 5.69159827919296e-05
 2.001522000528066e-05
 5.001252694279483e-05
 6.855912377512973e-05
 0.0001657158215040284
 3.548938728212876e-05
 1.674790309040554e-10
 0.0002190443534803243
 8.297020784785285e-05
 4.255389664030094e-07
 0.001659839215563634
 2.001522000528066e-05
 1.618177569861452e-06
 6.855912377512973e-05
 0.0001657158215040284
 3.548938728212876e-05
 2.497328816610329e-09
 0.001085124130199282
 0.0001657158215040284
 4.255389664030094e-07
 0.001659839215563634
 2.001522000528066e-05
 1.618177569861452e-06
 6.855912377512973e-05
 0.0001657158215040284
 3.548938728212876e-05
 2.497328816610329e-09
 0.001085124130199282
 0.0001657158215040284
 4.255389664030094e-07
 0.001659839215563634
 2.001522000528066e-05
 1.618177569861452e-06
 0.001659839215563634
 0.0001657158215040284
 3.548938728212876e-05
 2.497328816610329e-09
 0.001085124130199282
 0.0001657158215040284
 4.255389664030094e-07
 0.001659839215563634
 4.125649704168195e-05
 5.332315258697855e-06
 0.001659839215563634
 0.0001657158215040284
 3.548938728212876e-05
 2.497328816610329e-09
 0.001085124130199282
 0.0001657158215040284
 4.255389664030094e-07
 0.001659839215563634
 2.001522000528066e-05
 5.332315258697855e-06
 0.001659839215563634
 0.0001657158215040284
 0.0001806834110560882
 4.511426537215101e-06
 0.001085124130199282
 0.0001657158215040284
 4.255389664030094e-07
 0.001659839215563634
 2.001522000528066e-05
 5.332315258697855e-06
 0.001659839215563634
 0.009505470319390804
 0.0001806834110560882
 4.511426537215101e-06
 0.001085124130199282
 0.0001657158215040284
 4.255389664030094e-07
 0.001659839215563634
 2.001522000528066e-05
 5.332315258697855e-06
 0.001659839215563634
 0.009505470319390804
 0.0001806834110560882
 4.511426537215101e-06
 0.001085124130199282
 0.0001657158215040284
 4.255389664030094e-07
 0.001659839215563634
 2.001522000528066e-05
 5.332315258697855e-06
 0.001659839215563634
 0.009505470319390804
 0.0001806834110560882
 4.511426537215101e-06
 0.001085124130199282
 0.0001657158215040284
 4.255389664030094e-07
 0.001659839215563634
 2.001522000528066e-05
 5.332315258697855e-06
 0.001659839215563634
 0.009505470319390804
 0.0001806834110560882
 4.511426537215101e-06
 0.001085124130199282
 0.0001657158215040284
 4.255389664030094e-07
 0.001659839215563634
 2.001522000528066e-05
 5.001252694279483e-05
 0.001659839215563634
 0.009505470319390804
 0.0001806834110560882
 4.511426537215101e-06
 0.009505470319390804
 0.0001657158215040284
 4.255389664030094e-07
 0.001659839215563634
 4.125649704168195e-05
 5.001252694279483e-05
 0.001659839215563634
 0.009505470319390804
 0.0001806834110560882
 4.511426537215101e-06
 0.001085124130199282
 0.0001657158215040284
 4.255389664030094e-07
 0.001659839215563634
 4.125649704168195e-05
 5.001252694279483e-05
 0.001659839215563634
 0.009505470319390804
 0.0001806834110560882
 4.511426537215101e-06
 0.001085124130199282
 0.0001657158215040284
 4.255389664030094e-07
 0.001659839215563634
 4.125649704168195e-05
 5.001252694279483e-05
 0.001659839215563634
 0.009505470319390804
 0.0001806834110560882
 4.511426537215101e-06
 0.001085124130199282
 0.0001657158215040284
 4.255389664030094e-07
 0.001659839215563634
 4.125649704168195e-05
 5.001252694279483e-05
 0.001659839215563634
 0.009505470319390804
 0.0001806834110560882
 4.511426537215101e-06
 0.001085124130199282
 0.0001657158215040284
 4.255389664030094e-07
 0.001659839215563634
 0.0002033051431796215
 5.001252694279483e-05
 0.001659839215563634
 0.009505470319390804
 0.0001806834110560882
 4.511426537215101e-06
 0.001085124130199282
 0.0001657158215040284
 4.255389664030094e-07
 0.001659839215563634
 0.0002033051431796215
 5.001252694279483e-05
 0.001659839215563634
 0.009505470319390804
 0.0001806834110560882
 4.511426537215101e-06
 0.001085124130199282
 0.0001657158215040284
 4.255389664030094e-07
 0.001659839215563634
 0.0002033051431796215
 5.001252694279483e-05
 0.001659839215563634
 0.009505470319390804
 0.0001806834110560882
 4.511426537215101e-06
 0.009505470319390804
 0.0001657158215040284
 4.255389664030094e-07
 0.001659839215563634
 0.0002033051431796215
 5.001252694279483e-05
 0.001659839215563634
 0.009505470319390804
 0.0001806834110560882
 4.511426537215101e-06
 0.009505470319390804
 0.0001657158215040284
 4.255389664030094e-07
 0.001659839215563634
 0.0002033051431796215
 5.001252694279483e-05
 0.001659839215563634
 0.009505470319390804
 0.0001806834110560882
 4.511426537215101e-06
 0.009505470319390804
 0.0001657158215040284
 6.230122670160443e-06
 0.001659839215563634
 0.0002033051431796215
 5.001252694279483e-05
 0.001659839215563634
 0.009505470319390804
 0.0001806834110560882
 4.511426537215101e-06
 0.009505470319390804
 0.0001657158215040284
 6.230122670160443e-06
 0.001659839215563634
 0.0002033051431796215
 5.001252694279483e-05
 0.001659839215563634
 0.009505470319390804
 0.0001806834110560882
 0.009505470319390804
 0.009505470319390804
 0.0001657158215040284
 6.230122670160443e-06
 0.001659839215563634
 0.0002033051431796215
 5.001252694279483e-05
 0.001659839215563634
 0.009505470319390804
 0.0001806834110560882
 0.009505470319390804
 0.009505470319390804
 0.009505470319390804
 0.009505470319390804
 0.001659839215563634
 0.0002033051431796215
 5.001252694279483e-05
 0.001659839215563634
 0.009505470319390804
 0.0001806834110560882
 0.009505470319390804
 0.009505470319390804
 0.009505470319390804
