# Created by Octave 3.2.4, Mon Feb 04 02:46:58 2013 EST <rbom@zaphod>
# name: small_First_Fit
# type: matrix
# ndims: 3
 1 10 30
 4.270268070610005e-21
 2.365669598919613e-14
 2.464494826583766e-19
 1.066224201379276e-17
 1.704516317756742e-20
 4.987646437083963e-16
 8.568066107341968e-19
 1.587241290527278e-15
 2.848939176869582e-19
 4.201708346173312e-15
 1.506677479898266e-17
 2.625320367116515e-12
 3.915473392492594e-15
 1.592460852000859e-14
 4.085622065875008e-17
 3.863859115558074e-13
 1.244796772844031e-15
 4.185281163958457e-09
 2.172568312489113e-13
 1.428801034926581e-11
 1.550757411028995e-14
 2.625320367116515e-12
 2.897190460487069e-11
 4.915708425501062e-13
 6.609932367744605e-16
 1.319508697421699e-09
 1.267888267311636e-13
 1.085683163629177e-05
 5.087625419431759e-13
 5.887011703826489e-10
 1.005532977558328e-11
 6.259515257709923e-09
 6.679312323212244e-10
 1.757627833381524e-11
 1.516159339349301e-13
 0.0002848013854336851
 7.561764684348175e-11
 1.085683163629177e-05
 7.488857253387314e-10
 5.887011703826489e-10
 1.005532977558328e-11
 1.816786071325282e-06
 6.679312323212244e-10
 1.294939003000202e-08
 4.955473565669212e-09
 0.0002848013854336851
 7.561764684348175e-11
 1.085683163629177e-05
 7.488857253387314e-10
 5.887011703826489e-10
 9.373360889672681e-10
 0.0001498520270807561
 1.362391452151736e-07
 1.286002697620229e-06
 2.199171190326316e-08
 0.0002848013854336851
 2.668955744154255e-07
 1.085683163629177e-05
 7.488857253387314e-10
 1.633405865829885e-09
 9.373360889672681e-10
 0.0001498520270807561
 1.362391452151736e-07
 1.675202395256672e-05
 2.199171190326316e-08
 0.0002848013854336851
 2.230089711048018e-05
 1.085683163629177e-05
 2.320222079816461e-06
 1.633405865829885e-09
 1.255625083077408e-07
 0.0001498520270807561
 4.540855845145226e-05
 0.000107048203508796
 5.455237507926147e-08
 0.0002848013854336851
 0.006901483568520002
 1.085683163629177e-05
 0.0002887910836192196
 1.633405865829885e-09
 1.255625083077408e-07
 0.0001498520270807561
 4.540855845145226e-05
 0.0004345025585855538
 2.199171190326316e-08
 0.001179224620116314
 0.03545537524495548
 1.085683163629177e-05
 0.0002887910836192196
 1.633405865829885e-09
 1.47688323057536e-07
 0.0001498520270807561
 4.540855845145226e-05
 0.03545537524495548
 2.199171190326316e-08
 0.001179224620116314
 0.03545537524495548
 1.085683163629177e-05
 0.03545537524495548
 8.416881630561627e-07
 1.47688323057536e-07
 0.0001498520270807561
 4.540855845145226e-05
 0.03545537524495548
 2.199171190326316e-08
 0.001179224620116314
 0.03545537524495548
 1.085683163629177e-05
 0.03545537524495548
 0.0002429485046096613
 1.47688323057536e-07
 0.0001498520270807561
 0.0001534228811902604
 0.03545537524495548
 5.455237507926147e-08
 0.001179224620116314
 0.03545537524495548
 1.085683163629177e-05
 0.03545537524495548
 0.0002429485046096613
 1.255625083077408e-07
 0.0001498520270807561
 0.0001534228811902604
 0.03545537524495548
 5.455237507926147e-08
 0.001179224620116314
 0.03545537524495548
 1.085683163629177e-05
 0.03545537524495548
 0.03545537524495548
 1.255625083077408e-07
 0.0001498520270807561
 0.03545537524495548
 0.03545537524495548
 5.455237507926147e-08
 0.001179224620116314
 0.03545537524495548
 1.085683163629177e-05
 0.03545537524495548
 0.03545537524495548
 1.255625083077408e-07
 0.0001498520270807561
 0.03545537524495548
 0.03545537524495548
 0.006966464732109075
 0.001179224620116314
 0.03545537524495548
 1.085683163629177e-05
 0.03545537524495548
 0.03545537524495548
 9.826068653667929e-07
 0.0001498520270807561
 0.03545537524495548
 0.03545537524495548
 0.006966464732109075
 0.001381428403094649
 0.03545537524495548
 1.085683163629177e-05
 0.03545537524495548
 0.03545537524495548
 9.826068653667929e-07
 0.0001498520270807561
 0.03545537524495548
 0.03545537524495548
 0.006966464732109075
 0.001179224620116314
 0.03545537524495548
 1.085683163629177e-05
 0.03545537524495548
 0.03545537524495548
 9.826068653667929e-07
 0.0001498520270807561
 0.03545537524495548
 0.03545537524495548
 0.006966464732109075
 0.001179224620116314
 0.03545537524495548
 1.085683163629177e-05
 0.03545537524495548
 0.03545537524495548
 1.162369413272372e-06
 0.0001498520270807561
 0.03545537524495548
 0.03545537524495548
 0.006966464732109075
 0.001381428403094649
 0.03545537524495548
 1.085683163629177e-05
 0.03545537524495548
 0.03545537524495548
 1.10990590377858e-05
 0.0001498520270807561
 0.03545537524495548
 0.03545537524495548
 0.006966464732109075
 0.001381428403094649
 0.03545537524495548
 1.085683163629177e-05
 0.03545537524495548
 0.03545537524495548
 1.10990590377858e-05
 0.0001498520270807561
 0.03545537524495548
 0.03545537524495548
 0.006966464732109075
 0.001179224620116314
 0.03545537524495548
 7.095868035363398e-05
 0.03545537524495548
 0.03545537524495548
 1.10990590377858e-05
 0.0001498520270807561
 0.03545537524495548
 0.03545537524495548
 0.006966464732109075
 0.001179224620116314
 0.03545537524495548
 7.095868035363398e-05
 0.03545537524495548
 0.03545537524495548
 1.10990590377858e-05
 0.0001498520270807561
 0.03545537524495548
 0.03545537524495548
 0.006966464732109075
 0.001179224620116314
 0.03545537524495548
 0.0001316428126252098
 0.03545537524495548
 0.03545537524495548
 0.01370427910889709
 0.0001498520270807561
 0.03545537524495548
 0.03545537524495548
 0.006966464732109075
 0.001179224620116314
 0.03545537524495548
 0.006966464732109075
 0.03545537524495548
 0.03545537524495548
 0.01370427910889709
 0.0001498520270807561
 0.03545537524495548
 0.03545537524495548
 0.006966464732109075
 0.001381428403094649
 0.03545537524495548
 0.006966464732109075
 0.03545537524495548
 0.03545537524495548
 0.01370427910889709
 0.0001498520270807561
 0.03545537524495548
 0.03545537524495548
 0.006966464732109075
 0.001179224620116314
 0.03545537524495548
 0.006966464732109075
 0.03545537524495548
 0.03545537524495548
 0.01370427910889709
 0.0001498520270807561
 0.03545537524495548
 0.03545537524495548
 0.006966464732109075
 0.001381428403094649
 0.03545537524495548
 0.006966464732109075
 0.03545537524495548
 0.03545537524495548
 0.01370427910889709
 0.0001498520270807561
 0.03545537524495548
 0.03545537524495548
 0.006966464732109075
 0.001381428403094649
 0.03545537524495548
 0.006966464732109075
 0.03545537524495548
 0.03545537524495548
 0.01370427910889709
 0.0001498520270807561
 0.03545537524495548
 0.03545537524495548
 0.006966464732109075
 0.001381428403094649
 0.03545537524495548
 0.006966464732109075
 0.03545537524495548
 0.03545537524495548
 0.01370427910889709
 0.0001498520270807561
 0.03545537524495548
 0.03545537524495548
 0.006966464732109075
 0.001179224620116314
 0.03545537524495548
 0.006966464732109075
 0.03545537524495548
 0.03545537524495548
