# Created by Octave 3.2.4, Tue Feb 05 02:13:20 2013 EST <rbom@zaphod>
# name: small_First_Fit
# type: matrix
# ndims: 3
 1 10 30
 1.339539622211902e-15
 9.625956431402499e-12
 3.413252477878043e-13
 1.786335874036394e-15
 2.166714692430027e-10
 4.719922245542142e-11
 3.961130763481457e-14
 6.623372841964076e-11
 1.950558572989397e-13
 8.628460055622734e-15
 6.152710923196548e-11
 3.34724818481581e-10
 4.191205851351165e-12
 6.922679455637423e-14
 6.902179676605676e-09
 5.754032913746508e-10
 2.281968170705123e-07
 2.513930251414586e-09
 4.769024332888119e-09
 4.679068616493926e-13
 2.142595735419335e-09
 8.801482701107271e-09
 3.510048596958909e-08
 2.307474061431991e-11
 6.902179676605676e-09
 2.171569641572148e-07
 1.69501769175058e-05
 7.405733584139591e-09
 5.175808166249084e-07
 7.670438753462618e-09
 2.142595735419335e-09
 3.235779192562246e-08
 1.719420773758017e-06
 8.847995552737988e-10
 4.493100154940512e-08
 7.373357211291393e-06
 0.0006430766103282344
 7.405733584139591e-09
 8.730088797310892e-06
 2.191728291807419e-07
 2.142595735419335e-09
 2.457372752125123e-06
 1.719420773758017e-06
 2.251487936762669e-08
 1.509676812436492e-07
 7.373357211291393e-06
 0.0006430766103282344
 5.148247156024402e-06
 0.0003419240275034985
 1.211240567149188e-06
 5.084243755016542e-08
 0.0003323967168607226
 3.948502767798285e-05
 7.323138043679038e-07
 2.976608960844476e-06
 0.0001704408961351561
 0.02019903803958501
 0.0001632766110169415
 0.01056873143920937
 1.262597617096872e-06
 3.936975084753955e-06
 0.002144981691943358
 0.0002721132396212487
 3.174779440254693e-06
 2.976608960844476e-06
 0.0001704408961351561
 0.02019903803958501
 0.0001632766110169415
 0.01056873143920937
 1.915024913671142e-05
 2.190430917379417e-05
 0.009822074184533108
 0.001416537420110925
 2.44083894007796e-05
 4.463850263211415e-05
 0.0001704408961351561
 0.08447740759734257
 0.01056873143920937
 0.01056873143920937
 9.044354047007695e-05
 0.0001583747376381482
 0.009822074184533108
 0.003023801894571083
 0.0001007698089111749
 4.463850263211415e-05
 0.0004018159669314531
 0.08447740759734257
 0.01056873143920937
 0.01056873143920937
 9.044354047007695e-05
 0.0003661521284685562
 0.009822074184533108
 0.001416537420110925
 0.001116474875630304
 0.003140894588844607
 0.003232425618945149
 0.08447740759734257
 0.01056873143920937
 0.01056873143920937
 0.0003351253522038964
 0.002144981691943358
 0.009822074184533108
 0.001416537420110925
 0.001140570945723463
 0.003140894588844607
 0.003232425618945149
 0.08447740759734257
 0.01056873143920937
 0.01056873143920937
 0.003140894588844607
 0.02019903803958501
 0.009822074184533108
 0.003982691990046121
 0.001140570945723463
 0.08447740759734257
 0.0005075135509501542
 0.08447740759734257
 0.01056873143920937
 0.01056873143920937
 0.003140894588844607
 0.02019903803958501
 0.009822074184533108
 0.003982691990046121
 0.001116474875630304
 0.08447740759734257
 0.0004018159669314531
 0.08447740759734257
 0.01056873143920937
 0
 0.003140894588844607
 0.08447740759734257
 0.009822074184533108
 0.003982691990046121
 0.001116474875630304
 0.08447740759734257
 0.003232425618945149
 0.08447740759734257
 0.01056873143920937
 0
 0.003140894588844607
 0.02019903803958501
 0
 0.003982691990046121
 0.001140570945723463
 0.08447740759734257
 0.003232425618945149
 0
 0
 0
 0.003140894588844607
 0.08447740759734257
 0
 0.003982691990046121
 0.001140570945723463
 0.08447740759734257
 0.006933580375703878
 0
 0
 0
 0.003140894588844607
 0.08447740759734257
 0
 0.003982691990046121
 0.001140570945723463
 0.08447740759734257
 0.006933580375703878
 0
 0
 0
 0.08447740759734257
 0.08447740759734257
 0
 0.03588407857596197
 0.001116474875630304
 0.08447740759734257
 0.006933580375703878
 0
 0
 0
 0.08447740759734257
 0.08447740759734257
 0
 0.03588407857596197
 0.001140570945723463
 0
 0.006933580375703878
 0
 0
 0
 0.08447740759734257
 0.08447740759734257
 0
 0.08447740759734257
 0.001116474875630304
 0
 0.006933580375703878
 0
 0
 0
 0.08447740759734257
 0.08447740759734257
 0
 0.08447740759734257
 0.001116474875630304
 0
 0.04547108239953628
 0
 0
 0
 0.08447740759734257
 0.08447740759734257
 0
 0.03588407857596197
 0.001140570945723463
 0
 0.04547108239953628
 0
 0
 0
 0.08447740759734257
 0
 0
 0.03588407857596197
 0.001140570945723463
 0
 0.04547108239953628
 0
 0
 0
 0.08447740759734257
 0
 0
 0.03588407857596197
 0.006933580375703878
 0
 0.04547108239953628
 0
 0
 0
 0
 0
 0
 0.08447740759734257
 0.006933580375703878
 0
 0.04547108239953628
 0
 0
 0
 0
 0
 0
 0.08447740759734257
 0.006933580375703878
 0
 0.04547108239953628
 0
 0
 0
 0
 0
 0
 0.03588407857596197
 0.006933580375703878
 0
 0.08447740759734257
 0
 0
 0
 0
 0
 0
 0.03588407857596197
 0.006933580375703878
 0
 0.04547108239953628
 0
 0
 0
 0
 0
 0
 0.03588407857596197
 0.04547108239953628
 0
 0.04547108239953628
 0
 0
 0
 0
 0
 0
 0.03588407857596197
 0.04547108239953628
 0
 0.04547108239953628
 0
 0
 0
 0
