# Created by Octave 3.2.4, Wed Feb 06 10:28:35 2013 EST <rbom@zaphod>
# name: small_First_Fit
# type: matrix
# ndims: 3
 1 10 30
 4.41222465485841e-12
 1.180872745233936e-16
 8.281721781757877e-15
 1.080146044550355e-11
 3.53966427645287e-13
 2.705764072990523e-12
 2.140521881408833e-06
 1.336260037611043e-13
 1.705179110837818e-12
 1.43728772374438e-12
 4.41222465485841e-12
 9.718104850780713e-14
 6.164133819929374e-11
 1.080146044550355e-11
 1.588777377735294e-08
 1.12945547303171e-09
 1.592727166435573e-05
 1.048255899984136e-11
 1.051546880250085e-10
 2.641632243216888e-08
 4.41222465485841e-12
 3.396687378638958e-12
 1.554217355475397e-08
 2.480990647988185e-09
 1.588777377735294e-08
 1.12945547303171e-09
 1.592727166435573e-05
 4.931582596906674e-10
 1.099029361768005e-08
 2.324282602738432e-06
 1.194714284038894e-10
 4.503390921655537e-11
 5.477280402982036e-07
 4.772638553567218e-05
 1.588777377735294e-08
 2.253449739471963e-09
 1.592727166435573e-05
 4.931582596906674e-10
 3.197968346718361e-07
 7.108138469778309e-06
 1.194714284038894e-10
 2.017758947239669e-09
 1.35402676437424e-05
 0.001452492138002697
 5.932231420335554e-07
 2.58754768260724e-07
 0.0007710610922864864
 3.761499026966771e-08
 3.197968346718361e-07
 7.108138469778309e-06
 3.037581500526589e-08
 4.28503517478859e-08
 5.803434741708662e-05
 0.001544725962477434
 5.932231420335554e-07
 1.208970526117737e-05
 0.0007710610922864864
 8.553072942999228e-06
 6.67633849171107e-05
 1.969059394122308e-05
 3.037581500526589e-08
 2.408813752220453e-06
 0.001407883353164698
 0.001544725962477434
 5.932231420335554e-07
 1.208970526117737e-05
 0.0007710610922864864
 2.51117558831865e-05
 6.67633849171107e-05
 0.001289577704202885
 3.037581500526589e-08
 2.408813752220453e-06
 0.001407883353164698
 0.001544725962477434
 1.971405355515447e-05
 0.003721879024077964
 0.01153319776167212
 2.51117558831865e-05
 6.67633849171107e-05
 0.002828211576630413
 9.296416065179544e-08
 2.744804648189407e-06
 0.001407883353164698
 0.001452492138002697
 2.777356323583425e-05
 0.003785426137434323
 0.01153319776167212
 0.000353551002439342
 6.67633849171107e-05
 0.001289577704202885
 0.0001664020706858221
 0.000512252594037684
 0.001407883353164698
 0.001452492138002697
 0.0009186795211226847
 0.003785426137434323
 0.001452492138002697
 0.000353551002439342
 6.67633849171107e-05
 0.002828211576630413
 0.0001664020706858221
 0.000512252594037684
 0.001407883353164698
 0.001452492138002697
 0.02988277027586573
 0.003785426137434323
 0.001452492138002697
 0.002932146290386772
 6.67633849171107e-05
 0.002828211576630413
 0.0009837974992341532
 0.0005366017871513033
 0.001407883353164698
 0.001452492138002697
 0.02988277027586573
 0.006375715145583916
 0.001452492138002697
 0.002932146290386772
 6.67633849171107e-05
 0.002828211576630413
 0.0009837974992341532
 0.000512252594037684
 0.001407883353164698
 0
 0.02988277027586573
 0.004124896725701584
 0.001452492138002697
 0.009333478583063701
 0
 0.002828211576630413
 0.0009837974992341532
 0.000512252594037684
 0
 0
 0.02988277027586573
 0.004124896725701584
 0.001452492138002697
 0.01137105111193723
 0
 0.002828211576630413
 0.0009837974992341532
 0.000512252594037684
 0
 0
 0.02988277027586573
 0.01153319776167212
 0
 0.01137105111193723
 0
 0.0526825371374264
 0.0009837974992341532
 0.000512252594037684
 0
 0
 0.02988277027586573
 0.01153319776167212
 0
 0.01137105111193723
 0
 0.0526825371374264
 0.0009837974992341532
 0.000512252594037684
 0
 0
 0.02988277027586573
 0.01153319776167212
 0
 0.01137105111193723
 0
 0.0526825371374264
 0.00265799133955685
 0.000512252594037684
 0
 0
 0
 0.01153319776167212
 0
 0.01137105111193723
 0
 0.0526825371374264
 0.00265799133955685
 0
 0
 0
 0
 0.01153319776167212
 0
 0.01137105111193723
 0
 0.0526825371374264
 0.00265799133955685
 0
 0
 0
 0
 0.01153319776167212
 0
 0.01137105111193723
 0
 0.0526825371374264
 0.009333478583063701
 0
 0
 0
 0
 0.01153319776167212
 0
 0
 0
 0.0526825371374264
 0.00265799133955685
 0
 0
 0
 0
 0
 0
 0
 0
 0
 0.00265799133955685
 0
 0
 0
 0
 0
 0
 0
 0
 0
 0.00265799133955685
 0
 0
 0
 0
 0
 0
 0
 0
 0
 0.002932146290386772
 0
 0
 0
 0
 0
 0
 0
 0
 0
 0.002932146290386772
 0
 0
 0
 0
 0
 0
 0
 0
 0
 0.002932146290386772
 0
 0
 0
 0
 0
 0
 0
 0
 0
 0.002932146290386772
 0
 0
 0
 0
 0
 0
 0
 0
 0
 0.002932146290386772
 0
 0
 0
 0
 0
 0
 0
 0
 0
 0.03060773408987299
 0
 0
 0
 0
 0
 0
 0
 0
 0
