# Created by Octave 3.2.4, Thu Feb 07 04:36:31 2013 EST <rbom@zaphod>
# name: small_First_Fit
# type: matrix
# ndims: 3
 1 10 30
 8.000475373353025e-16
 3.564490486383858e-13
 7.960554285966492e-12
 1.941045418388338e-10
 3.797465266020653e-15
 1.985684243359786e-12
 4.000389248666114e-09
 4.888840550219105e-12
 1.47281676686265e-15
 2.925697139366355e-13
 2.525540864316692e-10
 1.842790068420878e-06
 4.256011127267397e-08
 1.941045418388338e-10
 2.776510430725825e-09
 1.18951089676186e-08
 6.01414617255363e-08
 2.944470827975196e-08
 1.128703404321733e-11
 1.574114816964662e-11
 3.146324353322263e-09
 0.000132008619967921
 1.910186543740795e-06
 1.037710255950004e-08
 8.699395174117104e-07
 1.18951089676186e-08
 6.01414617255363e-08
 9.366381612324287e-07
 5.769532285194058e-10
 5.9899711244332e-09
 8.678422172415623e-08
 0.001305432998854122
 3.901640644811997e-05
 5.380685921529517e-07
 1.150996976092349e-06
 3.089251034535776e-07
 1.414447183589931e-07
 4.055739314053061e-06
 1.12488056437052e-08
 1.94089829292945e-08
 1.081158462121489e-06
 0.001305432998854122
 3.901640644811997e-05
 5.380685921529517e-07
 3.399882930775945e-06
 0.006248582479726506
 3.306697829266552e-06
 4.122277773825365e-06
 1.12488056437052e-08
 9.991312355089211e-07
 1.081158462121489e-06
 0.003507973237471655
 3.901640644811997e-05
 8.158923935031245e-06
 1.150996976092349e-06
 0.006248582479726506
 3.306697829266552e-06
 0.0004591603026214939
 7.088927373540045e-07
 9.991312355089211e-07
 0.0002681470219532333
 0.006463627703972647
 0.001768906991517708
 8.158923935031245e-06
 5.068157742059655e-06
 0.006248582479726506
 3.306697829266552e-06
 0.0004591603026214939
 7.088927373540045e-07
 0.0001376764863904404
 0.0002681470219532333
 0.006463627703972647
 0.001768906991517708
 1.482351775382511e-05
 5.068157742059655e-06
 0.006248582479726506
 1.076328933015377e-05
 0.0004591603026214939
 9.138747567903985e-06
 0.0006943058390899062
 0.0004400416693598111
 0.006653214768233316
 0.001768906991517708
 1.482351775382511e-05
 5.068157742059655e-06
 0.006248582479726506
 6.265500236440395e-05
 0.0004591603026214939
 9.138747567903985e-06
 0.002507766564579951
 0.01064020167315164
 0.006653214768233316
 0.001768906991517708
 3.799173119569169e-05
 5.068157742059655e-06
 0.006248582479726506
 0.000112688654584824
 0.0004591603026214939
 3.409803808158353e-05
 0.002507766564579951
 0.01064020167315164
 0.006463627703972647
 0.001768906991517708
 3.799173119569169e-05
 5.068157742059655e-06
 0.006248582479726506
 0.000112688654584824
 0.0004591603026214939
 6.183301999719932e-05
 0.002507766564579951
 0.01064020167315164
 0.006463627703972647
 0.001768906991517708
 3.799173119569169e-05
 5.068157742059655e-06
 0
 0.001455848508751223
 0.0004591603026214939
 6.183301999719932e-05
 0.01064020167315164
 0.01064020167315164
 0.006463627703972647
 0.001768906991517708
 3.799173119569169e-05
 5.068157742059655e-06
 0
 0.001455848508751223
 0
 6.183301999719932e-05
 0.01064020167315164
 0.01064020167315164
 0.006463627703972647
 0
 0.01064020167315164
 0
 0
 0.003507973237471655
 0
 0.0002312649977850739
 0.01064020167315164
 0.01064020167315164
 0.006463627703972647
 0
 0.01064020167315164
 0
 0
 0.003507973237471655
 0
 0.0001353268481725814
 0.01064020167315164
 0.01064020167315164
 0
 0
 0.01064020167315164
 0
 0
 0.003507973237471655
 0
 0.0001353268481725814
 0.01064020167315164
 0
 0
 0
 0.01064020167315164
 0
 0
 0.003507973237471655
 0
 7.334523314209838e-05
 0.01064020167315164
 0
 0
 0
 0.01064020167315164
 0
 0
 0.003507973237471655
 0
 6.183301999719932e-05
 0.01064020167315164
 0
 0
 0
 0.01064020167315164
 0
 0
 0.006463627703972647
 0
 6.183301999719932e-05
 0
 0
 0
 0
 0.01064020167315164
 0
 0
 0.003507973237471655
 0
 6.183301999719932e-05
 0
 0
 0
 0
 0
 0
 0
 0.006653214768233316
 0
 0
 0
 0
 0
 0
 0
 0
 0
 0.006653214768233316
 0
 0
 0
 0
 0
 0
 0
 0
 0
 0.006653214768233316
 0
 0
 0
 0
 0
 0
 0
 0
 0
 0.006653214768233316
 0
 0
 0
 0
 0
 0
 0
 0
 0
 0.006653214768233316
 0
 0
 0
 0
 0
 0
 0
 0
 0
 0.006653214768233316
 0
 0
 0
 0
 0
 0
 0
 0
 0
 0.006653214768233316
 0
 0
 0
 0
 0
 0
 0
 0
 0
 0
 0
 0
 0
 0
 0
 0
 0
 0
 0
 0
 0
 0
 0
 0
 0
 0
 0
 0
 0
 0
 0
 0
 0
