# Created by Octave 3.2.4, Mon Feb 04 11:54:32 2013 EST <rbom@zaphod>
# name: small_First_Fit
# type: matrix
# ndims: 3
 1 10 30
 2.719340310270095e-17
 7.68940088915619e-20
 2.624960689296001e-19
 6.994974836114135e-17
 2.81610404891913e-23
 5.261492864366994e-23
 4.208046517115519e-13
 2.315693685249058e-17
 1.008210491881702e-10
 1.112507320682013e-22
 2.719340310270095e-17
 4.906488542445238e-17
 1.955258437267528e-16
 2.143554426390248e-13
 1.792393191435722e-18
 2.245853775448358e-15
 4.208046517115519e-13
 5.851038314850747e-15
 1.008210491881702e-10
 7.51425535010577e-19
 5.206411328175174e-15
 1.66758502404862e-09
 5.157914417178972e-14
 3.472612065652858e-11
 7.477618087696422e-15
 2.245853775448358e-15
 4.208046517115519e-13
 7.914585229867726e-13
 2.847465148386063e-07
 1.963631145722801e-15
 5.206411328175174e-15
 4.622672713212445e-08
 2.999626648341682e-12
 3.472612065652858e-11
 5.326147602931859e-10
 5.053867722310037e-13
 2.004504271727583e-10
 1.163294039385598e-10
 1.44511241788152e-06
 2.86367932720239e-12
 3.61227338151706e-12
 1.909600769690441e-06
 5.896937315108097e-11
 2.893237084050302e-08
 3.827161813079329e-08
 1.476341417316156e-08
 2.120037138958791e-08
 1.25241833783591e-08
 1.44511241788152e-06
 4.475213941742736e-10
 3.61227338151706e-12
 2.172543687764165e-06
 5.896937315108097e-11
 3.059869907453476e-06
 1.855683682753656e-06
 1.476341417316156e-08
 2.120037138958791e-08
 1.25241833783591e-08
 1.44511241788152e-06
 1.366931085681288e-08
 5.049426108734778e-10
 1.313021717506602e-05
 7.250123388524962e-10
 3.059869907453476e-06
 9.015015712399303e-05
 1.476341417316156e-08
 2.120037138958791e-08
 1.25241833783591e-08
 1.44511241788152e-06
 2.441929319503392e-07
 8.526732222734334e-07
 9.015015712399303e-05
 7.250123388524962e-10
 3.059869907453476e-06
 9.015015712399303e-05
 2.578241224070194e-07
 2.120037138958791e-08
 1.25241833783591e-08
 1.44511241788152e-06
 2.582680356576968e-05
 8.449578994097976e-05
 9.015015712399303e-05
 6.448921493232718e-06
 3.059869907453476e-06
 9.015015712399303e-05
 8.665882179769744e-07
 2.120037138958791e-08
 8.122131287789364e-07
 1.44511241788152e-06
 2.582680356576968e-05
 8.449578994097976e-05
 9.015015712399303e-05
 6.448921493232718e-06
 3.059869907453476e-06
 9.015015712399303e-05
 8.404947863099921e-06
 1.533447217587254e-06
 8.122131287789364e-07
 1.44511241788152e-06
 2.582680356576968e-05
 8.449578994097976e-05
 9.015015712399303e-05
 6.448921493232718e-06
 3.059869907453476e-06
 9.015015712399303e-05
 8.44307518909057e-05
 1.533447217587254e-06
 8.122131287789364e-07
 0
 2.582680356576968e-05
 8.449578994097976e-05
 9.015015712399303e-05
 6.448921493232718e-06
 3.059869907453476e-06
 9.015015712399303e-05
 8.44307518909057e-05
 1.533447217587254e-06
 8.122131287789364e-07
 0
 8.44307518909057e-05
 8.449578994097976e-05
 9.015015712399303e-05
 6.448921493232718e-06
 0
 9.015015712399303e-05
 8.44307518909057e-05
 0.0001042146591789326
 8.122131287789364e-07
 0
 8.44307518909057e-05
 8.449578994097976e-05
 9.015015712399303e-05
 6.448921493232718e-06
 0
 0
 8.44307518909057e-05
 0.0001042146591789326
 0.001191290052634953
 0
 8.44307518909057e-05
 0.001191290052634953
 0
 6.448921493232718e-06
 0
 0
 8.44307518909057e-05
 0.0001042146591789326
 0.001191290052634953
 0
 8.44307518909057e-05
 0.001191290052634953
 0
 0
 0
 0
 8.44307518909057e-05
 0.0001042146591789326
 0.001191290052634953
 0
 8.44307518909057e-05
 8.449578994097976e-05
 0
 0
 0
 0
 8.44307518909057e-05
 0.0001042146591789326
 0.001191290052634953
 0
 8.44307518909057e-05
 8.449578994097976e-05
 0
 0
 0
 0
 0
 0.0001042146591789326
 0.001191290052634953
 0
 8.44307518909057e-05
 8.449578994097976e-05
 0
 0
 0
 0
 0
 0.0001042146591789326
 0.001191290052634953
 0
 0
 8.449578994097976e-05
 0
 0
 0
 0
 0
 0
 0.001191290052634953
 0
 0
 0.001191290052634953
 0
 0
 0
 0
 0
 0
 0
 0
 0
 0.001191290052634953
 0
 0
 0
 0
 0
 0
 0
 0
 0
 0.001191290052634953
 0
 0
 0
 0
 0
 0
 0
 0
 0
 0.001191290052634953
 0
 0
 0
 0
 0
 0
 0
 0
 0
 0.001191290052634953
 0
 0
 0
 0
 0
 0
 0
 0
 0
 0.001191290052634953
 0
 0
 0
 0
 0
 0
 0
 0
 0
 0.001191290052634953
 0
 0
 0
 0
 0
 0
 0
 0
 0
 0
 0
 0
 0
 0
 0
 0
 0
 0
 0
 0
 0
 0
 0
 0
 0
 0
 0
 0
 0
 0
 0
 0
 0
 0
 0
 0
 0
 0
 0
