# Created by Octave 3.2.4, Mon Feb 04 06:24:22 2013 EST <rbom@zaphod>
# name: small_First_Fit
# type: matrix
# ndims: 3
 1 10 30
 2.753788160531896e-11
 1.294051673678072e-16
 3.038612269144737e-15
 1.485982632696361e-10
 8.708605762112039e-14
 2.105206373727611e-14
 1.943780197986338e-16
 7.306941773582521e-15
 5.037490482245523e-16
 4.499070978438309e-19
 4.528511147811286e-10
 3.439823904223295e-13
 1.519069737495038e-11
 1.989174689578449e-07
 7.406921408694959e-11
 8.691904485431567e-13
 7.647192812883505e-13
 1.377061204032806e-11
 7.699209535266035e-09
 8.390322898741808e-14
 1.272643254282359e-06
 1.653272399738209e-10
 3.387799624782048e-06
 1.989174689578449e-07
 2.236924595228322e-08
 8.437545746102015e-10
 6.326478385271689e-12
 1.46352550758527e-11
 2.116510971876633e-07
 3.497784882841979e-12
 0.0005428012706993868
 1.653272399738209e-10
 7.936396866717102e-06
 9.218647999345768e-07
 4.259243035080472e-07
 1.12633402222402e-07
 2.569151289907824e-11
 3.744397567627945e-08
 2.116510971876633e-07
 1.685562677048317e-10
 0.0005428012706993868
 1.783716032329703e-08
 0.0002545140622905209
 9.218647999345768e-07
 7.922920605070057e-07
 9.042512568140885e-06
 1.251986303324315e-10
 3.744397567627945e-08
 1.073512107640331e-06
 6.339921660565437e-09
 0.0005428012706993868
 2.41955965270651e-06
 0.002395973769910323
 9.218647999345768e-07
 9.864573622410627e-07
 8.687554590308044e-05
 1.169096633578762e-08
 3.744397567627945e-08
 1.073512107640331e-06
 6.339921660565437e-09
 0.0005428012706993868
 7.555780219005824e-05
 0.002395973769910323
 9.218647999345768e-07
 1.163952399391196e-05
 0.01304645243872934
 2.40213974615997e-08
 3.744397567627945e-08
 1.073512107640331e-06
 6.339921660565437e-09
 0.0005428012706993868
 0.002680656623446914
 0.002395973769910323
 9.218647999345768e-07
 1.163952399391196e-05
 0.1038419912592125
 9.087839305901607e-08
 3.744397567627945e-08
 1.073512107640331e-06
 6.339921660565437e-09
 0.0005428012706993868
 0.002680656623446914
 0.002395973769910323
 2.743501512393473e-05
 1.163952399391196e-05
 0.1038419912592125
 1.74471782682085e-05
 4.194884672164816e-05
 1.073512107640331e-06
 6.339921660565437e-09
 0.0005428012706993868
 0.1038419912592125
 0.002395973769910323
 2.743501512393473e-05
 2.595258004273817e-05
 0.1038419912592125
 1.74471782682085e-05
 4.194884672164816e-05
 9.178642810382422e-05
 6.339921660565437e-09
 0.0005428012706993868
 0.1038419912592125
 0.002395973769910323
 2.743501512393473e-05
 2.595258004273817e-05
 0.1038419912592125
 0.000119698321459884
 4.194884672164816e-05
 9.178642810382422e-05
 4.719826068330957e-08
 0.0005428012706993868
 0.1038419912592125
 0.002395973769910323
 2.743501512393473e-05
 2.595258004273817e-05
 0.1038419912592125
 0.000119698321459884
 4.194884672164816e-05
 0.003307939436464668
 1.801146690107738e-06
 0.0005428012706993868
 0.1038419912592125
 0.002395973769910323
 0.002643011093169522
 2.595258004273817e-05
 0.1038419912592125
 0.000119698321459884
 4.194884672164816e-05
 0.003307939436464668
 1.180100186478575e-05
 0.0005428012706993868
 0.1038419912592125
 0.002395973769910323
 0.002643011093169522
 0.0001544807546039411
 0.1038419912592125
 0.000119698321459884
 4.194884672164816e-05
 0.003307939436464668
 0.0007607877503244213
 0.0005428012706993868
 0.1038419912592125
 0.002395973769910323
 0.002643011093169522
 0.0001544807546039411
 0.1038419912592125
 0.004706252230804721
 4.194884672164816e-05
 0.003307939436464668
 0.0007607877503244213
 0.0005428012706993868
 0.1038419912592125
 0.002395973769910323
 0.002643011093169522
 0.0002482298342872688
 0.1038419912592125
 0.005350853874039605
 4.194884672164816e-05
 0.003307939436464668
 0.0007607877503244213
 0.0005428012706993868
 0.1038419912592125
 0.002395973769910323
 0.002643011093169522
 0.0002482298342872688
 0.1038419912592125
 0.01304645243872934
 4.194884672164816e-05
 0.01452053524370747
 0.0007607877503244213
 0.0005428012706993868
 0.1038419912592125
 0.002395973769910323
 0.1038419912592125
 0.002680656623446914
 0.1038419912592125
 0.01304645243872934
 4.194884672164816e-05
 0.01452053524370747
 0.0007607877503244213
 0.0005428012706993868
 0.1038419912592125
 0.002395973769910323
 0.1038419912592125
 0.002680656623446914
 0.1038419912592125
 0.01304645243872934
 4.194884672164816e-05
 0.01452053524370747
 0.0007607877503244213
 0.0005428012706993868
 0.1038419912592125
 0.002395973769910323
 0.1038419912592125
 0.002680656623446914
 0.1038419912592125
 0.01304645243872934
 4.194884672164816e-05
 0.01452053524370747
 0.0007607877503244213
 0.0005428012706993868
 0.1038419912592125
 0.002395973769910323
 0.1038419912592125
 0.002680656623446914
 0.1038419912592125
 0.01304645243872934
 4.194884672164816e-05
 0.01452053524370747
 0.0007607877503244213
 0.0005428012706993868
 0.1038419912592125
 0.002395973769910323
 0.1038419912592125
 0.002680656623446914
 0.1038419912592125
 0.01304645243872934
 4.194884672164816e-05
 0.01452053524370747
 0.0007607877503244213
 0.0005428012706993868
 0.1038419912592125
 0.002395973769910323
 0.1038419912592125
 0.002680656623446914
 0.1038419912592125
 0.1038419912592125
 4.194884672164816e-05
 0.1038419912592125
 0.0007607877503244213
 0.0005428012706993868
 0.1038419912592125
 0.002395973769910323
 0.1038419912592125
 0.002680656623446914
 0.1038419912592125
 0.1038419912592125
 4.194884672164816e-05
 0.1038419912592125
 0.0007607877503244213
 0.0005428012706993868
 0.1038419912592125
 0.002395973769910323
 0.1038419912592125
 0.002680656623446914
 0.1038419912592125
 0.1038419912592125
 4.194884672164816e-05
 0.1038419912592125
 0.0007607877503244213
 0.0005428012706993868
 0.1038419912592125
 0.002395973769910323
 0.1038419912592125
 0.002680656623446914
 0.1038419912592125
 0.1038419912592125
 4.194884672164816e-05
 0.1038419912592125
 0.0007607877503244213
 0.0005428012706993868
 0.1038419912592125
 0.002395973769910323
 0.1038419912592125
 0.002680656623446914
 0.1038419912592125
 0.1038419912592125
 4.194884672164816e-05
 0.1038419912592125
 0.0007607877503244213
 0.0005428012706993868
 0.1038419912592125
 0.002395973769910323
 0.1038419912592125
 0.002680656623446914
 0.1038419912592125
 0.1038419912592125
 4.194884672164816e-05
 0.1038419912592125
 0.0007607877503244213
 0.0005428012706993868
 0.1038419912592125
 0.002395973769910323
 0.1038419912592125
 0.1038419912592125
 0.1038419912592125
 0.1038419912592125
 4.194884672164816e-05
 0.1038419912592125
 0.0007607877503244213
 0.0005428012706993868
 0.1038419912592125
 0.002395973769910323
 0.1038419912592125
 0.1038419912592125
 0.1038419912592125
 0.1038419912592125
 4.194884672164816e-05
 0.1038419912592125
 0.0007607877503244213
