# Created by Octave 3.2.4, Tue Feb 05 03:28:22 2013 EST <rbom@zaphod>
# name: small_First_Fit
# type: matrix
# ndims: 3
 1 10 30
 1.636427325737877e-16
 6.375615331321473e-17
 5.04267170646544e-19
 1.586917266281607e-14
 1.992500640338889e-11
 1.694153930599655e-12
 3.18688262147386e-16
 3.539956653453345e-15
 1.011273319556177e-11
 1.664778074494588e-15
 3.413280330031064e-15
 9.569425832635695e-10
 6.099212226387442e-14
 1.286182347466064e-11
 1.29971273095816e-08
 4.73363306801346e-11
 6.511580535000794e-12
 3.539956653453345e-15
 7.750994736862977e-09
 2.473175052382097e-12
 4.604034932767561e-15
 2.045689712520557e-07
 5.335918599769423e-11
 1.170752502607589e-08
 1.29971273095816e-08
 1.698770344914719e-08
 6.864966815402204e-07
 1.721095941943807e-11
 7.750994736862977e-09
 7.523447355696487e-09
 4.426736611554698e-13
 2.045689712520557e-07
 4.495917953911875e-08
 1.170752502607589e-08
 1.29971273095816e-08
 1.698770344914719e-08
 1.703363401301782e-05
 2.703186088733087e-10
 7.345203130561732e-06
 1.927616321064893e-05
 2.1384762709575e-09
 5.351309745900183e-06
 4.495917953911875e-08
 2.715693058903234e-06
 3.004126846178452e-07
 3.641627812466949e-06
 1.887690661082652e-05
 2.236972978444076e-09
 0.0001365776715526953
 0.0004094793551078578
 5.884411569996856e-08
 1.170315890993026e-05
 4.495917953911875e-08
 5.382108100617202e-05
 3.004126846178452e-07
 3.641627812466949e-06
 0.0004282243481288798
 5.549558318114404e-09
 0.0001365776715526953
 0.0004094793551078578
 1.291365204971773e-05
 1.170315890993026e-05
 4.495917953911875e-08
 0.0002104031867156065
 1.007999406617825e-05
 0.0004612228844497494
 0.0005167659943430172
 3.512164448898936e-08
 0.0001365776715526953
 0.0004094793551078578
 0.00126037761467363
 0.0002662972298972829
 4.495917953911875e-08
 0.002179907451676775
 1.007999406617825e-05
 0.0004612228844497494
 0.0005167659943430172
 7.091987489729302e-07
 0.01898901619544902
 0.004995881006548951
 0.00126037761467363
 0.005259347396116694
 1.109186828157821e-07
 0.002179907451676775
 1.007999406617825e-05
 0.002615170560025836
 0.0004282243481288798
 1.848652626510675e-05
 0.01898901619544902
 0.004995881006548951
 0.00126037761467363
 0.005259347396116694
 1.109186828157821e-07
 0.002179907451676775
 1.905831500845143e-05
 0.004995881006548951
 0.0004282243481288798
 4.409060450267322e-05
 0.01898901619544902
 0.004995881006548951
 0.01898901619544902
 0.005259347396116694
 1.109186828157821e-07
 0.01898901619544902
 1.905831500845143e-05
 0.004995881006548951
 0.0004282243481288798
 0.0001365776715526953
 0.01898901619544902
 0.005259347396116694
 0.01898901619544902
 0.005259347396116694
 1.109186828157821e-07
 0.01898901619544902
 1.905831500845143e-05
 0.004995881006548951
 0.0004282243481288798
 0.0001365776715526953
 0.01898901619544902
 0.005259347396116694
 0.01898901619544902
 0.005259347396116694
 1.109186828157821e-07
 0.01898901619544902
 3.119750842429329e-05
 0.01898901619544902
 0.0004282243481288798
 0.0001365776715526953
 0.01898901619544902
 0.005259347396116694
 0.01898901619544902
 0.005259347396116694
 0.0003080836361700289
 0.01898901619544902
 3.119750842429329e-05
 0.01898901619544902
 0
 0.01898901619544902
 0.01898901619544902
 0.01898901619544902
 0.01898901619544902
 0.005259347396116694
 0.01898901619544902
 0.01898901619544902
 0.0002151026897270092
 0.01898901619544902
 0
 0.01898901619544902
 0
 0.01898901619544902
 0.01898901619544902
 0
 0.01898901619544902
 0.01898901619544902
 0.0002151026897270092
 0.01898901619544902
 0
 0.01898901619544902
 0
 0.01898901619544902
 0.01898901619544902
 0
 0.01898901619544902
 0.01898901619544902
 0.0002151026897270092
 0.01898901619544902
 0
 0.01898901619544902
 0
 0.01898901619544902
 0
 0
 0.01898901619544902
 0
 0.0002151026897270092
 0.01898901619544902
 0
 0.01898901619544902
 0
 0.01898901619544902
 0
 0
 0.01898901619544902
 0
 0.0002151026897270092
 0.01898901619544902
 0
 0.01898901619544902
 0
 0.01898901619544902
 0
 0
 0.01898901619544902
 0
 0.0002151026897270092
 0
 0
 0.01898901619544902
 0
 0.01898901619544902
 0
 0
 0.01898901619544902
 0
 0.0002151026897270092
 0
 0
 0
 0
 0
 0
 0
 0
 0
 0
 0
 0
 0
 0
 0
 0
 0
 0
 0
 0
 0
 0
 0
 0
 0
 0
 0
 0
 0
 0
 0
 0
 0
 0
 0
 0
 0
 0
 0
 0
 0
 0
 0
 0
 0
 0
 0
 0
 0
 0
 0
 0
 0
 0
 0
 0
 0
 0
 0
 0
 0
 0
 0
 0
 0
 0
 0
 0
 0
 0
 0
 0
 0
 0
 0
 0
 0
 0
 0
 0
 0
 0
 0
 0
 0
 0
 0
 0
 0
 0
 0
 0
 0
 0
 0
