# Created by Octave 3.2.4, Thu Feb 07 06:22:29 2013 EST <rbom@zaphod>
# name: small_First_Fit
# type: matrix
# ndims: 3
 1 10 30
 2.717932350822561e-10
 1.462211790503013e-10
 3.070019915973342e-10
 2.400145230883645e-07
 3.7581778993931e-07
 3.292061011432599e-06
 2.07910408612728e-09
 1.172480298402782e-10
 2.239886594136545e-09
 4.349726993414096e-08
 3.004199340440762e-09
 9.580472204086995e-07
 1.838161991418478e-05
 5.875985304563258e-06
 2.960041343537609e-06
 6.203182276253542e-05
 2.079041872994074e-08
 1.336299790319473e-07
 3.421105103225603e-07
 5.301882587199378e-08
 2.499091399104982e-08
 3.773642004904248e-05
 4.290820798511291e-05
 1.142594191115371e-05
 1.039216737751385e-05
 0.0001302134255799254
 4.995952270003101e-08
 4.934635965521509e-06
 1.390079606388932e-05
 3.224757594266272e-06
 2.96883596529009e-07
 0.001490834707439914
 4.290820798511291e-05
 0.0002319247119613159
 8.154795896764794e-05
 0.0001302134255799254
 1.450205808731482e-07
 0.0005384016692806886
 2.762094799478367e-05
 3.224757594266272e-06
 2.96883596529009e-07
 0.003553315548483091
 0.0001433941408758778
 0.0004885247412405391
 0.0001757150108503244
 0.002438695239118504
 3.916499174921097e-07
 0.005595037878513115
 0.0004175325751943924
 3.224757594266272e-06
 7.90973531718626e-05
 0.01191153646756917
 0.0001433941408758778
 0.0004885247412405391
 0.003167814015643147
 0.002438695239118504
 4.337859752876536e-06
 0.006612193347554153
 0.0004175325751943924
 1.581769922657153e-05
 7.90973531718626e-05
 0.01191153646756917
 0.0002331845131411866
 0.001118893867636197
 0.006523842742059951
 0.03073444552402908
 0.0001650535414664002
 0.004613068893553065
 0.0004175325751943924
 1.581769922657153e-05
 0.0002033760602535135
 0.03578829686045892
 0.0004914675444193079
 0.001118893867636197
 0.006523842742059951
 0.07227591238257376
 0.004952687054669114
 0.009717732180652078
 0.0008171881709003931
 1.581769922657153e-05
 0.0003354712943154865
 0.05831603375298648
 0.0004914675444193079
 0.00234381002408812
 0.006523842742059951
 0.07227591238257376
 0.004952687054669114
 0.009717732180652078
 0.0004175325751943924
 1.581769922657153e-05
 0.0002033760602535135
 0.05831603375298648
 0.0004914675444193079
 0.003252744381566712
 0.03400587099997437
 0.07227591238257376
 0.004952687054669114
 0.009717732180652078
 0.0007800655839569977
 1.581769922657153e-05
 0.0002033760602535135
 0.05831603375298648
 0.002615758591697302
 0.003252744381566712
 0.07806427661657021
 0.07227591238257376
 0.004952687054669114
 0.009717732180652078
 0.0007800655839569977
 0.0004275711418316214
 0.000329305152246379
 0.05831603375298648
 0.009717732180652078
 0.003252744381566712
 0.07806427661657021
 0.07227591238257376
 0.01151941734591188
 0.1389491759017174
 0.0007800655839569977
 0.0004275711418316214
 0.0002033760602535135
 0.05831603375298648
 0.01908806383883973
 0.02356104466266355
 0.07806427661657021
 0.07227591238257376
 0.03618715079972345
 0.1389491759017174
 0.04778903264044355
 0.0004817159624281899
 0.005790489263038176
 0.05831603375298648
 0.01908806383883973
 0.07353155464469657
 0.07806427661657021
 0.1389491759017174
 0.03618715079972345
 0.1389491759017174
 0.07353155464469657
 0.0004817159624281899
 0.005790489263038176
 0.05831603375298648
 0.03662212484186427
 0.07353155464469657
 0.07806427661657021
 0.1389491759017174
 0.03618715079972345
 0.1389491759017174
 0.07353155464469657
 0.0004817159624281899
 0.005790489263038176
 0
 0.01908806383883973
 0.07353155464469657
 0.07806427661657021
 0.07227591238257376
 0.03618715079972345
 0.1389491759017174
 0.04778903264044355
 0.05831603375298648
 0.005790489263038176
 0
 0.01908806383883973
 0.07353155464469657
 0.07806427661657021
 0.07227591238257376
 0.07353155464469657
 0.1389491759017174
 0.04778903264044355
 0.05831603375298648
 0.005790489263038176
 0
 0.07353155464469657
 0.07353155464469657
 0
 0.1389491759017174
 0.03618715079972345
 0.1389491759017174
 0.07361370859548062
 0.06880800260995999
 0.005790489263038176
 0
 0.1389491759017174
 0.07361370859548062
 0
 0.1389491759017174
 0.07353155464469657
 0
 0.07361370859548062
 0.06880800260995999
 0.009526842958010845
 0
 0.1389491759017174
 0.07361370859548062
 0
 0.1389491759017174
 0.07353155464469657
 0
 0.07361370859548062
 0.06880800260995999
 0.009526842958010845
 0
 0.1389491759017174
 0.07353155464469657
 0
 0.1389491759017174
 0.07353155464469657
 0
 0.07361370859548062
 0.06880800260995999
 0.009526842958010845
 0
 0.1389491759017174
 0.07353155464469657
 0
 0.1389491759017174
 0.07353155464469657
 0
 0.07361370859548062
 0.06880800260995999
 0.005790489263038176
 0
 0.1389491759017174
 0.07353155464469657
 0
 0.1389491759017174
 0.07353155464469657
 0
 0.07361370859548062
 0.06880800260995999
 0.05831603375298648
 0
 0.1389491759017174
 0.07353155464469657
 0
 0.1389491759017174
 0.07353155464469657
 0
 0.07361370859548062
 0.06880800260995999
 0.05831603375298648
 0
 0.1389491759017174
 0.07353155464469657
 0
 0
 0.07353155464469657
 0
 0
 0
 0.06880800260995999
 0
 0
 0
 0
 0
 0
 0
 0
 0
 0.06880800260995999
 0
 0
 0
 0
 0
 0
 0
 0
 0
 0.06880800260995999
 0
 0
 0
 0
 0
 0
 0
 0
 0
 0.06880800260995999
 0
 0
 0
 0
 0
 0
 0
 0
 0
 0.06880800260995999
 0
 0
 0
 0
 0
 0
 0
 0
 0
