# Created by Octave 3.2.4, Wed Feb 06 04:25:46 2013 EST <rbom@zaphod>
# name: small_First_Fit
# type: matrix
# ndims: 3
 1 10 30
 3.892256753792283e-06
 8.011669546640004e-10
 3.625636655572171e-07
 1.271328766147837e-09
 4.222400716442819e-08
 5.908562399994764e-09
 1.033158875300771e-10
 3.18506281161872e-07
 3.563335551512011e-10
 9.507757470809799e-08
 0.001227789238612905
 6.704195992498141e-08
 7.434047516136447e-06
 9.350891432625699e-08
 4.804652747926068e-07
 0.0001467629064866456
 2.808737187730817e-08
 8.811249382257547e-06
 2.757606172041623e-08
 9.856973711271509e-07
 0.001227789238612905
 4.82442297467972e-07
 4.098541622839762e-06
 1.284060916450402e-06
 1.876890318799246e-06
 0.0006851493281672159
 2.265246362481597e-06
 2.179305477150279e-05
 8.249338537033117e-06
 1.44774577288743e-06
 0.004494566008332452
 4.858386117186061e-06
 4.183929547358043e-05
 2.939922850386684e-05
 0.0002159226577026099
 0.0007711519272264134
 2.396885907615032e-05
 0.0004959966951785917
 8.249338537033117e-06
 7.484193884528966e-06
 0.001227789238612905
 4.858386117186061e-06
 9.506478549535913e-05
 0.0003554181220628764
 0.0002395617446819267
 0.007902671934464599
 0.0001109970897588845
 0.002625500519129078
 0.0002588106520783717
 1.210418644853412e-05
 0.01095224888095041
 4.708630215722059e-05
 0.0003210460329763142
 0.0003554181220628764
 0.002414370071815225
 0.04003073898556993
 0.00425960931434951
 0.004920119678168472
 0.0002588106520783717
 9.17709406043993e-05
 0.03719583868984837
 4.708630215722059e-05
 0.0003210460329763142
 0.004016814881350381
 0.006762437383352619
 0.04003073898556993
 0.00425960931434951
 0.01869979314661243
 0.0002588106520783717
 0.0001526975619713886
 0.03719583868984837
 4.708630215722059e-05
 0.001685662161821753
 0.004016814881350381
 0.07431406685388774
 0.2628293765475872
 0.03719583868984837
 0.01869979314661243
 0.0007621146464278197
 0.000961821546719377
 0.2086740223332625
 4.708630215722059e-05
 0.0141557748974848
 0.01869979314661243
 0.2628293765475872
 0.2628293765475872
 0.03719583868984837
 0.1025365491709585
 0.08055402564020639
 0.000961821546719377
 0.2086740223332625
 8.744419456594365e-05
 0.0141557748974848
 0.03974335683287989
 0.2628293765475872
 0.2628293765475872
 0.03719583868984837
 0.2628293765475872
 0.08055402564020639
 0.001613509433708789
 0.2086740223332625
 0.0004350208970382252
 0.07431406685388774
 0.1850103498110371
 0.07431406685388774
 0.2628293765475872
 0.2086740223332625
 0.1025365491709585
 0.2086740223332625
 0.002526582562919189
 0.2086740223332625
 0.0004350208970382252
 0.07431406685388774
 0.2086740223332625
 0.2628293765475872
 0.2628293765475872
 0.2086740223332625
 0.1025365491709585
 0.2086740223332625
 0.002526582562919189
 0.2086740223332625
 0.0008716847831805633
 0.07431406685388774
 0.2086740223332625
 0.2628293765475872
 0.2628293765475872
 0.2086740223332625
 0.1025365491709585
 0.2628293765475872
 0.002526582562919189
 0.2086740223332625
 0.0008716847831805633
 0.07431406685388774
 0.2086740223332625
 0.2628293765475872
 0.2628293765475872
 0.2628293765475872
 0.1025365491709585
 0.2628293765475872
 0.009090929990216297
 0.2086740223332625
 0.0113721828432727
 0.2628293765475872
 0.1850103498110371
 0.2628293765475872
 0
 0.2628293765475872
 0.1025365491709585
 0.2628293765475872
 0.009090929990216297
 0
 0.008029817681181379
 0.2628293765475872
 0.2086740223332625
 0.2628293765475872
 0
 0.2628293765475872
 0.1025365491709585
 0.2628293765475872
 0.02366374400213832
 0
 0.008029817681181379
 0.2628293765475872
 0.2086740223332625
 0.2628293765475872
 0
 0.2628293765475872
 0
 0.2628293765475872
 0.02366374400213832
 0
 0.008029817681181379
 0.2628293765475872
 0.2086740223332625
 0.2628293765475872
 0
 0.2628293765475872
 0
 0.2628293765475872
 0.03055302268294681
 0
 0.008029817681181379
 0.2628293765475872
 0.2086740223332625
 0
 0
 0.2628293765475872
 0
 0.2628293765475872
 0.03055302268294681
 0
 0.008029817681181379
 0.2628293765475872
 0.2086740223332625
 0
 0
 0.2628293765475872
 0
 0
 0.02366374400213832
 0
 0.008029817681181379
 0.2628293765475872
 0.2086740223332625
 0
 0
 0
 0
 0
 0.03055302268294681
 0
 0
 0
 0.1850103498110371
 0
 0
 0
 0
 0
 0.03055302268294681
 0
 0
 0
 0
 0
 0
 0
 0
 0
 0.03055302268294681
 0
 0
 0
 0
 0
 0
 0
 0
 0
 0.2628293765475872
 0
 0
 0
 0
 0
 0
 0
 0
 0
 0.2628293765475872
 0
 0
 0
 0
 0
 0
 0
 0
 0
 0.2628293765475872
 0
 0
 0
 0
 0
 0
 0
 0
 0
 0.2628293765475872
 0
 0
 0
 0
 0
 0
 0
 0
 0
 0.2628293765475872
 0
 0
 0
 0
 0
 0
 0
 0
 0
 0.2628293765475872
 0
 0
 0
 0
 0
 0
 0
 0
 0
 0.2628293765475872
