# Created by Octave 3.2.4, Tue Feb 05 02:41:00 2013 EST <rbom@zaphod>
# name: small_First_Fit
# type: matrix
# ndims: 3
 1 10 30
 5.115183136231957e-14
 1.584285240348139e-15
 5.137157772073656e-18
 9.415594260240875e-13
 7.780895797076366e-16
 1.463269319749253e-10
 7.214329276148029e-11
 2.092959679591432e-15
 6.376545585366932e-15
 1.510815590253032e-15
 7.813991597535464e-13
 1.927770116930547e-12
 8.668456473308378e-11
 8.228289547907067e-09
 1.865820240630433e-12
 1.463269319749253e-10
 5.147555669460637e-10
 1.249663743990115e-11
 1.43343519925367e-13
 1.167254023688425e-12
 7.813991597535464e-13
 1.016973517137738e-11
 2.486795148092941e-09
 8.228289547907067e-09
 1.149678391355518e-09
 2.774269203953505e-08
 5.147555669460637e-10
 1.378947559116163e-09
 1.97687509232907e-13
 1.46584388412378e-10
 5.589135047286391e-12
 4.144859380749098e-09
 5.83489597200159e-08
 5.334426269012766e-06
 1.149678391355518e-09
 9.361838457198813e-07
 5.147555669460637e-10
 2.860088248675709e-07
 4.325450843305097e-12
 2.369099690941311e-09
 5.589135047286391e-12
 4.810554744985587e-08
 3.860695498753597e-05
 3.129441415554994e-05
 4.140480789949424e-08
 0.0001027445251752793
 5.147555669460637e-10
 2.860088248675709e-07
 4.325450843305097e-12
 2.369099690941311e-09
 1.416933935387657e-08
 4.810554744985587e-08
 0.0008973329582280592
 3.129441415554994e-05
 4.140480789949424e-08
 0.0001027445251752793
 1.121445284361456e-06
 2.860088248675709e-07
 4.325450843305097e-12
 4.91905128541818e-07
 2.614805924239249e-06
 6.830249726535365e-08
 0.0008973329582280592
 6.754804508808337e-05
 1.104493173619138e-06
 0.0001027445251752793
 1.121445284361456e-06
 0.0001093935191859788
 4.325450843305097e-12
 6.108823443019685e-06
 0.0003252508653790335
 6.830249726535365e-08
 0.0008973329582280592
 6.754804508808337e-05
 0.0006477846569010413
 0.0001027445251752793
 1.121445284361456e-06
 0.0001093935191859788
 9.909345189677585e-10
 6.108823443019685e-06
 0.003078020049719648
 5.120327295339776e-08
 0.0008973329582280592
 0.0003319353448268193
 0.0006477846569010413
 0.0001027445251752793
 0.0001520194668237974
 0.0001093935191859788
 9.909345189677585e-10
 2.607434009559277e-05
 0.003078020049719648
 7.576455100963203e-05
 0.001087715042591709
 0.0005005928926110368
 0.0006477846569010413
 0.0004063075009179242
 0.0001520194668237974
 0.0001093935191859788
 3.396291466839025e-08
 0.0003423669529890661
 0.003078020049719648
 0.003078020049719648
 0.001087715042591709
 0.0005005928926110368
 0.0006477846569010413
 0.0004063075009179242
 0.0005473853026655962
 0.001273033411399513
 3.416831436947986e-07
 0.0003423669529890661
 0.003078020049719648
 0.003078020049719648
 0.0008973329582280592
 0.0005005928926110368
 0.0006477846569010413
 0.0004063075009179242
 0.0005473853026655962
 0.001273033411399513
 3.416831436947986e-07
 0.0003423669529890661
 0.003078020049719648
 0.003078020049719648
 0.0008973329582280592
 0.0005005928926110368
 0.0006477846569010413
 0.0004063075009179242
 0.001350310334565957
 0.001273033411399513
 3.396291466839025e-08
 0.0003423669529890661
 0.003078020049719648
 0.003078020049719648
 0.0008973329582280592
 0.0005005928926110368
 0.0006477846569010413
 0.0004063075009179242
 0.001350310334565957
 0.001273033411399513
 3.416831436947986e-07
 0.0003423669529890661
 0.003078020049719648
 0.003078020049719648
 0.0008973329582280592
 0.0005005928926110368
 0
 0.0008973329582280592
 0.001350310334565957
 0.001273033411399513
 7.003847873428778e-06
 0.0003423669529890661
 0
 0.003078020049719648
 0.0008973329582280592
 0.0005005928926110368
 0
 0.001107371307722778
 0.001350310334565957
 0.001273033411399513
 2.537398499389548e-05
 0.0003423669529890661
 0
 0.003078020049719648
 0
 0
 0
 0.001107371307722778
 0.001350310334565957
 0.001273033411399513
 0.0003793594085895305
 0
 0
 0
 0
 0
 0
 0.001107371307722778
 0.001350310334565957
 0
 0.0003793594085895305
 0
 0
 0
 0
 0
 0
 0.001107371307722778
 0.001350310334565957
 0
 0.0003793594085895305
 0
 0
 0
 0
 0
 0
 0.001107371307722778
 0
 0
 0.0003793594085895305
 0
 0
 0
 0
 0
 0
 0.001107371307722778
 0
 0
 0.0003793594085895305
 0
 0
 0
 0
 0
 0
 0.001107371307722778
 0
 0
 0.0003793594085895305
 0
 0
 0
 0
 0
 0
 0
 0
 0
 0.0003793594085895305
 0
 0
 0
 0
 0
 0
 0
 0
 0
 0
 0
 0
 0
 0
 0
 0
 0
 0
 0
 0
 0
 0
 0
 0
 0
 0
 0
 0
 0
 0
 0
 0
 0
 0
 0
 0
 0
 0
 0
 0
 0
 0
 0
 0
 0
 0
 0
 0
 0
 0
 0
 0
 0
 0
 0
 0
 0
 0
 0
 0
 0
 0
 0
 0
 0
 0
 0
 0
 0
 0
 0
