# Created by Octave 3.2.4, Mon Feb 04 05:26:34 2013 EST <rbom@zaphod>
# name: small_First_Fit
# type: matrix
# ndims: 3
 1 10 30
 1.177625558401777e-20
 1.248524957023001e-24
 1.846210807140079e-24
 4.031114348469084e-19
 4.970381341102751e-19
 3.09473777808111e-21
 1.381156133306753e-22
 3.973723230999247e-19
 9.163048392571467e-20
 2.240747750955322e-19
 1.438982627036111e-17
 7.781326251396022e-18
 9.484175920670635e-12
 4.031114348469084e-19
 1.515247429332947e-13
 8.504020972580754e-18
 1.312407402142768e-20
 1.743436933000773e-11
 2.192306218943018e-16
 2.240747750955322e-19
 1.544562104095429e-15
 1.143184828844762e-15
 2.005991574805981e-11
 4.031114348469084e-19
 8.091105712552795e-12
 3.797225994924472e-14
 4.434625521112772e-16
 1.743436933000773e-11
 2.93236012551371e-12
 5.204476583080381e-15
 1.544562104095429e-15
 9.276240848657339e-15
 2.005991574805981e-11
 1.980104505224988e-13
 5.53138548510961e-10
 3.797225994924472e-14
 6.000016260745722e-12
 1.400244195211952e-10
 3.360039181488277e-09
 4.68210949966914e-12
 1.546446817749002e-11
 1.331899692557412e-12
 9.30067293573881e-10
 1.980104505224988e-13
 5.53138548510961e-10
 2.230852691427378e-11
 6.000016260745722e-12
 1.400244195211952e-10
 3.475742813880795e-07
 7.372996113543303e-10
 1.069322374246434e-08
 2.167815064785943e-09
 8.461908204275965e-09
 2.007167761396543e-10
 5.53138548510961e-10
 6.20297072475137e-08
 1.77650123628505e-08
 1.400244195211952e-10
 3.475742813880795e-07
 1.314327912287426e-06
 1.777633292353981e-06
 1.816567881916908e-07
 8.461908204275965e-09
 4.306930970346101e-08
 7.568508229260995e-07
 6.20297072475137e-08
 3.461781098408153e-07
 1.400244195211952e-10
 3.475742813880795e-07
 1.314327912287426e-06
 1.777633292353981e-06
 1.842187013485041e-06
 4.648438271883924e-07
 4.306930970346101e-08
 7.568508229260995e-07
 4.227794895628517e-06
 1.317424085910788e-06
 3.57093743555137e-07
 8.477969318461001e-05
 8.934130776480395e-05
 0.0004519477760621126
 1.842187013485041e-06
 4.648438271883924e-07
 3.135987714235623e-05
 0.0004519477760621126
 4.227794895628517e-06
 2.344797034729637e-05
 3.57093743555137e-07
 8.477969318461001e-05
 8.934130776480395e-05
 0.0004519477760621126
 1.236161210004399e-05
 4.648438271883924e-07
 3.135987714235623e-05
 0.0004519477760621126
 4.227794895628517e-06
 8.896796262092471e-05
 3.57093743555137e-07
 8.477969318461001e-05
 8.934130776480395e-05
 0.0004519477760621126
 0.0001245646656857788
 6.848164088685181e-07
 3.135987714235623e-05
 0.0004519477760621126
 4.227794895628517e-06
 8.896796262092471e-05
 3.57093743555137e-07
 8.477969318461001e-05
 8.934130776480395e-05
 0.0004519477760621126
 0.0001245646656857788
 0.000675356998111817
 3.135987714235623e-05
 0.0004519477760621126
 8.477969318461001e-05
 0.0008216276002776974
 3.57093743555137e-07
 8.477969318461001e-05
 8.934130776480395e-05
 0.0004519477760621126
 0.0001245646656857788
 0.000675356998111817
 3.135987714235623e-05
 0.0004519477760621126
 8.477969318461001e-05
 0.004623426170392636
 4.469498393167412e-06
 8.477969318461001e-05
 8.934130776480395e-05
 0.0004519477760621126
 0.0001245646656857788
 0.000675356998111817
 0.001421829367248849
 0.0004519477760621126
 8.477969318461001e-05
 0.004623426170392636
 4.469498393167412e-06
 8.477969318461001e-05
 8.934130776480395e-05
 0.0004519477760621126
 0.0001245646656857788
 0.000675356998111817
 0.001421829367248849
 0.0004519477760621126
 8.477969318461001e-05
 0.004623426170392636
 4.469498393167412e-06
 8.477969318461001e-05
 8.934130776480395e-05
 0.0004519477760621126
 0.0001245646656857788
 0.000675356998111817
 0.001421829367248849
 0.0004519477760621126
 8.477969318461001e-05
 0.004623426170392636
 4.469498393167412e-06
 8.477969318461001e-05
 8.934130776480395e-05
 0.0004519477760621126
 0.0001245646656857788
 0.000675356998111817
 0.001421829367248849
 0.0004519477760621126
 8.477969318461001e-05
 0.004623426170392636
 1.293259910335608e-05
 8.477969318461001e-05
 8.934130776480395e-05
 0.0004519477760621126
 0.0001245646656857788
 0.000675356998111817
 0.001421829367248849
 0.0004519477760621126
 8.477969318461001e-05
 0.004623426170392636
 1.293259910335608e-05
 8.477969318461001e-05
 8.934130776480395e-05
 0.0004519477760621126
 0.0001245646656857788
 0.000675356998111817
 0.001421829367248849
 0.0004519477760621126
 8.477969318461001e-05
 0.004623426170392636
 1.293259910335608e-05
 8.477969318461001e-05
 8.934130776480395e-05
 0.0004519477760621126
 0.0001245646656857788
 0.000675356998111817
 0.001421829367248849
 0.0004519477760621126
 8.477969318461001e-05
 0.004623426170392636
 1.293259910335608e-05
 8.477969318461001e-05
 8.934130776480395e-05
 0.0004519477760621126
 0.0001245646656857788
 0.000675356998111817
 0.001421829367248849
 0.0004519477760621126
 8.477969318461001e-05
 0.004623426170392636
 1.293259910335608e-05
 8.477969318461001e-05
 0.0002531729882203123
 0.0004519477760621126
 0.0001245646656857788
 0.0716746512803807
 0.001421829367248849
 0.0004519477760621126
 8.477969318461001e-05
 0.004623426170392636
 1.293259910335608e-05
 8.477969318461001e-05
 0.0002531729882203123
 0.0004519477760621126
 0.0001245646656857788
 0.0716746512803807
 0.001421829367248849
 0.0004519477760621126
 8.477969318461001e-05
 0.004623426170392636
 1.293259910335608e-05
 8.477969318461001e-05
 0.0002531729882203123
 0.0004519477760621126
 0.0001245646656857788
 0.0716746512803807
 0.001421829367248849
 0.0004519477760621126
 8.477969318461001e-05
 0.004623426170392636
 0.0716746512803807
 8.477969318461001e-05
 8.934130776480395e-05
 0.0004519477760621126
 0.0001245646656857788
 0.0716746512803807
 0.001421829367248849
 0.0004519477760621126
 8.477969318461001e-05
 0.004623426170392636
 0.0716746512803807
 8.477969318461001e-05
 8.934130776480395e-05
 0.0004519477760621126
 0.0001245646656857788
 0.0716746512803807
 0.001421829367248849
 0.0004519477760621126
 8.477969318461001e-05
 0.004623426170392636
 0.0716746512803807
 8.477969318461001e-05
 8.934130776480395e-05
 0.0004519477760621126
 0.0001245646656857788
 0.0716746512803807
 0.001421829367248849
 0.0004519477760621126
 8.477969318461001e-05
 0.004623426170392636
 0.0716746512803807
 8.477969318461001e-05
 0.0002531729882203123
 0.0004519477760621126
 0.0001245646656857788
 0.0716746512803807
 0.001421829367248849
 0.0004519477760621126
 8.477969318461001e-05
 0.004623426170392636
 0.0716746512803807
 8.477969318461001e-05
 8.934130776480395e-05
 0.0004519477760621126
 0.0001245646656857788
 0.0716746512803807
 0.001421829367248849
 0.0004519477760621126
 8.477969318461001e-05
 0.004623426170392636
 0.0716746512803807
 8.477969318461001e-05
 0.0002531729882203123
 0.0004519477760621126
 0.0001245646656857788
 0.0716746512803807
 0.001421829367248849
 0.0004519477760621126
 8.477969318461001e-05
 0.004623426170392636
 0.0716746512803807
 8.477969318461001e-05
 0.0003292538728966642
