# Created by Octave 3.2.4, Tue Feb 05 11:45:51 2013 EST <rbom@zaphod>
# name: small_First_Fit
# type: matrix
# ndims: 3
 1 10 30
 2.245968541531388e-17
 3.565067278414889e-20
 1.979379542700335e-22
 2.878837587667625e-19
 3.246783690269136e-23
 7.797041235873604e-21
 7.456476623871052e-22
 3.237818650849039e-24
 3.147572232274786e-22
 4.499206366926942e-10
 1.04022255968519e-13
 1.490357250357673e-14
 1.244864417816538e-17
 7.11506729968046e-16
 2.968618979436746e-19
 7.797041235873604e-21
 3.263820671216036e-18
 3.051298466535534e-17
 1.711117674863328e-14
 1.732825774233699e-07
 3.27943530793748e-10
 3.337212783021615e-13
 9.704065985437023e-11
 7.11506729968046e-16
 2.133518061027083e-15
 1.075958023236506e-13
 3.263820671216036e-18
 3.051298466535534e-17
 4.20835277249432e-11
 0.007399459773842029
 2.25222109502587e-08
 3.337212783021615e-13
 9.704065985437023e-11
 7.11506729968046e-16
 2.133518061027083e-15
 2.502211695089346e-10
 2.351793531818432e-14
 1.553404748247766e-14
 4.20835277249432e-11
 0.007399459773842029
 2.25222109502587e-08
 8.71864398869047e-09
 1.212402565159704e-07
 1.112439823205052e-12
 2.133518061027083e-15
 2.185698264268689e-07
 1.198517119922124e-11
 3.609294495591923e-11
 6.953917452740783e-09
 0.007399459773842029
 2.25222109502587e-08
 8.71864398869047e-09
 1.189454739226028e-05
 1.065489900784304e-10
 3.741203842170518e-14
 0.0001551936224644035
 1.884108365925544e-08
 3.609294495591923e-11
 7.516389212699354e-07
 0.007399459773842029
 3.27943530793748e-10
 8.71864398869047e-09
 0.0008168831157320829
 1.065489900784304e-10
 2.256580641415777e-13
 0.0001551936224644035
 1.884108365925544e-08
 1.137876636346805e-07
 7.516389212699354e-07
 0.007399459773842029
 5.418967559100233e-08
 0.0003525815259877282
 0.0008168831157320829
 1.760624415071902e-08
 2.03470758173353e-09
 0.0001551936224644035
 2.199647952159481e-05
 6.878024850821126e-05
 7.516389212699354e-07
 0.007399459773842029
 5.418967559100233e-08
 0.0003525815259877282
 0.0008168831157320829
 2.199647952159481e-05
 2.258364313361478e-06
 0.0001551936224644035
 2.199647952159481e-05
 6.878024850821126e-05
 0.0001242014421632569
 0.007399459773842029
 3.478055666703092e-06
 0.0003525815259877282
 0.0008168831157320829
 0.008471191042656829
 2.258364313361478e-06
 0.0001551936224644035
 2.199647952159481e-05
 6.878024850821126e-05
 0.0001242014421632569
 0.007399459773842029
 3.478055666703092e-06
 0.0003525815259877282
 0.0008168831157320829
 0.008471191042656829
 2.258364313361478e-06
 0.0001551936224644035
 2.199647952159481e-05
 6.878024850821126e-05
 0.0001242014421632569
 0
 3.478055666703092e-06
 0.0003525815259877282
 0.0008168831157320829
 0.008471191042656829
 2.258364313361478e-06
 0.0001551936224644035
 2.199647952159481e-05
 6.878024850821126e-05
 0.0001242014421632569
 0
 3.478055666703092e-06
 0.0003525815259877282
 0.0008168831157320829
 0.008471191042656829
 2.258364313361478e-06
 0
 2.199647952159481e-05
 6.878024850821126e-05
 0.0001242014421632569
 0
 0.0002388609163520421
 0.0003525815259877282
 0
 0.008471191042656829
 2.258364313361478e-06
 0
 2.199647952159481e-05
 6.878024850821126e-05
 0.04783176125132256
 0
 0.0002388609163520421
 0
 0
 0.008471191042656829
 0.0002388609163520421
 0
 0
 0
 0.04783176125132256
 0
 0.0002388609163520421
 0
 0
 0.008471191042656829
 0.0002388609163520421
 0
 0
 0
 0.04783176125132256
 0
 0.0002388609163520421
 0
 0
 0
 0.0002388609163520421
 0
 0
 0
 0.04783176125132256
 0
 0.0002388609163520421
 0
 0
 0
 0.0002388609163520421
 0
 0
 0
 0.04783176125132256
 0
 0.0002388609163520421
 0
 0
 0
 0.0002388609163520421
 0
 0
 0
 0.04783176125132256
 0
 0.0002388609163520421
 0
 0
 0
 0.0002388609163520421
 0
 0
 0
 0.04783176125132256
 0
 0
 0
 0
 0
 0.0002388609163520421
 0
 0
 0
 0
 0
 0
 0
 0
 0
 0
 0
 0
 0
 0
 0
 0
 0
 0
 0
 0
 0
 0
 0
 0
 0
 0
 0
 0
 0
 0
 0
 0
 0
 0
 0
 0
 0
 0
 0
 0
 0
 0
 0
 0
 0
 0
 0
 0
 0
 0
 0
 0
 0
 0
 0
 0
 0
 0
 0
 0
 0
 0
 0
 0
 0
 0
 0
 0
 0
 0
 0
 0
 0
 0
 0
 0
 0
 0
 0
 0
 0
 0
 0
 0
 0
 0
 0
 0
 0
 0
 0
 0
 0
 0
 0
