# Created by Octave 3.2.4, Sun Feb 03 23:06:23 2013 EST <rbom@zaphod>
# name: small_First_Fit
# type: matrix
# ndims: 3
 1 10 30
 3.936443776825818e-19
 3.046824101562856e-16
 5.23757321619865e-18
 2.751980782469678e-18
 2.979612696503814e-16
 3.148837379564819e-14
 1.2744268263642e-16
 3.355567064046137e-18
 4.494234104217727e-16
 9.754931859964643e-17
 2.392028398935856e-08
 5.083374475523717e-15
 9.188275183442543e-17
 6.247072975160257e-17
 2.979612696503814e-16
 2.113002661898657e-12
 1.515497778319638e-13
 2.031139540721982e-13
 2.936501462224183e-14
 4.303394026449902e-10
 2.392028398935856e-08
 5.083374475523717e-15
 8.614427317231576e-16
 4.908995677119131e-14
 2.320359330111549e-13
 2.865415356712905e-11
 1.211912652809358e-09
 2.704181261290926e-10
 2.936501462224183e-14
 1.564587097329148e-09
 2.392028398935856e-08
 3.90106936175779e-13
 1.04199428957778e-11
 4.71986280258337e-12
 2.188010063780996e-11
 1.845120000391357e-09
 5.130978641006759e-08
 5.916384621247295e-07
 6.348431317423435e-13
 4.303394026449902e-10
 2.392028398935856e-08
 1.227544408532358e-10
 7.725770960980932e-09
 3.527315575432087e-10
 1.266580844890589e-09
 2.932726197531183e-07
 5.130978641006759e-08
 0.0006786854498382186
 4.013123211210737e-11
 1.478277418618623e-08
 5.839032534913052e-07
 8.123049199384798e-07
 1.167720172972387e-06
 3.527315575432087e-10
 2.803916259893128e-06
 1.060999940840228e-05
 5.130978641006759e-08
 0.002785719661890531
 8.538702293346393e-10
 3.465462027506173e-08
 5.839032534913052e-07
 1.945748232677825e-05
 4.378516044923874e-05
 5.933198766738943e-09
 0.0001496683789529687
 1.060999940840228e-05
 5.130978641006759e-08
 0.002785719661890531
 2.876502509603508e-09
 5.916646074949808e-07
 5.839032534913052e-07
 1.945748232677825e-05
 0.0007100226902192057
 2.079364028949817e-08
 0.0001496683789529687
 1.060999940840228e-05
 5.340736711499002e-07
 0.002785719661890531
 1.881353742637272e-06
 5.916646074949808e-07
 5.839032534913052e-07
 3.621940966962185e-05
 0.01923458965452591
 3.316292712397714e-07
 0.002946163399145814
 1.060999940840228e-05
 5.340736711499002e-07
 0.002785719661890531
 1.881353742637272e-06
 4.378516044923874e-05
 5.839032534913052e-07
 3.621940966962185e-05
 0.01923458965452591
 3.967855720623382e-07
 0.002946163399145814
 1.060999940840228e-05
 5.340736711499002e-07
 0.002785719661890531
 1.881353742637272e-06
 0.0003772221988480201
 5.839032534913052e-07
 3.621940966962185e-05
 0.01923458965452591
 3.967855720623382e-07
 0.002946163399145814
 0.002785719661890531
 5.340736711499002e-07
 0.002785719661890531
 7.083973759587678e-05
 0.0003772221988480201
 5.839032534913052e-07
 3.621940966962185e-05
 0.01923458965452591
 0.0001496683789529687
 0.002946163399145814
 0.002785719661890531
 5.340736711499002e-07
 0.002785719661890531
 0.0001019647283448044
 0.01923458965452591
 5.839032534913052e-07
 3.621940966962185e-05
 0.01923458965452591
 0.0001496683789529687
 0.002946163399145814
 0.002785719661890531
 5.340736711499002e-07
 0.002785719661890531
 0.0001019647283448044
 0.01923458965452591
 5.839032534913052e-07
 0.002946163399145814
 0.01923458965452591
 0.0003233354392398147
 0.002946163399145814
 0.002785719661890531
 5.340736711499002e-07
 0.002785719661890531
 0.0001019647283448044
 0.01923458965452591
 5.839032534913052e-07
 0.002946163399145814
 0.01923458965452591
 0.0003233354392398147
 0.002946163399145814
 0.002785719661890531
 5.340736711499002e-07
 0.002785719661890531
 0.0003233354392398147
 0.01923458965452591
 5.839032534913052e-07
 0.002946163399145814
 0.01923458965452591
 0.0003233354392398147
 0.002946163399145814
 0.002785719661890531
 5.340736711499002e-07
 0.002785719661890531
 0.0001019647283448044
 0.01923458965452591
 5.839032534913052e-07
 0.002946163399145814
 0.01923458965452591
 0.0003233354392398147
 0.002946163399145814
 0.002785719661890531
 5.340736711499002e-07
 0.002785719661890531
 0.0001019647283448044
 0.01923458965452591
 5.839032534913052e-07
 0.002946163399145814
 0.01923458965452591
 0.0004094790527236031
 0.002946163399145814
 0.002785719661890531
 5.340736711499002e-07
 0.002785719661890531
 0.002785719661890531
 0.01923458965452591
 5.839032534913052e-07
 0.002946163399145814
 0.01923458965452591
 0.0003233354392398147
 0.002946163399145814
 0.002785719661890531
 5.340736711499002e-07
 0.002785719661890531
 0.002785719661890531
 0.01923458965452591
 5.839032534913052e-07
 0.002946163399145814
 0.01923458965452591
 0.0003233354392398147
 0.002946163399145814
 0.002785719661890531
 5.340736711499002e-07
 0.002785719661890531
 0.002785719661890531
 0.01923458965452591
 5.839032534913052e-07
 0.002946163399145814
 0.01923458965452591
 0.0003233354392398147
 0.002946163399145814
 0.002785719661890531
 5.340736711499002e-07
 0.002785719661890531
 0.002785719661890531
 0.01923458965452591
 5.839032534913052e-07
 0.002946163399145814
 0.01923458965452591
 0.0003233354392398147
 0.002946163399145814
 0.002785719661890531
 5.340736711499002e-07
 0.002785719661890531
 0.002785719661890531
 0.01923458965452591
 5.839032534913052e-07
 0.002946163399145814
 0.01923458965452591
 0.0003233354392398147
 0.002946163399145814
 0.002785719661890531
 5.340736711499002e-07
 0.002785719661890531
 0.002785719661890531
 0.01923458965452591
 5.839032534913052e-07
 0.002946163399145814
 0.01923458965452591
 0.0003233354392398147
 0.002946163399145814
 0.002785719661890531
 5.340736711499002e-07
 0.002785719661890531
 0.002785719661890531
 0.01923458965452591
 5.839032534913052e-07
 0.002946163399145814
 0.01923458965452591
 0.0003233354392398147
 0.002946163399145814
 0.002785719661890531
 5.340736711499002e-07
 0.002785719661890531
 0.002785719661890531
 0.01923458965452591
 5.839032534913052e-07
 0.002946163399145814
 0.01923458965452591
 0.0003233354392398147
 0.002946163399145814
 0.002785719661890531
 5.340736711499002e-07
 0.002785719661890531
 0.002785719661890531
 0.01923458965452591
 5.839032534913052e-07
 0.002946163399145814
 0.01923458965452591
 0.0004094790527236031
 0.002946163399145814
 0.002785719661890531
 5.340736711499002e-07
 0.002785719661890531
 0.002785719661890531
 0.01923458965452591
 5.839032534913052e-07
 0.002946163399145814
 0.01923458965452591
 0.0003233354392398147
 0.002946163399145814
 0.002785719661890531
 5.340736711499002e-07
 0.002785719661890531
 0.002785719661890531
 0.01923458965452591
 5.839032534913052e-07
 0.002946163399145814
 0.01923458965452591
 0.0003233354392398147
 0.002946163399145814
 0.002785719661890531
 5.340736711499002e-07
 0.002785719661890531
 0.002785719661890531
 0.01923458965452591
 5.839032534913052e-07
 0.002946163399145814
 0.01923458965452591
 0.0003233354392398147
 0.002946163399145814
 0.002785719661890531
 5.340736711499002e-07
 0.002785719661890531
 0.002785719661890531
 0.01923458965452591
