# Created by Octave 3.2.4, Tue Feb 05 09:51:47 2013 EST <rbom@zaphod>
# name: small_First_Fit
# type: matrix
# ndims: 3
 1 10 30
 1.72381963539795e-14
 1.958416319696432e-13
 1.105315571117252e-14
 2.594737723300409e-13
 1.068126684590929e-11
 1.701942853911684e-12
 3.052072214314872e-09
 2.586148867025751e-14
 8.640169503522406e-16
 9.017857047659804e-11
 1.271581271164178e-10
 2.388333400678817e-12
 4.391397655617978e-10
 7.378860130238007e-12
 2.344108733122365e-10
 5.172260680430204e-10
 3.052072214314872e-09
 2.153344794279707e-12
 7.886862891298147e-08
 7.213418645464788e-09
 1.271581271164178e-10
 3.107928105343166e-10
 2.061479479411804e-09
 8.941866621341614e-11
 1.35729040132341e-07
 1.689386639039475e-08
 3.052072214314872e-09
 3.160382753137576e-10
 4.934934643538502e-05
 8.509266238307648e-07
 3.368059299670681e-07
 1.34777375868423e-07
 2.061479479411804e-09
 5.534440153322691e-09
 1.35729040132341e-07
 7.314304969104164e-06
 6.015497687749015e-08
 2.201301584574509e-08
 0.0008737091666381177
 8.509266238307648e-07
 3.368059299670681e-07
 5.699900668377463e-07
 3.861767417836265e-08
 5.534440153322691e-09
 1.234990326723838e-06
 2.703922723539035e-05
 6.015497687749015e-08
 2.201301584574509e-08
 0.0008737091666381177
 1.69816840920062e-06
 2.350552617686947e-06
 4.699752218293991e-06
 2.567693671094807e-06
 5.534440153322691e-09
 1.234990326723838e-06
 2.703922723539035e-05
 6.015497687749015e-08
 1.976720152481636e-06
 0.0008737091666381177
 1.69816840920062e-06
 4.869878886020623e-06
 4.699752218293991e-06
 2.567693671094807e-06
 5.534440153322691e-09
 1.234990326723838e-06
 2.703922723539035e-05
 6.015497687749015e-08
 1.976720152481636e-06
 0.0008737091666381177
 8.509266238307648e-07
 2.350552617686947e-06
 4.699752218293991e-06
 2.567693671094807e-06
 5.534440153322691e-09
 5.344816581848614e-06
 7.314304969104164e-06
 0.0002942782206425557
 2.212953840416805e-05
 0.001084208004978777
 8.509266238307648e-07
 3.955662216791653e-05
 7.263956404381401e-05
 0.0001390213514128762
 6.5386372566407e-06
 1.234990326723838e-06
 7.314304969104164e-06
 0.001770336341522324
 2.212953840416805e-05
 0.0008737091666381177
 4.179634838207348e-05
 3.955662216791653e-05
 7.263956404381401e-05
 0.0005925830356083285
 6.5386372566407e-06
 5.344816581848614e-06
 7.314304969104164e-06
 0.001770336341522324
 2.212953840416805e-05
 0.001084208004978777
 4.179634838207348e-05
 0.0001787870022061203
 9.778184301009259e-05
 0.0005925830356083285
 6.5386372566407e-06
 0.0009691341322128474
 2.703922723539035e-05
 0.001770336341522324
 0.000403803798456976
 0.001084208004978777
 0.0009714446390186443
 0.0001787870022061203
 7.263956404381401e-05
 0.001084208004978777
 2.810862838581482e-05
 0.0009691341322128474
 2.703922723539035e-05
 0.001770336341522324
 0.000403803798456976
 0.0008737091666381177
 0.0009714446390186443
 0.0001787870022061203
 7.263956404381401e-05
 0.0009691341322128474
 0.000403803798456976
 0.0009691341322128474
 7.314304969104164e-06
 0.001770336341522324
 0.000403803798456976
 0.0008737091666381177
 0.0009714446390186443
 0.0001787870022061203
 9.778184301009259e-05
 0.001084208004978777
 0.000403803798456976
 0.0009691341322128474
 2.703922723539035e-05
 0.001770336341522324
 0.0008737091666381177
 0.0008737091666381177
 0.0009714446390186443
 0.0001787870022061203
 7.263956404381401e-05
 0.001084208004978777
 0.0008737091666381177
 0.0009691341322128474
 2.703922723539035e-05
 0.001770336341522324
 0.0008737091666381177
 0.001084208004978777
 0.0009714446390186443
 0.0001787870022061203
 9.778184301009259e-05
 0.001084208004978777
 0.000403803798456976
 0.0009691341322128474
 2.703922723539035e-05
 0
 0.0008737091666381177
 0.0008737091666381177
 0.0009714446390186443
 0.0001787870022061203
 7.263956404381401e-05
 0.0009714446390186443
 0.000403803798456976
 0.0009691341322128474
 2.703922723539035e-05
 0
 0.0008737091666381177
 0.001084208004978777
 0.0009714446390186443
 0
 7.263956404381401e-05
 0.0009714446390186443
 0.000403803798456976
 0
 0.0002550315923125587
 0
 0.001084208004978777
 0.001084208004978777
 0
 0
 9.778184301009259e-05
 0.001770336341522324
 0.000403803798456976
 0
 0.0002550315923125587
 0
 0.001084208004978777
 0.0008737091666381177
 0
 0
 7.263956404381401e-05
 0.0009714446390186443
 0.000403803798456976
 0
 0.0002550315923125587
 0
 0.001084208004978777
 0.001084208004978777
 0
 0
 9.778184301009259e-05
 0.0009691341322128474
 0.0008737091666381177
 0
 0.0002550315923125587
 0
 0.001084208004978777
 0.001084208004978777
 0
 0
 9.778184301009259e-05
 0.001084208004978777
 0.001084208004978777
 0
 0.0002550315923125587
 0
 0.001084208004978777
 0.001084208004978777
 0
 0
 9.778184301009259e-05
 0.001084208004978777
 0.0008737091666381177
 0
 0.0002942782206425557
 0
 0.001084208004978777
 0.001084208004978777
 0
 0
 9.778184301009259e-05
 0.0009714446390186443
 0.0008737091666381177
 0
 0.0002942782206425557
 0
 0.001084208004978777
 0.001084208004978777
 0
 0
 7.263956404381401e-05
 0.0009691341322128474
 0.0008737091666381177
 0
 0.0002942782206425557
 0
 0
 0.001084208004978777
 0
 0
 7.263956404381401e-05
 0.0009691341322128474
 0.0008737091666381177
 0
 0.0002550315923125587
 0
 0
 0.001084208004978777
 0
 0
 7.263956404381401e-05
 0.0009691341322128474
 0.0008737091666381177
 0
 0.0002550315923125587
 0
 0
 0
 0
 0
 0
 0.001084208004978777
 0.0008737091666381177
 0
 0.0002550315923125587
 0
 0
 0
 0
 0
 0
 0.001084208004978777
 0
 0
 0.0002550315923125587
 0
 0
 0
 0
 0
 0
 0.001084208004978777
 0
 0
 0
 0
 0
 0
 0
