# Created by Octave 3.2.4, Wed Feb 06 13:54:20 2013 EST <rbom@zaphod>
# name: small_First_Fit
# type: matrix
# ndims: 3
 1 10 30
 8.391184951510512e-15
 6.024543887179589e-16
 5.336094878605929e-10
 4.904926127234691e-10
 2.126225030915594e-08
 5.914430360566394e-12
 2.679987612205996e-14
 1.156827309334956e-10
 1.846597273797188e-15
 9.473163561664999e-16
 1.153806769259221e-09
 3.986908355850156e-12
 5.336094878605929e-10
 1.417665432564286e-08
 7.285680437579192e-08
 2.867412333490101e-10
 5.385479425605731e-11
 1.337044365008997e-10
 4.112600348748663e-12
 1.886424650298331e-13
 1.213658592975468e-08
 4.358845376422701e-08
 7.811458161370398e-08
 1.814183082081945e-08
 1.107990826825947e-07
 1.253197805193777e-06
 4.866007894424085e-10
 7.026078658261477e-09
 3.439385234293588e-11
 4.737620411556598e-12
 1.213658592975468e-08
 4.923186809640128e-07
 2.201784209669592e-06
 1.814183082081945e-08
 7.285680437579192e-08
 0.0004749719501246476
 9.344206690926824e-08
 3.139551487812765e-07
 1.669560365391432e-09
 4.737620411556598e-12
 1.213658592975468e-08
 1.071921818610197e-05
 6.602613805800622e-05
 8.146477778410412e-06
 9.87352359134827e-05
 0.0004749719501246476
 3.532631447681714e-07
 3.477454430773037e-07
 8.360094895682205e-09
 4.737620411556598e-12
 4.945558574450851e-08
 0.000153721116751024
 6.602613805800622e-05
 8.146477778410412e-06
 0.0007862067025062473
 0.002772180886663943
 4.203956340158304e-07
 3.477454430773037e-07
 1.54749405916196e-08
 1.213829526011169e-10
 1.638623046899977e-07
 0.000153721116751024
 0.002772180886663943
 1.407187955494115e-05
 0.0007862067025062473
 0.0004749719501246476
 1.328873136996623e-06
 3.477454430773037e-07
 2.977290263279943e-07
 3.70662198207073e-07
 1.638623046899977e-07
 0.000153721116751024
 0.002772180886663943
 1.407187955494115e-05
 0.001736332896465162
 0.0004749719501246476
 1.328873136996623e-06
 1.759422699432351e-06
 0.0001067716044693013
 3.70662198207073e-07
 1.638623046899977e-07
 0.000153721116751024
 0.007771244593077728
 3.279453313211435e-05
 0.001736332896465162
 0.0004749719501246476
 3.65544614792332e-05
 1.759422699432351e-06
 0.0003681489900933668
 1.133655281872415e-05
 1.638623046899977e-07
 0.000153721116751024
 0.007771244593077728
 0.0003575792369163703
 0.005161265340339061
 0.0004749719501246476
 3.65544614792332e-05
 4.883522064144283e-06
 0.0003681489900933668
 1.133655281872415e-05
 1.638623046899977e-07
 0.004777413517175667
 0.007771244593077728
 0.0003575792369163703
 0.007771244593077728
 0.0004749719501246476
 3.65544614792332e-05
 4.883522064144283e-06
 0.0003681489900933668
 1.422607362693402e-05
 1.638623046899977e-07
 0.005575627134504534
 0.007771244593077728
 0.0003575792369163703
 0.007771244593077728
 0.0004749719501246476
 3.65544614792332e-05
 5.639897919815114e-06
 0.002475260148853718
 1.133655281872415e-05
 1.638623046899977e-07
 0.005575627134504534
 0.007771244593077728
 0.0003575792369163703
 0.005161265340339061
 0
 3.65544614792332e-05
 5.639897919815114e-06
 0.007771244593077728
 1.133655281872415e-05
 0
 0.005575627134504534
 0.007771244593077728
 0.0003575792369163703
 0.005161265340339061
 0
 0.001736332896465162
 0.000630928070537574
 0.007771244593077728
 1.507830010483201e-05
 0
 0.005575627134504534
 0.007771244593077728
 0.0003575792369163703
 0.007771244593077728
 0
 0.001736332896465162
 0.007771244593077728
 0.007771244593077728
 1.507830010483201e-05
 0
 0.005575627134504534
 0
 0.0008350201967743686
 0.007771244593077728
 0
 0.001736332896465162
 0.007771244593077728
 0.007771244593077728
 1.507830010483201e-05
 0
 0.005575627134504534
 0
 0.0003575792369163703
 0.007771244593077728
 0
 0.001736332896465162
 0.007771244593077728
 0.007771244593077728
 1.507830010483201e-05
 0
 0.005575627134504534
 0
 0.0003575792369163703
 0.007771244593077728
 0
 0.004777413517175667
 0.007771244593077728
 0.007771244593077728
 1.507830010483201e-05
 0
 0
 0
 0.0003575792369163703
 0.007771244593077728
 0
 0.004777413517175667
 0.007771244593077728
 0.007771244593077728
 1.133655281872415e-05
 0
 0
 0
 0.0003575792369163703
 0.007771244593077728
 0
 0.001736332896465162
 0.007771244593077728
 0
 1.422607362693402e-05
 0
 0
 0
 0.0003575792369163703
 0.007771244593077728
 0
 0.001736332896465162
 0.007771244593077728
 0
 1.422607362693402e-05
 0
 0
 0
 0.0003575792369163703
 0
 0
 0.001736332896465162
 0
 0
 1.507830010483201e-05
 0
 0
 0
 0
 0
 0
 0.001736332896465162
 0
 0
 1.133655281872415e-05
 0
 0
 0
 0
 0
 0
 0.004777413517175667
 0
 0
 1.507830010483201e-05
 0
 0
 0
 0
 0
 0
 0.004777413517175667
 0
 0
 1.133655281872415e-05
 0
 0
 0
 0
 0
 0
 0.004777413517175667
 0
 0
 1.422607362693402e-05
 0
 0
 0
 0
 0
 0
 0.004777413517175667
 0
 0
 1.422607362693402e-05
 0
 0
 0
 0
 0
 0
 0.005161265340339061
 0
 0
 1.507830010483201e-05
 0
 0
 0
 0
 0
 0
 0.004777413517175667
 0
 0
 1.507830010483201e-05
 0
 0
 0
 0
 0
 0
 0.004777413517175667
 0
 0
 1.507830010483201e-05
