# Created by Octave 3.2.4, Thu Feb 07 01:45:47 2013 EST <rbom@zaphod>
# name: small_First_Fit
# type: matrix
# ndims: 3
 1 10 30
 2.704439642784856e-12
 3.160210648148762e-13
 4.25070360560546e-10
 6.681215282642123e-10
 1.2507632986976e-11
 2.502471711340713e-08
 2.187380812318924e-11
 1.645205261657661e-10
 2.12300768124168e-09
 2.595738133150533e-10
 7.92975170915479e-11
 3.578886425761572e-06
 6.630651307677932e-08
 3.575910748504233e-08
 3.969605495241797e-10
 2.093995833703911e-07
 6.544743927289074e-10
 2.467499776661962e-08
 3.481167794802274e-07
 5.926576880432753e-06
 1.061622077289987e-07
 3.578886425761572e-06
 6.630651307677932e-08
 7.253344144882061e-07
 2.83121803551946e-09
 4.650390350953095e-07
 3.153610207337481e-07
 3.322527682017228e-06
 4.372882225019014e-05
 8.941260371644823e-05
 1.556732470793495e-05
 6.201542775051706e-05
 1.974846986963854e-06
 0.0001550423249543198
 8.533840703123936e-08
 3.416827002858415e-05
 1.125643376057063e-06
 3.322527682017228e-06
 0.0004382181659110525
 8.941260371644823e-05
 1.556732470793495e-05
 6.201542775051706e-05
 1.974846986963854e-06
 0.006416532800265764
 8.533840703123936e-08
 3.416827002858415e-05
 1.125643376057063e-06
 5.391888224669578e-05
 0.0004382181659110525
 8.941260371644823e-05
 1.556732470793495e-05
 0.0005064123974331566
 4.011262901880952e-05
 0.006416532800265764
 2.342823527560787e-05
 7.200049016110784e-05
 1.125643376057063e-06
 5.391888224669578e-05
 0.0003221099487397089
 8.941260371644823e-05
 9.167810149142767e-05
 0.0005064123974331566
 8.106892475642544e-05
 0.01184215834205161
 0.0007367633193757237
 7.200049016110784e-05
 1.125643376057063e-06
 5.391888224669578e-05
 0.0004382181659110525
 8.941260371644823e-05
 9.167810149142767e-05
 0.0005064123974331566
 8.106892475642544e-05
 0.03337705555753066
 0.0007367633193757237
 0.0001338524863404809
 1.125643376057063e-06
 0.0004463036072193968
 0.003226346900589339
 0.006408222007686464
 0.00180208916223922
 0.0005064123974331566
 0.000399350844222654
 0.03337705555753066
 0.002576634209123248
 7.200049016110784e-05
 7.292163457736521e-05
 0.0004921305798022953
 0.02919804596577659
 0.006408222007686464
 0.01133998293124749
 0.0005064123974331566
 0.002193949116085525
 0.04676454898715684
 0.002576634209123248
 0.002002012556964
 0.01132310770646551
 0.0004921305798022953
 0.02919804596577659
 0.04676454898715684
 0.01133998293124749
 0.0006544080416052399
 0.002193949116085525
 0.04676454898715684
 0.002576634209123248
 0.002002012556964
 0.01132310770646551
 0.003995878559867189
 0.04676454898715684
 0.04676454898715684
 0.02904558252337469
 0.0006544080416052399
 0.002193949116085525
 0.04676454898715684
 0.002576634209123248
 0.002002012556964
 0.01132310770646551
 0.04676454898715684
 0.04676454898715684
 0.04676454898715684
 0.02904558252337469
 0.0006544080416052399
 0.03337705555753066
 0.04676454898715684
 0.002576634209123248
 0.002002012556964
 0.04676454898715684
 0.04676454898715684
 0.04676454898715684
 0.04676454898715684
 0.02919804596577659
 0.0006544080416052399
 0.04676454898715684
 0.04676454898715684
 0.002576634209123248
 0.002002012556964
 0.01132310770646551
 0.04676454898715684
 0.04676454898715684
 0.04676454898715684
 0.01133998293124749
 0.0006544080416052399
 0.04676454898715684
 0.04676454898715684
 0.002576634209123248
 0.002002012556964
 0.04676454898715684
 0.04676454898715684
 0.04676454898715684
 0.04676454898715684
 0.02919804596577659
 0.0006544080416052399
 0.04676454898715684
 0.04676454898715684
 0
 0.002002012556964
 0.01132310770646551
 0.04676454898715684
 0.04676454898715684
 0.04676454898715684
 0.02919804596577659
 0.0006544080416052399
 0.04676454898715684
 0
 0
 0
 0.01132310770646551
 0.04676454898715684
 0.04676454898715684
 0
 0.02904558252337469
 0
 0.04676454898715684
 0
 0
 0
 0.01132310770646551
 0.04676454898715684
 0
 0
 0.02904558252337469
 0
 0.04676454898715684
 0
 0
 0
 0.01132310770646551
 0
 0
 0
 0.02919804596577659
 0
 0.04676454898715684
 0
 0
 0
 0.04676454898715684
 0
 0
 0
 0.02919804596577659
 0
 0
 0
 0
 0
 0.04676454898715684
 0
 0
 0
 0.02919804596577659
 0
 0
 0
 0
 0
 0.01132310770646551
 0
 0
 0
 0.02904558252337469
 0
 0
 0
 0
 0
 0.04676454898715684
 0
 0
 0
 0.02904558252337469
 0
 0
 0
 0
 0
 0.04676454898715684
 0
 0
 0
 0.02904558252337469
 0
 0
 0
 0
 0
 0.04676454898715684
 0
 0
 0
 0.04676454898715684
 0
 0
 0
 0
 0
 0.04676454898715684
 0
 0
 0
 0.04676454898715684
 0
 0
 0
 0
 0
 0.04676454898715684
 0
 0
 0
 0.02904558252337469
 0
 0
 0
 0
 0
 0.04676454898715684
 0
 0
 0
 0.02904558252337469
 0
 0
 0
 0
 0
 0.04676454898715684
 0
 0
 0
 0.02904558252337469
 0
 0
 0
 0
 0
 0
 0
 0
 0
