# Created by Octave 3.2.4, Thu Feb 07 07:36:47 2013 EST <rbom@zaphod>
# name: small_First_Fit
# type: matrix
# ndims: 3
 1 10 30
 2.582974312513368e-21
 3.951766208866929e-17
 9.437487879030167e-21
 7.046105452509184e-19
 6.055909305565123e-18
 2.135233149131203e-15
 9.05848721467391e-23
 2.512996087973249e-17
 1.296518867599384e-16
 2.019456259204744e-13
 4.037014450447722e-18
 4.836623384898319e-15
 7.546255846311252e-10
 3.097392914721512e-16
 5.442807879658072e-14
 2.135233149131203e-15
 8.758206431530501e-20
 3.555968120386123e-13
 2.270356336658895e-12
 2.019456259204744e-13
 6.29066839675838e-15
 1.89937866770582e-11
 3.938916652720437e-07
 4.840757235562723e-13
 1.187343780171994e-10
 2.135233149131203e-15
 4.00685400712517e-17
 6.184107371170424e-10
 8.953295008146021e-09
 2.135752254913816e-11
 8.958331134800986e-12
 1.89937866770582e-11
 3.938916652720437e-07
 6.653472511557713e-10
 1.694509522738734e-07
 2.135233149131203e-15
 2.33074768385339e-14
 2.748689722762075e-07
 8.953295008146021e-09
 1.547412516819218e-10
 2.335577027127644e-09
 1.89937866770582e-11
 0.000532152187204823
 6.653472511557713e-10
 0.0001633917992555164
 1.655729431498871e-11
 7.350086724191482e-10
 2.907179659167756e-05
 8.953295008146021e-09
 1.089911069825669e-09
 3.1502752375762e-08
 1.89937866770582e-11
 0.000532152187204823
 6.653472511557713e-10
 0.0001633917992555164
 1.655729431498871e-11
 7.350086724191482e-10
 2.907179659167756e-05
 8.953295008146021e-09
 7.895043502434074e-09
 3.1502752375762e-08
 8.509270298797326e-09
 0.000532152187204823
 3.576897291947415e-08
 0.0001633917992555164
 7.432108477488681e-09
 1.018643586164911e-06
 2.907179659167756e-05
 2.398042145746289e-06
 8.347931096459633e-07
 3.1502752375762e-08
 2.210364961245418e-08
 0.000532152187204823
 1.434623244173513e-07
 0.0001633917992555164
 7.432108477488681e-09
 0.0002039840784486004
 0.002657296651022595
 2.398042145746289e-06
 8.347931096459633e-07
 9.271121715247317e-06
 1.111808636621518e-05
 0.000532152187204823
 1.434623244173513e-07
 0.0001633917992555164
 3.938916652720437e-07
 0.0002039840784486004
 0.002657296651022595
 2.398042145746289e-06
 8.347931096459633e-07
 9.271121715247317e-06
 1.111808636621518e-05
 0.000532152187204823
 8.615756720624371e-05
 0.01728109070034868
 0.000532152187204823
 0.0002039840784486004
 0.002657296651022595
 2.398042145746289e-06
 8.347931096459633e-07
 9.271121715247317e-06
 1.111808636621518e-05
 0.000532152187204823
 0.01728109070034868
 0.01728109070034868
 0.000532152187204823
 0.01728109070034868
 0.002657296651022595
 2.907179659167756e-05
 8.347931096459633e-07
 9.271121715247317e-06
 0.01728109070034868
 0
 0.01728109070034868
 0.01728109070034868
 0.000532152187204823
 0.01728109070034868
 0.002657296651022595
 0.0002482033450543552
 8.347931096459633e-07
 9.271121715247317e-06
 0.01728109070034868
 0
 0.01728109070034868
 0.01728109070034868
 0.000532152187204823
 0.01728109070034868
 0.002657296651022595
 0.002657296651022595
 8.347931096459633e-07
 9.271121715247317e-06
 0.01728109070034868
 0
 0.01728109070034868
 0.01728109070034868
 0.000532152187204823
 0.01728109070034868
 0.002657296651022595
 0.01728109070034868
 0
 9.271121715247317e-06
 0.01728109070034868
 0
 0.01728109070034868
 0.01728109070034868
 0.000532152187204823
 0.01728109070034868
 0
 0.002657296651022595
 0
 0
 0.01728109070034868
 0
 0.01728109070034868
 0.01728109070034868
 0.000532152187204823
 0.01728109070034868
 0
 0.002657296651022595
 0
 0
 0.01728109070034868
 0
 0.01728109070034868
 0
 0
 0.01728109070034868
 0
 0.002657296651022595
 0
 0
 0.01728109070034868
 0
 0
 0
 0
 0
 0
 0.002657296651022595
 0
 0
 0
 0
 0
 0
 0
 0
 0
 0.002657296651022595
 0
 0
 0
 0
 0
 0
 0
 0
 0
 0.002657296651022595
 0
 0
 0
 0
 0
 0
 0
 0
 0
 0
 0
 0
 0
 0
 0
 0
 0
 0
 0
 0
 0
 0
 0
 0
 0
 0
 0
 0
 0
 0
 0
 0
 0
 0
 0
 0
 0
 0
 0
 0
 0
 0
 0
 0
 0
 0
 0
 0
 0
 0
 0
 0
 0
 0
 0
 0
 0
 0
 0
 0
 0
 0
 0
 0
 0
 0
 0
 0
 0
 0
 0
 0
 0
 0
 0
 0
 0
 0
 0
 0
 0
 0
 0
 0
 0
 0
 0
 0
 0
 0
 0
 0
 0
 0
 0
 0
 0
 0
 0
 0
 0
