# Created by Octave 3.2.4, Wed Feb 06 13:33:40 2013 EST <rbom@zaphod>
# name: small_First_Fit
# type: matrix
# ndims: 3
 1 10 30
 1.257922144118582e-11
 4.724133972808204e-10
 2.382520780128831e-10
 1.209794913732314e-12
 3.584107658740918e-14
 7.369213347471693e-09
 7.16975113481365e-12
 5.545630068309818e-11
 6.209228033292704e-10
 1.845956293985853e-10
 4.761389081594976e-09
 1.491977269572161e-07
 2.382520780128831e-10
 1.868381571330127e-09
 2.145393735617294e-11
 6.252958047425653e-08
 4.168042922231034e-09
 3.13697291632315e-08
 2.064577073461999e-08
 1.845956293985853e-10
 4.761389081594976e-09
 1.531170471672389e-06
 8.804375870694321e-08
 1.20442163364773e-07
 2.627152101172276e-09
 6.252958047425653e-08
 4.168042922231034e-09
 1.059485851178886e-05
 2.071207048878493e-07
 2.207393009351238e-09
 4.761389081594976e-09
 4.5045037878222e-05
 3.83630415697396e-06
 1.20442163364773e-07
 1.848052394200502e-07
 6.252958047425653e-08
 3.494376932920646e-07
 1.059485851178886e-05
 2.777589512135919e-06
 8.543351911337262e-09
 1.23103038055759e-07
 0.0003687961662624161
 3.83630415697396e-06
 1.20442163364773e-07
 2.887698873219163e-05
 1.006467134812114e-06
 1.133310513749713e-05
 1.059485851178886e-05
 1.628131436647733e-05
 3.183286225852541e-08
 1.23103038055759e-07
 0.0003687961662624161
 2.777506468345041e-05
 1.20442163364773e-07
 2.887698873219163e-05
 1.359708983212984e-05
 1.133310513749713e-05
 4.144075082991621e-05
 0.0004874955863503694
 8.410313147469441e-08
 1.421939524385593e-05
 0.0003687961662624161
 2.777506468345041e-05
 6.608234316540553e-06
 2.887698873219163e-05
 1.359708983212984e-05
 1.133310513749713e-05
 4.144075082991621e-05
 0.0004874955863503694
 3.183286225852541e-08
 1.421939524385593e-05
 0.001265297051526952
 8.239443844709387e-05
 6.608234316540553e-06
 2.887698873219163e-05
 1.359708983212984e-05
 1.133310513749713e-05
 4.144075082991621e-05
 0.002415546597436282
 1.359708983212984e-05
 9.084862459097807e-05
 0.001265297051526952
 8.239443844709387e-05
 4.527220872924757e-05
 2.887698873219163e-05
 0.002229140105846542
 0.0003478158328131444
 4.144075082991621e-05
 0.002415546597436282
 0.002229140105846542
 9.084862459097807e-05
 0.001265297051526952
 8.239443844709387e-05
 1.183153161794682e-05
 2.887698873219163e-05
 0.002415546597436282
 0.0003478158328131444
 4.144075082991621e-05
 0.002415546597436282
 0.002229140105846542
 0.0008102023148575811
 0.001265297051526952
 8.239443844709387e-05
 0.0001113466784836003
 2.887698873219163e-05
 0.002229140105846542
 0.001380589178397079
 4.144075082991621e-05
 0.002415546597436282
 0.002229140105846542
 0.002229140105846542
 0.001265297051526952
 8.239443844709387e-05
 0.0001113466784836003
 0
 0.002229140105846542
 0.003823989032091681
 4.144075082991621e-05
 0.002415546597436282
 0.002229140105846542
 0.002229140105846542
 0.001265297051526952
 8.239443844709387e-05
 0.0003351355846959961
 0
 0.002229140105846542
 0.003823989032091681
 0
 0.002415546597436282
 0.002229140105846542
 0.002229140105846542
 0.001265297051526952
 8.239443844709387e-05
 0.0001431612827676497
 0
 0.002229140105846542
 0.003823989032091681
 0
 0.002415546597436282
 0.002415546597436282
 0.002415546597436282
 0
 0
 0.001493962826570887
 0
 0.002229140105846542
 0.003823989032091681
 0
 0
 0.002415546597436282
 0.002229140105846542
 0
 0
 0.002229140105846542
 0
 0.002229140105846542
 0.003823989032091681
 0
 0
 0.002415546597436282
 0.002229140105846542
 0
 0
 0.001493962826570887
 0
 0
 0.003823989032091681
 0
 0
 0.002415546597436282
 0.002229140105846542
 0
 0
 0.002229140105846542
 0
 0
 0.003823989032091681
 0
 0
 0.002415546597436282
 0.002229140105846542
 0
 0
 0.002229140105846542
 0
 0
 0
 0
 0
 0.002415546597436282
 0.002415546597436282
 0
 0
 0.002229140105846542
 0
 0
 0
 0
 0
 0.002415546597436282
 0.002415546597436282
 0
 0
 0.001493962826570887
 0
 0
 0
 0
 0
 0
 0.002415546597436282
 0
 0
 0.002229140105846542
 0
 0
 0
 0
 0
 0
 0.002415546597436282
 0
 0
 0.001493962826570887
 0
 0
 0
 0
 0
 0
 0.002229140105846542
 0
 0
 0.001493962826570887
 0
 0
 0
 0
 0
 0
 0.002229140105846542
 0
 0
 0.001493962826570887
 0
 0
 0
 0
 0
 0
 0.002415546597436282
 0
 0
 0.001493962826570887
 0
 0
 0
 0
 0
 0
 0.002415546597436282
 0
 0
 0.002229140105846542
 0
 0
 0
 0
 0
 0
 0.002229140105846542
 0
 0
 0.002229140105846542
 0
 0
 0
 0
 0
 0
 0.002415546597436282
 0
 0
 0.002229140105846542
 0
 0
 0
 0
 0
 0
 0.002415546597436282
 0
 0
 0.002229140105846542
 0
 0
 0
 0
 0
 0
