# Created by Octave 3.2.4, Tue Feb 05 15:46:01 2013 EST <rbom@zaphod>
# name: small_First_Fit
# type: matrix
# ndims: 3
 1 10 30
 4.952174956595791e-18
 1.742837848493959e-16
 6.218084838342626e-18
 6.459738706482539e-16
 1.745244910645742e-14
 4.031551967772334e-16
 7.156795230957025e-22
 1.675913491505869e-18
 3.842102044409288e-13
 1.410865830230455e-15
 1.75149886912247e-13
 3.534952269426327e-13
 3.583599210538466e-14
 2.626562822303956e-13
 4.379993029802753e-12
 4.031551967772334e-16
 2.943823155096764e-19
 8.28140337329157e-17
 4.372808195246115e-09
 1.015969128816427e-09
 1.75149886912247e-13
 4.76405387622517e-11
 6.33925863871657e-12
 1.411614703227622e-11
 3.007991796468461e-10
 7.644270734446221e-13
 5.956472953537291e-16
 8.28140337329157e-17
 3.096568880835389e-05
 4.683590502158228e-08
 2.037200433488671e-09
 3.600662611798656e-09
 2.242217861914608e-09
 1.803810835131628e-11
 3.007991796468461e-10
 3.959411045216866e-11
 1.918517345463047e-13
 8.28140337329157e-17
 0.0002396930635181513
 1.010398165910355e-05
 2.037200433488671e-09
 1.71926365396034e-07
 2.242217861914608e-09
 1.883344010585407e-09
 3.007991796468461e-10
 5.249752753941827e-11
 1.610642588747554e-11
 1.65937731408958e-13
 0.0002396930635181513
 0.001250957753743253
 1.07628561516471e-07
 1.71926365396034e-07
 2.242217861914608e-09
 6.717752669422255e-08
 2.621145942625433e-06
 2.911342189030071e-09
 3.290491314553423e-10
 7.712840212694e-13
 0.0002396930635181513
 0.009545500428379925
 1.07628561516471e-07
 0.000292047399724451
 2.242217861914608e-09
 2.085300836921685e-05
 2.621145942625433e-06
 1.405113189113146e-07
 6.963194575531391e-08
 1.919149713389195e-09
 0.0002637714217380514
 0.009545500428379925
 1.07628561516471e-07
 0.000292047399724451
 2.85679188275951e-07
 2.085300836921685e-05
 2.621145942625433e-06
 1.405113189113146e-07
 4.782007446690881e-06
 1.919149713389195e-09
 0.0002637714217380514
 0.009545500428379925
 1.232266737165139e-06
 0.000292047399724451
 2.85679188275951e-07
 2.085300836921685e-05
 0.0004429578337573576
 1.405113189113146e-07
 4.782007446690881e-06
 1.919149713389195e-09
 0.0002396930635181513
 0.009545500428379925
 4.999641739444679e-06
 0.01183096902063365
 2.85679188275951e-07
 2.085300836921685e-05
 0.0004429578337573576
 1.405113189113146e-07
 0.0001655581134988795
 8.940623427916581e-08
 0.0002396930635181513
 0.009545500428379925
 4.999641739444679e-06
 0.01183096902063365
 2.85679188275951e-07
 0.0001390133130842828
 0.00585498433310806
 1.405113189113146e-07
 0.0001655581134988795
 1.068089829853698e-07
 0.0002396930635181513
 0.009545500428379925
 0.006494244124959025
 0.01183096902063365
 2.85679188275951e-07
 0.001432087367641278
 0.00585498433310806
 0.001432087367641278
 0.0001655581134988795
 4.998436759159572e-06
 0.0002396930635181513
 0.009545500428379925
 0.006494244124959025
 0.01183096902063365
 2.85679188275951e-07
 0.001432087367641278
 0.00585498433310806
 0.001432087367641278
 0.0001655581134988795
 4.998436759159572e-06
 0.0002396930635181513
 0
 0.006494244124959025
 0.01183096902063365
 0.0001000355577630085
 0.001432087367641278
 0.00585498433310806
 0.001432087367641278
 0.0008925426716940038
 0.0001505133399328154
 0
 0
 0.006494244124959025
 0.01183096902063365
 0.0001000355577630085
 0.001432087367641278
 0.00585498433310806
 0.001432087367641278
 0.0008925426716940038
 0.0001505133399328154
 0
 0
 0.006494244124959025
 0.01183096902063365
 0.0001000355577630085
 0.00585498433310806
 0.00585498433310806
 0.001432087367641278
 0.0008925426716940038
 0.0001505133399328154
 0
 0
 0.006494244124959025
 0
 0.0001000355577630085
 0.009545500428379925
 0.00585498433310806
 0.00585498433310806
 0.0008925426716940038
 0.0001505133399328154
 0
 0
 0.006494244124959025
 0
 0.0001000355577630085
 0.009545500428379925
 0
 0.00585498433310806
 0.0008925426716940038
 0.0001505133399328154
 0
 0
 0
 0
 0.0001000355577630085
 0.009545500428379925
 0
 0.00585498433310806
 0.0008925426716940038
 0.0001505133399328154
 0
 0
 0
 0
 0.0001000355577630085
 0.009545500428379925
 0
 0.00585498433310806
 0.0008925426716940038
 0.0001505133399328154
 0
 0
 0
 0
 0
 0.009545500428379925
 0
 0.00585498433310806
 0
 0
 0
 0
 0
 0
 0
 0.009545500428379925
 0
 0.00585498433310806
 0
 0
 0
 0
 0
 0
 0
 0.009545500428379925
 0
 0.00585498433310806
 0
 0
 0
 0
 0
 0
 0
 0
 0
 0
 0
 0
 0
 0
 0
 0
 0
 0
 0
 0
 0
 0
 0
 0
 0
 0
 0
 0
 0
 0
 0
 0
 0
 0
 0
 0
 0
 0
 0
 0
 0
 0
 0
 0
 0
 0
 0
 0
 0
 0
 0
 0
 0
 0
 0
 0
 0
 0
 0
 0
 0
 0
 0
 0
 0
 0
 0
 0
 0
 0
 0
 0
 0
 0
