# Created by Octave 3.2.4, Thu Feb 07 05:40:20 2013 EST <rbom@zaphod>
# name: small_First_Fit
# type: matrix
# ndims: 3
 1 10 30
 2.45114102982762e-13
 3.434392446356309e-15
 1.956532447964462e-13
 4.183462627269706e-14
 1.305844589882518e-14
 9.703123075365356e-18
 4.362682628375768e-15
 6.906921291216741e-09
 3.706506259633702e-12
 2.053887298164723e-15
 2.45114102982762e-13
 5.576084819735807e-12
 1.977574510978728e-10
 2.683968631076598e-11
 2.627496857739075e-12
 1.28630570166035e-13
 1.177309004518241e-10
 6.906921291216741e-09
 1.779740869402841e-08
 2.925566533054246e-13
 2.166215567970397e-11
 3.892050743752037e-09
 1.620926894064826e-08
 1.169120926418344e-09
 9.246326561270773e-10
 1.002070891402285e-09
 1.114165558585989e-08
 5.789121251916211e-07
 3.678388689079741e-06
 3.929102481149816e-11
 9.316619562013148e-10
 5.100326317178235e-07
 1.620926894064826e-08
 1.544903195129008e-08
 9.246326561270773e-10
 4.750488458492978e-08
 1.114165558585989e-08
 5.789121251916211e-07
 3.678388689079741e-06
 1.696857560763347e-09
 1.774490324128042e-08
 5.100326317178235e-07
 4.400046105310159e-08
 6.717874590924442e-07
 5.982994437985277e-06
 4.750488458492978e-08
 1.114165558585989e-08
 5.789121251916211e-07
 0.0001668630698585585
 5.258962810002767e-08
 6.961730170419562e-07
 5.100326317178235e-07
 2.953577844364293e-06
 8.732225309381099e-05
 5.982994437985277e-06
 4.750488458492978e-08
 1.278775078987244e-05
 5.773991541381422e-06
 0.0001668630698585585
 6.650694764684686e-08
 0.0001113761757470599
 3.061863460876962e-06
 0.0001227521330805218
 0.0003271370908751032
 5.982994437985277e-06
 4.750488458492978e-08
 1.278775078987244e-05
 0.0003537035501013426
 0.0001668630698585585
 6.650694764684686e-08
 0.0001313254711779851
 3.061863460876962e-06
 0.0002614497880372734
 0.003973348786327059
 1.115846435215348e-05
 4.750488458492978e-08
 1.278775078987244e-05
 0.0006493449763375766
 0.0007995334565696221
 2.15319870107946e-06
 0.008985543649217069
 3.061863460876962e-06
 0.003973348786327059
 0.003973348786327059
 1.790782520057891e-05
 3.290150209475969e-07
 0.007633220004302397
 0.0006493449763375766
 0.0007995334565696221
 2.15319870107946e-06
 0.008985543649217069
 3.061863460876962e-06
 0.02621076023645752
 0.008232368967421985
 0.002182890279694601
 3.290150209475969e-07
 0.007633220004302397
 0.0006493449763375766
 0.0007995334565696221
 2.437721272569274e-05
 0.008985543649217069
 5.840079893954149e-06
 0.02621076023645752
 0.02621076023645752
 0.008232368967421985
 8.490711176655427e-05
 0.007633220004302397
 0.008232368967421985
 0.0007995334565696221
 0.00556465632119636
 0.008985543649217069
 5.840079893954149e-06
 0.02621076023645752
 0.008232368967421985
 0.008232368967421985
 0.001366430061065197
 0.007633220004302397
 0.008985543649217069
 0.0007995334565696221
 0.00556465632119636
 0.02621076023645752
 0.0004363168828212621
 0.02621076023645752
 0.02621076023645752
 0.008232368967421985
 0.0001515897305083561
 0.007633220004302397
 0.008985543649217069
 0.005047429154039614
 0.00556465632119636
 0.02621076023645752
 0.0004363168828212621
 0.02621076023645752
 0.02621076023645752
 0.01306190262554754
 0.0001515897305083561
 0.007633220004302397
 0.008985543649217069
 0.005047429154039614
 0.00556465632119636
 0.02621076023645752
 0.0004363168828212621
 0.02621076023645752
 0.02621076023645752
 0.01306190262554754
 0.0001515897305083561
 0.007633220004302397
 0.008985543649217069
 0.005047429154039614
 0.00556465632119636
 0.01306190262554754
 0.0004363168828212621
 0.02621076023645752
 0.02621076023645752
 0.01306190262554754
 0.0001515897305083561
 0
 0.008985543649217069
 0.006001756330056999
 0.008985543649217069
 0.01306190262554754
 0.008985543649217069
 0
 0.02621076023645752
 0.01306190262554754
 0.008232368967421985
 0
 0.008985543649217069
 0.006001756330056999
 0.008985543649217069
 0.01306190262554754
 0.008985543649217069
 0
 0.02621076023645752
 0.01306190262554754
 0.008232368967421985
 0
 0.008985543649217069
 0.005047429154039614
 0.00556465632119636
 0.02621076023645752
 0.008985543649217069
 0
 0.02621076023645752
 0.01306190262554754
 0.008232368967421985
 0
 0
 0.006001756330056999
 0.008985543649217069
 0.02621076023645752
 0.01306190262554754
 0
 0
 0.01306190262554754
 0.008232368967421985
 0
 0
 0.006001756330056999
 0.008985543649217069
 0.02621076023645752
 0.01306190262554754
 0
 0
 0
 0.008232368967421985
 0
 0
 0.006001756330056999
 0.008985543649217069
 0.02621076023645752
 0.01306190262554754
 0
 0
 0
 0.008232368967421985
 0
 0
 0.006001756330056999
 0.008985543649217069
 0.02621076023645752
 0.01306190262554754
 0
 0
 0
 0.008232368967421985
 0
 0
 0.006001756330056999
 0.008985543649217069
 0.02621076023645752
 0.01306190262554754
 0
 0
 0
 0
 0
 0
 0.006001756330056999
 0.01306190262554754
 0.02621076023645752
 0.01306190262554754
 0
 0
 0
 0
 0
 0
 0.006001756330056999
 0.01306190262554754
 0
 0.01306190262554754
 0
 0
 0
 0
 0
 0
 0
 0.008985543649217069
 0
 0
 0
 0
 0
 0
 0
 0
 0
 0.008985543649217069
 0
 0
 0
 0
 0
 0
 0
 0
 0
 0.02621076023645752
 0
 0
 0
 0
 0
 0
 0
 0
 0
 0.02621076023645752
 0
 0
 0
 0
 0
 0
 0
 0
 0
 0.02621076023645752
