# Created by Octave 3.2.4, Thu Feb 07 01:53:34 2013 EST <rbom@zaphod>
# name: small_First_Fit
# type: matrix
# ndims: 3
 1 10 30
 7.992438045947653e-21
 1.334188627840574e-08
 7.06505912987735e-16
 5.029767538518394e-15
 5.288502967654022e-19
 2.483786700753943e-13
 1.380043019723953e-16
 3.746535284211443e-20
 6.759306570851262e-15
 1.556732807104758e-15
 2.492313480316047e-17
 1.334188627840574e-08
 2.302559649548007e-14
 4.940880441516114e-11
 5.675721549179296e-13
 8.682544284410213e-13
 1.602602347629976e-15
 1.212750245487649e-15
 6.759306570851262e-15
 4.913997957678645e-11
 3.2848528140398e-14
 1.196330793659139e-07
 2.341149620089681e-13
 5.241409328466677e-08
 3.523712215524735e-12
 4.154140593532867e-10
 1.155785794156423e-14
 1.750473391500178e-11
 4.946890811403736e-12
 4.913997957678645e-11
 3.685715660683582e-12
 7.463709231619882e-07
 3.02232388089065e-10
 5.241409328466677e-08
 3.523712215524735e-12
 1.018136302105326e-06
 1.335668504595543e-13
 8.003752754821841e-10
 1.159617518885697e-09
 2.475460486512941e-10
 3.883122229360266e-09
 7.463709231619882e-07
 8.320805621086268e-09
 5.241409328466677e-08
 2.895328282308345e-10
 0.0002118609604725764
 4.452788795097228e-11
 3.948277723031529e-07
 6.247927101493432e-08
 3.556167919684811e-08
 1.098489660125704e-07
 6.183649682947155e-05
 8.320805621086268e-09
 5.241409328466677e-08
 2.895328282308345e-10
 0.0002118609604725764
 4.452788795097228e-11
 8.253764929896685e-05
 6.247927101493432e-08
 3.556167919684811e-08
 6.870224455190418e-06
 6.183649682947155e-05
 6.88888279768024e-08
 5.241409328466677e-08
 2.895328282308345e-10
 0.009952296350348252
 1.354657540918019e-07
 8.253764929896685e-05
 8.464363950787705e-07
 3.556167919684811e-08
 7.861873493159842e-05
 6.183649682947155e-05
 5.573821064270875e-06
 1.825956570280951e-06
 5.92740939911884e-08
 0.009952296350348252
 2.167302284845098e-06
 8.253764929896685e-05
 6.836986515301315e-05
 3.556167919684811e-08
 7.861873493159842e-05
 6.183649682947155e-05
 3.917730774149575e-05
 1.825956570280951e-06
 5.92740939911884e-08
 0.009952296350348252
 2.167302284845098e-06
 0.001940553502831476
 0.0009171487739335774
 6.587893594217548e-05
 7.861873493159842e-05
 6.183649682947155e-05
 3.917730774149575e-05
 0.0007094732255494231
 5.92740939911884e-08
 0.009952296350348252
 2.873237848703246e-05
 0.001940553502831476
 0.0009171487739335774
 0.0005645204280088633
 7.861873493159842e-05
 0.003199969570218145
 3.917730774149575e-05
 0.0007094732255494231
 9.515136963408759e-05
 0.009952296350348252
 2.873237848703246e-05
 0.001940553502831476
 0.0009171487739335774
 0.0005645204280088633
 7.861873493159842e-05
 0.003199969570218145
 0.0002850248110968573
 0.0007094732255494231
 9.515136963408759e-05
 0.009952296350348252
 2.873237848703246e-05
 0.001940553502831476
 0.0009171487739335774
 0.0003296198190892491
 7.861873493159842e-05
 0.003199969570218145
 0.0002850248110968573
 0.0007094732255494231
 9.515136963408759e-05
 0.009952296350348252
 2.873237848703246e-05
 0.001940553502831476
 0.0009171487739335774
 0.0005645204280088633
 7.861873493159842e-05
 0.004339569098915716
 3.917730774149575e-05
 0.0007094732255494231
 9.515136963408759e-05
 0
 2.873237848703246e-05
 0.001940553502831476
 0.0009171487739335774
 0.003199969570218145
 0
 0.004339569098915716
 3.917730774149575e-05
 0.0007094732255494231
 9.515136963408759e-05
 0
 2.873237848703246e-05
 0.001940553502831476
 0.0009171487739335774
 0.003199969570218145
 0
 0.004339569098915716
 3.917730774149575e-05
 0.0007094732255494231
 9.515136963408759e-05
 0
 2.873237848703246e-05
 0
 0
 0.003199969570218145
 0
 0.003199969570218145
 3.917730774149575e-05
 0
 9.515136963408759e-05
 0
 0
 0
 0
 0.004339569098915716
 0
 0.003199969570218145
 3.917730774149575e-05
 0
 0
 0
 0
 0
 0
 0.004339569098915716
 0
 0.003199969570218145
 0
 0
 0
 0
 0
 0
 0
 0.003199969570218145
 0
 0.004339569098915716
 0
 0
 0
 0
 0
 0
 0
 0.003199969570218145
 0
 0.003199969570218145
 0
 0
 0
 0
 0
 0
 0
 0.004339569098915716
 0
 0.003199969570218145
 0
 0
 0
 0
 0
 0
 0
 0.003199969570218145
 0
 0.003199969570218145
 0
 0
 0
 0
 0
 0
 0
 0.003199969570218145
 0
 0.003199969570218145
 0
 0
 0
 0
 0
 0
 0
 0.003199969570218145
 0
 0.003199969570218145
 0
 0
 0
 0
 0
 0
 0
 0.003199969570218145
 0
 0.003199969570218145
 0
 0
 0
 0
 0
 0
 0
 0.003199969570218145
 0
 0
 0
 0
 0
 0
 0
 0
 0
 0.003199969570218145
 0
 0
 0
 0
 0
 0
 0
 0
 0
 0
 0
 0
 0
 0
 0
 0
 0
 0
 0
 0
 0
 0
 0
 0
 0
 0
 0
 0
 0
 0
