# Created by Octave 3.2.4, Tue Feb 05 07:32:42 2013 EST <rbom@zaphod>
# name: small_First_Fit
# type: matrix
# ndims: 3
 1 10 30
 1.492417658014533e-12
 7.103105049504982e-12
 5.732283400339734e-11
 3.585441383296817e-11
 5.899689121219759e-14
 1.231579517928384e-12
 9.0813006687302e-13
 1.558790442113636e-11
 4.430453241345752e-07
 7.412972293632614e-13
 2.249248821116439e-11
 4.352665276384282e-09
 3.662287139547512e-08
 5.605287609122353e-10
 5.899689121219759e-14
 4.732904780928565e-10
 4.521251186986243e-11
 5.031534150762879e-09
 3.895084883065445e-06
 2.321750201450087e-09
 2.249248821116439e-11
 1.453510025534482e-07
 1.379563778389719e-06
 3.452586161373432e-08
 2.044168066546678e-12
 2.032311194293023e-08
 1.36496929602762e-09
 1.184181073871741e-07
 3.895084883065445e-06
 7.465743266688553e-08
 2.249248821116439e-11
 1.453510025534482e-07
 1.379563778389719e-06
 7.311609461704044e-05
 5.237732780147697e-10
 3.124943271736754e-06
 1.744146003957836e-08
 1.815900649381829e-07
 6.909575985584469e-06
 5.034296478456855e-07
 2.249248821116439e-11
 4.402636929743449e-07
 1.344833280285746e-05
 7.311609461704044e-05
 5.237732780147697e-10
 2.937650021597e-05
 8.820726698058273e-06
 5.846322472299936e-06
 6.909575985584469e-06
 5.973304296487199e-06
 1.802067317885305e-09
 1.154418832896546e-06
 2.120609423972482e-05
 7.311609461704044e-05
 5.237732780147697e-10
 2.937650021597e-05
 4.301178413690701e-05
 5.846322472299936e-06
 6.909575985584469e-06
 5.973304296487199e-06
 9.465588455941983e-07
 1.154418832896546e-06
 8.787158144611128e-05
 0.0004309311696352739
 3.443058580569399e-08
 2.937650021597e-05
 0.0003976848243273829
 4.602292346307021e-05
 1.024513957579316e-05
 5.973304296487199e-06
 9.465588455941983e-07
 7.365935812623825e-05
 8.787158144611128e-05
 0.0004309311696352739
 3.443058580569399e-08
 2.937650021597e-05
 0.0003976848243273829
 4.602292346307021e-05
 1.024513957579316e-05
 0.0003084960747845316
 1.103581143888119e-05
 7.365935812623825e-05
 8.787158144611128e-05
 0.0004309311696352739
 2.398659224415701e-08
 2.937650021597e-05
 0.0003976848243273829
 4.602292346307021e-05
 2.130472725755982e-05
 0.0003084960747845316
 1.103581143888119e-05
 7.365935812623825e-05
 8.787158144611128e-05
 0.0004309311696352739
 7.611909229158314e-07
 4.065043873987694e-05
 0.0003976848243273829
 4.602292346307021e-05
 2.130472725755982e-05
 0.0003084960747845316
 1.103581143888119e-05
 7.365935812623825e-05
 8.787158144611128e-05
 0.0004309311696352739
 1.644046453791475e-06
 4.065043873987694e-05
 0.0003976848243273829
 5.528143770005104e-05
 2.130472725755982e-05
 0.0003084960747845316
 1.103581143888119e-05
 7.365935812623825e-05
 8.787158144611128e-05
 0.0004309311696352739
 1.644046453791475e-06
 4.065043873987694e-05
 0.0003976848243273829
 4.602292346307021e-05
 2.130472725755982e-05
 0.0003084960747845316
 9.288636167214126e-05
 7.365935812623825e-05
 0.0003087700888487413
 0.0004309311696352739
 9.72672398662866e-06
 4.065043873987694e-05
 0.0003976848243273829
 4.602292346307021e-05
 2.130472725755982e-05
 0.0003084960747845316
 9.288636167214126e-05
 7.365935812623825e-05
 9.738167844361098e-05
 0
 9.72672398662866e-06
 4.065043873987694e-05
 0
 5.528143770005104e-05
 2.130472725755982e-05
 0.0003084960747845316
 9.288636167214126e-05
 0
 9.738167844361098e-05
 0
 0.0001506593439451938
 0.0003001542742653611
 0
 4.602292346307021e-05
 2.311139978419054e-05
 0
 9.288636167214126e-05
 0
 9.738167844361098e-05
 0
 0.0001506593439451938
 0.0003001542742653611
 0
 4.602292346307021e-05
 3.539336644685483e-05
 0
 0.0001936433422628786
 0
 9.738167844361098e-05
 0
 0.0001506593439451938
 0.0003001542742653611
 0
 4.602292346307021e-05
 2.130472725755982e-05
 0
 0.0001936433422628786
 0
 0.0001421215550310283
 0
 0.0005293654910693029
 0.0003001542742653611
 0
 4.602292346307021e-05
 3.539336644685483e-05
 0
 0.0001936433422628786
 0
 0.0003087700888487413
 0
 0.0001506593439451938
 0.0003355636724370601
 0
 4.602292346307021e-05
 2.130472725755982e-05
 0
 0.0001936433422628786
 0
 0.0003087700888487413
 0
 0.0001506593439451938
 0.0003355636724370601
 0
 4.602292346307021e-05
 2.130472725755982e-05
 0
 0.0001936433422628786
 0
 0.0004295781511523407
 0
 0.0001506593439451938
 0.0003001542742653611
 0
 0
 2.130472725755982e-05
 0
 0.0001936433422628786
 0
 0.0008166587072415387
 0
 0.0001506593439451938
 0.0004295781511523407
 0
 0
 2.130472725755982e-05
 0
 0.0001936433422628786
 0
 0.0008166587072415387
 0
 0.0001506593439451938
 0.0004295781511523407
 0
 0
 2.130472725755982e-05
 0
 0
 0
 0.006142645218105202
 0
 0.0001506593439451938
 0.0004295781511523407
 0
 0
 2.130472725755982e-05
 0
 0
 0
 0.006142645218105202
 0
 0
 0.0004295781511523407
 0
 0
 0
 0
 0
 0
 0.006142645218105202
 0
 0
 0.0004295781511523407
 0
 0
 0
 0
 0
 0
 0.006142645218105202
 0
 0
 0.0004295781511523407
 0
 0
 0
 0
 0
 0
 0.006142645218105202
 0
 0
 0.0004295781511523407
 0
 0
 0
 0
 0
 0
 0.006142645218105202
 0
 0
 0
 0
 0
 0
 0
 0
 0
 0.006142645218105202
 0
 0
 0
 0
 0
 0
 0
