# Created by Octave 3.2.4, Tue Feb 05 22:03:34 2013 EST <rbom@zaphod>
# name: small_First_Fit
# type: matrix
# ndims: 3
 1 10 30
 1.817978037561531e-09
 8.9750397866981e-14
 3.060640227385386e-07
 1.070854872738786e-08
 1.20119161162515e-09
 1.450257730396013e-06
 1.216516867698304e-08
 1.087223709658794e-11
 7.095922327394415e-11
 5.561801149547526e-13
 4.858123408001893e-07
 6.16431393656843e-11
 3.226103408823552e-07
 7.92801227301678e-07
 1.902933641138295e-08
 1.450257730396013e-06
 5.480940010182055e-08
 9.65446839975088e-10
 3.850416695149972e-09
 8.59574644074293e-12
 6.121497482284033e-05
 3.895574998367265e-09
 4.774988000518419e-06
 1.960044957993275e-05
 1.902933641138295e-08
 1.450257730396013e-06
 1.402047285063051e-07
 1.719534891356028e-08
 3.850416695149972e-09
 9.275113628880926e-11
 0.0003737859603206455
 1.027381474758086e-07
 3.541075523958033e-06
 1.960044957993275e-05
 3.211083310391092e-08
 2.688841033166149e-05
 5.480940010182055e-08
 2.302197370579609e-07
 5.71885612866094e-08
 8.018945483595812e-10
 0.0006117913836758556
 1.297394225411967e-06
 3.541075523958033e-06
 1.960044957993275e-05
 4.235017680358369e-07
 2.688841033166149e-05
 2.077907235905342e-07
 6.861159570071612e-06
 3.639248463138672e-07
 3.38720467441265e-09
 0.0006117913836758556
 3.039322563793692e-06
 3.541075523958033e-06
 1.960044957993275e-05
 4.235017680358369e-07
 2.976088510031432e-05
 2.077907235905342e-07
 9.14042915631149e-06
 5.398903673848127e-06
 2.352406951226788e-08
 0.0003737859603206455
 3.039322563793692e-06
 3.369956056274504e-05
 1.960044957993275e-05
 6.743543921718537e-06
 2.688841033166149e-05
 2.077907235905342e-07
 0.000199925539018093
 0.0001449246813640006
 8.726007676347622e-08
 0.003534321430067107
 4.652117129453899e-05
 3.369956056274504e-05
 3.195885967027111e-05
 6.693344897399957e-05
 0.0001961328707487419
 2.077907235905342e-07
 0.0003739681230395804
 0.0001449246813640006
 6.354429017665798e-06
 0.003534321430067107
 0.001249249827466091
 3.369956056274504e-05
 0.0001881596829152665
 6.693344897399957e-05
 0.0001961328707487419
 5.172921260367164e-06
 0.00180758506117282
 0.000994587092292789
 6.354429017665798e-06
 0.003534321430067107
 0.001249249827466091
 0.0004750016956214191
 0.0001881596829152665
 0.000317690707052139
 0.0001961328707487419
 1.711434751686519e-05
 0.00180758506117282
 0.000994587092292789
 7.102387496318975e-06
 0.003534321430067107
 0.001249249827466091
 0.0004750016956214191
 0.0001881596829152665
 0.000317690707052139
 0.002241974199709275
 1.711434751686519e-05
 0.002436061606050342
 0.000994587092292789
 0.0005984054380699215
 0.003534321430067107
 0.001249249827466091
 0.0004750016956214191
 0.0008079195252352143
 0.000317690707052139
 0.002241974199709275
 1.711434751686519e-05
 0.01227308518912333
 0.001214671650565013
 0.000659870653717498
 0.003534321430067107
 0.001249249827466091
 0.0004750016956214191
 0.002438555214177879
 0.00246987152424847
 0.0006412000239538733
 4.24866676831325e-05
 0.01227308518912333
 0.000994587092292789
 0.000659870653717498
 0.003534321430067107
 0.003534321430067107
 0.0004750016956214191
 0.002438555214177879
 0.00246987152424847
 0.001459938262062499
 4.478453364576358e-05
 0.01227308518912333
 0.000994587092292789
 0.000659870653717498
 0
 0.003534321430067107
 0.0004750016956214191
 0.002438555214177879
 0.00246987152424847
 0.001459938262062499
 4.478453364576358e-05
 0.01227308518912333
 0.000994587092292789
 0.000659870653717498
 0
 0.003534321430067107
 0.0004750016956214191
 0.002438555214177879
 0.00246987152424847
 0.001459938262062499
 4.478453364576358e-05
 0.01227308518912333
 0.000994587092292789
 0.00246987152424847
 0
 0.003534321430067107
 0
 0.002438555214177879
 0.00246987152424847
 0.002241974199709275
 4.478453364576358e-05
 0.01227308518912333
 0.000994587092292789
 0.00246987152424847
 0
 0.003534321430067107
 0
 0.002438555214177879
 0.00246987152424847
 0.001459938262062499
 0.002438555214177879
 0.01227308518912333
 0.000994587092292789
 0.00246987152424847
 0
 0.003534321430067107
 0
 0.002438555214177879
 0.00246987152424847
 0.001459938262062499
 0.002438555214177879
 0
 0
 0.00246987152424847
 0
 0.003534321430067107
 0
 0
 0
 0.001459938262062499
 0.002438555214177879
 0
 0
 0.00246987152424847
 0
 0
 0
 0
 0
 0.001459938262062499
 0.002438555214177879
 0
 0
 0.00246987152424847
 0
 0
 0
 0
 0
 0.001459938262062499
 0.002451834807647689
 0
 0
 0.00246987152424847
 0
 0
 0
 0
 0
 0.001459938262062499
 0.002438555214177879
 0
 0
 0
 0
 0
 0
 0
 0
 0
 0.002438555214177879
 0
 0
 0
 0
 0
 0
 0
 0
 0
 0.002438555214177879
 0
 0
 0
 0
 0
 0
 0
 0
 0
 0.002438555214177879
 0
 0
 0
 0
 0
 0
 0
 0
 0
 0.002451834807647689
 0
 0
 0
 0
 0
 0
 0
 0
 0
 0.002438555214177879
 0
 0
 0
 0
 0
 0
 0
 0
 0
 0.002438555214177879
 0
 0
 0
 0
 0
 0
 0
 0
 0
 0.002451834807647689
 0
 0
 0
